20.00976926  30.28699742  26.74533463   8.81691805948e+26   1.23089e+13   474.63
21.13954565  33.53905695  37.46012237   5.47292847584e+26   7.93235e+12   409.97
16.9059058  33.6723606  28.37183354   5.57544425188e+26   7.65332e+12   405.1
22.01056101  33.6348781  29.97286122   3.49090328772e+26   4.82461e+12   347.35
19.97672752  32.30135025  28.83912903   3.3935591415e+26   4.45399e+12   338.22
19.89115828  26.79192913  31.94668318   1.51205148321e+26   2.32578e+12   272.36
20.17562766  30.75305199  38.06955011   1.42417679191e+26   2.17122e+12   266.18
20.19674983  33.46825132  38.7169621   1.39555841621e+26   2.03539e+12   260.51
21.6556776  32.45088446  33.21478188   1.17959733108e+26   1.59617e+12   240.24
21.82379564  32.74668979  32.83929644   8.44715230701e+25   1.14401e+12   214.99
19.41909229  30.80358842  27.2357439   8.12002263889e+25   968383000000.0   203.37
20.91490399  29.66905749  36.32650155   6.22753508782e+25   959134000000.0   202.73
17.47341062  34.2016417  37.09694733   5.91801065496e+25   917681000000.0   199.76
20.87260434  26.37146819  34.25476659   4.71230720452e+25   764153000000.0   187.94
20.81996492  29.50795191  30.20147389   4.8142040997e+25   673353000000.0   180.18
21.24986029  31.5041225  34.80933278   3.95615452212e+25   573303000000.0   170.77
21.92615452  33.21209466  34.76928482   3.73130902935e+25   532650000000.0   166.64
20.51059285  28.3954908  30.9154625   3.59054092962e+25   527670000000.0   166.12
18.47823656  32.33191505  27.93782823   3.7020721059e+25   465469000000.0   159.31
20.53466673  35.95026347  27.39834824   3.24799489392e+25   440396000000.0   156.4
20.43437659  30.03940439  38.34516071   2.7062206546e+25   408231000000.0   152.5
20.54432887  34.53553215  27.89565073   2.91112865646e+25   385211000000.0   149.57
17.19944527  33.86090678  28.46595224   3.36611596065e+25   363659000000.0   146.73
20.40988841  31.97998631  32.62935062   2.44445415517e+25   342218000000.0   143.79
20.81602794  32.24213391  35.04777549   1.95010304284e+25   278174000000.0   134.19
21.2120064  28.24599609  32.98165707   1.81602291985e+25   277805000000.0   134.13
24.37619621  34.87803189  33.48667009   1.7729270717e+25   269432000000.0   132.78
20.27484385  29.94627387  38.66672419   1.75891694901e+25   268173000000.0   132.56
21.03002159  29.66689364  29.27535994   1.83369815821e+25   252269000000.0   129.89
20.63455239  30.12205822  29.64057678   1.80273966267e+25   244489000000.0   128.54
16.78337648  33.28613668  34.94308611   1.52207066097e+25   234141000000.0   126.7
21.39985948  27.8643277  31.26578216   1.48286872935e+25   224395000000.0   124.92
19.01698567  31.3856936  27.50191293   1.80461431319e+25   224327000000.0   124.91
18.58363971  32.99441992  27.76319686   1.74036192437e+25   217116000000.0   123.55
21.59029193  34.05635387  37.34671554   1.60128119371e+25   207198000000.0   121.64
21.03548848  32.88219992  36.98550469   1.52396345773e+25   199709000000.0   120.16
17.76691795  33.68444163  29.65966577   1.41156228743e+25   184906000000.0   117.11
21.14289402  28.83390986  30.50250202   1.28551868846e+25   183852000000.0   116.89
20.77815845  33.11978201  37.9578656   1.40798693617e+25   182066000000.0   116.51
16.76896872  33.30100349  28.29542487   1.58621460487e+25   175697000000.0   115.13
20.94705226  25.88834918  34.9284217   1.48410401204e+25   247259000000.0   129.02
17.3949289  33.66913405  31.04853792   1.22301542718e+25   171415000000.0   114.19
23.57392929  28.69352939  29.9919133   1.1132214111e+25   170801000000.0   114.06
18.43853844  29.93820083  29.95868777   1.1910301717e+25   170096000000.0   113.9
18.39188636  32.7530428  27.7016349   1.34599384742e+25   166708000000.0   113.14
23.32548813  34.14507064  31.08093307   1.06517287257e+25   150697000000.0   109.39
21.18188494  33.79565603  37.38466881   1.45360960676e+25   150480000000.0   109.37
17.13968397  33.71541481  33.07341124   1.01469043403e+25   149844000000.0   109.19
18.90820959  32.09920441  27.74315192   1.16611445729e+25   143674000000.0   107.67
21.42256734  33.59258673  37.53315444   1.33662422344e+25   142395000000.0   107.35
15.63497485  32.20045277  30.01411303   9.70627087724e+24   142027000000.0   107.26
18.97536714  29.30876178  35.33582453   8.99595698521e+24   139905000000.0   106.72
17.87395341  32.78243681  27.71082168   1.07309433575e+25   136471000000.0   105.84
20.92502203  33.08231815  37.81587861   1.06020553359e+25   132059000000.0   103.84
22.37072702  29.07907945  27.04634313   9.47962816212e+24   136218000000.0   105.78
19.2872739  31.83469053  39.2958926   8.32068301179e+24   129481000000.0   104.0
20.60316431  31.91458622  37.92756378   8.8782183502e+24   128134000000.0   103.63
23.27595453  34.28494549  35.96435313   8.1904827716e+24   122788000000.0   102.18
20.40434116  31.92703787  31.73070543   8.83720888681e+24   121744000000.0   101.88
22.94894771  34.33756246  32.93357723   7.99488197797e+24   115512000000.0   100.12
21.55262725  30.14911909  34.17532074   7.71933798408e+24   115294000000.0   100.05
19.92305883  26.81219941  31.9690373   1.28882301054e+25   111613000000.0   21.95
16.92324899  33.32675949  36.05739482   6.92211603501e+24   107090000000.0   97.62
19.94903307  33.48392868  38.93594421   7.69472014899e+24   106201000000.0   97.35
15.46876543  31.2646452  31.54781394   6.74045196313e+24   103994000000.0   96.67
17.7461568  33.77200971  29.45687915   7.93927276286e+24   102696000000.0   96.27
21.87315628  32.69020173  32.1312516   7.53662925226e+24   101553000000.0   95.91
21.72948537  32.71953379  32.29620889   7.56836372001e+24   101120000000.0   95.77
17.12393778  32.17531016  29.39362786   7.2692868142e+24   98837300000.0   95.04
20.28571548  31.69008314  37.82570361   6.66355172481e+24   96441100000.0   94.27
21.24634868  33.51379835  37.63562024   1.02086768931e+25   96058200000.0   94.15
20.27810357  30.66079961  26.87576347   9.27718622722e+24   95573800000.0   93.99
17.8287408  34.2327098  27.04481907   1.814242395e+25   239680000000.0   127.7
21.62621142  34.45605459  37.55146174   6.82502366827e+24   94125200000.0   93.51
19.28950115  33.64325519  39.91347112   9.76787021209e+24   153469000000.0   110.06
21.69976547  33.69487073  26.3889613   6.79839253701e+24   93527300000.0   93.31
18.94901957  31.79168955  27.86455311   7.34148838957e+24   90958500000.0   92.45
21.06610144  32.92189707  37.66298504   7.13730980256e+24   90625300000.0   92.34
20.30199286  31.92284345  31.06408352   6.56079808653e+24   89304300000.0   91.88
20.51517662  30.74633151  38.14163453   6.33653787159e+24   88782000000.0   91.72
17.98318243  32.09157362  28.23019092   6.86315646946e+24   88380300000.0   91.57
20.85860432  34.48073845  28.43408388   6.66821472798e+24   87621700000.0   91.32
17.66453958  32.53912187  28.12570225   6.70470912621e+24   85419200000.0   90.53
19.19093449  35.95135936  38.66918458   7.28974103911e+24   115240000000.0   100.04
14.44973443  33.48140571  31.35718721   5.04921126262e+25   779913000000.0   189.25
20.24146897  30.52198166  26.76092999   7.96567202739e+24   73334000000.0   86.05
20.44448596  27.74509694  38.98165468   1.81768429245e+25   307579000000.0   138.76
21.22187111  30.68736974  24.60758211   9.20230642561e+25   1.2732e+12   222.88
25.30234746  34.97405175  26.87634618   2.2229194165e+25   328490000000.0   141.84
19.97730766  30.15855126  26.88844722   6.3477148549e+24   47298900000.0   67.82
15.62787138  44.28477749  25.4872856   1.6631325436e+27   2.29877e+13   265.05
23.11907613  29.57564287  26.12765913   3.00688454559e+25   441894000000.0   156.59
20.73525458  30.4581064  25.62836317   1.49833682541e+25   193194000000.0   118.85
19.5035018  28.51560135  39.80637522   6.54116866471e+24   111360000000.0   98.95
19.73464392  37.09943732  26.2771684   1.57997858085e+25   218998000000.0   123.92
20.20372588  31.39519495  26.14720503   7.58276271042e+24   95443800000.0   93.96
20.54716376  43.2602621  31.50801808   8.95592599487e+26   1.37752e+13   192.86
19.07495407  36.35616522  38.58763949   7.35069464577e+24   117138000000.0   100.58
29.54960328  34.8632373  30.53302267   1.80583744069e+25   297769000000.0   137.35
19.84109824  27.88135814  39.79472877   7.77477086167e+24   134030000000.0   105.28
15.0044307  34.91194295  36.55603991   1.53026743371e+25   249631000000.0   129.43
21.05386477  30.31231947  25.04896119   6.97256875466e+24   92733300000.0   93.08
18.17564572  32.93401101  42.78685305   6.05940258135e+25   1.07199e+12   211.11
24.08565852  34.02287661  25.65514733   3.17001206436e+25   461932000000.0   159.18
17.7972489  36.36386096  25.94700417   1.38323665689e+25   191521000000.0   118.51
15.81534255  31.24784947  38.56396439   9.42137130879e+24   158489000000.0   111.25
23.44458023  32.87352398  25.54840435   7.52006370517e+24   108134000000.0   98.15
17.97378663  29.93827701  27.1377599   8.27505437913e+24   115902000000.0   100.3
21.96625469  27.21500984  24.97927166   9.15696977812e+24   143752000000.0   78.77
19.88409972  42.85771871  28.5370084   2.47960088977e+26   3.48464e+12   117.18
12.46834046  40.6655331  36.18659173   1.86213916133e+26   3.18336e+12   126.52
17.95619055  35.72524793  25.67647962   1.33613304091e+25   183751000000.0   116.97
19.60310632  40.17118994  25.25080425   9.93529651289e+24   137182000000.0   106.36
13.55471314  42.06867232  31.22593769   1.50704667998e+26   2.32551e+12   118.62
22.92343822  35.55934542  43.76746422   1.56625791166e+25   287482000000.0   119.34
21.56561572  30.77384585  25.08850003   2.32931298255e+25   313385000000.0   89.88
29.40883155  41.25610275  25.88597364   1.27247202017e+26   2.01819e+12   97.33
18.52589166  41.37280271  37.14094425   1.14628955219e+26   1.92381e+12   90.4
21.52729168  30.60718491  24.72359219   2.2559253874e+25   299901000000.0   79.51
16.07566198  43.37009575  25.99461943   1.14244629986e+26   1.24261e+12   77.47
29.24513514  44.07292952  33.43051255   6.24596363245e+25   1.10831e+12   80.23
19.84138173  38.24653493  42.279828   5.75101675534e+25   1.03571e+12   99.87
25.20060035  27.37451855  23.17714765   6.26885735845e+25   1.02845e+12   64.35
13.5813355  31.08395544  34.31408549   9.03367362518e+24   152162000000.0   110.09
21.59252302  23.1438552  26.15132664   5.05435267276e+25   914718000000.0   62.91
26.43732557  26.65333717  25.84374227   9.31349732549e+24   151810000000.0   109.68
19.93695707  39.81147803  44.3782232   4.43249095399e+25   837282000000.0   68.9
19.80105144  27.13028954  23.53654782   4.83577548493e+25   792514000000.0   66.29
12.61235744  40.85519994  32.22601351   4.71470813689e+25   751376000000.0   90.41
21.555869  30.2539161  23.88759811   1.40404300373e+25   199889000000.0   61.16
14.76035504  44.38099224  25.76448313   6.60768864216e+25   707818000000.0   87.73
26.43357779  26.69901948  25.91505492   8.62371806399e+24   140183000000.0   42.28
22.03259587  30.76998711  23.1523231   4.74429568138e+25   678779000000.0   65.59
25.84300615  42.22403191  27.22780824   4.32500177068e+25   664260000000.0   62.34
20.98301825  43.44603236  30.4769037   4.4739702218e+25   578353000000.0   57.39
18.73567597  34.58896075  42.81286833   3.0529722677e+25   536478000000.0   92.97
19.95548364  39.44855395  44.03538226   2.95754969972e+25   544475000000.0   62.12
28.18655558  42.02577379  24.18855199   3.51637596998e+25   540845000000.0   53.85
22.21182311  43.0273517  28.608391   3.50285268054e+25   503337000000.0   65.28
22.11269891  30.60186629  23.14871013   3.52350429305e+25   498497000000.0   63.14
22.7106888  27.03743066  24.86541276   1.91640964565e+25   305776000000.0   58.24
27.12065567  43.57297351  31.62222163   2.87000410849e+25   477928000000.0   51.18
15.44665109  44.3149093  25.39877801   8.59220923305e+25   470668000000.0   101.17
16.32203093  44.09698532  25.79892363   4.64865780743e+25   468249000000.0   50.68
18.8287003  35.66156954  41.59740925   2.54948395864e+25   435202000000.0   59.4
29.14284595  36.89253007  35.93858354   2.06298319741e+25   360393000000.0   53.96
21.0639867  43.2609125  30.98576979   3.46410209898e+25   413801000000.0   57.7
17.7745472  40.42487194  23.51940255   3.02425386748e+25   408961000000.0   55.81
18.38201246  42.28582696  36.39916132   2.29992280846e+25   375083000000.0   49.97
15.66132901  24.89964927  34.3398069   1.94479971965e+25   344154000000.0   50.75
17.30503958  41.68023  37.63523014   2.13672674703e+25   359354000000.0   49.47
12.87800264  40.88134935  35.9187355   2.26148550873e+25   344834000000.0   54.2
16.73727736  44.78637024  25.71901852   2.95983487055e+25   341204000000.0   50.06
11.58676502  40.2461268  34.35763758   1.90995072442e+25   318215000000.0   50.06
19.78412121  44.35830474  28.28468723   2.26567979284e+25   313376000000.0   48.39
23.24902356  29.87816694  23.25603652   2.05676403614e+25   310956000000.0   46.49
15.10322993  42.70650534  27.87934071   2.27519002945e+25   309746000000.0   45.63
19.8444687  43.48870878  31.0040045   2.42308426091e+25   300066000000.0   51.36
17.9522643  38.64160497  23.35161242   2.17704364012e+25   294168000000.0   51.98
14.75140921  42.25592102  23.35370278   2.2633866853e+25   291597000000.0   49.53
20.60156873  44.1006901  28.25576848   2.08863075324e+25   290387000000.0   43.2
11.1824451  35.2470565  37.26841157   1.6295302023e+25   287967000000.0   63.48
23.32932948  24.13398221  25.27164143   1.6325028732e+25   285547000000.0   43.49
19.71089281  36.36497325  42.70000508   1.61613425917e+25   285547000000.0   51.44
12.80953522  40.73777685  35.87395438   1.90833154307e+25   285547000000.0   47.55
29.02545033  41.38448612  25.8686934   1.92415032697e+25   284337000000.0   44.81
19.52460302  43.2045016  31.12253772   2.20367990582e+25   283127000000.0   44.22
18.93874684  37.33238276  23.0385391   1.98180044939e+25   279497000000.0   48.4
13.93805647  40.88703847  35.78610396   1.69711237223e+25   273447000000.0   46.56
17.7066831  38.34713554  23.48748983   1.90627472078e+25   260592000000.0   52.42
15.54882078  43.61603252  25.90942041   2.61263687695e+25   260138000000.0   44.26
18.59063863  22.19822983  32.75572084   1.35301624824e+25   252878000000.0   41.25
20.59433827  42.26188338  30.7471441   1.89192932876e+25   246829000000.0   44.37
11.95693432  37.21435778  31.77622645   1.46962729088e+25   239569000000.0   40.49
27.82298661  43.52708121  34.49792711   1.3642067174e+25   238359000000.0   43.75
15.78078139  24.91060158  34.28891878   1.16131759543e+25   201021000000.0   50.17
21.31277732  43.60045728  24.97705783   1.66334970527e+25   237149000000.0   48.41
28.41847102  39.92036539  41.87516901   1.22201234525e+25   235939000000.0   51.4
14.05652674  40.99518732  35.97055327   1.42237248133e+25   229889000000.0   40.36
17.71517335  41.90645069  23.77774475   1.70308003135e+25   223840000000.0   39.58
21.10732016  43.0130614  31.87455198   1.81217193828e+25   219000000000.0   43.81
15.82312722  44.26535501  25.93042908   2.56502126853e+25   217790000000.0   41.15
27.4466725  41.54658011  23.91523738   1.42264666249e+25   214160000000.0   42.95
20.11379666  44.39681042  29.08428671   1.53292052124e+25   212950000000.0   43.71
13.74828046  42.35398075  31.46247292   1.46726986244e+25   211740000000.0   50.85
29.02810255  37.22061683  35.14017016   7.66731542117e+24   131825000000.0   44.51
16.34570207  24.59716988  33.85708901   1.16637532436e+25   209472000000.0   42.03
17.55058369  42.7343091  34.81188185   1.28929285924e+25   205691000000.0   40.1
22.83590783  29.844505  23.00522413   1.36976585647e+25   205691000000.0   42.67
18.35277167  32.91407698  44.99452049   1.09838991165e+25   204481000000.0   41.54
12.31326878  36.5414053  29.54156093   1.26298109242e+25   200851000000.0   42.34
20.78666656  42.95265573  31.64734238   1.94904017736e+25   199641000000.0   48.32
18.55349495  43.21657767  26.63465714   1.48819455195e+25   198431000000.0   41.53
29.86703229  24.09075993  23.54348114   1.08219627052e+25   194801000000.0   38.88
12.46855965  39.93538752  34.62724259   1.18071729353e+25   192381000000.0   47.68
16.46266798  42.76816593  34.49120309   1.17841247156e+25   188751000000.0   39.48
29.8576978  35.83070652  37.7557779   1.04417407023e+25   188751000000.0   41.82
19.74586146  39.01011616  44.3997229   1.00846666186e+25   186331000000.0   38.34
17.9925357  38.43247173  23.42975684   1.28271351994e+25   172417000000.0   40.62
25.7669401  41.04259682  35.69604673   1.08132203876e+25   183912000000.0   37.12
17.38344738  42.66687339  24.07778055   1.43862440899e+25   182702000000.0   38.13
24.73701795  42.11339392  28.67401146   1.20664387252e+25   182702000000.0   40.57
28.80658958  23.35107705  23.94672738   9.61613120132e+24   174232000000.0   38.57
17.32774751  42.82909561  24.11898455   1.37060108162e+25   173022000000.0   36.21
24.66972038  27.48828513  23.92418848   1.07440593888e+25   171812000000.0   46.96
18.48505709  39.33310123  24.2586812   7.96511100416e+24   109197000000.0   36.85
18.71206706  41.77451652  24.43152041   1.27075816036e+25   170602000000.0   44.94
17.05005868  42.30768569  34.15250508   1.07250050715e+25   168182000000.0   40.92
22.44176525  43.56105337  26.79976755   1.14609271619e+25   166972000000.0   37.57
27.42786061  39.22096589  26.95126726   1.04008371958e+25   160166000000.0   39.65
19.28218714  34.04549086  43.8204203   9.09403502362e+24   163343000000.0   36.84
27.51660227  22.84043939  25.6756203   8.81162882e+24   162133000000.0   39.69
24.71412445  43.70207526  29.90538534   1.02464469733e+25   159713000000.0   43.33
14.46975165  24.73517987  35.75865108   8.34518783083e+24   156083000000.0   40.29
26.68558106  42.04419824  26.61467765   1.01093807804e+25   154873000000.0   36.08
29.08445993  39.02103475  44.379899   7.78278671108e+24   154873000000.0   38.07
16.14463703  23.34884671  36.9454828   8.01751432826e+24   152453000000.0   37.57
16.0906744  43.37835939  25.9497648   1.74069321507e+25   151243000000.0   23.99
20.44964359  42.25796259  33.31160827   1.00504208089e+25   147613000000.0   46.0
11.63636627  40.13380545  36.48586367   8.80395571484e+24   147613000000.0   43.21
13.60596991  42.16020951  31.02728756   1.10259408015e+25   147613000000.0   34.52
20.2846608  43.61476661  31.14974694   1.29706847048e+25   145193000000.0   35.95
18.80482123  42.38162372  29.21162705   1.04095286618e+25   141564000000.0   37.88
18.65627856  22.54666752  32.64939502   7.10978982008e+24   130674000000.0   37.45
18.73532933  43.21773932  31.59173024   9.25432270784e+24   129464000000.0   32.92
15.56242027  43.73155551  25.84800446   1.36226014159e+25   127044000000.0   36.31
12.67078197  37.80603279  31.14429274   7.8630566534e+24   124624000000.0   37.02
29.49572708  41.77001465  23.19839752   7.92512454637e+24   123414000000.0   35.19
15.49171251  34.50651767  42.74917692   6.82653208363e+24   123414000000.0   34.67
11.27858153  28.8443377  32.00149226   6.81910233619e+24   123414000000.0   42.68
11.69305179  31.82442418  39.35451806   6.76277594357e+24   122204000000.0   37.95
