0.000000 
3.974438 
2.187118 
7.973539 
7.350667 
1.093459 
0.873243 
6.702865 
6.126694 
3.213378 
6.657429 
4.767660 
3.845480 
1.990484 
7.976585 
5.835404 
4.496994 
1.339671 
6.184994 
8.438214 
4.063599 
7.458531 
1.107792 
5.498817 
3.981578 
6.609682 
7.185632 
7.709302 
9.876149 
4.225120 
9.578713 
8.730650 
8.864863 
2.891745 
6.642722 
1.150481 
5.330307 
8.379326 
3.457891 
5.493394 
3.249120 
3.100732 
7.176537 
10.316533 
0.900093 
2.960736 
1.988785 
2.605085 
3.953361 
10.688689 
4.624029 
7.035144 
0.399594 
4.562164 
6.484489 
4.798157 
2.341478 
5.397989 
6.121400 
2.789558 
2.297069 
6.954292 
1.662196 
4.971208 
6.547751 
3.160042 
6.526680 
8.013009 
9.036732 
3.821129 
3.951501 
2.297263 
2.972589 
2.701176 
3.150427 
6.261108 
3.136606 
3.610439 
9.745449 
4.386726 
9.792840 
6.254741 
2.486781 
5.487391 
4.011421 
5.307383 
4.125704 
1.632619 
1.711793 
6.214001 
3.201797 
9.502158 
9.899582 
3.357998 
5.476594 
4.779138 
6.066236 
6.125022 
6.671693 
7.401216 
8.525504 
1.241382 
9.362739 
8.400894 
4.805854 
4.069094 
7.096653 
6.703107 
4.027738 
4.030360 
3.904801 
6.763089 
4.516058 
10.812744 
4.452925 
4.415665 
4.846933 
3.893315 
7.100108 
4.682286 
2.323913 
9.577173 
0.894190 
4.046564 
9.570612 
0.576558 
8.523802 
1.215126 
0.589373 
6.632252 
9.073935 
2.927397 
5.631069 
3.676964 
9.682304 
9.293015 
9.355807 
3.516702 
8.716669 
0.378303 
6.390029 
6.433344 
3.857248 
6.761042 
8.211299 
11.536668 
9.494664 
2.482693 
6.977357 
3.700762 
4.518055 
9.513965 
6.783745 
5.243744 
6.795380 
4.033416 
0.353085 
6.888191 
2.794888 
3.870535 
8.765129 
8.543300 
4.617406 
6.322986 
5.754612 
6.126849 
9.234085 
4.933029 
5.641646 
9.889986 
1.312881 
7.890894 
9.104768 
4.104571 
0.257420 
1.681287 
8.523482 
6.550380 
6.567428 
8.275701 
6.910147 
10.047888 
4.320375 
7.897020 
9.325334 
9.934949 
6.913534 
3.751188 
3.585050 
5.311558 
2.240036 
10.459711 
10.577694 
7.212406 
9.946222 
0.774724 
5.834543 
1.953396 
9.309673 
1.540973 
7.327536 
6.690437 
3.963063 
2.042864 
7.058249 
4.705773 
5.960784 
9.434218 
3.882403 
6.187142 
1.358439 
4.571397 
7.038392 
6.916946 
6.995056 
7.934255 
9.669535 
5.125125 
8.562330 
2.904248 
7.974847 
7.811334 
11.191611 
8.814170 
8.004579 
2.413883 
2.017884 
7.174298 
5.593583 
3.116321 
7.445765 
9.720735 
2.923024 
2.300317 
3.693464 
1.702766 
4.300335 
6.076545 
4.775419 
2.130712 
6.038038 
2.406991 
7.379392 
8.269859 
10.581838 
3.771290 
9.760212 
10.005466 
9.338812 
1.974309 
8.215084 
10.258893 
10.385129 
3.610940 
6.664403 
8.309517 
1.790338 
9.957509 
3.818749 
4.237914 
6.364036 
10.720595 
7.129490 
2.302226 
6.380473 
4.241835 
9.111951 
2.105324 
9.590496 
9.035228 
10.167755 
2.742470 
1.991000 
6.543480 
4.824465 
8.073363 
6.943189 
3.701418 
8.376111 
5.501150 
6.447334 
1.329964 
7.304267 
2.069242 
6.078122 
4.251895 
9.398212 
4.014845 
1.602111 
7.259207 
4.467537 
6.695847 
0.968642 
3.392445 
7.685503 
10.981710 
3.946155 
9.322359 
7.183293 
6.878379 
5.118179 
1.565625 
2.726099 
7.997757 
4.745099 
4.292563 
3.093943 
7.025380 
7.241137 
9.148480 
6.334528 
6.798839 
8.887925 
2.156861 
2.392364 
7.309950 
11.132025 
5.617768 
1.578034 
2.836117 
4.598358 
6.548392 
7.262478 
3.202283 
9.367900 
4.607848 
2.253397 
9.504653 
3.910524 
4.205774 
7.404532 
0.028070 
9.164528 
8.751319 
9.425943 
8.798556 
8.036626 
10.033351 
8.396957 
6.680869 
10.378840 
7.912072 
10.529151 
2.174224 
3.047491 
3.807562 
4.409131 
1.920235 
11.718767 
9.973337 
4.102990 
6.215133 
1.488903 
7.246117 
7.653101 
5.768138 
8.459189 
0.645897 
3.431044 
3.127528 
3.365223 
3.947739 
9.957670 
2.359345 
1.936304 
2.838971 
3.963028 
4.221375 
9.084607 
1.010571 
7.127404 
9.145620 
3.829254 
4.918672 
11.702999 
7.863069 
4.302017 
1.869206 
4.035723 
8.712322 
7.540334 
6.828383 
1.709168 
5.014636 
3.575078 
10.563812 
1.247735 
5.669776 
4.648675 
5.390926 
4.158503 
9.077046 
1.307391 
4.112990 
2.661883 
6.845278 
6.642992 
5.343561 
9.858426 
7.043216 
8.294528 
5.738132 
4.466917 
3.985072 
9.876414 
3.719154 
1.211593 
0.913445 
9.190750 
0.818574 
4.849490 
5.473413 
5.481544 
5.366306 
9.725883 
6.654500 
9.730987 
3.107784 
7.120318 
2.195271 
6.523630 
4.514736 
4.121113 
4.012778 
4.721545 
8.703730 
1.464852 
9.504918 
3.955408 
5.221965 
1.050129 
1.784127 
6.816598 
8.388585 
7.552267 
6.266889 
5.815695 
1.422469 
1.388063 
6.922106 
4.615346 
3.973249 
3.857127 
8.325263 
3.756991 
6.314327 
9.273134 
1.716192 
2.775846 
7.041340 
10.362945 
5.740336 
1.933595 
6.809517 
4.555391 
3.357211 
6.420027 
11.022152 
10.250454 
4.770693 
8.642191 
9.353142 
2.706278 
7.151398 
4.306253 
0.729719 
5.371809 
3.576236 
7.077489 
1.705471 
6.384309 
2.002873 
7.108212 
6.129240 
6.211186 
4.681222 
4.998235 
9.682895 
2.387830 
7.573712 
3.246507 
6.743291 
5.808262 
7.604840 
4.277195 
1.927416 
8.052382 
9.369750 
10.231890 
3.865774 
2.435609 
1.149925 
2.214409 
1.286985 
1.521172 
10.184434 
3.990258 
4.508628 
2.297235 
2.306566 
7.279211 
3.781699 
9.566493 
5.642303 
6.770502 
2.099475 
6.267894 
3.566237 
7.375224 
1.943342 
11.345883 
9.112168 
1.053082 
2.533800 
2.239218 
9.016654 
4.977614 
4.641655 
10.519654 
5.159563 
3.359808 
10.386192 
5.762929 
6.268231 
0.055297 
3.368433 
2.891104 
5.449073 
3.729805 
2.630811 
2.147455 
5.911093 
0.403143 
2.129211 
6.002232 
2.882736 
4.337226 
0.512826 
7.722460 
4.354073 
7.678816 
6.379584 
9.551302 
8.678342 
9.318228 
5.431321 
1.571112 
3.538240 
9.309128 
6.865672 
10.968881 
1.722182 
2.835975 
5.097184 
8.195639 
4.109363 
8.310519 
3.047224 
6.553909 
2.221045 
10.614053 
1.900123 
1.859849 
8.547111 
3.973229 
1.834080 
3.919410 
10.657785 
11.141165 
5.779233 
3.937185 
4.365342 
8.108320 
2.807928 
5.466843 
6.083766 
3.080967 
6.868168 
3.314131 
6.598767 
3.648122 
7.428189 
8.983362 
3.869295 
6.903289 
6.739564 
1.598065 
11.790929 
2.468968 
1.481964 
8.838846 
3.412408 
5.224826 
8.875521 
6.942253 
8.902527 
1.986273 
6.462219 
2.288989 
3.370058 
7.464641 
6.872034 
2.692828 
9.625991 
7.471688 
1.183939 
4.095934 
10.049878 
7.165668 
3.475830 
4.002158 
10.063914 
2.375738 
4.176393 
9.390638 
5.456327 
6.465622 
4.514377 
7.310006 
9.775062 
4.509000 
9.841458 
5.208227 
7.644478 
3.568229 
5.472904 
2.336457 
4.987568 
2.308963 
7.998743 
1.871546 
0.581119 
8.310030 
8.940529 
4.490190 
0.224767 
10.628675 
6.962519 
7.367235 
9.403150 
4.557737 
5.838088 
7.406051 
6.498352 
6.168219 
3.274429 
2.180587 
5.723969 
6.801099 
2.749130 
8.818901 
3.646829 
6.662272 
1.294617 
3.698447 
6.756300 
7.386790 
5.331799 
2.590523 
5.735485 
1.732908 
1.806450 
10.954752 
6.389535 
8.744268 
4.727560 
1.473823 
4.252891 
2.214694 
8.824976 
2.079597 
7.537738 
6.625835 
0.661359 
8.871522 
8.510933 
4.659320 
8.529857 
0.603633 
3.149004 
9.227964 
3.564134 
1.779828 
7.655897 
4.512868 
9.486370 
4.209960 
5.607781 
2.220629 
7.325836 
2.997235 
10.563833 
3.363571 
8.808127 
5.883359 
7.409262 
10.718307 
2.625582 
3.316804 
1.096773 
9.194424 
10.732668 
10.071163 
4.951992 
4.707553 
2.102095 
2.019706 
6.291193 
2.235260 
7.886539 
7.946648 
3.395397 
4.101471 
4.197136 
3.956525 
5.299910 
6.972942 
4.023683 
4.012425 
2.187669 
6.364717 
4.066968 
7.686970 
5.288988 
10.973539 
5.934211 
4.580031 
9.492131 
7.741121 
6.950910 
7.866595 
5.306544 
3.773363 
5.407216 
6.564528 
8.428636 
10.084706 
3.141728 
5.067296 
5.187429 
5.514359 
9.794309 
10.461168 
5.975460 
2.328981 
1.360355 
1.969500 
3.148773 
9.941246 
1.956961 
3.690857 
5.803048 
6.979848 
3.743393 
1.956978 
6.340944 
4.933555 
10.016229 
0.032695 
2.280869 
2.564821 
6.587494 
9.131117 
8.028198 
4.594264 
5.687701 
4.062301 
3.109462 
3.985605 
5.009707 
7.039464 
6.395865 
5.639642 
5.813111 
3.861239 
10.521284 
5.333520 
8.566479 
6.965686 
11.300074 
9.542030 
7.838006 
3.083088 
2.434838 
1.085927 
7.973959 
4.399790 
5.855741 
2.566398 
8.912936 
10.615742 
5.005057 
2.741710 
8.574086 
10.085823 
10.030779 
6.593067 
9.417839 
9.477751 
6.805423 
2.791798 
6.187305 
2.502635 
4.123258 
6.811566 
8.074860 
4.492584 
6.777180 
9.641307 
9.763526 
2.611671 
10.099176 
9.362544 
5.530270 
7.445177 
6.642205 
4.744772 
6.776216 
2.060818 
9.697596 
7.209819 
8.615603 
9.855366 
11.079871 
2.556026 
5.378973 
2.916901 
10.863044 
7.499531 
6.296268 
3.910807 
6.390366 
6.391523 
4.680450 
7.312451 
8.026651 
8.297479 
5.146991 
1.854899 
7.059120 
5.201082 
5.937634 
2.155767 
5.065113 
2.811293 
7.772123 
5.187951 
4.230873 
9.484307 
8.379836 
9.510111 
9.350750 
11.084076 
3.118531 
10.687466 
12.003154 
9.349262 
6.972789 
6.128591 
3.963747 
2.951854 
0.507013 
8.431350 
3.179956 
6.186457 
4.428639 
1.981115 
5.063311 
5.076146 
3.877193 
3.785204 
11.194701 
5.418137 
5.994554 
0.109123 
5.934478 
8.894733 
6.998627 
6.343385 
6.155335 
7.254284 
6.111452 
9.030328 
12.222424 
8.415286 
1.498094 
1.822811 
4.176345 
9.533315 
6.058905 
11.431574 
5.147960 
5.119639 
7.573169 
9.521824 
1.599110 
5.121222 
6.503806 
1.978289 
5.582105 
7.524854 
1.510913 
6.836643 
3.221879 
9.607839 
7.535716 
7.808865 
3.944563 
7.155709 
3.244906 
4.990547 
8.367770 
9.352745 
3.678956 
10.487105 
4.260107 
4.425000 
3.054376 
5.989106 
5.993627 
2.673246 
3.984965 
8.224544 
5.342975 
2.626113 
1.419387 
7.763640 
4.403934 
8.761081 
10.525485 
11.196159 
1.528968 
11.410062 
5.770749 
3.390882 
3.200834 
2.023699 
9.387633 
6.942562 
8.759822 
0.444965 
5.183478 
7.699029 
7.116282 
10.914285 
4.552305 
8.431718 
7.347267 
7.958689 
2.799220 
6.720579 
5.866350 
3.727642 
9.260451 
1.669219 
10.372887 
2.028975 
6.651609 
3.424602 
9.067688 
3.476524 
7.926658 
3.997703 
4.581573 
3.954724 
8.157502 
6.728143 
4.713709 
2.816632 
9.006784 
1.351550 
4.200286 
11.165564 
6.871652 
1.947989 
2.876446 
3.986035 
3.251899 
5.463578 
8.414474 
9.508265 
7.056993 
4.017198 
9.065546 
6.907507 
9.769083 
1.665267 
9.170277 
4.382704 
5.457263 
3.623016 
8.820000 
2.391090 
6.035211 
6.701722 
8.724348 
9.377953 
2.482908 
6.264695 
4.884232 
9.753002 
11.589715 
6.832554 
9.337495 
4.718155 
3.882255 
4.364801 
6.296429 
3.189528 
6.854445 
7.453121 
8.655214 
2.013610 
9.308597 
1.537670 
5.670164 
6.267571 
3.428113 
2.281204 
4.055340 
4.260228 
7.363295 
1.420929 
1.234469 
9.674707 
6.124895 
9.833222 
6.770306 
5.067264 
0.623383 
3.479419 
9.820275 
6.224155 
2.101900 
1.997952 
6.541279 
5.565845 
6.490876 
1.497838 
11.751399 
3.138657 
4.909180 
4.931514 
2.406186 
4.271787 
9.009550 
9.194333 
6.747360 
7.232985 
3.408120 
4.257630 
10.371961 
7.456496 
6.892574 
3.205538 
11.419332 
3.986820 
4.355480 
6.259917 
3.920831 
3.923600 
2.935710 
4.644997 
3.899192 
10.332214 
7.571604 
3.843286 
5.085462 
9.541566 
2.409763 
4.659581 
8.356583 
6.588921 
8.468543 
8.947275 
6.493356 
4.040904 
6.654058 
11.613862 
3.799790 
3.931468 
1.922691 
5.483810 
9.337650 
8.681330 
4.698959 
6.212026 
9.247908 
5.564429 
10.371044 
6.275818 
9.527102 
8.516824 
0.763514 
3.140671 
8.425788 
6.992652 
4.868913 
10.803941 
5.180896 
1.486932 
2.215686 
9.120601 
9.858616 
6.259234 
8.135565 
2.151168 
5.373708 
2.442198 
6.755803 
6.432113 
9.857437 
8.927308 
6.677413 
0.813722 
7.560917 
2.995584 
9.113591 
9.210218 
3.605893 
6.410154 
11.129725 
8.772763 
9.100134 
4.171302 
4.176616 
7.090596 
2.288464 
4.259581 
8.637734 
3.557606 
0.975916 
3.168957 
6.140975 
9.816090 
9.873344 
9.692372 
9.227186 
2.763181 
10.042442 
4.895317 
7.293109 
8.494446 
9.567501 
5.843232 
1.538067 
9.120219 
2.800624 
11.143419 
9.522248 
1.600968 
4.382139 
9.039004 
3.802060 
9.911459 
8.991565 
7.338926 
10.699089 
8.322975 
8.945710 
6.246533 
6.761076 
8.462230 
11.610782 
4.024131 
10.414330 
7.341016 
10.402849 
5.980501 
2.502978 
10.550525 
4.373998 
8.658453 
6.742173 
1.385106 
11.400840 
1.319884 
8.828241 
9.928972 
3.604150 
3.660276 
5.259051 
9.704410 
3.569557 
7.050797 
4.463275 
4.795256 
4.847670 
8.311819 
7.411305 
4.082382 
7.150907 
4.158679 
1.562691 
9.414321 
1.715433 
8.904995 
9.050634 
8.527343 
8.397084 
0.902026 
9.535084 
7.165078 
7.544115 
0.690483 
1.201486 
7.538611 
7.753642 
9.836369 
10.029923 
8.043764 
5.732789 
2.914824 
2.110642 
10.168741 
4.340814 
6.674741 
5.842973 
3.281700 
4.732757 
2.374715 
2.244740 
1.107997 
10.730298 
8.456649 
1.495830 
4.923983 
6.288482 
2.441057 
4.009157 
10.808992 
6.128066 
8.838991 
3.960524 
1.575737 
8.304843 
8.147731 
6.003906 
2.906783 
6.788748 
6.981269 
3.893082 
5.355126 
9.471586 
6.871399 
9.540585 
7.333243 
6.457738 
2.270157 
9.669953 
0.978406 
6.433114 
2.892320 
2.142858 
4.768921 
7.700295 
5.500777 
8.171064 
3.418108 
9.773917 
9.726525 
9.885289 
9.945270 
3.751907 
10.218262 
5.385536 
4.762037 
9.139614 
4.342510 
11.476580 
5.361633 
1.782359 
1.522048 
9.683698 
1.805309 
7.062541 
4.093561 
4.897090 
3.996481 
9.927891 
6.889200 
8.345498 
6.813351 
10.618427 
4.683497 
4.638441 
2.823184 
9.541163 
4.458891 
9.209110 
9.623643 
8.152008 
4.756849 
9.626581 
0.974725 
4.349724 
4.172037 
2.314776 
7.766142 
5.667349 
10.097648 
6.407795 
3.897108 
6.131550 
6.190594 
4.285852 
10.659768 
8.681073 
10.786522 
5.199280 
8.330463 
1.219351 
6.895431 
9.662763 
4.113819 
7.330476 
6.928493 
8.801929 
1.727474 
3.109015 
8.983808 
3.251332 
2.153392 
6.841362 
7.840901 
8.496187 
12.283302 
6.646480 
5.286799 
8.337579 
9.927700 
7.187560 
7.085267 
6.924037 
7.893121 
9.098659 
8.531094 
7.024043 
6.105714 
2.668165 
9.278119 
6.029310 
0.341277 
3.994393 
2.907248 
10.832638 
3.654527 
6.605180 
10.651219 
1.275423 
9.944133 
4.097321 
2.991838 
11.037772 
3.992924 
0.823230 
10.253053 
11.631052 
3.182949 
7.841089 
5.150776 
2.779122 
5.478536 
6.397926 
3.439799 
9.167096 
0.244606 
6.742295 
4.375308 
10.764086 
7.573636 
2.319624 
8.985404 
7.270657 
7.667654 
7.039559 
10.242155 
3.164278 
7.127572 
1.772910 
0.873978 
2.754193 
1.091495 
1.415967 
1.581952 
5.699993 
2.003906 
10.994780 
9.653199 
2.101147 
6.585495 
6.883996 
2.575712 
10.807119 
9.215910 
9.709358 
9.718147 
3.920935 
3.206910 
1.184079 
8.980425 
2.673857 
5.941822 
1.776721 
10.066564 
1.518741 
4.437739 
3.902050 
5.729520 
11.819393 
2.614438 
9.854086 
4.739662 
5.518694 
8.177813 
3.079192 
8.893973 
2.497398 
6.445779 
5.718276 
4.820459 
9.943374 
6.884401 
5.161298 
2.752210 
4.056220 
4.437739 
5.228492 
5.687757 
8.204160 
10.135104 
6.352919 
10.309277 
11.124754 
8.269929 
6.902380 
6.800823 
3.159175 
2.403552 
6.962283 
6.826190 
10.771837 
4.634024 
2.926435 
6.742951 
9.858351 
6.626486 
4.459410 
5.385766 
4.803141 
2.289033 
0.226012 
3.969267 
0.431630 
4.514761 
6.782744 
5.782240 
1.854379 
4.992239 
4.599158 
2.371955 
11.567460 
9.663281 
4.379321 
7.660582 
8.605436 
7.316836 
2.917238 
9.822316 
6.652147 
7.273426 
1.842169 
3.933395 
3.881607 
7.136003 
0.900569 
10.488777 
4.899336 
1.846995 
8.330582 
8.923681 
8.534706 
3.321907 
10.281854 
7.622687 
8.877695 
6.957268 
10.486376 
8.304529 
3.053200 
2.575592 
1.128218 
1.142093 
4.741075 
2.545298 
4.244441 
3.878800 
3.853383 
6.633877 
3.059046 
2.545895 
3.910135 
8.078259 
6.713911 
7.741307 
9.902921 
1.302397 
6.176810 
5.525676 
7.181763 
5.099241 
10.113977 
3.645073 
1.555358 
7.973581 
8.150731 
6.771428 
7.270683 
7.977008 
10.227774 
3.843046 
10.924925 
4.439114 
4.204056 
4.337488 
7.820169 
8.991872 
2.181063 
9.819690 
3.894662 
6.218862 
6.693772 
2.787492 
8.354881 
5.066920 
7.049616 
9.025776 
1.749120 
3.808886 
5.188249 
7.261984 
5.683050 
2.362587 
3.247357 
5.031006 
1.637963 
6.616858 
11.134896 
7.403748 
7.524032 
6.178874 
8.387532 
7.792884 
5.166384 
2.301435 
2.369691 
2.172169 
7.984424 
9.634776 
7.651899 
9.017756 
4.201707 
3.561838 
10.107389 
6.001491 
8.710330 
9.437042 
6.074166 
3.974605 
1.326973 
7.515245 
5.506498 
10.522221 
8.771323 
8.357997 
2.058827 
6.724368 
10.372182 
6.216109 
6.655464 
6.446953 
1.692899 
2.077637 
9.757395 
6.657019 
11.071301 
2.011509 
2.944037 
7.649719 
5.795185 
8.219339 
8.612109 
2.878731 
9.089357 
6.889058 
2.804969 
1.520783 
2.378785 
7.671716 
3.762392 
9.997485 
10.418131 
6.747602 
9.506275 
3.560695 
3.773745 
4.900625 
11.790561 
6.792344 
6.337343 
4.848012 
9.370428 
3.346621 
9.687277 
6.398375 
7.887538 
3.465028 
10.357494 
9.433858 
7.304190 
7.728090 
7.520935 
1.348911 
7.057348 
8.168551 
2.969199 
5.289612 
7.015637 
6.928823 
2.313973 
6.977520 
3.672762 
7.475878 
6.716968 
6.466489 
8.074665 
8.416412 
1.090558 
7.338047 
0.868978 
6.685649 
11.157970 
8.642139 
6.090838 
1.934684 
11.716680 
6.231183 
8.516156 
6.866134 
2.174488 
2.980642 
6.453598 
11.159252 
2.068794 
6.871468 
3.554782 
2.534945 
9.451216 
6.136005 
7.222685 
3.573200 
1.826540 
9.599011 
1.940457 
10.051460 
6.041019 
1.792466 
6.406024 
9.872643 
4.696541 
5.712748 
4.652474 
7.385533 
3.110751 
7.137233 
1.460273 
4.452931 
3.164261 
6.805771 
9.958077 
9.515498 
8.066755 
0.797936 
4.817362 
6.916369 
2.085508 
5.155692 
2.213428 
2.238181 
4.117259 
9.417801 
6.806276 
5.734078 
2.823528 
8.754144 
10.665017 
8.594190 
7.343058 
10.660717 
3.621251 
11.725761 
4.027452 
3.117955 
5.469865 
4.719616 
9.312610 
9.688614 
9.032410 
7.689097 
2.910979 
6.253007 
6.007836 
7.391799 
5.063828 
4.336668 
4.013176 
7.478387 
6.924260 
5.571950 
7.310561 
6.606179 
11.342618 
9.551144 
4.619258 
3.532227 
8.378111 
5.134794 
9.958092 
4.044274 
11.232467 
3.422548 
7.418028 
7.803918 
3.693587 
4.291137 
7.648846 
9.733994 
11.004473 
7.868786 
3.569405 
9.474443 
5.818904 
7.817236 
1.554996 
9.547923 
8.854358 
9.309046 
8.383535 
4.032252 
1.248843 
5.112822 
4.520835 
1.913892 
10.287131 
3.322905 
3.924974 
4.022188 
1.758338 
0.209708 
8.373234 
8.303401 
2.469189 
2.926618 
9.434115 
7.741111 
4.182874 
6.678825 
4.612720 
4.867564 
4.111890 
10.598617 
8.773469 
8.726091 
2.527952 
11.085848 
4.601266 
2.105957 
4.866294 
10.810437 
5.519533 
2.906431 
8.148825 
2.358855 
6.983059 
1.432079 
7.440640 
5.579309 
2.355414 
0.684977 
4.033557 
9.885736 
6.037206 
8.431538 
6.453854 
3.018170 
0.569541 
11.402267 
7.233912 
7.840248 
2.914847 
8.785766 
5.250831 
8.743214 
7.895201 
8.236330 
10.671378 
1.533271 
9.399644 
7.546725 
7.517893 
8.901526 
9.239123 
3.829090 
6.238596 
5.417661 
7.614503 
4.256607 
6.741455 
2.607407 
1.399778 
7.027238 
3.842215 
9.179033 
1.917800 
11.113156 
8.313973 
6.823276 
8.366708 
9.707210 
4.654124 
11.482481 
5.687434 
2.962764 
9.589828 
10.968474 
4.615524 
7.864396 
7.168896 
4.762290 
3.450311 
2.371350 
9.642703 
5.703739 
4.687305 
8.390180 
5.313816 
9.084400 
2.133793 
2.019218 
7.017176 
6.224835 
4.009789 
5.168068 
3.579924 
3.960322 
2.038249 
1.697022 
9.843400 
6.473958 
4.234341 
8.335402 
6.477963 
6.902858 
5.898995 
3.269945 
9.062466 
6.518836 
9.287584 
6.343607 
1.516982 
6.145440 
7.807574 
11.508925 
10.110210 
8.004593 
6.832485 
10.186857 
1.697937 
7.546503 
0.572018 
4.537988 
8.036573 
5.299417 
9.426865 
5.522294 
3.769342 
6.364116 
5.591873 
5.033740 
5.862812 
7.388704 
7.229471 
4.997422 
9.463443 
1.086929 
10.251864 
1.462828 
5.104210 
6.474469 
4.838616 
9.901355 
7.820840 
6.983879 
5.030271 
8.702213 
7.132865 
9.154039 
10.224516 
3.586988 
8.151747 
3.618049 
9.022037 
3.258279 
10.928780 
5.461799 
9.176361 
2.277738 
3.770337 
8.398397 
8.140635 
2.393536 
2.603561 
10.308133 
9.981790 
12.158669 
6.330047 
4.387692 
9.141141 
5.711152 
4.304108 
1.924028 
8.129467 
4.365243 
0.964534 
1.711622 
3.915056 
0.758297 
7.144141 
6.568505 
9.196305 
10.909971 
0.835517 
4.497324 
2.746353 
7.705902 
2.203253 
6.061624 
8.582937 
1.125797 
1.603782 
5.169211 
2.775679 
2.581439 
5.018951 
3.193921 
8.003256 
5.444181 
7.794915 
3.116561 
7.943985 
3.908716 
3.615525 
9.932045 
4.000427 
5.082377 
4.631158 
7.689272 
3.927144 
2.009658 
4.619247 
6.778850 
4.369144 
6.211276 
6.505652 
8.833696 
9.338150 
8.057919 
3.211898 
2.409682 
1.545550 
7.796610 
6.462184 
8.866712 
4.801336 
3.492347 
2.229208 
7.267094 
8.776036 
4.607940 
8.358883 
9.562895 
2.875958 
8.334577 
9.226811 
6.312217 
9.392128 
2.308183 
6.168834 
7.861608 
9.471542 
2.468533 
4.172731 
9.073980 
4.710385 
7.512805 
5.718962 
8.372694 
2.165094 
5.750685 
4.009013 
6.560609 
2.395673 
3.677798 
6.357411 
7.994111 
7.728352 
4.996374 
7.424390 
1.939604 
9.267165 
6.946347 
1.585198 
10.994804 
5.493791 
7.911121 
6.844375 
5.896768 
6.915413 
2.804047 
6.915686 
5.921320 
10.795410 
6.873748 
7.767509 
7.472718 
8.010194 
1.441560 
4.833437 
8.409968 
10.902113 
10.419070 
4.113859 
3.969002 
5.580008 
5.488693 
8.245041 
2.974034 
4.130336 
6.607946 
9.946508 
7.149208 
7.750708 
1.672661 
4.016302 
9.795397 
3.194350 
1.098527 
1.985481 
6.918254 
3.910628 
9.188753 
4.964300 
7.025313 
3.245224 
3.913516 
7.435766 
9.447545 
8.993202 
7.184604 
6.963775 
1.938034 
10.013787 
2.213024 
7.154287 
11.863907 
4.265428 
11.346962 
7.109971 
7.083292 
3.373242 
10.490128 
4.494523 
3.307889 
3.878357 
1.950059 
6.273606 
6.885730 
7.912203 
6.682393 
3.381549 
11.115146 
4.032611 
3.852737 
6.591772 
2.023478 
2.951323 
5.730767 
8.043167 
6.943963 
8.191434 
8.287993 
2.663553 
9.660507 
8.856468 
7.159563 
8.005653 
7.743049 
0.212399 
8.756133 
2.122982 
7.827266 
3.880623 
11.400970 
6.770763 
10.395488 
3.900488 
8.506705 
3.399483 
7.643402 
3.871371 
4.436873 
6.465156 
6.122247 
7.531528 
6.343740 
9.819245 
11.254618 
3.190245 
4.101240 
1.021230 
7.214441 
9.656980 
2.052980 
9.093670 
3.232461 
3.231913 
4.827373 
4.673346 
7.184581 
2.285679 
11.953691 
9.618915 
8.507949 
5.727430 
1.739249 
3.706410 
9.492163 
0.060704 
5.016092 
2.967257 
8.342659 
11.522998 
7.200795 
8.947880 
1.281877 
3.879371 
1.916382 
1.441775 
7.686077 
3.440129 
8.374499 
2.489686 
5.550184 
6.215975 
5.966855 
0.682158 
6.607961 
7.693836 
3.603376 
7.312182 
1.559330 
3.672430 
10.357586 
9.945086 
1.862473 
4.720028 
9.519618 
9.940079 
9.189174 
8.016734 
7.182499 
7.856385 
10.514110 
4.303880 
10.273568 
6.270436 
6.301679 
3.418367 
1.533388 
4.937139 
10.315888 
5.986193 
3.672890 
3.628734 
4.859659 
0.115895 
8.792060 
11.829397 
10.666369 
3.198256 
9.951245 
1.121998 
3.587359 
3.804807 
8.235889 
2.143750 
8.867614 
9.367237 
4.779491 
10.238250 
9.631325 
4.221861 
2.502814 
10.609711 
9.775117 
8.901083 
2.225761 
6.541538 
1.109104 
7.868534 
3.638826 
6.456184 
3.128713 
6.277172 
6.844887 
0.877779 
4.583845 
4.292739 
4.997329 
6.437871 
7.850789 
4.424633 
4.528855 
4.880715 
10.048187 
3.676516 
3.447062 
3.008517 
3.696436 
8.716980 
3.559430 
10.212285 
10.088246 
1.890162 
1.055833 
1.778289 
7.072344 
2.630639 
5.244813 
5.578205 
7.363806 
6.638785 
12.044976 
5.845151 
5.095512 
8.421088 
2.034431 
9.246457 
6.862009 
8.921234 
5.205494 
11.192986 
11.766755 
10.149524 
3.689014 
5.011191 
5.669806 
0.689860 
7.202397 
8.018877 
3.851022 
3.903021 
7.585278 
2.876542 
7.477572 
1.045948 
9.523571 
6.453190 
6.601699 
9.462019 
8.035090 
6.405736 
8.460959 
9.651958 
2.323298 
0.633443 
10.594481 
4.948996 
1.411889 
10.248159 
1.787676 
5.046769 
2.221921 
10.177529 
8.345733 
7.565257 
2.126786 
9.466004 
1.531989 
8.926669 
4.935630 
10.659213 
5.779128 
6.282866 
5.661205 
7.609614 
7.562216 
10.817311 
7.891846 
5.891122 
9.086273 
1.474298 
6.696766 
10.958793 
1.427188 
5.967501 
3.154968 
6.964433 
4.716627 
4.286250 
2.963948 
2.274333 
5.651666 
2.795154 
10.196577 
3.665117 
10.622736 
1.977047 
6.703852 
2.514168 
5.262024 
11.552083 
2.064833 
10.115716 
10.279560 
5.131604 
8.422818 
4.207834 
4.216682 
3.406758 
3.728286 
6.601109 
1.105278 
5.336723 
7.787999 
4.638202 
1.182476 
7.283921 
7.611234 
8.372867 
6.776191 
10.043000 
9.021365 
8.026987 
6.666704 
2.232792 
1.699885 
0.939120 
6.788827 
6.972893 
6.755456 
4.185515 
8.080008 
10.720897 
5.217121 
3.150940 
10.587418 
6.923876 
3.748703 
8.706582 
9.263561 
7.596987 
4.348443 
6.263510 
4.108614 
8.511217 
1.555171 
3.299761 
3.309672 
9.551182 
9.731959 
7.317496 
7.098285 
10.857405 
6.530622 
3.809100 
8.159668 
6.441693 
7.126442 
6.689188 
4.844391 
4.010222 
7.356473 
6.166324 
3.541090 
5.231769 
1.920667 
4.594604 
7.894747 
11.508262 
9.129612 
5.693773 
5.553934 
1.532127 
1.975155 
9.493007 
1.544534 
2.256164 
10.342845 
2.692449 
2.264387 
6.873391 
9.735840 
7.537546 
5.727882 
7.759409 
1.867767 
4.516921 
2.328707 
1.228983 
5.015468 
7.759731 
10.448046 
9.547060 
10.308137 
6.916029 
2.049831 
3.328101 
8.364954 
3.825199 
4.764314 
8.746546 
0.445935 
7.665071 
3.686400 
7.607222 
10.421348 
5.930055 
7.406492 
3.386939 
6.919111 
5.447821 
7.722572 
7.919812 
5.328786 
5.175539 
7.004390 
7.435354 
7.879568 
7.595247 
9.671622 
1.615129 
2.247590 
9.362884 
4.127545 
6.662404 
7.891181 
3.683090 
3.331920 
7.115718 
5.282178 
10.990520 
4.142804 
2.209212 
3.438856 
5.369516 
11.820030 
6.351646 
5.468973 
11.118378 
4.650939 
3.153455 
6.848363 
2.227787 
8.125413 
9.189906 
5.424988 
6.397061 
5.084329 
3.869194 
9.191826 
8.306174 
9.055122 
4.408252 
10.576018 
6.945520 
3.332822 
4.497704 
9.694473 
7.406376 
10.854818 
7.871586 
2.645218 
3.866187 
6.254704 
3.601172 
3.831290 
7.899653 
10.019399 
4.038309 
11.573014 
9.012758 
0.448053 
8.284363 
2.796085 
5.514113 
3.330934 
9.895948 
7.814894 
2.303670 
10.292809 
3.990124 
7.431232 
8.125858 
9.272949 
4.720657 
7.321704 
5.655962 
2.322865 
3.847804 
1.886976 
10.134423 
6.519595 
1.391386 
9.170383 
8.614327 
11.516544 
4.432008 
6.179372 
4.116665 
2.492524 
3.849831 
6.958690 
4.276648 
8.631327 
10.707558 
2.169119 
5.387895 
10.692812 
3.934510 
3.796525 
4.009793 
10.077600 
6.923124 
8.438978 
8.804354 
3.154452 
2.877375 
8.089173 
5.354612 
8.719284 
7.195618 
2.146773 
2.938263 
8.878498 
3.917505 
5.545305 
11.949162 
7.277742 
8.833841 
8.076034 
9.327972 
0.565329 
5.234081 
4.438795 
11.282663 
9.849528 
8.673288 
10.079231 
6.308357 
2.390203 
10.371989 
6.754844 
5.956839 
4.211580 
8.068734 
2.051384 
9.216592 
6.227095 
3.918121 
4.105371 
5.744221 
3.267150 
9.460912 
10.096975 
9.611551 
1.851520 
8.188347 
6.976326 
6.902141 
8.964404 
4.863411 
8.444168 
6.788492 
2.654299 
4.774357 
7.779860 
2.112591 
9.341480 
4.613598 
8.885883 
4.829031 
6.241341 
8.635980 
8.304070 
2.002571 
11.869772 
2.234790 
6.398301 
9.154098 
12.427995 
4.868545 
7.025360 
6.750327 
1.164593 
3.740656 
7.298071 
7.582066 
5.338453 
6.314292 
8.073883 
8.389668 
10.307014 
6.931117 
3.856783 
3.421849 
1.287193 
2.713939 
6.451889 
2.584865 
9.568934 
4.077326 
5.565547 
8.552975 
1.287778 
9.874769 
7.889514 
7.220830 
5.803844 
2.678298 
6.916245 
3.345042 
5.029730 
1.766298 
1.797165 
4.827076 
7.480206 
9.326457 
7.918588 
7.223723 
7.109886 
3.356134 
9.119246 
4.785822 
6.919910 
8.814735 
3.396699 
1.855302 
6.993983 
3.905678 
9.300331 
7.060901 
3.048991 
8.892305 
8.225001 
3.329500 
4.483590 
4.564418 
7.887831 
9.537501 
8.644261 
7.949239 
10.150241 
4.639870 
10.185147 
3.466645 
9.937904 
9.851170 
4.715618 
5.982053 
9.944694 
11.169869 
1.295327 
4.307772 
9.936201 
10.385046 
9.953818 
7.838799 
2.484078 
3.872731 
3.129215 
9.854064 
6.109089 
8.145551 
1.881862 
1.225788 
4.823561 
4.854514 
1.083936 
9.053839 
8.673894 
7.970953 
4.600845 
3.040639 
10.486854 
3.588492 
0.293350 
6.025918 
1.873112 
6.035519 
7.861117 
1.743614 
3.832706 
3.500005 
2.263956 
7.168349 
10.691898 
6.951800 
7.636944 
3.108229 
9.151555 
5.971575 
9.030942 
6.664407 
10.345894 
6.775365 
5.676877 
5.223431 
9.292394 
9.945337 
5.073821 
8.892832 
6.452274 
6.861084 
3.392888 
8.184954 
10.549611 
2.225572 
8.886061 
5.539772 
3.084843 
12.027813 
10.166900 
7.798769 
6.764861 
9.325071 
3.163566 
6.246505 
10.273164 
9.970654 
9.364502 
11.268511 
8.742148 
5.149637 
7.904302 
9.160559 
7.277344 
9.703389 
5.644486 
7.408763 
8.334017 
7.146792 
9.161630 
11.212189 
0.858713 
6.352992 
7.438142 
9.187982 
10.570989 
4.634532 
4.671237 
11.619392 
1.246321 
5.651121 
3.602568 
10.264469 
1.689043 
2.497883 
6.257245 
8.537601 
0.661770 
6.713600 
3.811848 
3.630371 
7.456118 
4.663974 
5.942309 
7.952619 
4.071921 
8.506716 
7.007976 
3.878302 
1.801070 
4.562663 
2.231421 
4.595508 
7.222332 
9.031625 
10.237489 
0.835332 
8.713848 
8.679064 
12.212980 
4.907564 
3.153918 
7.426575 
6.285312 
4.274731 
10.418213 
5.614151 
3.435475 
10.327050 
9.229068 
2.236697 
3.303692 
0.256160 
2.077097 
8.855724 
6.389334 
4.295327 
7.794614 
6.596007 
6.019757 
6.665249 
7.409505 
4.446451 
2.267903 
0.145533 
1.300521 
5.033377 
2.458275 
9.836513 
9.327571 
9.017932 
9.291334 
5.056071 
11.167641 
6.134375 
4.091895 
5.123459 
3.013520 
1.200177 
10.458235 
1.769761 
5.693210 
8.821041 
5.263389 
9.371714 
9.851346 
4.951888 
4.964327 
2.162352 
4.259090 
8.085521 
8.786465 
9.069252 
10.726521 
6.617359 
9.505313 
4.635330 
4.565910 
3.917181 
9.007947 
2.766951 
9.403955 
6.058456 
6.219891 
9.429604 
3.935175 
10.459757 
4.557844 
11.210467 
9.777088 
6.687295 
10.076874 
11.651186 
2.419646 
5.645070 
7.765676 
1.393559 
3.158816 
3.725684 
5.925262 
9.446371 
2.966348 
9.077040 
6.350200 
3.227561 
7.380174 
6.885766 
5.907939 
3.866726 
4.586524 
9.687949 
0.014726 
6.836403 
10.018194 
1.813316 
2.504860 
2.106794 
6.514504 
1.029071 
3.106178 
8.032937 
10.028619 
4.445477 
7.694728 
2.289724 
10.938909 
3.332489 
6.889482 
2.111093 
7.089640 
9.381895 
5.403039 
3.188975 
9.160092 
9.072157 
7.709594 
2.516489 
4.183623 
4.247898 
3.203772 
7.179422 
7.195399 
3.887179 
3.928870 
3.824263 
9.902622 
7.586752 
1.602960 
9.711563 
1.221667 
0.110407 
4.469267 
11.038834 
2.107856 
8.024102 
6.707739 
5.799284 
5.539038 
9.136853 
7.380497 
2.325153 
8.929895 
7.985299 
2.273047 
9.037414 
10.457381 
9.820846 
3.353045 
7.977293 
6.816738 
2.012110 
4.150096 
2.552060 
3.155686 
10.573511 
3.029263 
2.954274 
2.147000 
11.507702 
3.139147 
1.826036 
7.443610 
2.338074 
1.605714 
4.865863 
6.597477 
4.154085 
10.244826 
6.860091 
1.157382 
4.816401 
2.754335 
4.088678 
7.942954 
11.427296 
10.169434 
4.001243 
0.659095 
5.020662 
7.450592 
5.105742 
5.260519 
1.021557 
11.718154 
6.507767 
2.476291 
5.521464 
3.035258 
6.432192 
6.645480 
1.685031 
11.704126 
11.547178 
9.162648 
8.980058 
9.031377 
4.333389 
10.148716 
5.853203 
0.825748 
9.186585 
9.624244 
10.269051 
8.675818 
6.295080 
8.674560 
3.181157 
1.499477 
10.011347 
2.894147 
2.655178 
3.681239 
2.761606 
7.340334 
8.454179 
2.636116 
8.510554 
6.081016 
10.198017 
1.940630 
4.608531 
9.030733 
6.844417 
3.800291 
3.907533 
7.352101 
3.392668 
7.794213 
8.874131 
8.049246 
5.356513 
5.841159 
10.022606 
7.343564 
6.420132 
11.286504 
9.730154 
3.061535 
6.315575 
4.017205 
4.155193 
10.417309 
7.729422 
5.012598 
2.614657 
7.468314 
2.359740 
9.244535 
2.682510 
10.295167 
4.875858 
7.566849 
1.563621 
2.599545 
2.987981 
10.406843 
6.197875 
6.902845 
6.981146 
8.508338 
5.394626 
5.556474 
6.226725 
1.727075 
4.749927 
10.727587 
5.149829 
11.935092 
10.609683 
1.979264 
5.044781 
2.457211 
10.957526 
10.367185 
10.789223 
9.732988 
5.370692 
5.045055 
2.356075 
4.025299 
9.192098 
1.932837 
1.761099 
7.726304 
7.461349 
9.402809 
5.538476 
9.269764 
8.708471 
4.515749 
4.914452 
2.497966 
10.579614 
7.312009 
5.431776 
4.932652 
6.037284 
8.152883 
9.041074 
0.609029 
7.152572 
5.171853 
9.438685 
1.933290 
2.414175 
3.052771 
4.275120 
9.311808 
2.002057 
4.701327 
10.752138 
6.310428 
8.133682 
10.115825 
11.102341 
5.887765 
11.053810 
2.035641 
3.074624 
4.809353 
3.734552 
2.953009 
7.752346 
7.967677 
10.530432 
3.894414 
1.707029 
2.546677 
6.131499 
3.923777 
3.579036 
7.998995 
4.443849 
6.228927 
6.689068 
6.528216 
1.743847 
4.272562 
4.317343 
3.355137 
9.971044 
12.026832 
3.035683 
5.729779 
7.415267 
1.338502 
7.963509 
10.748064 
11.301265 
4.703354 
1.030322 
5.071424 
7.256931 
2.695623 
2.852949 
1.390995 
0.780214 
9.014278 
0.468723 
3.549796 
3.962604 
9.296888 
5.904100 
9.011140 
4.793476 
3.038883 
9.889847 
9.375292 
1.785916 
11.497810 
6.947361 
7.058851 
8.156364 
2.924054 
3.295555 
5.632413 
8.610403 
1.200056 
4.718816 
7.062545 
4.834880 
6.301232 
3.188250 
2.124947 
1.939932 
4.894832 
7.061220 
8.409069 
2.132473 
9.104361 
6.107030 
5.013015 
10.036969 
7.111844 
9.267603 
10.441537 
8.235585 
12.005654 
8.533479 
7.062011 
7.410971 
9.736144 
9.413491 
3.974989 
3.680148 
11.229647 
9.337533 
6.727377 
6.440664 
7.341588 
8.598753 
0.942893 
11.404948 
9.988541 
1.340061 
2.297740 
4.652406 
6.277873 
1.627421 
2.544442 
3.415029 
9.219754 
9.638817 
5.946850 
6.587823 
10.382633 
2.734011 
9.281830 
9.640081 
5.648954 
6.354567 
2.393829 
4.930916 
8.307743 
7.503173 
11.283622 
9.175129 
0.866797 
4.946106 
9.078741 
11.484551 
2.991793 
7.449950 
8.090759 
11.661558 
2.698072 
4.930161 
1.874674 
6.696307 
3.922925 
7.461681 
5.531206 
6.066112 
3.738144 
6.524713 
3.237528 
3.680123 
6.953487 
7.782476 
5.084780 
1.702012 
4.022347 
3.666080 
5.595157 
8.691073 
2.420503 
7.750611 
3.167896 
7.519280 
6.673526 
2.253057 
5.504978 
6.306891 
3.153808 
7.376849 
2.816718 
2.436782 
9.327696 
0.908957 
10.191298 
8.965676 
1.605408 
4.994744 
8.188251 
11.950013 
4.028401 
12.574731 
2.322358 
4.683433 
2.068091 
7.992414 
7.345385 
2.144192 
7.113818 
11.398889 
2.277702 
5.057987 
5.659529 
3.952108 
3.613496 
1.923334 
6.234661 
4.357597 
10.664187 
4.728839 
9.113334 
2.258883 
3.941294 
10.601351 
8.789674 
2.170961 
10.587812 
0.775857 
2.975328 
8.369236 
6.098474 
2.335130 
3.324247 
10.935248 
10.786128 
11.823483 
11.244830 
7.361465 
1.074576 
8.059813 
6.349484 
3.944218 
9.596309 
7.648757 
5.162792 
7.838105 
10.613678 
4.018132 
2.681671 
6.865566 
8.452467 
6.863695 
6.919776 
6.164712 
7.444370 
1.420837 
5.562435 
9.887469 
6.397164 
7.195118 
3.052569 
9.200664 
8.781840 
9.740639 
4.235495 
0.520478 
10.240335 
10.122202 
0.585915 
10.507359 
0.714858 
4.991720 
3.695069 
6.287853 
3.693101 
11.178308 
4.871805 
8.144209 
9.916523 
5.643439 
8.643142 
5.721915 
5.090358 
11.384053 
4.518480 
1.070778 
12.001273 
7.248770 
1.156080 
1.652848 
7.239649 
2.216149 
2.265784 
5.345090 
7.957121 
5.080736 
8.820875 
6.202105 
4.187999 
6.027882 
4.129435 
7.403494 
4.297686 
4.155461 
11.667165 
2.029277 
8.524668 
6.142974 
2.013607 
8.255771 
6.362382 
5.320880 
4.677026 
3.677204 
0.209942 
8.296732 
10.549410 
8.069130 
6.621481 
7.008376 
3.912994 
2.143388 
2.740852 
4.261399 
2.415037 
9.309277 
8.486820 
6.362643 
7.064383 
5.388448 
1.495355 
6.540593 
5.684665 
4.860356 
7.928037 
2.992784 
2.459290 
7.774512 
8.101637 
5.555155 
3.685937 
8.433061 
9.951742 
2.109647 
10.932769 
3.434972 
4.649721 
9.479136 
5.769644 
2.292309 
11.327768 
3.910616 
10.370408 
5.820668 
2.152110 
9.113487 
2.343125 
10.888446 
13.313127 
10.016405 
2.767384 
4.407044 
8.003028 
9.372787 
6.826765 
5.282913 
9.563773 
1.062514 
2.283613 
6.517983 
6.135352 
11.755731 
0.541774 
6.932133 
6.549487 
6.864783 
11.032084 
7.420763 
7.168301 
1.058072 
7.345737 
11.817087 
2.280105 
7.035497 
7.157822 
10.290154 
6.895186 
11.423102 
8.367133 
4.991289 
3.245651 
5.727975 
8.794441 
9.516252 
8.818326 
6.876836 
8.254809 
7.322513 
8.441942 
6.906845 
7.376497 
4.224751 
9.185202 
1.762757 
10.254324 
7.429332 
2.200905 
3.352872 
9.707481 
6.879097 
1.276508 
7.209420 
12.443883 
6.663589 
9.269208 
6.745162 
9.931937 
6.866403 
2.431517 
4.762764 
2.447158 
11.310959 
4.367973 
6.296215 
6.463556 
12.100551 
8.453748 
4.365179 
9.784223 
5.848459 
9.392188 
7.953698 
9.563678 
11.404067 
5.192320 
7.899422 
4.220127 
6.746681 
0.131773 
3.452800 
11.505382 
0.897373 
4.815202 
8.770704 
1.542225 
5.403519 
9.621998 
9.010389 
8.101024 
7.481781 
2.225112 
5.420579 
5.901041 
1.849299 
5.771924 
11.454115 
1.720589 
10.727783 
6.226448 
5.001012 
3.993149 
10.928697 
2.913083 
10.721637 
4.995385 
6.987536 
4.410711 
7.986277 
7.442894 
6.525514 
6.010192 
1.792984 
8.230149 
4.919350 
3.718887 
10.947558 
1.516319 
9.056141 
3.365101 
2.688809 
3.497806 
3.210850 
1.360483 
3.805958 
3.634143 
9.302333 
2.494694 
3.173095 
5.354151 
8.111106 
7.236146 
6.033048 
7.014075 
3.341981 
6.259743 
8.625601 
7.471293 
0.970716 
3.421292 
7.707357 
4.843014 
7.711935 
5.716777 
8.951298 
2.276451 
2.370358 
3.704062 
9.169172 
3.383421 
3.151843 
9.411586 
6.668975 
8.263662 
10.662357 
7.512507 
3.996854 
0.573701 
4.687105 
0.910561 
4.979328 
6.465275 
6.782248 
9.785464 
10.847240 
8.917222 
12.306147 
3.492388 
2.081162 
8.616320 
3.536741 
2.478298 
3.603725 
6.529479 
6.334115 
4.103373 
2.261652 
2.774775 
10.108339 
8.308696 
1.772939 
0.994278 
1.897371 
2.608560 
7.034321 
4.374488 
2.252139 
7.898567 
3.383872 
4.446843 
6.666447 
8.477424 
1.659286 
5.378061 
12.102995 
1.842662 
1.820250 
6.156282 
7.624736 
5.406588 
9.664150 
9.614393 
3.581425 
9.857431 
3.150585 
2.403233 
6.371797 
6.576614 
6.118194 
1.163690 
1.464803 
10.075744 
6.244422 
2.612925 
8.253607 
4.764355 
4.142101 
10.977107 
6.391206 
5.536744 
2.775869 
3.303271 
6.526808 
8.467361 
4.093636 
3.222666 
7.329825 
7.885408 
1.671729 
4.886245 
9.719870 
9.711950 
2.010245 
2.124099 
5.515031 
6.443446 
10.313411 
5.067053 
2.309419 
2.782955 
3.062199 
3.381361 
9.464285 
1.449201 
7.299238 
8.497772 
8.420166 
9.572297 
8.420403 
9.173149 
2.589937 
1.197102 
8.499101 
8.780749 
3.558755 
6.617100 
9.041641 
1.541319 
8.808914 
8.519532 
7.809372 
8.974310 
4.912910 
2.717448 
6.892178 
7.992125 
6.979162 
4.867220 
9.138742 
10.349564 
7.505288 
6.150460 
2.629540 
6.104939 
9.029280 
7.515087 
9.049766 
11.093469 
3.248199 
2.606219 
7.099848 
1.725437 
5.200655 
10.350875 
7.278962 
6.816081 
8.780934 
6.726164 
2.455954 
9.843990 
11.064894 
8.451608 
2.963720 
6.050290 
7.763887 
8.082038 
5.181766 
9.300909 
8.901766 
0.797595 
8.116676 
2.385962 
8.542858 
2.310414 
7.845489 
8.712814 
4.899854 
10.880953 
2.509990 
6.320690 
11.279790 
9.971451 
3.555462 
4.459016 
1.960618 
5.999775 
4.040373 
7.220341 
8.960899 
9.152363 
3.623612 
3.522789 
6.786734 
7.966821 
1.291147 
13.042282 
1.451268 
7.519450 
10.559074 
6.894461 
3.968297 
6.399412 
9.829107 
6.839523 
8.618150 
3.610953 
7.245117 
1.653548 
2.428901 
11.314177 
7.972054 
5.660449 
9.629195 
6.320861 
3.467742 
9.385257 
5.348500 
8.972519 
10.573073 
2.474467 
5.186874 
4.426821 
8.643951 
1.793608 
3.572070 
6.123463 
7.119497 
4.832365 
0.301224 
7.005962 
5.673901 
7.132018 
6.346973 
9.743223 
7.544033 
1.717442 
2.281245 
4.290260 
7.371716 
12.093437 
4.164514 
6.441026 
3.526215 
0.469206 
7.125654 
8.826390 
3.068802 
7.045325 
2.286622 
7.140217 
6.767352 
3.360387 
8.794349 
10.243223 
3.913689 
7.674685 
6.276838 
5.697969 
4.599832 
6.025937 
6.942086 
10.328959 
6.062207 
3.673182 
10.178643 
3.888627 
7.077584 
4.324833 
10.857492 
9.199050 
10.206278 
7.544015 
1.875223 
1.528408 
8.286456 
3.612876 
6.957577 
7.835543 
9.771639 
6.530478 
8.693752 
6.996617 
6.593820 
10.072029 
6.271952 
5.057887 
10.226452 
1.879959 
7.743104 
2.226857 
10.573928 
3.920294 
1.052948 
8.846955 
3.444435 
2.242860 
9.208278 
4.327197 
7.433641 
7.418740 
9.369200 
2.222956 
6.319291 
3.919535 
2.030133 
5.499006 
8.091375 
6.950815 
3.614863 
6.173860 
8.167798 
7.372411 
4.051891 
5.394420 
6.343585 
9.167532 
3.949549 
9.548195 
8.879782 
3.613154 
0.818757 
10.111205 
6.924200 
5.270678 
5.527052 
3.937230 
6.799785 
2.437148 
10.120017 
7.704192 
8.680901 
9.225105 
10.823715 
4.764548 
6.802752 
6.012037 
5.556796 
1.477154 
2.930740 
6.470428 
10.318238 
8.703516 
8.654457 
6.409775 
4.818538 
9.833225 
8.204087 
3.073050 
7.339026 
2.483615 
4.621441 
9.707753 
11.430914 
8.439127 
7.932525 
9.189193 
6.005547 
9.806192 
4.682336 
7.061636 
11.038877 
9.490002 
7.699332 
8.746753 
8.257231 
4.407658 
9.116294 
6.061959 
0.387148 
8.929328 
7.502385 
9.620398 
10.325604 
8.365904 
8.146471 
4.583992 
11.869636 
5.578935 
2.886432 
4.318246 
3.711505 
3.885062 
4.063329 
5.697995 
4.346906 
3.506749 
6.107346 
9.838273 
1.056320 
3.427974 
7.254229 
1.507067 
2.215528 
3.561138 
0.762910 
1.817906 
5.498772 
10.955130 
5.843986 
9.850093 
9.020153 
12.951678 
4.000154 
4.463644 
6.613949 
6.742910 
3.984386 
0.278820 
6.851823 
3.963191 
11.185763 
8.280025 
10.961050 
7.230906 
11.273828 
3.422440 
2.078171 
6.601880 
5.483262 
9.502708 
7.902186 
8.897495 
10.087770 
0.876358 
9.817550 
8.674833 
7.252113 
8.136429 
10.597160 
2.131003 
5.474358 
8.011657 
7.686620 
2.586111 
8.388790 
4.198152 
6.568445 
3.976329 
2.212216 
8.521744 
4.079029 
8.747514 
2.248199 
5.477560 
4.795657 
6.910897 
5.346427 
1.550738 
11.670388 
9.291599 
4.041593 
9.839244 
10.070148 
4.287510 
10.527917 
1.213448 
2.962753 
3.614187 
6.252077 
3.823060 
3.469389 
4.853175 
3.133762 
10.020599 
2.125727 
3.054107 
7.789409 
7.865574 
8.844903 
10.420212 
7.315934 
6.712529 
6.936614 
2.701241 
6.575254 
9.650955 
8.607713 
3.235974 
1.672193 
3.096225 
1.764121 
7.906009 
6.983133 
6.670457 
9.345300 
3.422781 
4.652020 
8.424135 
11.692658 
6.891969 
3.803273 
9.799060 
7.290223 
5.380746 
2.192428 
11.490398 
7.182575 
9.083007 
9.330450 
4.079461 
8.224707 
11.885537 
1.287740 
4.076913 
11.286709 
7.182516 
9.989869 
6.324823 
3.370673 
0.793859 
5.295156 
1.039466 
8.516017 
1.730148 
3.474286 
3.485484 
1.784864 
3.678534 
2.024641 
11.181671 
10.762867 
9.155742 
6.733218 
3.266658 
6.986707 
8.384274 
8.977420 
7.051073 
2.630404 
8.135753 
6.955363 
11.811940 
4.010636 
2.352539 
4.785840 
7.555187 
5.644850 
8.127297 
4.556328 
7.881835 
4.302193 
8.107553 
8.043676 
6.913693 
3.805741 
5.157333 
4.654218 
4.723616 
10.018139 
0.402176 
8.421631 
6.839199 
1.641155 
9.747606 
9.012964 
9.592850 
7.552757 
1.987877 
4.723140 
9.786058 
11.903336 
4.652749 
4.556428 
11.916126 
4.395549 
7.129948 
0.905207 
3.612599 
9.031342 
7.528353 
7.812056 
3.252714 
8.586612 
2.986668 
8.556291 
5.285605 
5.202278 
8.018028 
6.393812 
2.068153 
1.531424 
3.350711 
6.338201 
10.056545 
7.550555 
2.671209 
8.552463 
3.904968 
5.900249 
10.803401 
7.879759 
7.220238 
7.603099 
5.887714 
1.451547 
4.274927 
0.770831 
9.887004 
2.816435 
11.452273 
7.605305 
6.752138 
8.939389 
11.890724 
1.714804 
4.892430 
11.113862 
7.148358 
7.960628 
4.827490 
4.988828 
2.285902 
7.448954 
10.706599 
8.577692 
10.800310 
2.938316 
2.920723 
5.103190 
9.562596 
9.352381 
3.608779 
8.679435 
9.863909 
8.917374 
6.844436 
7.891187 
1.802518 
6.976020 
4.877700 
4.704051 
3.205255 
5.637751 
6.083838 
6.323451 
4.000181 
7.230891 
10.894072 
6.654781 
6.922433 
9.323438 
7.480963 
2.386345 
5.571262 
2.785594 
6.959039 
2.754626 
4.084794 
6.513072 
3.825829 
4.916043 
8.068487 
7.892998 
11.871359 
10.176463 
1.184932 
8.941118 
4.458122 
2.950411 
8.283772 
3.925686 
3.834257 
6.517114 
5.637107 
5.950114 
9.958121 
8.014569 
11.277959 
2.577784 
2.857192 
7.255396 
2.812300 
11.444968 
4.672461 
9.933690 
6.784154 
3.206333 
5.351694 
1.458521 
6.744320 
7.206773 
9.799466 
5.669818 
7.696138 
10.599020 
10.771187 
2.490111 
8.637754 
7.299581 
3.088963 
11.140823 
4.932517 
3.293996 
8.422226 
9.257808 
2.628746 
2.121168 
4.583378 
9.395382 
7.628360 
8.208649 
4.202851 
4.456928 
11.708339 
1.550333 
2.630007 
8.327930 
5.227535 
5.564233 
10.574418 
8.991962 
6.810874 
7.203977 
10.325241 
6.929997 
11.694898 
8.040890 
3.786423 
10.108478 
7.795602 
3.076842 
10.020811 
8.334078 
10.469181 
3.798579 
7.880936 
2.084487 
2.244537 
4.285315 
2.797970 
4.747887 
9.308760 
10.772410 
4.393835 
3.544970 
6.925289 
3.173869 
5.230283 
6.137919 
4.463769 
4.595289 
8.988754 
8.793162 
6.622525 
10.760590 
8.570659 
6.593528 
10.649739 
3.519737 
6.331461 
11.470626 
8.213158 
1.520756 
7.147619 
2.997987 
8.703703 
10.498573 
7.167447 
3.073140 
9.676503 
4.302460 
9.310946 
7.702369 
3.768260 
6.941067 
6.242213 
6.204237 
4.906863 
10.281011 
6.826580 
11.454430 
1.259863 
6.806234 
8.437628 
6.210251 
9.251617 
9.383533 
8.373347 
4.579526 
4.859400 
4.768219 
8.887108 
7.239185 
7.013586 
6.925157 
9.362464 
6.358753 
5.286868 
3.978178 
6.818422 
5.366596 
6.570700 
11.051001 
1.919169 
9.435573 
7.317043 
2.915715 
4.867605 
10.419848 
6.616534 
5.506384 
1.875392 
2.470459 
3.973261 
10.652918 
3.497048 
8.358263 
4.768384 
4.312758 
10.264002 
9.697521 
5.601841 
3.551742 
6.053931 
1.771961 
8.165838 
6.772778 
5.520668 
7.006741 
10.903526 
11.624801 
7.719160 
7.998255 
3.735252 
2.770645 
1.893763 
4.926236 
3.698450 
1.167870 
2.169138 
0.206263 
9.536322 
7.679697 
3.274228 
4.851783 
9.968228 
11.908238 
4.677122 
2.218743 
8.099127 
7.511859 
6.696103 
11.044604 
2.446613 
6.176953 
3.789746 
10.734177 
2.382102 
8.468723 
5.811871 
9.869665 
4.503271 
1.819842 
2.484869 
3.502608 
6.967309 
1.469334 
9.254907 
7.603559 
8.322256 
9.716469 
11.733627 
5.282081 
6.617875 
8.698783 
5.696401 
6.585587 
4.568088 
9.747983 
9.016060 
7.719946 
6.269913 
11.197735 
5.992340 
2.974506 
7.106909 
4.079117 
9.371066 
10.031656 
10.401775 
4.384154 
8.081463 
8.943684 
2.339453 
5.530840 
11.400781 
7.974611 
3.811530 
6.907135 
10.408488 
2.592768 
10.696795 
6.121891 
1.590027 
8.630286 
7.956747 
2.353598 
9.198494 
7.342006 
2.281220 
1.332814 
8.771319 
2.303323 
10.431887 
9.723374 
4.815883 
5.927514 
6.009771 
2.998064 
4.285222 
6.899564 
8.021007 
12.140853 
2.121671 
1.762079 
8.974422 
8.073636 
1.761766 
5.013019 
2.166114 
10.424988 
8.927054 
5.044052 
6.287998 
2.043653 
4.706811 
4.938147 
5.498740 
4.677830 
7.610789 
3.727283 
5.038650 
8.622107 
3.417358 
9.860813 
6.649926 
7.369292 
5.583761 
3.971679 
8.029157 
1.542553 
9.674864 
4.655930 
10.392303 
5.620768 
10.591738 
0.907051 
6.980604 
2.585262 
7.122577 
8.923250 
4.601395 
5.936009 
4.640641 
1.440172 
5.159700 
8.995699 
2.949788 
7.643976 
8.092066 
4.594872 
2.552782 
10.116457 
6.661775 
5.764932 
8.470993 
4.052909 
7.041852 
4.433443 
2.047254 
11.095527 
6.862995 
8.454972 
4.245812 
8.029775 
9.753255 
8.285583 
4.935774 
8.113039 
1.892820 
3.384385 
3.320517 
9.378193 
9.453097 
8.000992 
2.935811 
6.406041 
1.899361 
8.023994 
6.314853 
6.410314 
8.369498 
7.034078 
2.288458 
3.972797 
7.580659 
4.253496 
4.274841 
10.199149 
6.842935 
8.278020 
8.874295 
7.532037 
9.717803 
7.173206 
2.782438 
10.340789 
0.557222 
1.726808 
10.435301 
9.278733 
5.611980 
5.035858 
2.838157 
9.842048 
2.081949 
8.919130 
9.758249 
1.288027 
5.038313 
9.543258 
3.412565 
7.718490 
10.693806 
8.797013 
7.790851 
9.728985 
5.370971 
5.131883 
7.405064 
7.314556 
3.510698 
7.741007 
0.600796 
6.887069 
2.000938 
1.063500 
9.503179 
2.573716 
3.775980 
9.148409 
6.972791 
6.529813 
3.687664 
5.486673 
9.478302 
5.958827 
7.990392 
8.327105 
9.094277 
7.324920 
4.757715 
11.291386 
10.868629 
2.266623 
5.390533 
3.387653 
3.561048 
8.972540 
9.244332 
3.670549 
4.698273 
1.503979 
10.122864 
1.608203 
5.385521 
9.101166 
4.717079 
7.377701 
7.301839 
5.083096 
2.729332 
9.720394 
9.885143 
3.779884 
3.106417 
8.587669 
3.395961 
10.652566 
4.676327 
5.647484 
6.824065 
12.832617 
6.644997 
9.744953 
6.380608 
2.809016 
1.117741 
5.132679 
4.727576 
8.709132 
6.732508 
5.626088 
2.796060 
5.305249 
3.552084 
7.816220 
0.709323 
4.305880 
7.489298 
5.773343 
4.003235 
1.315583 
4.459427 
5.254193 
2.087709 
4.564577 
3.651031 
2.780025 
10.137843 
2.553771 
7.931055 
4.118232 
3.217010 
7.734013 
0.975296 
3.995044 
7.644939 
5.749814 
8.364981 
7.721883 
0.460917 
5.978239 
6.201186 
2.240092 
10.135887 
8.943946 
9.194967 
6.896776 
7.575530 
11.559897 
3.966699 
10.971382 
9.406755 
6.024647 
0.362381 
2.122839 
2.500010 
3.294057 
1.758336 
6.742660 
7.165516 
3.431506 
7.304000 
8.351549 
9.535631 
6.257006 
8.457731 
6.661754 
4.578018 
1.581047 
7.466030 
8.098167 
10.943883 
2.478392 
3.179731 
5.337109 
5.209636 
3.521071 
2.245614 
5.590194 
11.918570 
6.506394 
4.878868 
4.393209 
2.485200 
6.165005 
7.060348 
7.752196 
6.602774 
4.882153 
9.897120 
7.490376 
7.014066 
9.105377 
10.093770 
3.974089 
8.502545 
8.384708 
1.985511 
10.622664 
4.155643 
2.835442 
6.747021 
3.543277 
9.334041 
6.680967 
7.531640 
7.523683 
7.472176 
3.896570 
10.263783 
6.574680 
9.732739 
6.990749 
5.611818 
8.563204 
4.703874 
3.254516 
10.989203 
1.697566 
10.562859 
9.015006 
2.454963 
4.279421 
2.438001 
10.594901 
11.936060 
3.417807 
8.934189 
6.697201 
2.803367 
10.759231 
5.827930 
11.104635 
1.799330 
3.206382 
6.767238 
9.596749 
6.445160 
4.071559 
6.565230 
7.034730 
10.390037 
6.607331 
9.370494 
12.010720 
10.077673 
11.109842 
1.791059 
2.587508 
2.456893 
8.750423 
4.824439 
5.234392 
3.583074 
9.322841 
4.942921 
10.760215 
4.994746 
5.519349 
7.377962 
5.746480 
7.603834 
7.857313 
7.824696 
8.061597 
4.019165 
5.820916 
6.083430 
3.834547 
7.521594 
5.878237 
1.877043 
6.419589 
3.839866 
2.203596 
4.494254 
7.775737 
2.879901 
8.904368 
6.702259 
10.561589 
6.801511 
11.182969 
9.922074 
9.853037 
4.478230 
0.671307 
8.488491 
4.302358 
9.074636 
3.146985 
7.033821 
6.998012 
3.647197 
9.209488 
10.641042 
9.964596 
4.245309 
2.376754 
9.856708 
0.816218 
11.701588 
3.820034 
6.236840 
6.895956 
7.202546 
2.796034 
8.812764 
4.656645 
2.129428 
7.903768 
7.119607 
7.061487 
0.945277 
4.967538 
4.426413 
9.138231 
5.734255 
6.552216 
7.829661 
2.622181 
3.808459 
12.079072 
7.633370 
4.549563 
4.672986 
7.953042 
6.378452 
9.500243 
2.432846 
0.323596 
7.011448 
10.567390 
10.717126 
3.716265 
7.056469 
10.116171 
0.504448 
5.173714 
0.069391 
6.057208 
1.998483 
7.879704 
5.294316 
3.939127 
11.429096 
5.270017 
6.362498 
4.887971 
10.997508 
8.351243 
7.399833 
3.545453 
9.377332 
2.318398 
5.397446 
4.333558 
8.594775 
8.779463 
8.316512 
8.129326 
4.385793 
3.699706 
3.085462 
2.447925 
8.470213 
5.308527 
2.847611 
3.927290 
9.731052 
10.585217 
1.307895 
9.560155 
8.666800 
0.870966 
9.126107 
10.249847 
8.147182 
9.139690 
5.091257 
7.473052 
3.193956 
2.296455 
5.259811 
6.992305 
5.457446 
11.451703 
3.341120 
8.637527 
8.790684 
11.789471 
1.803520 
7.236372 
11.059455 
3.999151 
7.049697 
7.985273 
4.435840 
9.040515 
3.967633 
9.541947 
6.525241 
8.636930 
4.600337 
4.843139 
7.580713 
3.415004 
0.445460 
1.212323 
7.045940 
7.449514 
3.425645 
10.151954 
6.297471 
2.007873 
3.703090 
4.700556 
4.940045 
6.889430 
10.131116 
4.624538 
5.659138 
3.223470 
8.669753 
2.490615 
5.566217 
10.553128 
5.378675 
10.911880 
10.345013 
7.450693 
12.036960 
10.779832 
2.702358 
3.023342 
4.518924 
10.091290 
6.113696 
2.168981 
4.654531 
3.903511 
4.978434 
9.021251 
6.522210 
8.838821 
2.228879 
10.108860 
4.499069 
7.320425 
11.341179 
8.951041 
12.464310 
7.213260 
10.884598 
10.655603 
3.412356 
1.600212 
6.940049 
8.902318 
4.801781 
8.253169 
8.952612 
6.162812 
5.656184 
7.156883 
6.680652 
6.778887 
12.437980 
7.880789 
1.724960 
2.296871 
7.541856 
9.344014 
8.360020 
10.641904 
10.218892 
9.792722 
4.776009 
8.510998 
7.411189 
10.549467 
6.294973 
6.437192 
8.061290 
2.035373 
6.183921 
7.477400 
6.649089 
3.879724 
9.313041 
5.275507 
7.139776 
12.510981 
4.440970 
6.864644 
4.132319 
8.814615 
10.347158 
10.331648 
11.717363 
2.570292 
1.189514 
11.556823 
4.875318 
8.056780 
0.916148 
2.937597 
10.141296 
10.601179 
3.877908 
8.998007 
9.359221 
5.686004 
12.080224 
6.166281 
4.408470 
2.282077 
3.752765 
7.621485 
6.900126 
7.407339 
6.484767 
2.632058 
8.951306 
2.315781 
0.589383 
9.232867 
6.634847 
8.648547 
0.810906 
2.534026 
6.457682 
8.100756 
8.340076 
3.417038 
12.497476 
7.032580 
4.340971 
8.788447 
10.711004 
0.949722 
10.277715 
1.475298 
2.751452 
3.761029 
4.549919 
1.778558 
4.413320 
10.412219 
6.738397 
7.436982 
9.500476 
9.294279 
10.015748 
8.648589 
10.189989 
10.513118 
5.831695 
7.197206 
8.016897 
5.517134 
9.686062 
6.925042 
1.854703 
2.675203 
5.961765 
3.065465 
6.862627 
7.908688 
7.854424 
7.167053 
11.669904 
1.807149 
5.906660 
3.372208 
4.125578 
3.860578 
6.876828 
6.256256 
7.725379 
2.908080 
6.559614 
4.377201 
2.232999 
3.063875 
7.574890 
7.188036 
9.825938 
8.307331 
2.042325 
10.645050 
11.039266 
7.223297 
2.844298 
7.323186 
3.108645 
1.942938 
0.688150 
6.924677 
7.564057 
12.919447 
3.234085 
3.913987 
2.939049 
10.728768 
3.407767 
6.907818 
6.088697 
2.256668 
9.906023 
6.744253 
5.666529 
2.064173 
3.225937 
8.979082 
10.746482 
7.040645 
0.904976 
9.204635 
5.199604 
11.047134 
3.391356 
1.883990 
6.977197 
1.344392 
3.507081 
3.351286 
6.388909 
4.450469 
5.602750 
7.758493 
4.857289 
4.147198 
9.736005 
11.689738 
1.962869 
3.719530 
6.431364 
3.881349 
3.612807 
9.887509 
3.245512 
5.175965 
7.918483 
6.459562 
4.964124 
5.296844 
9.134049 
8.808121 
10.237052 
4.648618 
8.770344 
7.013812 
0.830691 
3.586801 
8.482635 
2.129397 
4.424049 
11.226991 
6.003636 
7.835404 
2.085295 
9.659560 
4.171344 
7.784819 
6.607067 
4.537860 
7.172778 
3.939519 
7.094803 
10.437643 
4.489438 
4.953093 
4.143647 
8.715395 
2.935482 
6.727864 
3.685578 
3.431208 
7.544125 
10.342002 
8.871209 
8.794923 
1.932753 
7.878349 
10.300847 
10.020584 
6.667184 
10.944405 
2.347529 
9.545802 
5.843035 
1.875356 
8.682894 
9.266509 
4.874944 
2.590944 
4.826407 
1.504652 
6.954889 
8.420405 
7.292474 
2.700299 
6.097211 
6.159488 
1.861993 
1.710280 
5.942129 
3.385347 
1.752310 
4.391444 
6.468250 
2.207146 
9.320392 
7.682171 
4.074355 
8.787378 
8.468302 
6.654392 
4.498558 
10.125250 
6.771762 
9.652529 
3.953935 
8.472885 
7.891283 
4.433262 
7.721986 
6.304294 
7.949536 
8.787484 
11.164532 
1.956502 
6.310926 
10.610275 
1.437043 
2.450251 
4.054631 
6.280623 
3.691729 
6.304877 
4.401738 
5.478871 
2.906772 
9.992497 
8.333944 
11.990855 
5.646337 
2.585677 
3.623018 
2.478717 
4.827907 
7.576810 
8.163823 
1.379989 
5.444286 
9.138843 
5.740370 
10.614381 
4.799096 
4.905896 
4.514427 
6.139592 
7.553944 
8.336924 
6.602156 
1.897315 
5.824480 
10.375373 
4.954795 
3.577285 
1.668391 
8.269916 
2.469372 
10.547495 
2.049946 
7.604858 
4.452297 
9.947845 
5.232365 
5.431457 
8.499767 
7.454990 
3.011158 
7.862917 
9.538578 
3.423365 
9.287406 
4.199109 
1.441372 
0.694772 
3.146922 
11.520987 
2.291638 
4.724201 
4.561984 
6.219679 
3.732163 
6.296649 
1.425588 
4.861986 
9.398822 
4.050408 
2.721657 
6.729360 
6.589035 
3.411125 
10.420809 
2.417212 
8.293404 
3.990653 
9.358582 
4.570987 
5.355669 
8.207404 
3.033877 
4.268636 
6.619697 
11.342410 
2.069075 
6.143931 
0.669540 
6.882877 
6.012515 
2.410627 
9.699445 
12.655790 
7.006996 
8.626001 
4.660217 
4.971690 
10.938111 
1.114397 
4.005859 
10.261867 
6.670326 
7.034457 
6.558630 
5.037899 
2.345356 
6.085603 
5.801615 
4.354848 
1.432728 
6.723247 
5.928544 
9.764293 
3.571010 
8.274232 
4.910414 
11.436375 
6.622951 
9.844821 
6.977380 
7.125446 
3.590602 
7.488484 
2.646453 
9.823083 
10.377887 
1.614265 
8.884789 
9.551372 
8.156511 
2.682647 
4.441214 
9.871523 
6.605639 
3.802299 
7.115366 
6.657477 
6.748358 
6.569782 
6.917165 
0.957382 
2.109014 
3.071284 
6.357809 
12.006694 
10.135580 
3.325522 
2.230384 
5.574037 
5.940737 
3.151739 
1.658165 
7.854196 
6.926485 
8.080068 
7.728218 
6.990792 
9.765975 
9.483087 
8.017372 
2.978482 
6.021116 
13.283286 
7.760092 
1.746636 
4.852999 
8.833894 
6.843482 
8.204164 
9.441948 
0.404217 
9.199454 
1.928420 
6.040194 
9.260914 
4.504375 
3.090343 
10.286227 
8.865099 
6.845282 
6.911261 
6.328873 
3.092496 
5.802011 
0.619042 
10.037891 
9.560374 
10.237061 
2.947714 
10.900768 
4.745821 
3.848050 
4.600816 
9.406074 
5.326758 
6.506460 
4.239313 
2.295426 
7.731505 
4.787474 
7.986488 
8.672772 
9.391017 
7.906344 
5.447122 
4.303554 
8.512347 
6.986259 
4.259713 
10.128140 
6.089603 
9.008278 
8.554025 
6.297074 
8.391923 
7.630221 
6.957050 
7.480478 
2.256194 
5.341766 
6.553185 
8.578312 
2.249186 
7.178569 
9.185408 
2.616911 
3.651531 
12.207389 
2.127370 
8.944318 
4.706383 
7.997575 
8.717000 
7.799613 
3.362522 
4.100553 
6.733329 
9.534944 
4.823896 
10.306953 
10.565396 
5.120392 
7.888466 
2.205249 
5.044859 
6.373791 
6.041439 
4.179163 
7.947094 
1.331913 
2.334670 
4.216376 
10.561070 
7.608850 
5.395451 
3.541002 
7.287706 
4.711097 
6.578563 
1.904514 
6.245899 
10.577396 
8.553658 
4.202269 
9.839582 
6.542677 
7.472486 
8.871763 
7.338317 
4.840748 
9.975519 
2.040164 
2.927669 
11.554695 
1.871585 
5.399511 
9.287849 
7.299900 
0.748191 
8.313839 
2.593187 
6.316456 
7.776760 
2.204388 
7.047054 
6.123958 
1.853841 
4.204939 
7.642642 
3.273395 
2.291702 
6.002435 
4.909821 
3.003726 
4.890885 
10.229272 
9.937133 
4.185673 
10.456276 
2.875269 
7.864608 
11.307029 
3.170282 
2.669963 
6.496746 
1.910784 
8.856847 
8.705771 
4.239227 
1.790658 
4.062600 
6.745120 
6.088238 
7.401134 
1.930302 
7.385711 
6.932617 
4.071636 
6.863807 
9.465270 
11.053262 
10.197806 
6.982877 
11.059503 
8.769050 
5.865677 
6.919286 
4.259192 
3.242186 
2.335508 
7.395850 
8.479738 
8.340082 
8.959789 
11.037581 
5.008176 
6.843066 
4.256524 
5.554686 
7.664391 
7.294990 
8.255933 
1.147304 
10.373534 
11.122771 
4.076818 
11.641491 
1.821116 
2.820461 
9.473980 
6.928640 
4.589207 
3.798707 
6.926575 
8.973797 
8.738927 
6.850071 
5.943736 
11.080082 
1.943873 
7.498568 
10.983571 
6.544911 
6.118432 
10.110122 
7.322381 
10.024994 
5.515069 
5.276594 
6.646750 
8.091814 
2.134424 
10.355033 
4.689784 
4.383921 
10.358199 
12.248217 
2.570905 
9.752298 
8.422588 
2.552294 
4.076355 
10.664650 
5.460896 
4.777438 
5.673574 
9.638650 
0.924084 
7.267689 
2.117187 
12.171501 
9.916780 
4.267965 
6.782845 
10.895310 
9.521353 
3.500827 
6.777959 
4.456759 
1.704532 
5.796397 
0.560772 
5.979292 
5.638620 
8.388680 
5.549496 
7.087443 
6.812067 
2.099160 
7.259637 
11.195175 
10.991582 
6.746503 
3.632559 
6.512268 
6.182829 
3.129380 
9.141349 
7.836245 
2.591822 
10.954197 
4.647955 
6.705088 
3.394902 
5.634956 
6.623144 
10.926186 
7.178683 
8.252839 
2.483718 
4.217386 
5.964612 
3.728748 
8.851536 
3.326794 
4.949006 
2.882780 
9.466481 
1.433765 
3.531611 
8.651755 
7.982964 
11.703387 
9.682011 
2.233213 
1.007854 
1.569963 
1.777812 
1.303999 
6.114969 
9.850374 
7.891721 
11.476579 
6.925010 
3.672919 
10.188211 
8.941117 
5.454940 
7.442943 
8.135660 
9.899518 
2.154604 
4.998233 
1.309009 
6.216199 
3.053845 
3.351380 
9.918287 
7.288176 
9.584192 
10.532613 
5.614842 
5.513465 
6.433005 
4.661316 
3.785833 
4.755957 
4.745364 
7.035892 
9.962798 
9.846670 
2.152303 
6.992536 
3.220686 
1.759604 
8.249634 
6.581874 
1.750207 
9.516489 
6.618039 
8.335778 
4.718446 
9.031454 
10.876759 
4.500986 
5.556581 
2.365418 
3.573891 
4.099153 
6.998661 
9.046663 
3.218796 
12.193113 
4.046609 
5.802324 
7.336938 
7.060532 
6.531166 
2.178307 
2.931748 
5.549957 
2.132039 
5.114818 
8.406429 
6.868644 
9.084731 
5.170861 
8.248730 
10.143555 
1.976228 
4.398194 
8.707378 
6.736213 
0.558724 
2.999827 
8.816082 
4.126074 
9.710796 
10.592198 
6.779813 
9.022550 
5.345683 
4.370057 
4.617846 
3.251198 
6.742342 
10.964253 
1.651968 
11.549946 
7.862463 
1.184043 
7.599377 
7.113459 
