0.000000 
3.974439 
2.187117 
7.973541 
7.350667 
1.093457 
0.873242 
6.702865 
6.126693 
3.213377 
3.974439 
0.000000 
3.835387 
4.986509 
4.495661 
4.447248 
3.867633 
5.812426 
3.800284 
5.269539 
2.187117 
3.835387 
0.000000 
7.365531 
6.990205 
1.767818 
2.548846 
8.200879 
6.907779 
3.836343 
7.973541 
4.986509 
7.365531 
0.000000 
7.893426 
7.936182 
7.476023 
9.343766 
7.492930 
7.148780 
7.350667 
4.495661 
6.990205 
7.893426 
0.000000 
8.014391 
7.651568 
6.647692 
3.960830 
9.576939 
1.093457 
4.447248 
1.767818 
7.936182 
8.014391 
0.000000 
1.260442 
7.734700 
7.055664 
2.652715 
0.873242 
3.867633 
2.548846 
7.476023 
7.651568 
1.260442 
0.000000 
6.630033 
6.142049 
2.488039 
6.702865 
5.812426 
8.200879 
9.343766 
6.647692 
7.734700 
6.630033 
0.000000 
2.847275 
8.391327 
6.126693 
3.800284 
6.907779 
7.492930 
3.960830 
7.055664 
6.142049 
2.847275 
0.000000 
8.003319 
3.213377 
5.269539 
3.836343 
7.148780 
9.576939 
2.652715 
2.488039 
8.391327 
8.003319 
0.000000 
2.301088 	 0 	 1 	 2 	 527669985280.000000 	 342218014720.000000 	 869888032768.000000 	 3.836343 	 5.269539 
24.373591 	 0 	 1 	 3 	 527669985280.000000 	 342218014720.000000 	 869888032768.000000 	 7.148780 	 5.269539 
49.009063 	 0 	 1 	 4 	 527669985280.000000 	 342218014720.000000 	 869888032768.000000 	 9.576939 	 5.269539 
-2.357946 	 0 	 1 	 5 	 527669985280.000000 	 342218014720.000000 	 869888032768.000000 	 2.652715 	 5.269539 
-2.871466 	 0 	 1 	 6 	 527669985280.000000 	 342218014720.000000 	 869888032768.000000 	 2.488039 	 5.269539 
36.086529 	 0 	 1 	 7 	 527669985280.000000 	 342218014720.000000 	 869888032768.000000 	 8.391327 	 5.269539 
32.227822 	 0 	 1 	 8 	 527669985280.000000 	 342218014720.000000 	 869888032768.000000 	 8.003319 	 5.269539 
-6.626494 	 0 	 1 	 9 	 527669985280.000000 	 342218014720.000000 	 869888032768.000000 	 0.000000 	 5.269539 
14.865643 	 0 	 2 	 1 	 527669985280.000000 	 277805006848.000000 	 805474992128.000000 	 5.269539 	 3.836343 
30.153813 	 0 	 2 	 3 	 527669985280.000000 	 277805006848.000000 	 805474992128.000000 	 7.148780 	 3.836343 
56.759360 	 0 	 2 	 4 	 527669985280.000000 	 277805006848.000000 	 805474992128.000000 	 9.576939 	 3.836343 
1.284582 	 0 	 2 	 5 	 527669985280.000000 	 277805006848.000000 	 805474992128.000000 	 2.652715 	 3.836343 
0.729997 	 0 	 2 	 6 	 527669985280.000000 	 277805006848.000000 	 805474992128.000000 	 2.488039 	 3.836343 
42.803424 	 0 	 2 	 7 	 527669985280.000000 	 277805006848.000000 	 805474992128.000000 	 8.391327 	 3.836343 
38.636139 	 0 	 2 	 8 	 527669985280.000000 	 277805006848.000000 	 805474992128.000000 	 8.003319 	 3.836343 
-3.325318 	 0 	 2 	 9 	 527669985280.000000 	 277805006848.000000 	 805474992128.000000 	 0.000000 	 3.836343 
6.946743 	 0 	 3 	 1 	 527669985280.000000 	 269431996416.000000 	 797101981696.000000 	 5.269539 	 7.148780 
-1.692512 	 0 	 3 	 2 	 527669985280.000000 	 269431996416.000000 	 797101981696.000000 	 3.836343 	 7.148780 
49.280525 	 0 	 3 	 4 	 527669985280.000000 	 269431996416.000000 	 797101981696.000000 	 9.576939 	 7.148780 
-6.776978 	 0 	 3 	 5 	 527669985280.000000 	 269431996416.000000 	 797101981696.000000 	 2.652715 	 7.148780 
-7.337389 	 0 	 3 	 6 	 527669985280.000000 	 269431996416.000000 	 797101981696.000000 	 2.488039 	 7.148780 
35.177991 	 0 	 3 	 7 	 527669985280.000000 	 269431996416.000000 	 797101981696.000000 	 8.391327 	 7.148780 
30.966932 	 0 	 3 	 8 	 527669985280.000000 	 269431996416.000000 	 797101981696.000000 	 8.003319 	 7.148780 
-11.435301 	 0 	 3 	 9 	 527669985280.000000 	 269431996416.000000 	 797101981696.000000 	 0.000000 	 7.148780 
-0.291756 	 0 	 4 	 1 	 527669985280.000000 	 234141007872.000000 	 761810976768.000000 	 5.269539 	 9.576939 
-9.331225 	 0 	 4 	 2 	 527669985280.000000 	 234141007872.000000 	 761810976768.000000 	 3.836343 	 9.576939 
15.872673 	 0 	 4 	 3 	 527669985280.000000 	 234141007872.000000 	 761810976768.000000 	 7.148780 	 9.576939 
-14.651229 	 0 	 4 	 5 	 527669985280.000000 	 234141007872.000000 	 761810976768.000000 	 2.652715 	 9.576939 
-15.237601 	 0 	 4 	 6 	 527669985280.000000 	 234141007872.000000 	 761810976768.000000 	 2.488039 	 9.576939 
29.247310 	 0 	 4 	 7 	 527669985280.000000 	 234141007872.000000 	 761810976768.000000 	 8.391327 	 9.576939 
24.841173 	 0 	 4 	 8 	 527669985280.000000 	 234141007872.000000 	 761810976768.000000 	 8.003319 	 9.576939 
-19.525351 	 0 	 4 	 9 	 527669985280.000000 	 234141007872.000000 	 761810976768.000000 	 0.000000 	 9.576939 
18.009696 	 0 	 5 	 1 	 527669985280.000000 	 224395001856.000000 	 752064987136.000000 	 5.269539 	 2.652715 
8.853084 	 0 	 5 	 2 	 527669985280.000000 	 224395001856.000000 	 752064987136.000000 	 3.836343 	 2.652715 
34.383599 	 0 	 5 	 3 	 527669985280.000000 	 224395001856.000000 	 752064987136.000000 	 7.148780 	 2.652715 
62.878613 	 0 	 5 	 4 	 527669985280.000000 	 224395001856.000000 	 752064987136.000000 	 9.576939 	 2.652715 
2.870167 	 0 	 5 	 6 	 527669985280.000000 	 224395001856.000000 	 752064987136.000000 	 2.488039 	 2.652715 
47.931557 	 0 	 5 	 7 	 527669985280.000000 	 224395001856.000000 	 752064987136.000000 	 8.391327 	 2.652715 
43.468321 	 0 	 5 	 8 	 527669985280.000000 	 224395001856.000000 	 752064987136.000000 	 8.003319 	 2.652715 
-1.473147 	 0 	 5 	 9 	 527669985280.000000 	 224395001856.000000 	 752064987136.000000 	 0.000000 	 2.652715 
19.406760 	 0 	 6 	 1 	 527669985280.000000 	 183852007424.000000 	 711521992704.000000 	 5.269539 	 2.488039 
9.728398 	 0 	 6 	 2 	 527669985280.000000 	 183852007424.000000 	 711521992704.000000 	 3.836343 	 2.488039 
36.713658 	 0 	 6 	 3 	 527669985280.000000 	 183852007424.000000 	 711521992704.000000 	 7.148780 	 2.488039 
66.832338 	 0 	 6 	 4 	 527669985280.000000 	 183852007424.000000 	 711521992704.000000 	 9.576939 	 2.488039 
4.032386 	 0 	 6 	 5 	 527669985280.000000 	 183852007424.000000 	 711521992704.000000 	 2.652715 	 2.488039 
51.033588 	 0 	 6 	 7 	 527669985280.000000 	 183852007424.000000 	 711521992704.000000 	 8.391327 	 2.488039 
46.316034 	 0 	 6 	 8 	 527669985280.000000 	 183852007424.000000 	 711521992704.000000 	 8.003319 	 2.488039 
-1.186228 	 0 	 6 	 9 	 527669985280.000000 	 183852007424.000000 	 711521992704.000000 	 0.000000 	 2.488039 
7.636302 	 0 	 7 	 1 	 527669985280.000000 	 175697002496.000000 	 703366955008.000000 	 5.269539 	 8.391327 
-2.154274 	 0 	 7 	 2 	 527669985280.000000 	 175697002496.000000 	 703366955008.000000 	 3.836343 	 8.391327 
25.143861 	 0 	 7 	 3 	 527669985280.000000 	 175697002496.000000 	 703366955008.000000 	 7.148780 	 8.391327 
55.611745 	 0 	 7 	 4 	 527669985280.000000 	 175697002496.000000 	 703366955008.000000 	 9.576939 	 8.391327 
-7.916327 	 0 	 7 	 5 	 527669985280.000000 	 175697002496.000000 	 703366955008.000000 	 2.652715 	 8.391327 
-8.551422 	 0 	 7 	 6 	 527669985280.000000 	 175697002496.000000 	 703366955008.000000 	 2.488039 	 8.391327 
34.857570 	 0 	 7 	 8 	 527669985280.000000 	 175697002496.000000 	 703366955008.000000 	 8.003319 	 8.391327 
-13.195448 	 0 	 7 	 9 	 527669985280.000000 	 175697002496.000000 	 703366955008.000000 	 0.000000 	 8.391327 
9.104621 	 0 	 8 	 1 	 527669985280.000000 	 171414994944.000000 	 699084963840.000000 	 5.269539 	 8.003319 
-0.745923 	 0 	 8 	 2 	 527669985280.000000 	 171414994944.000000 	 699084963840.000000 	 3.836343 	 8.003319 
26.719417 	 0 	 8 	 3 	 527669985280.000000 	 171414994944.000000 	 699084963840.000000 	 7.148780 	 8.003319 
57.373921 	 0 	 8 	 4 	 527669985280.000000 	 171414994944.000000 	 699084963840.000000 	 9.576939 	 8.003319 
-6.543269 	 0 	 8 	 5 	 527669985280.000000 	 171414994944.000000 	 699084963840.000000 	 2.652715 	 8.003319 
-7.182254 	 0 	 8 	 6 	 527669985280.000000 	 171414994944.000000 	 699084963840.000000 	 2.488039 	 8.003319 
41.294105 	 0 	 8 	 7 	 527669985280.000000 	 171414994944.000000 	 699084963840.000000 	 8.391327 	 8.003319 
-11.854726 	 0 	 8 	 9 	 527669985280.000000 	 171414994944.000000 	 699084963840.000000 	 0.000000 	 8.003319 
20.977769 	 0 	 9 	 1 	 527669985280.000000 	 170801004544.000000 	 698471022592.000000 	 5.269539 	 0.000000 
11.118567 	 0 	 9 	 2 	 527669985280.000000 	 170801004544.000000 	 698471022592.000000 	 3.836343 	 0.000000 
38.608048 	 0 	 9 	 3 	 527669985280.000000 	 170801004544.000000 	 698471022592.000000 	 7.148780 	 0.000000 
69.289497 	 0 	 9 	 4 	 527669985280.000000 	 170801004544.000000 	 698471022592.000000 	 9.576939 	 0.000000 
5.316125 	 0 	 9 	 5 	 527669985280.000000 	 170801004544.000000 	 698471022592.000000 	 2.652715 	 0.000000 
4.676578 	 0 	 9 	 6 	 527669985280.000000 	 170801004544.000000 	 698471022592.000000 	 2.488039 	 0.000000 
53.195547 	 0 	 9 	 7 	 527669985280.000000 	 170801004544.000000 	 698471022592.000000 	 8.391327 	 0.000000 
48.389845 	 0 	 9 	 8 	 527669985280.000000 	 170801004544.000000 	 698471022592.000000 	 8.003319 	 0.000000 
8.927582 	 1 	 0 	 2 	 342218014720.000000 	 527669985280.000000 	 869888032768.000000 	 0.000000 	 0.000000 
31.000085 	 1 	 0 	 3 	 342218014720.000000 	 527669985280.000000 	 869888032768.000000 	 0.000000 	 0.000000 
55.635557 	 1 	 0 	 4 	 342218014720.000000 	 527669985280.000000 	 869888032768.000000 	 0.000000 	 0.000000 
4.268548 	 1 	 0 	 5 	 342218014720.000000 	 527669985280.000000 	 869888032768.000000 	 0.000000 	 0.000000 
3.755029 	 1 	 0 	 6 	 342218014720.000000 	 527669985280.000000 	 869888032768.000000 	 0.000000 	 0.000000 
42.713024 	 1 	 0 	 7 	 342218014720.000000 	 527669985280.000000 	 869888032768.000000 	 0.000000 	 0.000000 
38.854316 	 1 	 0 	 8 	 342218014720.000000 	 527669985280.000000 	 869888032768.000000 	 0.000000 	 0.000000 
0.000000 	 1 	 0 	 9 	 342218014720.000000 	 527669985280.000000 	 869888032768.000000 	 0.000000 	 0.000000 
0.000000 	 1 	 2 	 0 	 342218014720.000000 	 277805006848.000000 	 620022988800.000000 	 0.000000 	 0.000000 
0.000000 	 1 	 2 	 3 	 342218014720.000000 	 277805006848.000000 	 620022988800.000000 	 0.000000 	 0.000000 
0.000000 	 1 	 2 	 4 	 342218014720.000000 	 277805006848.000000 	 620022988800.000000 	 0.000000 	 0.000000 
0.000000 	 1 	 2 	 5 	 342218014720.000000 	 277805006848.000000 	 620022988800.000000 	 0.000000 	 0.000000 
0.000000 	 1 	 2 	 6 	 342218014720.000000 	 277805006848.000000 	 620022988800.000000 	 0.000000 	 0.000000 
0.000000 	 1 	 2 	 7 	 342218014720.000000 	 277805006848.000000 	 620022988800.000000 	 0.000000 	 0.000000 
0.000000 	 1 	 2 	 8 	 342218014720.000000 	 277805006848.000000 	 620022988800.000000 	 0.000000 	 0.000000 
0.000000 	 1 	 2 	 9 	 342218014720.000000 	 277805006848.000000 	 620022988800.000000 	 0.000000 	 0.000000 
0.000000 	 1 	 3 	 0 	 342218014720.000000 	 269431996416.000000 	 611649978368.000000 	 0.000000 	 0.000000 
0.000000 	 1 	 3 	 2 	 342218014720.000000 	 269431996416.000000 	 611649978368.000000 	 0.000000 	 0.000000 
0.000000 	 1 	 3 	 4 	 342218014720.000000 	 269431996416.000000 	 611649978368.000000 	 0.000000 	 0.000000 
0.000000 	 1 	 3 	 5 	 342218014720.000000 	 269431996416.000000 	 611649978368.000000 	 0.000000 	 0.000000 
0.000000 	 1 	 3 	 6 	 342218014720.000000 	 269431996416.000000 	 611649978368.000000 	 0.000000 	 0.000000 
0.000000 	 1 	 3 	 7 	 342218014720.000000 	 269431996416.000000 	 611649978368.000000 	 0.000000 	 0.000000 
0.000000 	 1 	 3 	 8 	 342218014720.000000 	 269431996416.000000 	 611649978368.000000 	 0.000000 	 0.000000 
0.000000 	 1 	 3 	 9 	 342218014720.000000 	 269431996416.000000 	 611649978368.000000 	 0.000000 	 0.000000 
0.000000 	 1 	 4 	 0 	 342218014720.000000 	 234141007872.000000 	 576359038976.000000 	 0.000000 	 0.000000 
0.000000 	 1 	 4 	 2 	 342218014720.000000 	 234141007872.000000 	 576359038976.000000 	 0.000000 	 0.000000 
0.000000 	 1 	 4 	 3 	 342218014720.000000 	 234141007872.000000 	 576359038976.000000 	 0.000000 	 0.000000 
0.000000 	 1 	 4 	 5 	 342218014720.000000 	 234141007872.000000 	 576359038976.000000 	 0.000000 	 0.000000 
0.000000 	 1 	 4 	 6 	 342218014720.000000 	 234141007872.000000 	 576359038976.000000 	 0.000000 	 0.000000 
0.000000 	 1 	 4 	 7 	 342218014720.000000 	 234141007872.000000 	 576359038976.000000 	 0.000000 	 0.000000 
0.000000 	 1 	 4 	 8 	 342218014720.000000 	 234141007872.000000 	 576359038976.000000 	 0.000000 	 0.000000 
0.000000 	 1 	 4 	 9 	 342218014720.000000 	 234141007872.000000 	 576359038976.000000 	 0.000000 	 0.000000 
0.000000 	 1 	 5 	 0 	 342218014720.000000 	 224395001856.000000 	 566612983808.000000 	 0.000000 	 0.000000 
0.000000 	 1 	 5 	 2 	 342218014720.000000 	 224395001856.000000 	 566612983808.000000 	 0.000000 	 0.000000 
0.000000 	 1 	 5 	 3 	 342218014720.000000 	 224395001856.000000 	 566612983808.000000 	 0.000000 	 0.000000 
0.000000 	 1 	 5 	 4 	 342218014720.000000 	 224395001856.000000 	 566612983808.000000 	 0.000000 	 0.000000 
0.000000 	 1 	 5 	 6 	 342218014720.000000 	 224395001856.000000 	 566612983808.000000 	 0.000000 	 0.000000 
0.000000 	 1 	 5 	 7 	 342218014720.000000 	 224395001856.000000 	 566612983808.000000 	 0.000000 	 0.000000 
0.000000 	 1 	 5 	 8 	 342218014720.000000 	 224395001856.000000 	 566612983808.000000 	 0.000000 	 0.000000 
0.000000 	 1 	 5 	 9 	 342218014720.000000 	 224395001856.000000 	 566612983808.000000 	 0.000000 	 0.000000 
0.000000 	 1 	 6 	 0 	 342218014720.000000 	 183852007424.000000 	 526070022144.000000 	 0.000000 	 0.000000 
0.000000 	 1 	 6 	 2 	 342218014720.000000 	 183852007424.000000 	 526070022144.000000 	 0.000000 	 0.000000 
0.000000 	 1 	 6 	 3 	 342218014720.000000 	 183852007424.000000 	 526070022144.000000 	 0.000000 	 0.000000 
0.000000 	 1 	 6 	 4 	 342218014720.000000 	 183852007424.000000 	 526070022144.000000 	 0.000000 	 0.000000 
0.000000 	 1 	 6 	 5 	 342218014720.000000 	 183852007424.000000 	 526070022144.000000 	 0.000000 	 0.000000 
0.000000 	 1 	 6 	 7 	 342218014720.000000 	 183852007424.000000 	 526070022144.000000 	 0.000000 	 0.000000 
0.000000 	 1 	 6 	 8 	 342218014720.000000 	 183852007424.000000 	 526070022144.000000 	 0.000000 	 0.000000 
0.000000 	 1 	 6 	 9 	 342218014720.000000 	 183852007424.000000 	 526070022144.000000 	 0.000000 	 0.000000 
0.000000 	 1 	 7 	 0 	 342218014720.000000 	 175697002496.000000 	 517915017216.000000 	 0.000000 	 0.000000 
0.000000 	 1 	 7 	 2 	 342218014720.000000 	 175697002496.000000 	 517915017216.000000 	 0.000000 	 0.000000 
0.000000 	 1 	 7 	 3 	 342218014720.000000 	 175697002496.000000 	 517915017216.000000 	 0.000000 	 0.000000 
0.000000 	 1 	 7 	 4 	 342218014720.000000 	 175697002496.000000 	 517915017216.000000 	 0.000000 	 0.000000 
0.000000 	 1 	 7 	 5 	 342218014720.000000 	 175697002496.000000 	 517915017216.000000 	 0.000000 	 0.000000 
0.000000 	 1 	 7 	 6 	 342218014720.000000 	 175697002496.000000 	 517915017216.000000 	 0.000000 	 0.000000 
0.000000 	 1 	 7 	 8 	 342218014720.000000 	 175697002496.000000 	 517915017216.000000 	 0.000000 	 0.000000 
0.000000 	 1 	 7 	 9 	 342218014720.000000 	 175697002496.000000 	 517915017216.000000 	 0.000000 	 0.000000 
0.000000 	 1 	 8 	 0 	 342218014720.000000 	 171414994944.000000 	 513633026048.000000 	 0.000000 	 0.000000 
0.000000 	 1 	 8 	 2 	 342218014720.000000 	 171414994944.000000 	 513633026048.000000 	 0.000000 	 0.000000 
0.000000 	 1 	 8 	 3 	 342218014720.000000 	 171414994944.000000 	 513633026048.000000 	 0.000000 	 0.000000 
0.000000 	 1 	 8 	 4 	 342218014720.000000 	 171414994944.000000 	 513633026048.000000 	 0.000000 	 0.000000 
0.000000 	 1 	 8 	 5 	 342218014720.000000 	 171414994944.000000 	 513633026048.000000 	 0.000000 	 0.000000 
0.000000 	 1 	 8 	 6 	 342218014720.000000 	 171414994944.000000 	 513633026048.000000 	 0.000000 	 0.000000 
0.000000 	 1 	 8 	 7 	 342218014720.000000 	 171414994944.000000 	 513633026048.000000 	 0.000000 	 0.000000 
0.000000 	 1 	 8 	 9 	 342218014720.000000 	 171414994944.000000 	 513633026048.000000 	 0.000000 	 0.000000 
0.000000 	 1 	 9 	 0 	 342218014720.000000 	 170801004544.000000 	 513019019264.000000 	 0.000000 	 0.000000 
0.000000 	 1 	 9 	 2 	 342218014720.000000 	 170801004544.000000 	 513019019264.000000 	 0.000000 	 0.000000 
0.000000 	 1 	 9 	 3 	 342218014720.000000 	 170801004544.000000 	 513019019264.000000 	 0.000000 	 0.000000 
0.000000 	 1 	 9 	 4 	 342218014720.000000 	 170801004544.000000 	 513019019264.000000 	 0.000000 	 0.000000 
0.000000 	 1 	 9 	 5 	 342218014720.000000 	 170801004544.000000 	 513019019264.000000 	 0.000000 	 0.000000 
0.000000 	 1 	 9 	 6 	 342218014720.000000 	 170801004544.000000 	 513019019264.000000 	 0.000000 	 0.000000 
0.000000 	 1 	 9 	 7 	 342218014720.000000 	 170801004544.000000 	 513019019264.000000 	 0.000000 	 0.000000 
0.000000 	 1 	 9 	 8 	 342218014720.000000 	 170801004544.000000 	 513019019264.000000 	 0.000000 	 0.000000 
18.190961 	 2 	 0 	 1 	 277805006848.000000 	 527669985280.000000 	 805474992128.000000 	 0.000000 	 0.000000 
33.479131 	 2 	 0 	 3 	 277805006848.000000 	 527669985280.000000 	 805474992128.000000 	 0.000000 	 0.000000 
60.084678 	 2 	 0 	 4 	 277805006848.000000 	 527669985280.000000 	 805474992128.000000 	 0.000000 	 0.000000 
4.609900 	 2 	 0 	 5 	 277805006848.000000 	 527669985280.000000 	 805474992128.000000 	 0.000000 	 0.000000 
4.055314 	 2 	 0 	 6 	 277805006848.000000 	 527669985280.000000 	 805474992128.000000 	 0.000000 	 0.000000 
46.128742 	 2 	 0 	 7 	 277805006848.000000 	 527669985280.000000 	 805474992128.000000 	 0.000000 	 0.000000 
41.961457 	 2 	 0 	 8 	 277805006848.000000 	 527669985280.000000 	 805474992128.000000 	 0.000000 	 0.000000 
0.000000 	 2 	 0 	 9 	 277805006848.000000 	 527669985280.000000 	 805474992128.000000 	 0.000000 	 0.000000 
0.000000 	 2 	 1 	 0 	 277805006848.000000 	 342218014720.000000 	 620022988800.000000 	 0.000000 	 0.000000 
0.000000 	 2 	 1 	 3 	 277805006848.000000 	 342218014720.000000 	 620022988800.000000 	 0.000000 	 0.000000 
0.000000 	 2 	 1 	 4 	 277805006848.000000 	 342218014720.000000 	 620022988800.000000 	 0.000000 	 0.000000 
0.000000 	 2 	 1 	 5 	 277805006848.000000 	 342218014720.000000 	 620022988800.000000 	 0.000000 	 0.000000 
0.000000 	 2 	 1 	 6 	 277805006848.000000 	 342218014720.000000 	 620022988800.000000 	 0.000000 	 0.000000 
0.000000 	 2 	 1 	 7 	 277805006848.000000 	 342218014720.000000 	 620022988800.000000 	 0.000000 	 0.000000 
0.000000 	 2 	 1 	 8 	 277805006848.000000 	 342218014720.000000 	 620022988800.000000 	 0.000000 	 0.000000 
0.000000 	 2 	 1 	 9 	 277805006848.000000 	 342218014720.000000 	 620022988800.000000 	 0.000000 	 0.000000 
0.000000 	 2 	 3 	 0 	 277805006848.000000 	 269431996416.000000 	 547237003264.000000 	 0.000000 	 0.000000 
0.000000 	 2 	 3 	 1 	 277805006848.000000 	 269431996416.000000 	 547237003264.000000 	 0.000000 	 0.000000 
0.000000 	 2 	 3 	 4 	 277805006848.000000 	 269431996416.000000 	 547237003264.000000 	 0.000000 	 0.000000 
0.000000 	 2 	 3 	 5 	 277805006848.000000 	 269431996416.000000 	 547237003264.000000 	 0.000000 	 0.000000 
0.000000 	 2 	 3 	 6 	 277805006848.000000 	 269431996416.000000 	 547237003264.000000 	 0.000000 	 0.000000 
0.000000 	 2 	 3 	 7 	 277805006848.000000 	 269431996416.000000 	 547237003264.000000 	 0.000000 	 0.000000 
0.000000 	 2 	 3 	 8 	 277805006848.000000 	 269431996416.000000 	 547237003264.000000 	 0.000000 	 0.000000 
0.000000 	 2 	 3 	 9 	 277805006848.000000 	 269431996416.000000 	 547237003264.000000 	 0.000000 	 0.000000 
0.000000 	 2 	 4 	 0 	 277805006848.000000 	 234141007872.000000 	 511945998336.000000 	 0.000000 	 0.000000 
0.000000 	 2 	 4 	 1 	 277805006848.000000 	 234141007872.000000 	 511945998336.000000 	 0.000000 	 0.000000 
0.000000 	 2 	 4 	 3 	 277805006848.000000 	 234141007872.000000 	 511945998336.000000 	 0.000000 	 0.000000 
0.000000 	 2 	 4 	 5 	 277805006848.000000 	 234141007872.000000 	 511945998336.000000 	 0.000000 	 0.000000 
0.000000 	 2 	 4 	 6 	 277805006848.000000 	 234141007872.000000 	 511945998336.000000 	 0.000000 	 0.000000 
0.000000 	 2 	 4 	 7 	 277805006848.000000 	 234141007872.000000 	 511945998336.000000 	 0.000000 	 0.000000 
0.000000 	 2 	 4 	 8 	 277805006848.000000 	 234141007872.000000 	 511945998336.000000 	 0.000000 	 0.000000 
0.000000 	 2 	 4 	 9 	 277805006848.000000 	 234141007872.000000 	 511945998336.000000 	 0.000000 	 0.000000 
0.000000 	 2 	 5 	 0 	 277805006848.000000 	 224395001856.000000 	 502200008704.000000 	 0.000000 	 0.000000 
0.000000 	 2 	 5 	 1 	 277805006848.000000 	 224395001856.000000 	 502200008704.000000 	 0.000000 	 0.000000 
0.000000 	 2 	 5 	 3 	 277805006848.000000 	 224395001856.000000 	 502200008704.000000 	 0.000000 	 0.000000 
0.000000 	 2 	 5 	 4 	 277805006848.000000 	 224395001856.000000 	 502200008704.000000 	 0.000000 	 0.000000 
0.000000 	 2 	 5 	 6 	 277805006848.000000 	 224395001856.000000 	 502200008704.000000 	 0.000000 	 0.000000 
0.000000 	 2 	 5 	 7 	 277805006848.000000 	 224395001856.000000 	 502200008704.000000 	 0.000000 	 0.000000 
0.000000 	 2 	 5 	 8 	 277805006848.000000 	 224395001856.000000 	 502200008704.000000 	 0.000000 	 0.000000 
0.000000 	 2 	 5 	 9 	 277805006848.000000 	 224395001856.000000 	 502200008704.000000 	 0.000000 	 0.000000 
0.000000 	 2 	 6 	 0 	 277805006848.000000 	 183852007424.000000 	 461657014272.000000 	 0.000000 	 0.000000 
0.000000 	 2 	 6 	 1 	 277805006848.000000 	 183852007424.000000 	 461657014272.000000 	 0.000000 	 0.000000 
0.000000 	 2 	 6 	 3 	 277805006848.000000 	 183852007424.000000 	 461657014272.000000 	 0.000000 	 0.000000 
0.000000 	 2 	 6 	 4 	 277805006848.000000 	 183852007424.000000 	 461657014272.000000 	 0.000000 	 0.000000 
0.000000 	 2 	 6 	 5 	 277805006848.000000 	 183852007424.000000 	 461657014272.000000 	 0.000000 	 0.000000 
0.000000 	 2 	 6 	 7 	 277805006848.000000 	 183852007424.000000 	 461657014272.000000 	 0.000000 	 0.000000 
0.000000 	 2 	 6 	 8 	 277805006848.000000 	 183852007424.000000 	 461657014272.000000 	 0.000000 	 0.000000 
0.000000 	 2 	 6 	 9 	 277805006848.000000 	 183852007424.000000 	 461657014272.000000 	 0.000000 	 0.000000 
0.000000 	 2 	 7 	 0 	 277805006848.000000 	 175697002496.000000 	 453502009344.000000 	 0.000000 	 0.000000 
0.000000 	 2 	 7 	 1 	 277805006848.000000 	 175697002496.000000 	 453502009344.000000 	 0.000000 	 0.000000 
0.000000 	 2 	 7 	 3 	 277805006848.000000 	 175697002496.000000 	 453502009344.000000 	 0.000000 	 0.000000 
0.000000 	 2 	 7 	 4 	 277805006848.000000 	 175697002496.000000 	 453502009344.000000 	 0.000000 	 0.000000 
0.000000 	 2 	 7 	 5 	 277805006848.000000 	 175697002496.000000 	 453502009344.000000 	 0.000000 	 0.000000 
0.000000 	 2 	 7 	 6 	 277805006848.000000 	 175697002496.000000 	 453502009344.000000 	 0.000000 	 0.000000 
0.000000 	 2 	 7 	 8 	 277805006848.000000 	 175697002496.000000 	 453502009344.000000 	 0.000000 	 0.000000 
0.000000 	 2 	 7 	 9 	 277805006848.000000 	 175697002496.000000 	 453502009344.000000 	 0.000000 	 0.000000 
0.000000 	 2 	 8 	 0 	 277805006848.000000 	 171414994944.000000 	 449219985408.000000 	 0.000000 	 0.000000 
0.000000 	 2 	 8 	 1 	 277805006848.000000 	 171414994944.000000 	 449219985408.000000 	 0.000000 	 0.000000 
0.000000 	 2 	 8 	 3 	 277805006848.000000 	 171414994944.000000 	 449219985408.000000 	 0.000000 	 0.000000 
0.000000 	 2 	 8 	 4 	 277805006848.000000 	 171414994944.000000 	 449219985408.000000 	 0.000000 	 0.000000 
0.000000 	 2 	 8 	 5 	 277805006848.000000 	 171414994944.000000 	 449219985408.000000 	 0.000000 	 0.000000 
0.000000 	 2 	 8 	 6 	 277805006848.000000 	 171414994944.000000 	 449219985408.000000 	 0.000000 	 0.000000 
0.000000 	 2 	 8 	 7 	 277805006848.000000 	 171414994944.000000 	 449219985408.000000 	 0.000000 	 0.000000 
0.000000 	 2 	 8 	 9 	 277805006848.000000 	 171414994944.000000 	 449219985408.000000 	 0.000000 	 0.000000 
0.000000 	 2 	 9 	 0 	 277805006848.000000 	 170801004544.000000 	 448606011392.000000 	 0.000000 	 0.000000 
0.000000 	 2 	 9 	 1 	 277805006848.000000 	 170801004544.000000 	 448606011392.000000 	 0.000000 	 0.000000 
0.000000 	 2 	 9 	 3 	 277805006848.000000 	 170801004544.000000 	 448606011392.000000 	 0.000000 	 0.000000 
0.000000 	 2 	 9 	 4 	 277805006848.000000 	 170801004544.000000 	 448606011392.000000 	 0.000000 	 0.000000 
0.000000 	 2 	 9 	 5 	 277805006848.000000 	 170801004544.000000 	 448606011392.000000 	 0.000000 	 0.000000 
0.000000 	 2 	 9 	 6 	 277805006848.000000 	 170801004544.000000 	 448606011392.000000 	 0.000000 	 0.000000 
0.000000 	 2 	 9 	 7 	 277805006848.000000 	 170801004544.000000 	 448606011392.000000 	 0.000000 	 0.000000 
0.000000 	 2 	 9 	 8 	 277805006848.000000 	 170801004544.000000 	 448606011392.000000 	 0.000000 	 0.000000 
18.382044 	 3 	 0 	 1 	 269431996416.000000 	 527669985280.000000 	 797101981696.000000 	 0.000000 	 0.000000 
9.742789 	 3 	 0 	 2 	 269431996416.000000 	 527669985280.000000 	 797101981696.000000 	 0.000000 	 0.000000 
60.715827 	 3 	 0 	 4 	 269431996416.000000 	 527669985280.000000 	 797101981696.000000 	 0.000000 	 0.000000 
4.658324 	 3 	 0 	 5 	 269431996416.000000 	 527669985280.000000 	 797101981696.000000 	 0.000000 	 0.000000 
4.097913 	 3 	 0 	 6 	 269431996416.000000 	 527669985280.000000 	 797101981696.000000 	 0.000000 	 0.000000 
46.613293 	 3 	 0 	 7 	 269431996416.000000 	 527669985280.000000 	 797101981696.000000 	 0.000000 	 0.000000 
42.402234 	 3 	 0 	 8 	 269431996416.000000 	 527669985280.000000 	 797101981696.000000 	 0.000000 	 0.000000 
0.000000 	 3 	 0 	 9 	 269431996416.000000 	 527669985280.000000 	 797101981696.000000 	 0.000000 	 0.000000 
0.000000 	 3 	 1 	 0 	 269431996416.000000 	 342218014720.000000 	 611649978368.000000 	 0.000000 	 0.000000 
0.000000 	 3 	 1 	 2 	 269431996416.000000 	 342218014720.000000 	 611649978368.000000 	 0.000000 	 0.000000 
0.000000 	 3 	 1 	 4 	 269431996416.000000 	 342218014720.000000 	 611649978368.000000 	 0.000000 	 0.000000 
0.000000 	 3 	 1 	 5 	 269431996416.000000 	 342218014720.000000 	 611649978368.000000 	 0.000000 	 0.000000 
0.000000 	 3 	 1 	 6 	 269431996416.000000 	 342218014720.000000 	 611649978368.000000 	 0.000000 	 0.000000 
0.000000 	 3 	 1 	 7 	 269431996416.000000 	 342218014720.000000 	 611649978368.000000 	 0.000000 	 0.000000 
0.000000 	 3 	 1 	 8 	 269431996416.000000 	 342218014720.000000 	 611649978368.000000 	 0.000000 	 0.000000 
0.000000 	 3 	 1 	 9 	 269431996416.000000 	 342218014720.000000 	 611649978368.000000 	 0.000000 	 0.000000 
0.000000 	 3 	 2 	 0 	 269431996416.000000 	 277805006848.000000 	 547237003264.000000 	 0.000000 	 0.000000 
0.000000 	 3 	 2 	 1 	 269431996416.000000 	 277805006848.000000 	 547237003264.000000 	 0.000000 	 0.000000 
0.000000 	 3 	 2 	 4 	 269431996416.000000 	 277805006848.000000 	 547237003264.000000 	 0.000000 	 0.000000 
0.000000 	 3 	 2 	 5 	 269431996416.000000 	 277805006848.000000 	 547237003264.000000 	 0.000000 	 0.000000 
0.000000 	 3 	 2 	 6 	 269431996416.000000 	 277805006848.000000 	 547237003264.000000 	 0.000000 	 0.000000 
0.000000 	 3 	 2 	 7 	 269431996416.000000 	 277805006848.000000 	 547237003264.000000 	 0.000000 	 0.000000 
0.000000 	 3 	 2 	 8 	 269431996416.000000 	 277805006848.000000 	 547237003264.000000 	 0.000000 	 0.000000 
0.000000 	 3 	 2 	 9 	 269431996416.000000 	 277805006848.000000 	 547237003264.000000 	 0.000000 	 0.000000 
0.000000 	 3 	 4 	 0 	 269431996416.000000 	 234141007872.000000 	 503572987904.000000 	 0.000000 	 0.000000 
0.000000 	 3 	 4 	 1 	 269431996416.000000 	 234141007872.000000 	 503572987904.000000 	 0.000000 	 0.000000 
0.000000 	 3 	 4 	 2 	 269431996416.000000 	 234141007872.000000 	 503572987904.000000 	 0.000000 	 0.000000 
0.000000 	 3 	 4 	 5 	 269431996416.000000 	 234141007872.000000 	 503572987904.000000 	 0.000000 	 0.000000 
0.000000 	 3 	 4 	 6 	 269431996416.000000 	 234141007872.000000 	 503572987904.000000 	 0.000000 	 0.000000 
0.000000 	 3 	 4 	 7 	 269431996416.000000 	 234141007872.000000 	 503572987904.000000 	 0.000000 	 0.000000 
0.000000 	 3 	 4 	 8 	 269431996416.000000 	 234141007872.000000 	 503572987904.000000 	 0.000000 	 0.000000 
0.000000 	 3 	 4 	 9 	 269431996416.000000 	 234141007872.000000 	 503572987904.000000 	 0.000000 	 0.000000 
0.000000 	 3 	 5 	 0 	 269431996416.000000 	 224395001856.000000 	 493826998272.000000 	 0.000000 	 0.000000 
0.000000 	 3 	 5 	 1 	 269431996416.000000 	 224395001856.000000 	 493826998272.000000 	 0.000000 	 0.000000 
0.000000 	 3 	 5 	 2 	 269431996416.000000 	 224395001856.000000 	 493826998272.000000 	 0.000000 	 0.000000 
0.000000 	 3 	 5 	 4 	 269431996416.000000 	 224395001856.000000 	 493826998272.000000 	 0.000000 	 0.000000 
0.000000 	 3 	 5 	 6 	 269431996416.000000 	 224395001856.000000 	 493826998272.000000 	 0.000000 	 0.000000 
0.000000 	 3 	 5 	 7 	 269431996416.000000 	 224395001856.000000 	 493826998272.000000 	 0.000000 	 0.000000 
0.000000 	 3 	 5 	 8 	 269431996416.000000 	 224395001856.000000 	 493826998272.000000 	 0.000000 	 0.000000 
0.000000 	 3 	 5 	 9 	 269431996416.000000 	 224395001856.000000 	 493826998272.000000 	 0.000000 	 0.000000 
0.000000 	 3 	 6 	 0 	 269431996416.000000 	 183852007424.000000 	 453284003840.000000 	 0.000000 	 0.000000 
0.000000 	 3 	 6 	 1 	 269431996416.000000 	 183852007424.000000 	 453284003840.000000 	 0.000000 	 0.000000 
0.000000 	 3 	 6 	 2 	 269431996416.000000 	 183852007424.000000 	 453284003840.000000 	 0.000000 	 0.000000 
0.000000 	 3 	 6 	 4 	 269431996416.000000 	 183852007424.000000 	 453284003840.000000 	 0.000000 	 0.000000 
0.000000 	 3 	 6 	 5 	 269431996416.000000 	 183852007424.000000 	 453284003840.000000 	 0.000000 	 0.000000 
0.000000 	 3 	 6 	 7 	 269431996416.000000 	 183852007424.000000 	 453284003840.000000 	 0.000000 	 0.000000 
0.000000 	 3 	 6 	 8 	 269431996416.000000 	 183852007424.000000 	 453284003840.000000 	 0.000000 	 0.000000 
0.000000 	 3 	 6 	 9 	 269431996416.000000 	 183852007424.000000 	 453284003840.000000 	 0.000000 	 0.000000 
0.000000 	 3 	 7 	 0 	 269431996416.000000 	 175697002496.000000 	 445128998912.000000 	 0.000000 	 0.000000 
0.000000 	 3 	 7 	 1 	 269431996416.000000 	 175697002496.000000 	 445128998912.000000 	 0.000000 	 0.000000 
0.000000 	 3 	 7 	 2 	 269431996416.000000 	 175697002496.000000 	 445128998912.000000 	 0.000000 	 0.000000 
0.000000 	 3 	 7 	 4 	 269431996416.000000 	 175697002496.000000 	 445128998912.000000 	 0.000000 	 0.000000 
0.000000 	 3 	 7 	 5 	 269431996416.000000 	 175697002496.000000 	 445128998912.000000 	 0.000000 	 0.000000 
0.000000 	 3 	 7 	 6 	 269431996416.000000 	 175697002496.000000 	 445128998912.000000 	 0.000000 	 0.000000 
0.000000 	 3 	 7 	 8 	 269431996416.000000 	 175697002496.000000 	 445128998912.000000 	 0.000000 	 0.000000 
0.000000 	 3 	 7 	 9 	 269431996416.000000 	 175697002496.000000 	 445128998912.000000 	 0.000000 	 0.000000 
0.000000 	 3 	 8 	 0 	 269431996416.000000 	 171414994944.000000 	 440846974976.000000 	 0.000000 	 0.000000 
0.000000 	 3 	 8 	 1 	 269431996416.000000 	 171414994944.000000 	 440846974976.000000 	 0.000000 	 0.000000 
0.000000 	 3 	 8 	 2 	 269431996416.000000 	 171414994944.000000 	 440846974976.000000 	 0.000000 	 0.000000 
0.000000 	 3 	 8 	 4 	 269431996416.000000 	 171414994944.000000 	 440846974976.000000 	 0.000000 	 0.000000 
0.000000 	 3 	 8 	 5 	 269431996416.000000 	 171414994944.000000 	 440846974976.000000 	 0.000000 	 0.000000 
0.000000 	 3 	 8 	 6 	 269431996416.000000 	 171414994944.000000 	 440846974976.000000 	 0.000000 	 0.000000 
0.000000 	 3 	 8 	 7 	 269431996416.000000 	 171414994944.000000 	 440846974976.000000 	 0.000000 	 0.000000 
0.000000 	 3 	 8 	 9 	 269431996416.000000 	 171414994944.000000 	 440846974976.000000 	 0.000000 	 0.000000 
0.000000 	 3 	 9 	 0 	 269431996416.000000 	 170801004544.000000 	 440233000960.000000 	 0.000000 	 0.000000 
0.000000 	 3 	 9 	 1 	 269431996416.000000 	 170801004544.000000 	 440233000960.000000 	 0.000000 	 0.000000 
0.000000 	 3 	 9 	 2 	 269431996416.000000 	 170801004544.000000 	 440233000960.000000 	 0.000000 	 0.000000 
0.000000 	 3 	 9 	 4 	 269431996416.000000 	 170801004544.000000 	 440233000960.000000 	 0.000000 	 0.000000 
0.000000 	 3 	 9 	 5 	 269431996416.000000 	 170801004544.000000 	 440233000960.000000 	 0.000000 	 0.000000 
0.000000 	 3 	 9 	 6 	 269431996416.000000 	 170801004544.000000 	 440233000960.000000 	 0.000000 	 0.000000 
0.000000 	 3 	 9 	 7 	 269431996416.000000 	 170801004544.000000 	 440233000960.000000 	 0.000000 	 0.000000 
0.000000 	 3 	 9 	 8 	 269431996416.000000 	 170801004544.000000 	 440233000960.000000 	 0.000000 	 0.000000 
19.233595 	 4 	 0 	 1 	 234141007872.000000 	 527669985280.000000 	 761810976768.000000 	 0.000000 	 0.000000 
10.194126 	 4 	 0 	 2 	 234141007872.000000 	 527669985280.000000 	 761810976768.000000 	 0.000000 	 0.000000 
35.398024 	 4 	 0 	 3 	 234141007872.000000 	 527669985280.000000 	 761810976768.000000 	 0.000000 	 0.000000 
4.874121 	 4 	 0 	 5 	 234141007872.000000 	 527669985280.000000 	 761810976768.000000 	 0.000000 	 0.000000 
4.287749 	 4 	 0 	 6 	 234141007872.000000 	 527669985280.000000 	 761810976768.000000 	 0.000000 	 0.000000 
48.772660 	 4 	 0 	 7 	 234141007872.000000 	 527669985280.000000 	 761810976768.000000 	 0.000000 	 0.000000 
44.366523 	 4 	 0 	 8 	 234141007872.000000 	 527669985280.000000 	 761810976768.000000 	 0.000000 	 0.000000 
0.000000 	 4 	 0 	 9 	 234141007872.000000 	 527669985280.000000 	 761810976768.000000 	 0.000000 	 0.000000 
0.000000 	 4 	 1 	 0 	 234141007872.000000 	 342218014720.000000 	 576359038976.000000 	 0.000000 	 0.000000 
0.000000 	 4 	 1 	 2 	 234141007872.000000 	 342218014720.000000 	 576359038976.000000 	 0.000000 	 0.000000 
0.000000 	 4 	 1 	 3 	 234141007872.000000 	 342218014720.000000 	 576359038976.000000 	 0.000000 	 0.000000 
0.000000 	 4 	 1 	 5 	 234141007872.000000 	 342218014720.000000 	 576359038976.000000 	 0.000000 	 0.000000 
0.000000 	 4 	 1 	 6 	 234141007872.000000 	 342218014720.000000 	 576359038976.000000 	 0.000000 	 0.000000 
0.000000 	 4 	 1 	 7 	 234141007872.000000 	 342218014720.000000 	 576359038976.000000 	 0.000000 	 0.000000 
0.000000 	 4 	 1 	 8 	 234141007872.000000 	 342218014720.000000 	 576359038976.000000 	 0.000000 	 0.000000 
0.000000 	 4 	 1 	 9 	 234141007872.000000 	 342218014720.000000 	 576359038976.000000 	 0.000000 	 0.000000 
0.000000 	 4 	 2 	 0 	 234141007872.000000 	 277805006848.000000 	 511945998336.000000 	 0.000000 	 0.000000 
0.000000 	 4 	 2 	 1 	 234141007872.000000 	 277805006848.000000 	 511945998336.000000 	 0.000000 	 0.000000 
0.000000 	 4 	 2 	 3 	 234141007872.000000 	 277805006848.000000 	 511945998336.000000 	 0.000000 	 0.000000 
0.000000 	 4 	 2 	 5 	 234141007872.000000 	 277805006848.000000 	 511945998336.000000 	 0.000000 	 0.000000 
0.000000 	 4 	 2 	 6 	 234141007872.000000 	 277805006848.000000 	 511945998336.000000 	 0.000000 	 0.000000 
0.000000 	 4 	 2 	 7 	 234141007872.000000 	 277805006848.000000 	 511945998336.000000 	 0.000000 	 0.000000 
0.000000 	 4 	 2 	 8 	 234141007872.000000 	 277805006848.000000 	 511945998336.000000 	 0.000000 	 0.000000 
0.000000 	 4 	 2 	 9 	 234141007872.000000 	 277805006848.000000 	 511945998336.000000 	 0.000000 	 0.000000 
0.000000 	 4 	 3 	 0 	 234141007872.000000 	 269431996416.000000 	 503572987904.000000 	 0.000000 	 0.000000 
0.000000 	 4 	 3 	 1 	 234141007872.000000 	 269431996416.000000 	 503572987904.000000 	 0.000000 	 0.000000 
0.000000 	 4 	 3 	 2 	 234141007872.000000 	 269431996416.000000 	 503572987904.000000 	 0.000000 	 0.000000 
0.000000 	 4 	 3 	 5 	 234141007872.000000 	 269431996416.000000 	 503572987904.000000 	 0.000000 	 0.000000 
0.000000 	 4 	 3 	 6 	 234141007872.000000 	 269431996416.000000 	 503572987904.000000 	 0.000000 	 0.000000 
0.000000 	 4 	 3 	 7 	 234141007872.000000 	 269431996416.000000 	 503572987904.000000 	 0.000000 	 0.000000 
0.000000 	 4 	 3 	 8 	 234141007872.000000 	 269431996416.000000 	 503572987904.000000 	 0.000000 	 0.000000 
0.000000 	 4 	 3 	 9 	 234141007872.000000 	 269431996416.000000 	 503572987904.000000 	 0.000000 	 0.000000 
0.000000 	 4 	 5 	 0 	 234141007872.000000 	 224395001856.000000 	 458535993344.000000 	 0.000000 	 0.000000 
0.000000 	 4 	 5 	 1 	 234141007872.000000 	 224395001856.000000 	 458535993344.000000 	 0.000000 	 0.000000 
0.000000 	 4 	 5 	 2 	 234141007872.000000 	 224395001856.000000 	 458535993344.000000 	 0.000000 	 0.000000 
0.000000 	 4 	 5 	 3 	 234141007872.000000 	 224395001856.000000 	 458535993344.000000 	 0.000000 	 0.000000 
0.000000 	 4 	 5 	 6 	 234141007872.000000 	 224395001856.000000 	 458535993344.000000 	 0.000000 	 0.000000 
0.000000 	 4 	 5 	 7 	 234141007872.000000 	 224395001856.000000 	 458535993344.000000 	 0.000000 	 0.000000 
0.000000 	 4 	 5 	 8 	 234141007872.000000 	 224395001856.000000 	 458535993344.000000 	 0.000000 	 0.000000 
0.000000 	 4 	 5 	 9 	 234141007872.000000 	 224395001856.000000 	 458535993344.000000 	 0.000000 	 0.000000 
0.000000 	 4 	 6 	 0 	 234141007872.000000 	 183852007424.000000 	 417992998912.000000 	 0.000000 	 0.000000 
0.000000 	 4 	 6 	 1 	 234141007872.000000 	 183852007424.000000 	 417992998912.000000 	 0.000000 	 0.000000 
0.000000 	 4 	 6 	 2 	 234141007872.000000 	 183852007424.000000 	 417992998912.000000 	 0.000000 	 0.000000 
0.000000 	 4 	 6 	 3 	 234141007872.000000 	 183852007424.000000 	 417992998912.000000 	 0.000000 	 0.000000 
0.000000 	 4 	 6 	 5 	 234141007872.000000 	 183852007424.000000 	 417992998912.000000 	 0.000000 	 0.000000 
0.000000 	 4 	 6 	 7 	 234141007872.000000 	 183852007424.000000 	 417992998912.000000 	 0.000000 	 0.000000 
0.000000 	 4 	 6 	 8 	 234141007872.000000 	 183852007424.000000 	 417992998912.000000 	 0.000000 	 0.000000 
0.000000 	 4 	 6 	 9 	 234141007872.000000 	 183852007424.000000 	 417992998912.000000 	 0.000000 	 0.000000 
0.000000 	 4 	 7 	 0 	 234141007872.000000 	 175697002496.000000 	 409838026752.000000 	 0.000000 	 0.000000 
0.000000 	 4 	 7 	 1 	 234141007872.000000 	 175697002496.000000 	 409838026752.000000 	 0.000000 	 0.000000 
0.000000 	 4 	 7 	 2 	 234141007872.000000 	 175697002496.000000 	 409838026752.000000 	 0.000000 	 0.000000 
0.000000 	 4 	 7 	 3 	 234141007872.000000 	 175697002496.000000 	 409838026752.000000 	 0.000000 	 0.000000 
0.000000 	 4 	 7 	 5 	 234141007872.000000 	 175697002496.000000 	 409838026752.000000 	 0.000000 	 0.000000 
0.000000 	 4 	 7 	 6 	 234141007872.000000 	 175697002496.000000 	 409838026752.000000 	 0.000000 	 0.000000 
0.000000 	 4 	 7 	 8 	 234141007872.000000 	 175697002496.000000 	 409838026752.000000 	 0.000000 	 0.000000 
0.000000 	 4 	 7 	 9 	 234141007872.000000 	 175697002496.000000 	 409838026752.000000 	 0.000000 	 0.000000 
0.000000 	 4 	 8 	 0 	 234141007872.000000 	 171414994944.000000 	 405556002816.000000 	 0.000000 	 0.000000 
0.000000 	 4 	 8 	 1 	 234141007872.000000 	 171414994944.000000 	 405556002816.000000 	 0.000000 	 0.000000 
0.000000 	 4 	 8 	 2 	 234141007872.000000 	 171414994944.000000 	 405556002816.000000 	 0.000000 	 0.000000 
0.000000 	 4 	 8 	 3 	 234141007872.000000 	 171414994944.000000 	 405556002816.000000 	 0.000000 	 0.000000 
0.000000 	 4 	 8 	 5 	 234141007872.000000 	 171414994944.000000 	 405556002816.000000 	 0.000000 	 0.000000 
0.000000 	 4 	 8 	 6 	 234141007872.000000 	 171414994944.000000 	 405556002816.000000 	 0.000000 	 0.000000 
0.000000 	 4 	 8 	 7 	 234141007872.000000 	 171414994944.000000 	 405556002816.000000 	 0.000000 	 0.000000 
0.000000 	 4 	 8 	 9 	 234141007872.000000 	 171414994944.000000 	 405556002816.000000 	 0.000000 	 0.000000 
0.000000 	 4 	 9 	 0 	 234141007872.000000 	 170801004544.000000 	 404942028800.000000 	 0.000000 	 0.000000 
0.000000 	 4 	 9 	 1 	 234141007872.000000 	 170801004544.000000 	 404942028800.000000 	 0.000000 	 0.000000 
0.000000 	 4 	 9 	 2 	 234141007872.000000 	 170801004544.000000 	 404942028800.000000 	 0.000000 	 0.000000 
0.000000 	 4 	 9 	 3 	 234141007872.000000 	 170801004544.000000 	 404942028800.000000 	 0.000000 	 0.000000 
0.000000 	 4 	 9 	 5 	 234141007872.000000 	 170801004544.000000 	 404942028800.000000 	 0.000000 	 0.000000 
0.000000 	 4 	 9 	 6 	 234141007872.000000 	 170801004544.000000 	 404942028800.000000 	 0.000000 	 0.000000 
0.000000 	 4 	 9 	 7 	 234141007872.000000 	 170801004544.000000 	 404942028800.000000 	 0.000000 	 0.000000 
0.000000 	 4 	 9 	 8 	 234141007872.000000 	 170801004544.000000 	 404942028800.000000 	 0.000000 	 0.000000 
19.482843 	 5 	 0 	 1 	 224395001856.000000 	 527669985280.000000 	 752064987136.000000 	 0.000000 	 0.000000 
10.326231 	 5 	 0 	 2 	 224395001856.000000 	 527669985280.000000 	 752064987136.000000 	 0.000000 	 0.000000 
35.856746 	 5 	 0 	 3 	 224395001856.000000 	 527669985280.000000 	 752064987136.000000 	 0.000000 	 0.000000 
64.351760 	 5 	 0 	 4 	 224395001856.000000 	 527669985280.000000 	 752064987136.000000 	 0.000000 	 0.000000 
4.343314 	 5 	 0 	 6 	 224395001856.000000 	 527669985280.000000 	 752064987136.000000 	 0.000000 	 0.000000 
49.404704 	 5 	 0 	 7 	 224395001856.000000 	 527669985280.000000 	 752064987136.000000 	 0.000000 	 0.000000 
44.941468 	 5 	 0 	 8 	 224395001856.000000 	 527669985280.000000 	 752064987136.000000 	 0.000000 	 0.000000 
0.000000 	 5 	 0 	 9 	 224395001856.000000 	 527669985280.000000 	 752064987136.000000 	 0.000000 	 0.000000 
0.000000 	 5 	 1 	 0 	 224395001856.000000 	 342218014720.000000 	 566612983808.000000 	 0.000000 	 0.000000 
0.000000 	 5 	 1 	 2 	 224395001856.000000 	 342218014720.000000 	 566612983808.000000 	 0.000000 	 0.000000 
0.000000 	 5 	 1 	 3 	 224395001856.000000 	 342218014720.000000 	 566612983808.000000 	 0.000000 	 0.000000 
0.000000 	 5 	 1 	 4 	 224395001856.000000 	 342218014720.000000 	 566612983808.000000 	 0.000000 	 0.000000 
0.000000 	 5 	 1 	 6 	 224395001856.000000 	 342218014720.000000 	 566612983808.000000 	 0.000000 	 0.000000 
0.000000 	 5 	 1 	 7 	 224395001856.000000 	 342218014720.000000 	 566612983808.000000 	 0.000000 	 0.000000 
0.000000 	 5 	 1 	 8 	 224395001856.000000 	 342218014720.000000 	 566612983808.000000 	 0.000000 	 0.000000 
0.000000 	 5 	 1 	 9 	 224395001856.000000 	 342218014720.000000 	 566612983808.000000 	 0.000000 	 0.000000 
0.000000 	 5 	 2 	 0 	 224395001856.000000 	 277805006848.000000 	 502200008704.000000 	 0.000000 	 0.000000 
0.000000 	 5 	 2 	 1 	 224395001856.000000 	 277805006848.000000 	 502200008704.000000 	 0.000000 	 0.000000 
0.000000 	 5 	 2 	 3 	 224395001856.000000 	 277805006848.000000 	 502200008704.000000 	 0.000000 	 0.000000 
0.000000 	 5 	 2 	 4 	 224395001856.000000 	 277805006848.000000 	 502200008704.000000 	 0.000000 	 0.000000 
0.000000 	 5 	 2 	 6 	 224395001856.000000 	 277805006848.000000 	 502200008704.000000 	 0.000000 	 0.000000 
0.000000 	 5 	 2 	 7 	 224395001856.000000 	 277805006848.000000 	 502200008704.000000 	 0.000000 	 0.000000 
0.000000 	 5 	 2 	 8 	 224395001856.000000 	 277805006848.000000 	 502200008704.000000 	 0.000000 	 0.000000 
0.000000 	 5 	 2 	 9 	 224395001856.000000 	 277805006848.000000 	 502200008704.000000 	 0.000000 	 0.000000 
0.000000 	 5 	 3 	 0 	 224395001856.000000 	 269431996416.000000 	 493826998272.000000 	 0.000000 	 0.000000 
0.000000 	 5 	 3 	 1 	 224395001856.000000 	 269431996416.000000 	 493826998272.000000 	 0.000000 	 0.000000 
0.000000 	 5 	 3 	 2 	 224395001856.000000 	 269431996416.000000 	 493826998272.000000 	 0.000000 	 0.000000 
0.000000 	 5 	 3 	 4 	 224395001856.000000 	 269431996416.000000 	 493826998272.000000 	 0.000000 	 0.000000 
0.000000 	 5 	 3 	 6 	 224395001856.000000 	 269431996416.000000 	 493826998272.000000 	 0.000000 	 0.000000 
0.000000 	 5 	 3 	 7 	 224395001856.000000 	 269431996416.000000 	 493826998272.000000 	 0.000000 	 0.000000 
0.000000 	 5 	 3 	 8 	 224395001856.000000 	 269431996416.000000 	 493826998272.000000 	 0.000000 	 0.000000 
0.000000 	 5 	 3 	 9 	 224395001856.000000 	 269431996416.000000 	 493826998272.000000 	 0.000000 	 0.000000 
0.000000 	 5 	 4 	 0 	 224395001856.000000 	 234141007872.000000 	 458535993344.000000 	 0.000000 	 0.000000 
0.000000 	 5 	 4 	 1 	 224395001856.000000 	 234141007872.000000 	 458535993344.000000 	 0.000000 	 0.000000 
0.000000 	 5 	 4 	 2 	 224395001856.000000 	 234141007872.000000 	 458535993344.000000 	 0.000000 	 0.000000 
0.000000 	 5 	 4 	 3 	 224395001856.000000 	 234141007872.000000 	 458535993344.000000 	 0.000000 	 0.000000 
0.000000 	 5 	 4 	 6 	 224395001856.000000 	 234141007872.000000 	 458535993344.000000 	 0.000000 	 0.000000 
0.000000 	 5 	 4 	 7 	 224395001856.000000 	 234141007872.000000 	 458535993344.000000 	 0.000000 	 0.000000 
0.000000 	 5 	 4 	 8 	 224395001856.000000 	 234141007872.000000 	 458535993344.000000 	 0.000000 	 0.000000 
0.000000 	 5 	 4 	 9 	 224395001856.000000 	 234141007872.000000 	 458535993344.000000 	 0.000000 	 0.000000 
0.000000 	 5 	 6 	 0 	 224395001856.000000 	 183852007424.000000 	 408247009280.000000 	 0.000000 	 0.000000 
0.000000 	 5 	 6 	 1 	 224395001856.000000 	 183852007424.000000 	 408247009280.000000 	 0.000000 	 0.000000 
0.000000 	 5 	 6 	 2 	 224395001856.000000 	 183852007424.000000 	 408247009280.000000 	 0.000000 	 0.000000 
0.000000 	 5 	 6 	 3 	 224395001856.000000 	 183852007424.000000 	 408247009280.000000 	 0.000000 	 0.000000 
0.000000 	 5 	 6 	 4 	 224395001856.000000 	 183852007424.000000 	 408247009280.000000 	 0.000000 	 0.000000 
0.000000 	 5 	 6 	 7 	 224395001856.000000 	 183852007424.000000 	 408247009280.000000 	 0.000000 	 0.000000 
0.000000 	 5 	 6 	 8 	 224395001856.000000 	 183852007424.000000 	 408247009280.000000 	 0.000000 	 0.000000 
0.000000 	 5 	 6 	 9 	 224395001856.000000 	 183852007424.000000 	 408247009280.000000 	 0.000000 	 0.000000 
0.000000 	 5 	 7 	 0 	 224395001856.000000 	 175697002496.000000 	 400092004352.000000 	 0.000000 	 0.000000 
0.000000 	 5 	 7 	 1 	 224395001856.000000 	 175697002496.000000 	 400092004352.000000 	 0.000000 	 0.000000 
0.000000 	 5 	 7 	 2 	 224395001856.000000 	 175697002496.000000 	 400092004352.000000 	 0.000000 	 0.000000 
0.000000 	 5 	 7 	 3 	 224395001856.000000 	 175697002496.000000 	 400092004352.000000 	 0.000000 	 0.000000 
0.000000 	 5 	 7 	 4 	 224395001856.000000 	 175697002496.000000 	 400092004352.000000 	 0.000000 	 0.000000 
0.000000 	 5 	 7 	 6 	 224395001856.000000 	 175697002496.000000 	 400092004352.000000 	 0.000000 	 0.000000 
0.000000 	 5 	 7 	 8 	 224395001856.000000 	 175697002496.000000 	 400092004352.000000 	 0.000000 	 0.000000 
0.000000 	 5 	 7 	 9 	 224395001856.000000 	 175697002496.000000 	 400092004352.000000 	 0.000000 	 0.000000 
0.000000 	 5 	 8 	 0 	 224395001856.000000 	 171414994944.000000 	 395809980416.000000 	 0.000000 	 0.000000 
0.000000 	 5 	 8 	 1 	 224395001856.000000 	 171414994944.000000 	 395809980416.000000 	 0.000000 	 0.000000 
0.000000 	 5 	 8 	 2 	 224395001856.000000 	 171414994944.000000 	 395809980416.000000 	 0.000000 	 0.000000 
0.000000 	 5 	 8 	 3 	 224395001856.000000 	 171414994944.000000 	 395809980416.000000 	 0.000000 	 0.000000 
0.000000 	 5 	 8 	 4 	 224395001856.000000 	 171414994944.000000 	 395809980416.000000 	 0.000000 	 0.000000 
0.000000 	 5 	 8 	 6 	 224395001856.000000 	 171414994944.000000 	 395809980416.000000 	 0.000000 	 0.000000 
0.000000 	 5 	 8 	 7 	 224395001856.000000 	 171414994944.000000 	 395809980416.000000 	 0.000000 	 0.000000 
0.000000 	 5 	 8 	 9 	 224395001856.000000 	 171414994944.000000 	 395809980416.000000 	 0.000000 	 0.000000 
0.000000 	 5 	 9 	 0 	 224395001856.000000 	 170801004544.000000 	 395196006400.000000 	 0.000000 	 0.000000 
0.000000 	 5 	 9 	 1 	 224395001856.000000 	 170801004544.000000 	 395196006400.000000 	 0.000000 	 0.000000 
0.000000 	 5 	 9 	 2 	 224395001856.000000 	 170801004544.000000 	 395196006400.000000 	 0.000000 	 0.000000 
0.000000 	 5 	 9 	 3 	 224395001856.000000 	 170801004544.000000 	 395196006400.000000 	 0.000000 	 0.000000 
0.000000 	 5 	 9 	 4 	 224395001856.000000 	 170801004544.000000 	 395196006400.000000 	 0.000000 	 0.000000 
0.000000 	 5 	 9 	 6 	 224395001856.000000 	 170801004544.000000 	 395196006400.000000 	 0.000000 	 0.000000 
0.000000 	 5 	 9 	 7 	 224395001856.000000 	 170801004544.000000 	 395196006400.000000 	 0.000000 	 0.000000 
0.000000 	 5 	 9 	 8 	 224395001856.000000 	 170801004544.000000 	 395196006400.000000 	 0.000000 	 0.000000 
20.592988 	 6 	 0 	 1 	 183852007424.000000 	 527669985280.000000 	 711521992704.000000 	 0.000000 	 0.000000 
10.914627 	 6 	 0 	 2 	 183852007424.000000 	 527669985280.000000 	 711521992704.000000 	 0.000000 	 0.000000 
37.899887 	 6 	 0 	 3 	 183852007424.000000 	 527669985280.000000 	 711521992704.000000 	 0.000000 	 0.000000 
68.018566 	 6 	 0 	 4 	 183852007424.000000 	 527669985280.000000 	 711521992704.000000 	 0.000000 	 0.000000 
5.218615 	 6 	 0 	 5 	 183852007424.000000 	 527669985280.000000 	 711521992704.000000 	 0.000000 	 0.000000 
52.219817 	 6 	 0 	 7 	 183852007424.000000 	 527669985280.000000 	 711521992704.000000 	 0.000000 	 0.000000 
47.502262 	 6 	 0 	 8 	 183852007424.000000 	 527669985280.000000 	 711521992704.000000 	 0.000000 	 0.000000 
0.000000 	 6 	 0 	 9 	 183852007424.000000 	 527669985280.000000 	 711521992704.000000 	 0.000000 	 0.000000 
0.000000 	 6 	 1 	 0 	 183852007424.000000 	 342218014720.000000 	 526070022144.000000 	 0.000000 	 0.000000 
0.000000 	 6 	 1 	 2 	 183852007424.000000 	 342218014720.000000 	 526070022144.000000 	 0.000000 	 0.000000 
0.000000 	 6 	 1 	 3 	 183852007424.000000 	 342218014720.000000 	 526070022144.000000 	 0.000000 	 0.000000 
0.000000 	 6 	 1 	 4 	 183852007424.000000 	 342218014720.000000 	 526070022144.000000 	 0.000000 	 0.000000 
0.000000 	 6 	 1 	 5 	 183852007424.000000 	 342218014720.000000 	 526070022144.000000 	 0.000000 	 0.000000 
0.000000 	 6 	 1 	 7 	 183852007424.000000 	 342218014720.000000 	 526070022144.000000 	 0.000000 	 0.000000 
0.000000 	 6 	 1 	 8 	 183852007424.000000 	 342218014720.000000 	 526070022144.000000 	 0.000000 	 0.000000 
0.000000 	 6 	 1 	 9 	 183852007424.000000 	 342218014720.000000 	 526070022144.000000 	 0.000000 	 0.000000 
0.000000 	 6 	 2 	 0 	 183852007424.000000 	 277805006848.000000 	 461657014272.000000 	 0.000000 	 0.000000 
0.000000 	 6 	 2 	 1 	 183852007424.000000 	 277805006848.000000 	 461657014272.000000 	 0.000000 	 0.000000 
0.000000 	 6 	 2 	 3 	 183852007424.000000 	 277805006848.000000 	 461657014272.000000 	 0.000000 	 0.000000 
0.000000 	 6 	 2 	 4 	 183852007424.000000 	 277805006848.000000 	 461657014272.000000 	 0.000000 	 0.000000 
0.000000 	 6 	 2 	 5 	 183852007424.000000 	 277805006848.000000 	 461657014272.000000 	 0.000000 	 0.000000 
0.000000 	 6 	 2 	 7 	 183852007424.000000 	 277805006848.000000 	 461657014272.000000 	 0.000000 	 0.000000 
0.000000 	 6 	 2 	 8 	 183852007424.000000 	 277805006848.000000 	 461657014272.000000 	 0.000000 	 0.000000 
0.000000 	 6 	 2 	 9 	 183852007424.000000 	 277805006848.000000 	 461657014272.000000 	 0.000000 	 0.000000 
0.000000 	 6 	 3 	 0 	 183852007424.000000 	 269431996416.000000 	 453284003840.000000 	 0.000000 	 0.000000 
0.000000 	 6 	 3 	 1 	 183852007424.000000 	 269431996416.000000 	 453284003840.000000 	 0.000000 	 0.000000 
0.000000 	 6 	 3 	 2 	 183852007424.000000 	 269431996416.000000 	 453284003840.000000 	 0.000000 	 0.000000 
0.000000 	 6 	 3 	 4 	 183852007424.000000 	 269431996416.000000 	 453284003840.000000 	 0.000000 	 0.000000 
0.000000 	 6 	 3 	 5 	 183852007424.000000 	 269431996416.000000 	 453284003840.000000 	 0.000000 	 0.000000 
0.000000 	 6 	 3 	 7 	 183852007424.000000 	 269431996416.000000 	 453284003840.000000 	 0.000000 	 0.000000 
0.000000 	 6 	 3 	 8 	 183852007424.000000 	 269431996416.000000 	 453284003840.000000 	 0.000000 	 0.000000 
0.000000 	 6 	 3 	 9 	 183852007424.000000 	 269431996416.000000 	 453284003840.000000 	 0.000000 	 0.000000 
0.000000 	 6 	 4 	 0 	 183852007424.000000 	 234141007872.000000 	 417992998912.000000 	 0.000000 	 0.000000 
0.000000 	 6 	 4 	 1 	 183852007424.000000 	 234141007872.000000 	 417992998912.000000 	 0.000000 	 0.000000 
0.000000 	 6 	 4 	 2 	 183852007424.000000 	 234141007872.000000 	 417992998912.000000 	 0.000000 	 0.000000 
0.000000 	 6 	 4 	 3 	 183852007424.000000 	 234141007872.000000 	 417992998912.000000 	 0.000000 	 0.000000 
0.000000 	 6 	 4 	 5 	 183852007424.000000 	 234141007872.000000 	 417992998912.000000 	 0.000000 	 0.000000 
0.000000 	 6 	 4 	 7 	 183852007424.000000 	 234141007872.000000 	 417992998912.000000 	 0.000000 	 0.000000 
0.000000 	 6 	 4 	 8 	 183852007424.000000 	 234141007872.000000 	 417992998912.000000 	 0.000000 	 0.000000 
0.000000 	 6 	 4 	 9 	 183852007424.000000 	 234141007872.000000 	 417992998912.000000 	 0.000000 	 0.000000 
0.000000 	 6 	 5 	 0 	 183852007424.000000 	 224395001856.000000 	 408247009280.000000 	 0.000000 	 0.000000 
0.000000 	 6 	 5 	 1 	 183852007424.000000 	 224395001856.000000 	 408247009280.000000 	 0.000000 	 0.000000 
0.000000 	 6 	 5 	 2 	 183852007424.000000 	 224395001856.000000 	 408247009280.000000 	 0.000000 	 0.000000 
0.000000 	 6 	 5 	 3 	 183852007424.000000 	 224395001856.000000 	 408247009280.000000 	 0.000000 	 0.000000 
0.000000 	 6 	 5 	 4 	 183852007424.000000 	 224395001856.000000 	 408247009280.000000 	 0.000000 	 0.000000 
0.000000 	 6 	 5 	 7 	 183852007424.000000 	 224395001856.000000 	 408247009280.000000 	 0.000000 	 0.000000 
0.000000 	 6 	 5 	 8 	 183852007424.000000 	 224395001856.000000 	 408247009280.000000 	 0.000000 	 0.000000 
0.000000 	 6 	 5 	 9 	 183852007424.000000 	 224395001856.000000 	 408247009280.000000 	 0.000000 	 0.000000 
0.000000 	 6 	 7 	 0 	 183852007424.000000 	 175697002496.000000 	 359549009920.000000 	 0.000000 	 0.000000 
0.000000 	 6 	 7 	 1 	 183852007424.000000 	 175697002496.000000 	 359549009920.000000 	 0.000000 	 0.000000 
0.000000 	 6 	 7 	 2 	 183852007424.000000 	 175697002496.000000 	 359549009920.000000 	 0.000000 	 0.000000 
0.000000 	 6 	 7 	 3 	 183852007424.000000 	 175697002496.000000 	 359549009920.000000 	 0.000000 	 0.000000 
0.000000 	 6 	 7 	 4 	 183852007424.000000 	 175697002496.000000 	 359549009920.000000 	 0.000000 	 0.000000 
0.000000 	 6 	 7 	 5 	 183852007424.000000 	 175697002496.000000 	 359549009920.000000 	 0.000000 	 0.000000 
0.000000 	 6 	 7 	 8 	 183852007424.000000 	 175697002496.000000 	 359549009920.000000 	 0.000000 	 0.000000 
0.000000 	 6 	 7 	 9 	 183852007424.000000 	 175697002496.000000 	 359549009920.000000 	 0.000000 	 0.000000 
0.000000 	 6 	 8 	 0 	 183852007424.000000 	 171414994944.000000 	 355266985984.000000 	 0.000000 	 0.000000 
0.000000 	 6 	 8 	 1 	 183852007424.000000 	 171414994944.000000 	 355266985984.000000 	 0.000000 	 0.000000 
0.000000 	 6 	 8 	 2 	 183852007424.000000 	 171414994944.000000 	 355266985984.000000 	 0.000000 	 0.000000 
0.000000 	 6 	 8 	 3 	 183852007424.000000 	 171414994944.000000 	 355266985984.000000 	 0.000000 	 0.000000 
0.000000 	 6 	 8 	 4 	 183852007424.000000 	 171414994944.000000 	 355266985984.000000 	 0.000000 	 0.000000 
0.000000 	 6 	 8 	 5 	 183852007424.000000 	 171414994944.000000 	 355266985984.000000 	 0.000000 	 0.000000 
0.000000 	 6 	 8 	 7 	 183852007424.000000 	 171414994944.000000 	 355266985984.000000 	 0.000000 	 0.000000 
0.000000 	 6 	 8 	 9 	 183852007424.000000 	 171414994944.000000 	 355266985984.000000 	 0.000000 	 0.000000 
0.000000 	 6 	 9 	 0 	 183852007424.000000 	 170801004544.000000 	 354653011968.000000 	 0.000000 	 0.000000 
0.000000 	 6 	 9 	 1 	 183852007424.000000 	 170801004544.000000 	 354653011968.000000 	 0.000000 	 0.000000 
0.000000 	 6 	 9 	 2 	 183852007424.000000 	 170801004544.000000 	 354653011968.000000 	 0.000000 	 0.000000 
0.000000 	 6 	 9 	 3 	 183852007424.000000 	 170801004544.000000 	 354653011968.000000 	 0.000000 	 0.000000 
0.000000 	 6 	 9 	 4 	 183852007424.000000 	 170801004544.000000 	 354653011968.000000 	 0.000000 	 0.000000 
0.000000 	 6 	 9 	 5 	 183852007424.000000 	 170801004544.000000 	 354653011968.000000 	 0.000000 	 0.000000 
0.000000 	 6 	 9 	 7 	 183852007424.000000 	 170801004544.000000 	 354653011968.000000 	 0.000000 	 0.000000 
0.000000 	 6 	 9 	 8 	 183852007424.000000 	 170801004544.000000 	 354653011968.000000 	 0.000000 	 0.000000 
20.831749 	 7 	 0 	 1 	 175697002496.000000 	 527669985280.000000 	 703366955008.000000 	 0.000000 	 0.000000 
11.041174 	 7 	 0 	 2 	 175697002496.000000 	 527669985280.000000 	 703366955008.000000 	 0.000000 	 0.000000 
38.339309 	 7 	 0 	 3 	 175697002496.000000 	 527669985280.000000 	 703366955008.000000 	 0.000000 	 0.000000 
68.807193 	 7 	 0 	 4 	 175697002496.000000 	 527669985280.000000 	 703366955008.000000 	 0.000000 	 0.000000 
5.279121 	 7 	 0 	 5 	 175697002496.000000 	 527669985280.000000 	 703366955008.000000 	 0.000000 	 0.000000 
4.644026 	 7 	 0 	 6 	 175697002496.000000 	 527669985280.000000 	 703366955008.000000 	 0.000000 	 0.000000 
48.053017 	 7 	 0 	 8 	 175697002496.000000 	 527669985280.000000 	 703366955008.000000 	 0.000000 	 0.000000 
0.000000 	 7 	 0 	 9 	 175697002496.000000 	 527669985280.000000 	 703366955008.000000 	 0.000000 	 0.000000 
0.000000 	 7 	 1 	 0 	 175697002496.000000 	 342218014720.000000 	 517915017216.000000 	 0.000000 	 0.000000 
0.000000 	 7 	 1 	 2 	 175697002496.000000 	 342218014720.000000 	 517915017216.000000 	 0.000000 	 0.000000 
0.000000 	 7 	 1 	 3 	 175697002496.000000 	 342218014720.000000 	 517915017216.000000 	 0.000000 	 0.000000 
0.000000 	 7 	 1 	 4 	 175697002496.000000 	 342218014720.000000 	 517915017216.000000 	 0.000000 	 0.000000 
0.000000 	 7 	 1 	 5 	 175697002496.000000 	 342218014720.000000 	 517915017216.000000 	 0.000000 	 0.000000 
0.000000 	 7 	 1 	 6 	 175697002496.000000 	 342218014720.000000 	 517915017216.000000 	 0.000000 	 0.000000 
0.000000 	 7 	 1 	 8 	 175697002496.000000 	 342218014720.000000 	 517915017216.000000 	 0.000000 	 0.000000 
0.000000 	 7 	 1 	 9 	 175697002496.000000 	 342218014720.000000 	 517915017216.000000 	 0.000000 	 0.000000 
0.000000 	 7 	 2 	 0 	 175697002496.000000 	 277805006848.000000 	 453502009344.000000 	 0.000000 	 0.000000 
0.000000 	 7 	 2 	 1 	 175697002496.000000 	 277805006848.000000 	 453502009344.000000 	 0.000000 	 0.000000 
0.000000 	 7 	 2 	 3 	 175697002496.000000 	 277805006848.000000 	 453502009344.000000 	 0.000000 	 0.000000 
0.000000 	 7 	 2 	 4 	 175697002496.000000 	 277805006848.000000 	 453502009344.000000 	 0.000000 	 0.000000 
0.000000 	 7 	 2 	 5 	 175697002496.000000 	 277805006848.000000 	 453502009344.000000 	 0.000000 	 0.000000 
0.000000 	 7 	 2 	 6 	 175697002496.000000 	 277805006848.000000 	 453502009344.000000 	 0.000000 	 0.000000 
0.000000 	 7 	 2 	 8 	 175697002496.000000 	 277805006848.000000 	 453502009344.000000 	 0.000000 	 0.000000 
0.000000 	 7 	 2 	 9 	 175697002496.000000 	 277805006848.000000 	 453502009344.000000 	 0.000000 	 0.000000 
0.000000 	 7 	 3 	 0 	 175697002496.000000 	 269431996416.000000 	 445128998912.000000 	 0.000000 	 0.000000 
0.000000 	 7 	 3 	 1 	 175697002496.000000 	 269431996416.000000 	 445128998912.000000 	 0.000000 	 0.000000 
0.000000 	 7 	 3 	 2 	 175697002496.000000 	 269431996416.000000 	 445128998912.000000 	 0.000000 	 0.000000 
0.000000 	 7 	 3 	 4 	 175697002496.000000 	 269431996416.000000 	 445128998912.000000 	 0.000000 	 0.000000 
0.000000 	 7 	 3 	 5 	 175697002496.000000 	 269431996416.000000 	 445128998912.000000 	 0.000000 	 0.000000 
0.000000 	 7 	 3 	 6 	 175697002496.000000 	 269431996416.000000 	 445128998912.000000 	 0.000000 	 0.000000 
0.000000 	 7 	 3 	 8 	 175697002496.000000 	 269431996416.000000 	 445128998912.000000 	 0.000000 	 0.000000 
0.000000 	 7 	 3 	 9 	 175697002496.000000 	 269431996416.000000 	 445128998912.000000 	 0.000000 	 0.000000 
0.000000 	 7 	 4 	 0 	 175697002496.000000 	 234141007872.000000 	 409838026752.000000 	 0.000000 	 0.000000 
0.000000 	 7 	 4 	 1 	 175697002496.000000 	 234141007872.000000 	 409838026752.000000 	 0.000000 	 0.000000 
0.000000 	 7 	 4 	 2 	 175697002496.000000 	 234141007872.000000 	 409838026752.000000 	 0.000000 	 0.000000 
0.000000 	 7 	 4 	 3 	 175697002496.000000 	 234141007872.000000 	 409838026752.000000 	 0.000000 	 0.000000 
0.000000 	 7 	 4 	 5 	 175697002496.000000 	 234141007872.000000 	 409838026752.000000 	 0.000000 	 0.000000 
0.000000 	 7 	 4 	 6 	 175697002496.000000 	 234141007872.000000 	 409838026752.000000 	 0.000000 	 0.000000 
0.000000 	 7 	 4 	 8 	 175697002496.000000 	 234141007872.000000 	 409838026752.000000 	 0.000000 	 0.000000 
0.000000 	 7 	 4 	 9 	 175697002496.000000 	 234141007872.000000 	 409838026752.000000 	 0.000000 	 0.000000 
0.000000 	 7 	 5 	 0 	 175697002496.000000 	 224395001856.000000 	 400092004352.000000 	 0.000000 	 0.000000 
0.000000 	 7 	 5 	 1 	 175697002496.000000 	 224395001856.000000 	 400092004352.000000 	 0.000000 	 0.000000 
0.000000 	 7 	 5 	 2 	 175697002496.000000 	 224395001856.000000 	 400092004352.000000 	 0.000000 	 0.000000 
0.000000 	 7 	 5 	 3 	 175697002496.000000 	 224395001856.000000 	 400092004352.000000 	 0.000000 	 0.000000 
0.000000 	 7 	 5 	 4 	 175697002496.000000 	 224395001856.000000 	 400092004352.000000 	 0.000000 	 0.000000 
0.000000 	 7 	 5 	 6 	 175697002496.000000 	 224395001856.000000 	 400092004352.000000 	 0.000000 	 0.000000 
0.000000 	 7 	 5 	 8 	 175697002496.000000 	 224395001856.000000 	 400092004352.000000 	 0.000000 	 0.000000 
0.000000 	 7 	 5 	 9 	 175697002496.000000 	 224395001856.000000 	 400092004352.000000 	 0.000000 	 0.000000 
0.000000 	 7 	 6 	 0 	 175697002496.000000 	 183852007424.000000 	 359549009920.000000 	 0.000000 	 0.000000 
0.000000 	 7 	 6 	 1 	 175697002496.000000 	 183852007424.000000 	 359549009920.000000 	 0.000000 	 0.000000 
0.000000 	 7 	 6 	 2 	 175697002496.000000 	 183852007424.000000 	 359549009920.000000 	 0.000000 	 0.000000 
0.000000 	 7 	 6 	 3 	 175697002496.000000 	 183852007424.000000 	 359549009920.000000 	 0.000000 	 0.000000 
0.000000 	 7 	 6 	 4 	 175697002496.000000 	 183852007424.000000 	 359549009920.000000 	 0.000000 	 0.000000 
0.000000 	 7 	 6 	 5 	 175697002496.000000 	 183852007424.000000 	 359549009920.000000 	 0.000000 	 0.000000 
0.000000 	 7 	 6 	 8 	 175697002496.000000 	 183852007424.000000 	 359549009920.000000 	 0.000000 	 0.000000 
0.000000 	 7 	 6 	 9 	 175697002496.000000 	 183852007424.000000 	 359549009920.000000 	 0.000000 	 0.000000 
0.000000 	 7 	 8 	 0 	 175697002496.000000 	 171414994944.000000 	 347112013824.000000 	 0.000000 	 0.000000 
0.000000 	 7 	 8 	 1 	 175697002496.000000 	 171414994944.000000 	 347112013824.000000 	 0.000000 	 0.000000 
0.000000 	 7 	 8 	 2 	 175697002496.000000 	 171414994944.000000 	 347112013824.000000 	 0.000000 	 0.000000 
0.000000 	 7 	 8 	 3 	 175697002496.000000 	 171414994944.000000 	 347112013824.000000 	 0.000000 	 0.000000 
0.000000 	 7 	 8 	 4 	 175697002496.000000 	 171414994944.000000 	 347112013824.000000 	 0.000000 	 0.000000 
0.000000 	 7 	 8 	 5 	 175697002496.000000 	 171414994944.000000 	 347112013824.000000 	 0.000000 	 0.000000 
0.000000 	 7 	 8 	 6 	 175697002496.000000 	 171414994944.000000 	 347112013824.000000 	 0.000000 	 0.000000 
0.000000 	 7 	 8 	 9 	 175697002496.000000 	 171414994944.000000 	 347112013824.000000 	 0.000000 	 0.000000 
0.000000 	 7 	 9 	 0 	 175697002496.000000 	 170801004544.000000 	 346498007040.000000 	 0.000000 	 0.000000 
0.000000 	 7 	 9 	 1 	 175697002496.000000 	 170801004544.000000 	 346498007040.000000 	 0.000000 	 0.000000 
0.000000 	 7 	 9 	 2 	 175697002496.000000 	 170801004544.000000 	 346498007040.000000 	 0.000000 	 0.000000 
0.000000 	 7 	 9 	 3 	 175697002496.000000 	 170801004544.000000 	 346498007040.000000 	 0.000000 	 0.000000 
0.000000 	 7 	 9 	 4 	 175697002496.000000 	 170801004544.000000 	 346498007040.000000 	 0.000000 	 0.000000 
0.000000 	 7 	 9 	 5 	 175697002496.000000 	 170801004544.000000 	 346498007040.000000 	 0.000000 	 0.000000 
0.000000 	 7 	 9 	 6 	 175697002496.000000 	 170801004544.000000 	 346498007040.000000 	 0.000000 	 0.000000 
0.000000 	 7 	 9 	 8 	 175697002496.000000 	 170801004544.000000 	 346498007040.000000 	 0.000000 	 0.000000 
20.959346 	 8 	 0 	 1 	 171414994944.000000 	 527669985280.000000 	 699084963840.000000 	 0.000000 	 0.000000 
11.108803 	 8 	 0 	 2 	 171414994944.000000 	 527669985280.000000 	 699084963840.000000 	 0.000000 	 0.000000 
38.574142 	 8 	 0 	 3 	 171414994944.000000 	 527669985280.000000 	 699084963840.000000 	 0.000000 	 0.000000 
69.228646 	 8 	 0 	 4 	 171414994944.000000 	 527669985280.000000 	 699084963840.000000 	 0.000000 	 0.000000 
5.311456 	 8 	 0 	 5 	 171414994944.000000 	 527669985280.000000 	 699084963840.000000 	 0.000000 	 0.000000 
4.672471 	 8 	 0 	 6 	 171414994944.000000 	 527669985280.000000 	 699084963840.000000 	 0.000000 	 0.000000 
53.148830 	 8 	 0 	 7 	 171414994944.000000 	 527669985280.000000 	 699084963840.000000 	 0.000000 	 0.000000 
0.000000 	 8 	 0 	 9 	 171414994944.000000 	 527669985280.000000 	 699084963840.000000 	 0.000000 	 0.000000 
0.000000 	 8 	 1 	 0 	 171414994944.000000 	 342218014720.000000 	 513633026048.000000 	 0.000000 	 0.000000 
0.000000 	 8 	 1 	 2 	 171414994944.000000 	 342218014720.000000 	 513633026048.000000 	 0.000000 	 0.000000 
0.000000 	 8 	 1 	 3 	 171414994944.000000 	 342218014720.000000 	 513633026048.000000 	 0.000000 	 0.000000 
0.000000 	 8 	 1 	 4 	 171414994944.000000 	 342218014720.000000 	 513633026048.000000 	 0.000000 	 0.000000 
0.000000 	 8 	 1 	 5 	 171414994944.000000 	 342218014720.000000 	 513633026048.000000 	 0.000000 	 0.000000 
0.000000 	 8 	 1 	 6 	 171414994944.000000 	 342218014720.000000 	 513633026048.000000 	 0.000000 	 0.000000 
0.000000 	 8 	 1 	 7 	 171414994944.000000 	 342218014720.000000 	 513633026048.000000 	 0.000000 	 0.000000 
0.000000 	 8 	 1 	 9 	 171414994944.000000 	 342218014720.000000 	 513633026048.000000 	 0.000000 	 0.000000 
0.000000 	 8 	 2 	 0 	 171414994944.000000 	 277805006848.000000 	 449219985408.000000 	 0.000000 	 0.000000 
0.000000 	 8 	 2 	 1 	 171414994944.000000 	 277805006848.000000 	 449219985408.000000 	 0.000000 	 0.000000 
0.000000 	 8 	 2 	 3 	 171414994944.000000 	 277805006848.000000 	 449219985408.000000 	 0.000000 	 0.000000 
0.000000 	 8 	 2 	 4 	 171414994944.000000 	 277805006848.000000 	 449219985408.000000 	 0.000000 	 0.000000 
0.000000 	 8 	 2 	 5 	 171414994944.000000 	 277805006848.000000 	 449219985408.000000 	 0.000000 	 0.000000 
0.000000 	 8 	 2 	 6 	 171414994944.000000 	 277805006848.000000 	 449219985408.000000 	 0.000000 	 0.000000 
0.000000 	 8 	 2 	 7 	 171414994944.000000 	 277805006848.000000 	 449219985408.000000 	 0.000000 	 0.000000 
0.000000 	 8 	 2 	 9 	 171414994944.000000 	 277805006848.000000 	 449219985408.000000 	 0.000000 	 0.000000 
0.000000 	 8 	 3 	 0 	 171414994944.000000 	 269431996416.000000 	 440846974976.000000 	 0.000000 	 0.000000 
0.000000 	 8 	 3 	 1 	 171414994944.000000 	 269431996416.000000 	 440846974976.000000 	 0.000000 	 0.000000 
0.000000 	 8 	 3 	 2 	 171414994944.000000 	 269431996416.000000 	 440846974976.000000 	 0.000000 	 0.000000 
0.000000 	 8 	 3 	 4 	 171414994944.000000 	 269431996416.000000 	 440846974976.000000 	 0.000000 	 0.000000 
0.000000 	 8 	 3 	 5 	 171414994944.000000 	 269431996416.000000 	 440846974976.000000 	 0.000000 	 0.000000 
0.000000 	 8 	 3 	 6 	 171414994944.000000 	 269431996416.000000 	 440846974976.000000 	 0.000000 	 0.000000 
0.000000 	 8 	 3 	 7 	 171414994944.000000 	 269431996416.000000 	 440846974976.000000 	 0.000000 	 0.000000 
0.000000 	 8 	 3 	 9 	 171414994944.000000 	 269431996416.000000 	 440846974976.000000 	 0.000000 	 0.000000 
0.000000 	 8 	 4 	 0 	 171414994944.000000 	 234141007872.000000 	 405556002816.000000 	 0.000000 	 0.000000 
0.000000 	 8 	 4 	 1 	 171414994944.000000 	 234141007872.000000 	 405556002816.000000 	 0.000000 	 0.000000 
0.000000 	 8 	 4 	 2 	 171414994944.000000 	 234141007872.000000 	 405556002816.000000 	 0.000000 	 0.000000 
0.000000 	 8 	 4 	 3 	 171414994944.000000 	 234141007872.000000 	 405556002816.000000 	 0.000000 	 0.000000 
0.000000 	 8 	 4 	 5 	 171414994944.000000 	 234141007872.000000 	 405556002816.000000 	 0.000000 	 0.000000 
0.000000 	 8 	 4 	 6 	 171414994944.000000 	 234141007872.000000 	 405556002816.000000 	 0.000000 	 0.000000 
0.000000 	 8 	 4 	 7 	 171414994944.000000 	 234141007872.000000 	 405556002816.000000 	 0.000000 	 0.000000 
0.000000 	 8 	 4 	 9 	 171414994944.000000 	 234141007872.000000 	 405556002816.000000 	 0.000000 	 0.000000 
0.000000 	 8 	 5 	 0 	 171414994944.000000 	 224395001856.000000 	 395809980416.000000 	 0.000000 	 0.000000 
0.000000 	 8 	 5 	 1 	 171414994944.000000 	 224395001856.000000 	 395809980416.000000 	 0.000000 	 0.000000 
0.000000 	 8 	 5 	 2 	 171414994944.000000 	 224395001856.000000 	 395809980416.000000 	 0.000000 	 0.000000 
0.000000 	 8 	 5 	 3 	 171414994944.000000 	 224395001856.000000 	 395809980416.000000 	 0.000000 	 0.000000 
0.000000 	 8 	 5 	 4 	 171414994944.000000 	 224395001856.000000 	 395809980416.000000 	 0.000000 	 0.000000 
0.000000 	 8 	 5 	 6 	 171414994944.000000 	 224395001856.000000 	 395809980416.000000 	 0.000000 	 0.000000 
0.000000 	 8 	 5 	 7 	 171414994944.000000 	 224395001856.000000 	 395809980416.000000 	 0.000000 	 0.000000 
0.000000 	 8 	 5 	 9 	 171414994944.000000 	 224395001856.000000 	 395809980416.000000 	 0.000000 	 0.000000 
0.000000 	 8 	 6 	 0 	 171414994944.000000 	 183852007424.000000 	 355266985984.000000 	 0.000000 	 0.000000 
0.000000 	 8 	 6 	 1 	 171414994944.000000 	 183852007424.000000 	 355266985984.000000 	 0.000000 	 0.000000 
0.000000 	 8 	 6 	 2 	 171414994944.000000 	 183852007424.000000 	 355266985984.000000 	 0.000000 	 0.000000 
0.000000 	 8 	 6 	 3 	 171414994944.000000 	 183852007424.000000 	 355266985984.000000 	 0.000000 	 0.000000 
0.000000 	 8 	 6 	 4 	 171414994944.000000 	 183852007424.000000 	 355266985984.000000 	 0.000000 	 0.000000 
0.000000 	 8 	 6 	 5 	 171414994944.000000 	 183852007424.000000 	 355266985984.000000 	 0.000000 	 0.000000 
0.000000 	 8 	 6 	 7 	 171414994944.000000 	 183852007424.000000 	 355266985984.000000 	 0.000000 	 0.000000 
0.000000 	 8 	 6 	 9 	 171414994944.000000 	 183852007424.000000 	 355266985984.000000 	 0.000000 	 0.000000 
0.000000 	 8 	 7 	 0 	 171414994944.000000 	 175697002496.000000 	 347112013824.000000 	 0.000000 	 0.000000 
0.000000 	 8 	 7 	 1 	 171414994944.000000 	 175697002496.000000 	 347112013824.000000 	 0.000000 	 0.000000 
0.000000 	 8 	 7 	 2 	 171414994944.000000 	 175697002496.000000 	 347112013824.000000 	 0.000000 	 0.000000 
0.000000 	 8 	 7 	 3 	 171414994944.000000 	 175697002496.000000 	 347112013824.000000 	 0.000000 	 0.000000 
0.000000 	 8 	 7 	 4 	 171414994944.000000 	 175697002496.000000 	 347112013824.000000 	 0.000000 	 0.000000 
0.000000 	 8 	 7 	 5 	 171414994944.000000 	 175697002496.000000 	 347112013824.000000 	 0.000000 	 0.000000 
0.000000 	 8 	 7 	 6 	 171414994944.000000 	 175697002496.000000 	 347112013824.000000 	 0.000000 	 0.000000 
0.000000 	 8 	 7 	 9 	 171414994944.000000 	 175697002496.000000 	 347112013824.000000 	 0.000000 	 0.000000 
0.000000 	 8 	 9 	 0 	 171414994944.000000 	 170801004544.000000 	 342216015872.000000 	 0.000000 	 0.000000 
0.000000 	 8 	 9 	 1 	 171414994944.000000 	 170801004544.000000 	 342216015872.000000 	 0.000000 	 0.000000 
0.000000 	 8 	 9 	 2 	 171414994944.000000 	 170801004544.000000 	 342216015872.000000 	 0.000000 	 0.000000 
0.000000 	 8 	 9 	 3 	 171414994944.000000 	 170801004544.000000 	 342216015872.000000 	 0.000000 	 0.000000 
0.000000 	 8 	 9 	 4 	 171414994944.000000 	 170801004544.000000 	 342216015872.000000 	 0.000000 	 0.000000 
0.000000 	 8 	 9 	 5 	 171414994944.000000 	 170801004544.000000 	 342216015872.000000 	 0.000000 	 0.000000 
0.000000 	 8 	 9 	 6 	 171414994944.000000 	 170801004544.000000 	 342216015872.000000 	 0.000000 	 0.000000 
0.000000 	 8 	 9 	 7 	 171414994944.000000 	 170801004544.000000 	 342216015872.000000 	 0.000000 	 0.000000 
20.977769 	 9 	 0 	 1 	 170801004544.000000 	 527669985280.000000 	 698471022592.000000 	 0.000000 	 0.000000 
11.118567 	 9 	 0 	 2 	 170801004544.000000 	 527669985280.000000 	 698471022592.000000 	 0.000000 	 0.000000 
38.608048 	 9 	 0 	 3 	 170801004544.000000 	 527669985280.000000 	 698471022592.000000 	 0.000000 	 0.000000 
69.289497 	 9 	 0 	 4 	 170801004544.000000 	 527669985280.000000 	 698471022592.000000 	 0.000000 	 0.000000 
5.316125 	 9 	 0 	 5 	 170801004544.000000 	 527669985280.000000 	 698471022592.000000 	 0.000000 	 0.000000 
4.676578 	 9 	 0 	 6 	 170801004544.000000 	 527669985280.000000 	 698471022592.000000 	 0.000000 	 0.000000 
53.195547 	 9 	 0 	 7 	 170801004544.000000 	 527669985280.000000 	 698471022592.000000 	 0.000000 	 0.000000 
48.389845 	 9 	 0 	 8 	 170801004544.000000 	 527669985280.000000 	 698471022592.000000 	 0.000000 	 0.000000 
0.000000 	 9 	 1 	 0 	 170801004544.000000 	 342218014720.000000 	 513019019264.000000 	 0.000000 	 0.000000 
0.000000 	 9 	 1 	 2 	 170801004544.000000 	 342218014720.000000 	 513019019264.000000 	 0.000000 	 0.000000 
0.000000 	 9 	 1 	 3 	 170801004544.000000 	 342218014720.000000 	 513019019264.000000 	 0.000000 	 0.000000 
0.000000 	 9 	 1 	 4 	 170801004544.000000 	 342218014720.000000 	 513019019264.000000 	 0.000000 	 0.000000 
0.000000 	 9 	 1 	 5 	 170801004544.000000 	 342218014720.000000 	 513019019264.000000 	 0.000000 	 0.000000 
0.000000 	 9 	 1 	 6 	 170801004544.000000 	 342218014720.000000 	 513019019264.000000 	 0.000000 	 0.000000 
0.000000 	 9 	 1 	 7 	 170801004544.000000 	 342218014720.000000 	 513019019264.000000 	 0.000000 	 0.000000 
0.000000 	 9 	 1 	 8 	 170801004544.000000 	 342218014720.000000 	 513019019264.000000 	 0.000000 	 0.000000 
0.000000 	 9 	 2 	 0 	 170801004544.000000 	 277805006848.000000 	 448606011392.000000 	 0.000000 	 0.000000 
0.000000 	 9 	 2 	 1 	 170801004544.000000 	 277805006848.000000 	 448606011392.000000 	 0.000000 	 0.000000 
0.000000 	 9 	 2 	 3 	 170801004544.000000 	 277805006848.000000 	 448606011392.000000 	 0.000000 	 0.000000 
0.000000 	 9 	 2 	 4 	 170801004544.000000 	 277805006848.000000 	 448606011392.000000 	 0.000000 	 0.000000 
0.000000 	 9 	 2 	 5 	 170801004544.000000 	 277805006848.000000 	 448606011392.000000 	 0.000000 	 0.000000 
0.000000 	 9 	 2 	 6 	 170801004544.000000 	 277805006848.000000 	 448606011392.000000 	 0.000000 	 0.000000 
0.000000 	 9 	 2 	 7 	 170801004544.000000 	 277805006848.000000 	 448606011392.000000 	 0.000000 	 0.000000 
0.000000 	 9 	 2 	 8 	 170801004544.000000 	 277805006848.000000 	 448606011392.000000 	 0.000000 	 0.000000 
0.000000 	 9 	 3 	 0 	 170801004544.000000 	 269431996416.000000 	 440233000960.000000 	 0.000000 	 0.000000 
0.000000 	 9 	 3 	 1 	 170801004544.000000 	 269431996416.000000 	 440233000960.000000 	 0.000000 	 0.000000 
0.000000 	 9 	 3 	 2 	 170801004544.000000 	 269431996416.000000 	 440233000960.000000 	 0.000000 	 0.000000 
0.000000 	 9 	 3 	 4 	 170801004544.000000 	 269431996416.000000 	 440233000960.000000 	 0.000000 	 0.000000 
0.000000 	 9 	 3 	 5 	 170801004544.000000 	 269431996416.000000 	 440233000960.000000 	 0.000000 	 0.000000 
0.000000 	 9 	 3 	 6 	 170801004544.000000 	 269431996416.000000 	 440233000960.000000 	 0.000000 	 0.000000 
0.000000 	 9 	 3 	 7 	 170801004544.000000 	 269431996416.000000 	 440233000960.000000 	 0.000000 	 0.000000 
0.000000 	 9 	 3 	 8 	 170801004544.000000 	 269431996416.000000 	 440233000960.000000 	 0.000000 	 0.000000 
0.000000 	 9 	 4 	 0 	 170801004544.000000 	 234141007872.000000 	 404942028800.000000 	 0.000000 	 0.000000 
0.000000 	 9 	 4 	 1 	 170801004544.000000 	 234141007872.000000 	 404942028800.000000 	 0.000000 	 0.000000 
0.000000 	 9 	 4 	 2 	 170801004544.000000 	 234141007872.000000 	 404942028800.000000 	 0.000000 	 0.000000 
0.000000 	 9 	 4 	 3 	 170801004544.000000 	 234141007872.000000 	 404942028800.000000 	 0.000000 	 0.000000 
0.000000 	 9 	 4 	 5 	 170801004544.000000 	 234141007872.000000 	 404942028800.000000 	 0.000000 	 0.000000 
0.000000 	 9 	 4 	 6 	 170801004544.000000 	 234141007872.000000 	 404942028800.000000 	 0.000000 	 0.000000 
0.000000 	 9 	 4 	 7 	 170801004544.000000 	 234141007872.000000 	 404942028800.000000 	 0.000000 	 0.000000 
0.000000 	 9 	 4 	 8 	 170801004544.000000 	 234141007872.000000 	 404942028800.000000 	 0.000000 	 0.000000 
0.000000 	 9 	 5 	 0 	 170801004544.000000 	 224395001856.000000 	 395196006400.000000 	 0.000000 	 0.000000 
0.000000 	 9 	 5 	 1 	 170801004544.000000 	 224395001856.000000 	 395196006400.000000 	 0.000000 	 0.000000 
0.000000 	 9 	 5 	 2 	 170801004544.000000 	 224395001856.000000 	 395196006400.000000 	 0.000000 	 0.000000 
0.000000 	 9 	 5 	 3 	 170801004544.000000 	 224395001856.000000 	 395196006400.000000 	 0.000000 	 0.000000 
0.000000 	 9 	 5 	 4 	 170801004544.000000 	 224395001856.000000 	 395196006400.000000 	 0.000000 	 0.000000 
0.000000 	 9 	 5 	 6 	 170801004544.000000 	 224395001856.000000 	 395196006400.000000 	 0.000000 	 0.000000 
0.000000 	 9 	 5 	 7 	 170801004544.000000 	 224395001856.000000 	 395196006400.000000 	 0.000000 	 0.000000 
0.000000 	 9 	 5 	 8 	 170801004544.000000 	 224395001856.000000 	 395196006400.000000 	 0.000000 	 0.000000 
0.000000 	 9 	 6 	 0 	 170801004544.000000 	 183852007424.000000 	 354653011968.000000 	 0.000000 	 0.000000 
0.000000 	 9 	 6 	 1 	 170801004544.000000 	 183852007424.000000 	 354653011968.000000 	 0.000000 	 0.000000 
0.000000 	 9 	 6 	 2 	 170801004544.000000 	 183852007424.000000 	 354653011968.000000 	 0.000000 	 0.000000 
0.000000 	 9 	 6 	 3 	 170801004544.000000 	 183852007424.000000 	 354653011968.000000 	 0.000000 	 0.000000 
0.000000 	 9 	 6 	 4 	 170801004544.000000 	 183852007424.000000 	 354653011968.000000 	 0.000000 	 0.000000 
0.000000 	 9 	 6 	 5 	 170801004544.000000 	 183852007424.000000 	 354653011968.000000 	 0.000000 	 0.000000 
0.000000 	 9 	 6 	 7 	 170801004544.000000 	 183852007424.000000 	 354653011968.000000 	 0.000000 	 0.000000 
0.000000 	 9 	 6 	 8 	 170801004544.000000 	 183852007424.000000 	 354653011968.000000 	 0.000000 	 0.000000 
0.000000 	 9 	 7 	 0 	 170801004544.000000 	 175697002496.000000 	 346498007040.000000 	 0.000000 	 0.000000 
0.000000 	 9 	 7 	 1 	 170801004544.000000 	 175697002496.000000 	 346498007040.000000 	 0.000000 	 0.000000 
0.000000 	 9 	 7 	 2 	 170801004544.000000 	 175697002496.000000 	 346498007040.000000 	 0.000000 	 0.000000 
0.000000 	 9 	 7 	 3 	 170801004544.000000 	 175697002496.000000 	 346498007040.000000 	 0.000000 	 0.000000 
0.000000 	 9 	 7 	 4 	 170801004544.000000 	 175697002496.000000 	 346498007040.000000 	 0.000000 	 0.000000 
0.000000 	 9 	 7 	 5 	 170801004544.000000 	 175697002496.000000 	 346498007040.000000 	 0.000000 	 0.000000 
0.000000 	 9 	 7 	 6 	 170801004544.000000 	 175697002496.000000 	 346498007040.000000 	 0.000000 	 0.000000 
0.000000 	 9 	 7 	 8 	 170801004544.000000 	 175697002496.000000 	 346498007040.000000 	 0.000000 	 0.000000 
0.000000 	 9 	 8 	 0 	 170801004544.000000 	 171414994944.000000 	 342216015872.000000 	 0.000000 	 0.000000 
0.000000 	 9 	 8 	 1 	 170801004544.000000 	 171414994944.000000 	 342216015872.000000 	 0.000000 	 0.000000 
0.000000 	 9 	 8 	 2 	 170801004544.000000 	 171414994944.000000 	 342216015872.000000 	 0.000000 	 0.000000 
0.000000 	 9 	 8 	 3 	 170801004544.000000 	 171414994944.000000 	 342216015872.000000 	 0.000000 	 0.000000 
0.000000 	 9 	 8 	 4 	 170801004544.000000 	 171414994944.000000 	 342216015872.000000 	 0.000000 	 0.000000 
0.000000 	 9 	 8 	 5 	 170801004544.000000 	 171414994944.000000 	 342216015872.000000 	 0.000000 	 0.000000 
0.000000 	 9 	 8 	 6 	 170801004544.000000 	 171414994944.000000 	 342216015872.000000 	 0.000000 	 0.000000 
0.000000 	 9 	 8 	 7 	 170801004544.000000 	 171414994944.000000 	 342216015872.000000 	 0.000000 	 0.000000 
