66022.531250 	 23223.578125 	 24797.851562 	 284.028076 	 -330.136566 	 -226.119186 	 1.000000 
66118.960938 	 23347.240234 	 24782.781250 	 212.461243 	 -490.052734 	 -381.517426 	 1.000000 
66256.437500 	 23282.449219 	 24770.648438 	 225.431778 	 -446.993744 	 -126.958466 	 1.000000 
65940.500000 	 23084.009766 	 24717.599609 	 212.973801 	 -430.436859 	 -102.361237 	 1.000000 
65977.640625 	 23178.285156 	 24829.470703 	 335.469452 	 -475.123291 	 -89.805946 	 1.000000 
65736.460938 	 23138.857422 	 24674.740234 	 197.438019 	 -323.467010 	 -348.523895 	 1.000000 
65940.695312 	 23124.021484 	 24913.595703 	 358.386566 	 -382.443878 	 -422.536682 	 1.000000 
66000.539062 	 23191.746094 	 24816.125000 	 537.494019 	 -458.394135 	 4.825498 	 1.000000 
66008.914062 	 23066.746094 	 24811.541016 	 149.687180 	 -265.033661 	 -65.165527 	 1.000000 
66241.460938 	 23209.548828 	 24783.937500 	 341.505829 	 -537.164490 	 -204.263062 	 1.000000 
65884.601562 	 23331.902344 	 24767.603516 	 285.933929 	 -436.532562 	 -195.531494 	 1.000000 
65899.421875 	 22929.337891 	 24801.505859 	 226.786407 	 -500.702026 	 -132.481110 	 1.000000 
65981.015625 	 23112.847656 	 24867.726562 	 474.967834 	 -335.156677 	 16.402719 	 1.000000 
65987.546875 	 23399.501953 	 24712.107422 	 181.735291 	 -577.553406 	 -368.478271 	 1.000000 
65949.187500 	 23461.900391 	 24664.867188 	 227.119278 	 -412.415741 	 -339.375427 	 1.000000 
65724.601562 	 23134.083984 	 24691.130859 	 239.048141 	 -291.547913 	 -206.563263 	 1.000000 
65947.101562 	 23259.890625 	 24884.570312 	 491.296051 	 -201.503281 	 -343.200867 	 1.000000 
66116.882812 	 23367.845703 	 24713.718750 	 249.936111 	 -366.212585 	 -334.004639 	 1.000000 
65908.445312 	 23123.216797 	 24822.550781 	 299.328339 	 -463.122131 	 -431.041382 	 1.000000 
65879.484375 	 23337.119141 	 24702.531250 	 292.239929 	 -511.875763 	 -204.269638 	 1.000000 
66153.867188 	 23237.968750 	 24690.599609 	 300.986420 	 -408.620514 	 -364.684875 	 1.000000 
65955.875000 	 23169.775391 	 24838.021484 	 164.352127 	 -208.350555 	 -454.717102 	 1.000000 
65936.171875 	 23026.916016 	 24873.058594 	 329.942444 	 -326.942871 	 -88.645584 	 1.000000 
65996.820312 	 23258.867188 	 24781.832031 	 344.437164 	 -83.454643 	 -477.813538 	 1.000000 
66052.804688 	 23259.271484 	 24644.390625 	 124.509773 	 -445.390961 	 -218.384079 	 1.000000 
66147.710938 	 23399.095703 	 24814.685547 	 280.009155 	 -334.019745 	 -403.270447 	 1.000000 
66073.578125 	 23340.193359 	 24655.738281 	 435.898163 	 -368.548431 	 -110.655838 	 1.000000 
66053.679688 	 23308.773438 	 24877.173828 	 484.150635 	 -382.897949 	 -303.993652 	 1.000000 
66107.453125 	 23384.101562 	 24979.470703 	 229.984116 	 -237.331528 	 -376.229950 	 1.000000 
65992.781250 	 23160.242188 	 24791.710938 	 82.888489 	 -99.662476 	 -253.112625 	 1.000000 
65826.695312 	 23109.011719 	 24828.906250 	 194.086914 	 -314.139923 	 -229.655899 	 1.000000 
65824.070312 	 22960.000000 	 24907.333984 	 323.532166 	 -263.904694 	 -46.896721 	 1.000000 
65843.437500 	 23190.564453 	 24813.708984 	 91.876274 	 -261.224335 	 -373.289673 	 1.000000 
66218.484375 	 23241.980469 	 24777.462891 	 291.614563 	 -117.556000 	 -317.464447 	 1.000000 
66042.664062 	 23167.134766 	 24930.296875 	 269.411346 	 -484.266327 	 -87.549210 	 1.000000 
66089.031250 	 23076.716797 	 24842.158203 	 196.217209 	 -493.225769 	 -395.561768 	 1.000000 
66192.148438 	 23194.044922 	 24898.267578 	 408.527740 	 -292.583679 	 -425.975006 	 1.000000 
65929.562500 	 23359.330078 	 24891.699219 	 378.704346 	 -297.858612 	 -339.038940 	 1.000000 
65869.546875 	 23299.923828 	 24907.710938 	 471.132507 	 -206.919281 	 -160.104462 	 1.000000 
65965.820312 	 23109.365234 	 24863.113281 	 417.554718 	 -375.016785 	 -151.808304 	 1.000000 
66053.882812 	 23116.316406 	 24710.009766 	 393.928894 	 -409.761047 	 -158.180206 	 1.000000 
65982.671875 	 23179.705078 	 24657.916016 	 269.373779 	 -441.460815 	 -48.064568 	 1.000000 
65986.742188 	 23198.857422 	 24843.226562 	 283.478027 	 -37.102558 	 -190.433212 	 1.000000 
66194.953125 	 23246.683594 	 24676.169922 	 186.573837 	 -398.857300 	 -320.186523 	 1.000000 
66205.804688 	 23180.541016 	 24949.677734 	 130.686203 	 -233.633438 	 -295.451538 	 1.000000 
65845.984375 	 23050.791016 	 24726.208984 	 289.818878 	 -378.363983 	 8.191345 	 1.000000 
66108.414062 	 23185.814453 	 24920.070312 	 252.569946 	 -228.169235 	 -156.112427 	 1.000000 
66008.195312 	 23253.394531 	 24733.628906 	 422.976044 	 -628.018066 	 -347.941376 	 1.000000 
65853.570312 	 23294.798828 	 24843.699219 	 354.614105 	 -204.666580 	 -304.061096 	 1.000000 
66063.882812 	 23187.960938 	 24855.771484 	 31.510612 	 -388.193726 	 -291.239166 	 1.000000 
66082.085938 	 23131.017578 	 24906.050781 	 349.208374 	 -185.943375 	 -81.972946 	 1.000000 
66020.773438 	 23078.777344 	 24763.953125 	 238.556168 	 -256.610107 	 -484.825897 	 1.000000 
66202.085938 	 23366.031250 	 24813.572266 	 287.853607 	 -336.497375 	 -376.850708 	 1.000000 
66091.390625 	 23201.855469 	 24758.091797 	 379.069458 	 -530.927002 	 -159.316666 	 1.000000 
65996.000000 	 23294.273438 	 24761.783203 	 173.158920 	 -552.343811 	 -398.210724 	 1.000000 
65971.453125 	 23092.703125 	 24863.535156 	 242.221710 	 -273.556091 	 -50.253418 	 1.000000 
66017.031250 	 23048.503906 	 24857.183594 	 371.459503 	 -537.477478 	 -341.224091 	 1.000000 
66061.367188 	 23147.066406 	 24995.648438 	 406.370758 	 -182.618149 	 -97.228981 	 1.000000 
66106.179688 	 23023.496094 	 24899.740234 	 445.697205 	 -225.976791 	 -316.791534 	 1.000000 
65953.476562 	 23173.892578 	 24640.308594 	 329.339233 	 -494.414612 	 -118.171913 	 1.000000 
66093.750000 	 23085.802734 	 24920.441406 	 332.578613 	 -178.923721 	 -225.463135 	 1.000000 
65917.203125 	 23336.998047 	 24627.666016 	 438.847321 	 -274.522858 	 -221.100342 	 1.000000 
66235.859375 	 23238.779297 	 24684.945312 	 272.336792 	 -265.092163 	 -404.483521 	 1.000000 
66022.437500 	 23244.638672 	 24732.000000 	 457.109344 	 -628.375488 	 -281.493835 	 1.000000 
66198.242188 	 23240.287109 	 24811.822266 	 289.497406 	 -399.093292 	 -137.917740 	 1.000000 
66017.328125 	 23165.044922 	 24695.308594 	 93.904755 	 -487.835785 	 -113.880501 	 1.000000 
65952.492188 	 23097.287109 	 24772.103516 	 357.181000 	 -456.480682 	 -32.357227 	 1.000000 
65975.742188 	 23291.464844 	 24678.644531 	 211.965759 	 -535.527893 	 -242.016846 	 1.000000 
66018.210938 	 23080.349609 	 24964.585938 	 399.320557 	 -258.294128 	 -180.835175 	 1.000000 
65937.039062 	 23092.093750 	 24998.455078 	 273.484253 	 -390.381714 	 -240.832260 	 1.000000 
65968.382812 	 23348.146484 	 24771.164062 	 421.519745 	 -432.747742 	 -346.461670 	 1.000000 
65943.570312 	 23365.884766 	 24689.494141 	 181.249680 	 -410.578979 	 -149.895752 	 1.000000 
66012.070312 	 23007.144531 	 24927.876953 	 296.654175 	 -155.904755 	 -363.258636 	 1.000000 
65951.781250 	 23031.806641 	 24882.511719 	 128.820236 	 -281.075684 	 -171.975754 	 1.000000 
65113.152344 	 24478.537109 	 24674.410156 	 336.376038 	 -346.971375 	 -237.073456 	 1.000000 
65051.843750 	 24434.910156 	 24601.408203 	 341.042938 	 -197.527267 	 -225.333847 	 1.000000 
65147.605469 	 24421.730469 	 24673.076172 	 277.013672 	 -385.225677 	 -396.786560 	 1.000000 
65156.414062 	 24450.240234 	 24682.769531 	 312.284454 	 -261.692719 	 -266.397308 	 1.000000 
65111.890625 	 24333.615234 	 24654.611328 	 228.578461 	 -315.249939 	 -319.979309 	 1.000000 
65099.789062 	 24446.564453 	 24567.744141 	 304.279388 	 -424.384186 	 -403.594757 	 1.000000 
65132.441406 	 24596.798828 	 24698.337891 	 422.899628 	 -305.961334 	 -347.169434 	 1.000000 
64993.105469 	 24585.111328 	 24659.091797 	 361.332550 	 -315.328918 	 -152.602539 	 1.000000 
65127.976562 	 24374.796875 	 24716.437500 	 424.475250 	 -396.722687 	 -247.020798 	 1.000000 
65087.136719 	 24421.550781 	 24672.421875 	 389.055481 	 -164.360275 	 -234.522537 	 1.000000 
65176.355469 	 24568.667969 	 24599.636719 	 289.868042 	 -325.937073 	 -331.283905 	 1.000000 
65163.699219 	 24366.681641 	 24819.062500 	 319.664215 	 -325.051361 	 -237.892349 	 1.000000 
65059.128906 	 24458.523438 	 24723.953125 	 379.884216 	 -468.079956 	 -260.417725 	 1.000000 
65090.671875 	 24468.593750 	 24541.701172 	 308.154663 	 -252.581940 	 -169.531509 	 1.000000 
65070.218750 	 24567.691406 	 24622.675781 	 220.543503 	 -399.942596 	 -234.433197 	 1.000000 
65161.781250 	 24529.769531 	 24625.708984 	 511.469452 	 -219.819443 	 -268.923553 	 1.000000 
65052.792969 	 24462.894531 	 24554.931641 	 292.043091 	 -220.240219 	 -272.147797 	 1.000000 
65198.238281 	 24504.300781 	 24668.761719 	 378.176819 	 -299.328094 	 -409.212982 	 1.000000 
65146.289062 	 24318.580078 	 24748.439453 	 295.004242 	 -362.381439 	 -370.695953 	 1.000000 
65138.542969 	 24370.531250 	 24709.000000 	 451.415741 	 -357.824402 	 -222.034836 	 1.000000 
65140.628906 	 24393.173828 	 24692.203125 	 195.050415 	 -404.697632 	 -115.737152 	 1.000000 
65229.195312 	 24605.558594 	 24630.414062 	 283.424530 	 -289.840210 	 -361.465240 	 1.000000 
65118.628906 	 24442.707031 	 24625.841797 	 429.384186 	 -437.700073 	 -170.092743 	 1.000000 
65169.582031 	 24485.820312 	 24601.318359 	 323.075714 	 -316.137238 	 -232.961502 	 1.000000 
65226.722656 	 24472.044922 	 24754.798828 	 311.714874 	 -295.813751 	 -201.235580 	 1.000000 
65091.121094 	 24433.400391 	 24616.044922 	 221.128067 	 -269.327423 	 -288.630707 	 1.000000 
65130.714844 	 24494.101562 	 24573.609375 	 246.510147 	 -370.275604 	 -311.315308 	 1.000000 
65261.558594 	 24568.451172 	 24615.490234 	 321.756226 	 -417.364349 	 -287.819489 	 1.000000 
65097.210938 	 24499.919922 	 24726.517578 	 280.519745 	 -245.362000 	 -425.668335 	 1.000000 
65161.027344 	 24107.419922 	 24862.021484 	 309.293365 	 -272.279144 	 -238.042450 	 1.000000 
65225.792969 	 24192.939453 	 24801.468750 	 308.119019 	 -338.270782 	 -303.473755 	 1.000000 
65065.355469 	 24030.205078 	 24820.917969 	 357.704285 	 -260.041260 	 -113.484932 	 1.000000 
65221.363281 	 24149.462891 	 24781.802734 	 193.392166 	 -202.317764 	 -307.537567 	 1.000000 
65268.546875 	 24145.160156 	 24910.117188 	 212.727463 	 -248.932312 	 -289.290771 	 1.000000 
65153.964844 	 24097.626953 	 24824.427734 	 299.103912 	 -212.421829 	 -237.439407 	 1.000000 
65190.667969 	 24136.775391 	 24730.667969 	 314.462799 	 -174.671585 	 -194.612961 	 1.000000 
65278.425781 	 23965.236328 	 24890.650391 	 338.687134 	 -359.427704 	 -205.084229 	 1.000000 
65227.078125 	 24041.759766 	 24806.410156 	 201.547012 	 -264.470886 	 -164.028152 	 1.000000 
65246.562500 	 24126.220703 	 24808.568359 	 181.040695 	 -221.059097 	 -156.721924 	 1.000000 
65258.484375 	 24142.849609 	 24944.443359 	 296.416748 	 -345.359039 	 -225.654663 	 1.000000 
65178.964844 	 24201.750000 	 24916.390625 	 333.290405 	 -294.612579 	 -346.235962 	 1.000000 
65092.968750 	 24035.335938 	 24935.482422 	 351.207001 	 -325.071533 	 -364.526581 	 1.000000 
65277.359375 	 24131.419922 	 24752.433594 	 262.884430 	 -231.927841 	 -156.846527 	 1.000000 
65282.285156 	 24070.392578 	 24868.587891 	 275.407104 	 -177.222366 	 -351.934509 	 1.000000 
65108.492188 	 24028.121094 	 24897.810547 	 381.340149 	 -264.821289 	 -140.625366 	 1.000000 
64207.480469 	 25560.355469 	 24322.751953 	 251.967224 	 -277.125916 	 -249.124176 	 1.000000 
64205.972656 	 25516.992188 	 24294.933594 	 287.091583 	 -260.105408 	 -254.219879 	 1.000000 
64176.050781 	 25530.820312 	 24332.087891 	 295.321503 	 -254.267044 	 -194.421097 	 1.000000 
64261.523438 	 25503.369141 	 24355.734375 	 267.593750 	 -271.445282 	 -254.480850 	 1.000000 
66141.710938 	 23720.023438 	 25294.294922 	 249.468765 	 -429.683594 	 -193.565262 	 1.000000 
66236.195312 	 23675.189453 	 25269.917969 	 157.681519 	 -375.989502 	 -220.417831 	 1.000000 
66215.640625 	 23669.431641 	 25324.609375 	 158.979980 	 -347.644073 	 -170.337097 	 1.000000 
66189.203125 	 23645.992188 	 25311.257812 	 174.411194 	 -359.337769 	 -193.009079 	 1.000000 
66246.734375 	 23653.480469 	 25261.611328 	 166.319946 	 -381.948181 	 -182.567841 	 1.000000 
66078.460938 	 23692.906250 	 25252.744141 	 185.385101 	 -355.616211 	 -198.708954 	 1.000000 
66159.390625 	 23669.769531 	 25317.156250 	 169.284882 	 -349.003601 	 -175.286758 	 1.000000 
66153.375000 	 23653.179688 	 25284.361328 	 267.091980 	 -465.321472 	 -225.913895 	 1.000000 
66113.226562 	 23728.566406 	 25322.781250 	 205.454163 	 -446.210632 	 -247.812546 	 1.000000 
66129.773438 	 23710.115234 	 25251.775391 	 269.147461 	 -396.441254 	 -172.041031 	 1.000000 
64008.941406 	 25312.238281 	 24425.369141 	 329.934906 	 -208.300018 	 -263.361847 	 1.000000 
63998.707031 	 25325.486328 	 24449.273438 	 348.817200 	 -170.511078 	 -254.532288 	 1.000000 
64031.183594 	 25306.552734 	 24418.490234 	 346.974731 	 -177.479523 	 -247.320404 	 1.000000 
63979.906250 	 25287.613281 	 24393.083984 	 318.295746 	 -230.277451 	 -258.135040 	 1.000000 
64131.597656 	 25565.386719 	 24427.226562 	 269.124146 	 -231.255234 	 -255.132324 	 1.000000 
64138.761719 	 25567.257812 	 24455.681641 	 324.750214 	 -219.901413 	 -205.141083 	 1.000000 
64099.886719 	 25590.730469 	 24416.607422 	 305.970184 	 -288.317261 	 -224.012772 	 1.000000 
66073.296875 	 23383.125000 	 25188.757812 	 325.321747 	 -278.153809 	 -284.433746 	 1.000000 
65044.074219 	 22312.775391 	 24832.615234 	 401.352173 	 -249.891388 	 -50.874683 	 1.000000 
65039.398438 	 22316.521484 	 24841.273438 	 445.493591 	 -278.092072 	 -117.986320 	 1.000000 
65160.679688 	 22227.623047 	 25124.394531 	 317.872650 	 -376.935822 	 -266.225494 	 1.000000 
66400.375000 	 24935.732422 	 24052.458984 	 277.567413 	 -293.160065 	 -178.655426 	 1.000000 
63053.894531 	 24356.722656 	 24904.677734 	 351.110687 	 -148.975525 	 -115.755508 	 1.000000 
63062.726562 	 24356.986328 	 24921.986328 	 351.191620 	 -176.275360 	 -108.349007 	 1.000000 
63088.031250 	 24384.261719 	 24935.343750 	 334.727722 	 -164.995621 	 -128.718964 	 1.000000 
63071.890625 	 24379.396484 	 24922.261719 	 390.555847 	 -153.932190 	 -112.624878 	 1.000000 
63069.187500 	 24421.195312 	 24964.375000 	 349.916260 	 -175.307358 	 -107.957260 	 1.000000 
63058.332031 	 24383.386719 	 24894.492188 	 335.184662 	 -136.497864 	 -109.818703 	 1.000000 
64818.406250 	 23650.208984 	 25352.812500 	 386.865021 	 -295.128021 	 -255.039566 	 1.000000 
64818.062500 	 23697.517578 	 25341.353516 	 373.651764 	 -288.322968 	 -229.385208 	 1.000000 
65521.019531 	 24004.457031 	 24105.400391 	 236.568359 	 -385.163666 	 -181.800125 	 1.000000 
65529.019531 	 24026.892578 	 24123.517578 	 232.940598 	 -393.254517 	 -200.082306 	 1.000000 
65522.511719 	 24003.136719 	 24086.980469 	 273.577484 	 -351.778351 	 -223.432312 	 1.000000 
65644.382812 	 25449.158203 	 23178.914062 	 195.960388 	 -344.210236 	 -273.222290 	 1.000000 
65690.359375 	 25440.638672 	 23204.736328 	 208.649765 	 -351.079956 	 -297.335419 	 1.000000 
63896.492188 	 25439.714844 	 23979.257812 	 256.490509 	 -218.113953 	 -204.664917 	 1.000000 
65969.804688 	 23923.160156 	 25380.080078 	 290.232758 	 -394.694916 	 -263.620178 	 1.000000 
65985.484375 	 25178.056641 	 24164.916016 	 270.168488 	 -289.490234 	 -185.570251 	 1.000000 
64884.820312 	 23671.554688 	 24459.005859 	 217.099304 	 -363.987885 	 -255.315262 	 1.000000 
64891.656250 	 23718.783203 	 24497.777344 	 319.078644 	 -324.989716 	 -131.460526 	 1.000000 
64303.582031 	 23886.035156 	 26197.583984 	 354.086121 	 -247.378906 	 -135.585052 	 1.000000 
64480.179688 	 25532.453125 	 24224.169922 	 265.146759 	 -255.316971 	 -270.094604 	 1.000000 
64014.523438 	 25453.785156 	 24473.259766 	 258.622192 	 -224.767883 	 -215.968842 	 1.000000 
64504.574219 	 24779.857422 	 24812.443359 	 322.288452 	 -312.728119 	 -196.536072 	 1.000000 
65464.828125 	 24510.332031 	 23871.693359 	 212.482086 	 -380.653809 	 -225.576233 	 1.000000 
65480.894531 	 24518.251953 	 23904.648438 	 198.484329 	 -351.039520 	 -231.683212 	 1.000000 
65781.187500 	 24085.910156 	 24527.857422 	 237.083130 	 -374.589844 	 -153.506516 	 1.000000 
64118.964844 	 25519.703125 	 24696.312500 	 310.706573 	 -228.248383 	 -293.732239 	 1.000000 
66058.773438 	 24831.349609 	 24916.896484 	 192.498932 	 -403.636047 	 -351.400757 	 1.000000 
66055.992188 	 24839.111328 	 24888.357422 	 190.139908 	 -429.158112 	 -337.638519 	 1.000000 
66031.781250 	 24847.576172 	 24939.265625 	 211.136292 	 -399.051910 	 -334.151459 	 1.000000 
63689.222656 	 25257.916016 	 25072.117188 	 297.815063 	 -221.825699 	 -269.601898 	 1.000000 
64354.679688 	 24258.416016 	 25256.531250 	 360.034729 	 -269.936371 	 -268.926788 	 1.000000 
64949.128906 	 23398.167969 	 25754.507812 	 339.011505 	 -327.373138 	 -258.246735 	 1.000000 
64874.976562 	 22734.751953 	 25663.748047 	 395.377472 	 -341.695496 	 -216.570724 	 1.000000 
64072.101562 	 25492.814453 	 24966.525391 	 302.783386 	 -241.736420 	 -286.185181 	 1.000000 
63662.597656 	 25258.669922 	 23701.812500 	 197.975464 	 -217.078262 	 -219.347549 	 1.000000 
65676.796875 	 23225.501953 	 24696.691406 	 320.305542 	 -347.839661 	 -147.642380 	 1.000000 
65624.265625 	 23240.718750 	 24674.482422 	 212.886414 	 -383.193024 	 -189.244827 	 1.000000 
65858.718750 	 25439.609375 	 23944.775391 	 269.619110 	 -274.380859 	 -187.516098 	 1.000000 
66254.882812 	 23788.312500 	 25410.498047 	 252.836014 	 -356.066620 	 -92.628822 	 1.000000 
65835.570312 	 23407.791016 	 24250.503906 	 239.107452 	 -423.749176 	 -133.372971 	 1.000000 
65137.937500 	 22729.402344 	 23520.074219 	 397.473358 	 -211.710068 	 -57.125916 	 3.000000 
64871.550781 	 23508.560547 	 25478.636719 	 376.779694 	 -294.843262 	 -246.271988 	 1.000000 
66143.648438 	 24186.652344 	 23658.402344 	 221.043823 	 -384.149841 	 -237.846069 	 1.000000 
67171.429688 	 24049.333984 	 25078.640625 	 203.260086 	 -436.801422 	 -370.485138 	 1.000000 
64863.023438 	 23944.248047 	 26196.541016 	 336.050598 	 -307.731171 	 -223.491409 	 1.000000 
66329.296875 	 24889.341797 	 24014.765625 	 270.807587 	 -271.930878 	 -184.028580 	 1.000000 
66309.468750 	 23718.136719 	 25278.457031 	 168.689545 	 -384.944672 	 -181.835876 	 1.000000 
63969.312500 	 25441.822266 	 24111.550781 	 251.865829 	 -210.818680 	 -210.054688 	 1.000000 
65634.375000 	 23643.265625 	 24551.796875 	 229.270569 	 -477.115112 	 -323.615417 	 1.000000 
65640.101562 	 23664.191406 	 24532.417969 	 228.764359 	 -456.403473 	 -331.514008 	 1.000000 
64831.546875 	 23500.146484 	 26360.740234 	 331.233917 	 -327.870026 	 -227.676392 	 1.000000 
64830.027344 	 23506.603516 	 26355.451172 	 308.118591 	 -340.556610 	 -207.668533 	 1.000000 
66497.953125 	 25119.406250 	 23606.386719 	 309.188202 	 -280.161713 	 -196.088623 	 1.000000 
66681.171875 	 24459.464844 	 23679.488281 	 221.314804 	 -403.839386 	 -279.718842 	 1.000000 
66463.757812 	 23796.015625 	 23924.824219 	 221.421494 	 -436.831573 	 -282.139313 	 1.000000 
66461.593750 	 23790.447266 	 23935.189453 	 218.660141 	 -428.982941 	 -282.331818 	 1.000000 
64571.324219 	 23899.648438 	 26225.519531 	 340.909424 	 -267.615875 	 -166.869568 	 1.000000 
66597.304688 	 23782.119141 	 23817.474609 	 231.829269 	 -413.787018 	 -237.089081 	 1.000000 
64401.839844 	 24113.128906 	 24987.007812 	 376.010681 	 -185.036774 	 -100.619682 	 1.000000 
64373.589844 	 24123.412109 	 25006.958984 	 386.691864 	 -190.525818 	 -116.372704 	 1.000000 
64555.640625 	 24065.613281 	 24211.224609 	 265.068542 	 -333.581024 	 -181.736191 	 1.000000 
63871.746094 	 25285.048828 	 24054.861328 	 194.266571 	 -244.287384 	 -195.682465 	 1.000000 
63982.757812 	 25425.648438 	 23896.050781 	 299.086121 	 -196.150696 	 -246.795364 	 1.000000 
63990.175781 	 25409.386719 	 23887.820312 	 322.065765 	 -207.961319 	 -225.242844 	 1.000000 
65949.875000 	 23728.263672 	 24776.816406 	 209.514145 	 -493.512085 	 -366.281433 	 1.000000 
66926.195312 	 24140.955078 	 25200.041016 	 202.971359 	 -431.488892 	 -371.165009 	 1.000000 
65122.953125 	 23006.367188 	 25317.277344 	 368.921448 	 -296.481995 	 -211.274979 	 1.000000 
66187.875000 	 23597.898438 	 25285.902344 	 158.914703 	 -345.993378 	 -201.495804 	 1.000000 
66191.578125 	 23567.898438 	 25310.613281 	 165.442551 	 -359.078644 	 -248.868973 	 1.000000 
65496.542969 	 22882.550781 	 24591.230469 	 383.730377 	 -319.859192 	 -304.168610 	 1.000000 
64551.968750 	 24420.416016 	 24556.982422 	 274.901550 	 -322.128479 	 -134.080688 	 1.000000 
66140.937500 	 25306.013672 	 25137.636719 	 191.447662 	 -385.534180 	 -349.386047 	 1.000000 
65369.035156 	 23873.347656 	 24996.921875 	 357.486237 	 -246.403717 	 -317.864349 	 1.000000 
66205.976562 	 23638.802734 	 24889.832031 	 164.202408 	 -479.209717 	 -379.557526 	 1.000000 
64511.207031 	 23776.750000 	 25155.982422 	 383.920532 	 -190.412933 	 -99.076111 	 1.000000 
65074.187500 	 22255.654297 	 24739.191406 	 391.955780 	 -230.132462 	 -32.202484 	 1.000000 
63281.214844 	 24502.160156 	 24821.867188 	 278.753693 	 -260.938416 	 -283.427826 	 1.000000 
63293.078125 	 24517.414062 	 24829.718750 	 266.760529 	 -261.541199 	 -289.307404 	 1.000000 
66874.023438 	 23333.470703 	 25425.951172 	 246.456909 	 -360.563416 	 -235.887085 	 1.000000 
66866.539062 	 23333.677734 	 25421.607422 	 255.483414 	 -360.864746 	 -238.795853 	 1.000000 
65776.101562 	 24041.076172 	 25246.365234 	 269.260864 	 -392.988831 	 -188.018036 	 1.000000 
65387.125000 	 23630.193359 	 26051.796875 	 311.144287 	 -305.194489 	 -241.804230 	 1.000000 
64099.914062 	 24267.189453 	 24084.884766 	 351.639496 	 -152.777695 	 -85.571297 	 1.000000 
65216.046875 	 24733.511719 	 24632.005859 	 384.886353 	 -405.894623 	 -202.767883 	 1.000000 
63490.417969 	 24228.242188 	 25596.734375 	 342.624146 	 -194.671219 	 -124.197449 	 1.000000 
65134.652344 	 22707.199219 	 25458.125000 	 353.620148 	 -317.251099 	 -197.837402 	 1.000000 
66279.132812 	 24599.375000 	 24578.597656 	 261.388214 	 -318.441437 	 -166.871628 	 1.000000 
64818.015625 	 23606.939453 	 26256.074219 	 309.819824 	 -326.164398 	 -237.699905 	 1.000000 
64326.417969 	 25681.912109 	 24170.501953 	 253.336853 	 -245.792679 	 -285.022858 	 1.000000 
63130.207031 	 24562.324219 	 24652.003906 	 351.339905 	 -137.632187 	 -113.293976 	 1.000000 
66058.546875 	 24300.208984 	 23620.519531 	 229.107483 	 -385.923157 	 -238.505249 	 1.000000 
65947.640625 	 24292.423828 	 24714.681641 	 194.024261 	 -435.350006 	 -344.952515 	 1.000000 
65599.882812 	 23180.349609 	 25071.421875 	 262.069733 	 -387.872894 	 -329.578308 	 1.000000 
65425.906250 	 24126.826172 	 24784.441406 	 312.607361 	 -192.188721 	 -226.830780 	 1.000000 
66735.632812 	 23369.939453 	 24317.675781 	 253.525894 	 -387.500397 	 -136.735123 	 1.000000 
64522.339844 	 23587.353516 	 24731.101562 	 366.844849 	 -283.332397 	 -249.073730 	 1.000000 
66809.734375 	 23611.728516 	 24590.560547 	 198.721741 	 -460.360077 	 -345.765198 	 1.000000 
64451.898438 	 23902.875000 	 25230.093750 	 385.042603 	 -196.613174 	 -111.897263 	 1.000000 
64482.343750 	 23942.587891 	 26156.615234 	 344.786011 	 -256.179840 	 -146.358765 	 1.000000 
66245.765625 	 23338.421875 	 24890.289062 	 302.518005 	 -414.243408 	 -316.930634 	 1.000000 
64292.027344 	 23844.328125 	 26276.835938 	 352.109406 	 -257.620636 	 -162.780136 	 1.000000 
63604.648438 	 23643.974609 	 25788.664062 	 314.174896 	 -287.056213 	 -250.323410 	 1.000000 
65572.906250 	 23988.908203 	 25712.443359 	 314.649872 	 -297.277466 	 -271.681976 	 1.000000 
65191.027344 	 24749.548828 	 24678.583984 	 266.658203 	 -316.182129 	 -296.186615 	 1.000000 
65824.054688 	 23719.212891 	 23995.484375 	 230.753799 	 -402.963806 	 -178.468903 	 1.000000 
65869.015625 	 22911.464844 	 24636.671875 	 275.044159 	 -361.485352 	 -301.139557 	 1.000000 
65848.976562 	 22871.136719 	 24636.382812 	 252.898438 	 -398.879974 	 -307.197784 	 1.000000 
66039.062500 	 23783.097656 	 25291.203125 	 240.442429 	 -366.379333 	 -215.802277 	 1.000000 
64438.273438 	 23126.996094 	 25620.328125 	 377.393524 	 -316.658722 	 -237.029175 	 1.000000 
65326.343750 	 22574.076172 	 25470.615234 	 344.832520 	 -324.790955 	 -200.834320 	 1.000000 
66104.101562 	 23507.550781 	 25281.279297 	 283.484070 	 -435.172394 	 -282.087402 	 1.000000 
66382.335938 	 24776.947266 	 24141.191406 	 268.200958 	 -295.728729 	 -192.426468 	 1.000000 
65876.250000 	 24444.980469 	 23791.107422 	 209.339111 	 -393.195831 	 -243.886353 	 1.000000 
63781.855469 	 25420.076172 	 25367.919922 	 289.769073 	 -224.753891 	 -263.636414 	 1.000000 
64441.988281 	 22995.490234 	 26199.376953 	 254.562073 	 -407.895386 	 -330.918304 	 4.000000 
63390.128906 	 25333.138672 	 25046.085938 	 288.142944 	 -211.214554 	 -273.269348 	 1.000000 
65219.613281 	 24299.964844 	 25091.521484 	 277.630646 	 -276.004181 	 -205.185730 	 1.000000 
66029.875000 	 23188.476562 	 25122.011719 	 259.988129 	 -453.010498 	 -350.758606 	 1.000000 
64389.570312 	 23657.140625 	 26361.513672 	 357.450256 	 -280.282654 	 -158.744904 	 1.000000 
65568.867188 	 25278.931641 	 23084.664062 	 210.573441 	 -336.743805 	 -283.253632 	 1.000000 
66213.773438 	 23169.441406 	 24555.064453 	 418.886536 	 -267.034271 	 -114.243332 	 1.000000 
66216.843750 	 23174.607422 	 24519.271484 	 424.359253 	 -283.378418 	 -124.304108 	 1.000000 
65716.234375 	 24113.568359 	 24522.601562 	 249.585571 	 -362.757751 	 -130.505508 	 1.000000 
66138.734375 	 23159.292969 	 24499.271484 	 381.329956 	 -331.397064 	 -70.142815 	 1.000000 
65085.375000 	 24368.103516 	 24516.296875 	 287.860382 	 -361.487000 	 -155.565186 	 1.000000 
63080.097656 	 24292.978516 	 24956.810547 	 343.308350 	 -140.164474 	 -148.198578 	 1.000000 
63103.316406 	 24281.199219 	 24980.601562 	 371.806152 	 -130.114212 	 -121.667915 	 1.000000 
64438.179688 	 25419.072266 	 24510.228516 	 314.349579 	 -250.645172 	 -302.174622 	 1.000000 
65110.078125 	 23432.085938 	 25780.822266 	 368.049377 	 -314.784912 	 -241.260345 	 1.000000 
65073.328125 	 23938.462891 	 24556.632812 	 285.972443 	 -304.154449 	 -218.053040 	 1.000000 
66086.640625 	 22607.341797 	 24893.847656 	 317.276520 	 -405.494995 	 -165.852142 	 1.000000 
64044.132812 	 25426.460938 	 24398.755859 	 266.148865 	 -238.043518 	 -249.015350 	 1.000000 
64033.875000 	 24856.240234 	 24871.478516 	 266.414459 	 -291.925598 	 -204.909271 	 1.000000 
66197.796875 	 25374.966797 	 25210.603516 	 181.732086 	 -385.675751 	 -351.455505 	 1.000000 
66186.656250 	 25376.193359 	 25223.574219 	 179.960526 	 -375.211609 	 -352.958801 	 1.000000 
65917.156250 	 23566.669922 	 25263.736328 	 204.677002 	 -409.923340 	 -227.726486 	 1.000000 
64863.351562 	 23662.595703 	 25813.029297 	 372.539337 	 -228.236328 	 -132.390152 	 1.000000 
64817.148438 	 25480.996094 	 23483.750000 	 216.564026 	 -243.490128 	 -191.800491 	 1.000000 
65085.644531 	 25385.162109 	 23341.443359 	 192.819656 	 -316.884033 	 -256.439819 	 1.000000 
64834.734375 	 25348.447266 	 24169.916016 	 311.978119 	 -172.672318 	 -107.991241 	 1.000000 
65078.343750 	 23013.162109 	 25656.910156 	 339.769897 	 -327.423370 	 -231.911362 	 1.000000 
63740.718750 	 25263.062500 	 23960.458984 	 251.561127 	 -228.758820 	 -204.320114 	 1.000000 
64621.550781 	 25459.212891 	 24384.013672 	 304.202148 	 -256.183441 	 -264.867188 	 1.000000 
66873.906250 	 23380.777344 	 25311.349609 	 238.748413 	 -345.906219 	 -249.078583 	 1.000000 
66904.648438 	 23388.152344 	 25282.501953 	 253.649567 	 -350.134003 	 -263.721527 	 1.000000 
65127.800781 	 23960.296875 	 25198.904297 	 262.653412 	 -355.160217 	 -305.351868 	 1.000000 
63180.687500 	 24854.048828 	 24623.582031 	 265.573883 	 -245.219162 	 -282.877075 	 1.000000 
66361.234375 	 22822.968750 	 24467.021484 	 198.040329 	 -407.691101 	 -150.594040 	 1.000000 
65885.015625 	 23151.566406 	 24471.347656 	 345.435425 	 -259.136749 	 -164.855057 	 1.000000 
65870.289062 	 23153.607422 	 24494.974609 	 164.808990 	 -381.338409 	 -268.949493 	 1.000000 
63997.332031 	 25458.980469 	 23728.595703 	 253.521103 	 -214.137772 	 -204.132889 	 1.000000 
65381.539062 	 23915.919922 	 25354.400391 	 251.986374 	 -376.078369 	 -237.118988 	 1.000000 
65875.468750 	 23137.244141 	 25405.195312 	 310.218689 	 -270.950653 	 -144.108231 	 1.000000 
64216.964844 	 24495.666016 	 24850.164062 	 365.345245 	 -177.970535 	 -112.947807 	 1.000000 
64997.226562 	 23985.072266 	 24565.423828 	 296.962128 	 -407.238098 	 -364.282867 	 1.000000 
63477.125000 	 24188.130859 	 25296.130859 	 341.965302 	 -170.158539 	 -110.427498 	 1.000000 
66321.148438 	 24034.501953 	 25457.685547 	 278.357056 	 -374.238770 	 -125.365654 	 1.000000 
66191.218750 	 23386.517578 	 24985.880859 	 281.421051 	 -182.630936 	 -298.137512 	 1.000000 
65923.367188 	 23415.324219 	 24899.605469 	 417.986206 	 -312.511383 	 -134.487900 	 1.000000 
65250.519531 	 23902.455078 	 25296.974609 	 253.658508 	 -361.328125 	 -263.768890 	 1.000000 
66545.898438 	 24124.412109 	 23987.851562 	 210.347916 	 -430.050629 	 -307.687256 	 1.000000 
65000.964844 	 22896.882812 	 24411.333984 	 390.876312 	 -216.887375 	 -55.357567 	 1.000000 
65605.757812 	 24771.701172 	 25018.207031 	 272.543091 	 -286.873596 	 -125.644386 	 1.000000 
65613.960938 	 25178.039062 	 23156.316406 	 212.640259 	 -331.129395 	 -269.545776 	 1.000000 
64696.691406 	 23685.220703 	 24666.662109 	 382.329681 	 -269.132660 	 -244.416260 	 1.000000 
65467.429688 	 23750.902344 	 24844.691406 	 392.004700 	 -238.340790 	 -250.252045 	 1.000000 
66050.375000 	 23411.091797 	 25060.476562 	 307.578552 	 -456.321564 	 -366.632263 	 1.000000 
64083.621094 	 25474.015625 	 24777.994141 	 319.848694 	 -214.009247 	 -294.648102 	 1.000000 
65976.687500 	 22905.275391 	 24119.373047 	 383.434631 	 -219.997498 	 -46.477749 	 1.000000 
63439.710938 	 23476.517578 	 25634.498047 	 296.644440 	 -299.131256 	 -248.467896 	 1.000000 
64789.578125 	 23363.679688 	 24785.896484 	 376.246765 	 -277.891022 	 -237.835159 	 1.000000 
65012.726562 	 23599.671875 	 26053.152344 	 350.542236 	 -254.421799 	 -150.335175 	 1.000000 
63796.687500 	 25365.412109 	 25374.263672 	 297.314453 	 -225.175690 	 -262.900360 	 1.000000 
65149.023438 	 24515.843750 	 24453.966797 	 436.957489 	 -301.507050 	 -219.865036 	 1.000000 
63751.281250 	 25114.205078 	 25082.958984 	 300.177673 	 -219.127518 	 -273.053589 	 1.000000 
65442.480469 	 22678.097656 	 25903.201172 	 236.944061 	 -434.360535 	 -362.060364 	 1.000000 
66407.398438 	 23386.740234 	 25745.316406 	 214.891571 	 -430.016541 	 -389.079651 	 1.000000 
65993.054688 	 23705.189453 	 25311.662109 	 224.465454 	 -372.596466 	 -229.138443 	 1.000000 
63769.703125 	 25538.148438 	 24551.945312 	 197.432541 	 -312.230042 	 -354.676788 	 1.000000 
65914.820312 	 23223.197266 	 24312.611328 	 253.846420 	 -409.315704 	 -95.319649 	 1.000000 
63134.207031 	 24768.699219 	 24522.722656 	 312.740631 	 -146.280670 	 -131.633179 	 1.000000 
64883.820312 	 23283.476562 	 26422.828125 	 332.769348 	 -342.162018 	 -223.277100 	 1.000000 
63976.589844 	 24100.990234 	 25635.351562 	 349.922516 	 -207.808197 	 -121.996979 	 1.000000 
64773.726562 	 23805.742188 	 26099.246094 	 301.350525 	 -311.053925 	 -244.604630 	 1.000000 
66230.070312 	 24429.103516 	 24811.583984 	 258.051849 	 -340.779175 	 -163.295975 	 1.000000 
64076.382812 	 24779.404297 	 26028.339844 	 202.429443 	 -338.285919 	 -340.763824 	 5.000000 
64893.089844 	 24586.875000 	 24727.269531 	 262.811310 	 -389.918427 	 -284.586700 	 1.000000 
63354.378906 	 25052.113281 	 24474.738281 	 320.914368 	 -145.421799 	 -132.494583 	 1.000000 
65823.789062 	 24427.423828 	 23850.257812 	 215.107666 	 -389.908813 	 -243.586319 	 1.000000 
64880.261719 	 23411.437500 	 25530.580078 	 376.510620 	 -292.269501 	 -241.361069 	 1.000000 
64766.058594 	 25724.750000 	 23306.013672 	 210.292938 	 -221.377701 	 -186.020920 	 1.000000 
66397.726562 	 24753.632812 	 24227.191406 	 282.329407 	 -306.171753 	 -189.587265 	 1.000000 
65919.109375 	 23468.607422 	 25277.603516 	 227.826202 	 -427.755249 	 -242.376877 	 1.000000 
66090.031250 	 23275.134766 	 23476.566406 	 379.550354 	 -219.251251 	 -72.614410 	 0.000000 
65887.382812 	 23547.703125 	 24810.943359 	 266.877808 	 -475.671387 	 -102.349525 	 1.000000 
65269.640625 	 24186.773438 	 25103.892578 	 353.191223 	 -331.850708 	 -266.355591 	 1.000000 
64877.554688 	 24709.462891 	 24884.744141 	 375.946259 	 -370.923706 	 -232.113159 	 1.000000 
64850.632812 	 24516.048828 	 24109.808594 	 228.777512 	 -347.824371 	 -173.932388 	 1.000000 
66594.804688 	 24066.234375 	 24890.792969 	 244.793686 	 -340.474854 	 -145.363220 	 1.000000 
63679.898438 	 24203.843750 	 25443.869141 	 348.268402 	 -188.775513 	 -117.741226 	 1.000000 
63498.437500 	 23755.179688 	 25797.898438 	 307.689026 	 -287.465149 	 -249.332565 	 1.000000 
64266.519531 	 25094.869141 	 24694.763672 	 209.954758 	 -306.105988 	 -197.620621 	 1.000000 
65951.664062 	 24598.902344 	 23470.412109 	 224.519760 	 -375.073486 	 -248.291229 	 1.000000 
65443.101562 	 23855.316406 	 25322.802734 	 259.969025 	 -375.005737 	 -257.742859 	 1.000000 
66057.671875 	 23591.949219 	 24855.281250 	 314.220703 	 -347.359222 	 -318.080872 	 1.000000 
65626.296875 	 23052.201172 	 24709.929688 	 250.681747 	 -345.328156 	 -195.233246 	 1.000000 
65290.742188 	 23603.275391 	 25115.763672 	 352.144409 	 -280.572662 	 -169.581406 	 1.000000 
65907.898438 	 23187.572266 	 25137.419922 	 311.105347 	 -195.794815 	 -131.368423 	 1.000000 
65004.308594 	 24073.794922 	 24849.781250 	 368.387451 	 -270.741882 	 -194.060165 	 1.000000 
65061.472656 	 23994.478516 	 25010.812500 	 253.282227 	 -360.369110 	 -263.781128 	 1.000000 
65825.015625 	 23455.435547 	 25001.255859 	 419.886322 	 -305.647644 	 -201.182999 	 1.000000 
64956.761719 	 22519.417969 	 25732.460938 	 353.665466 	 -340.155487 	 -170.643997 	 1.000000 
64431.824219 	 23597.474609 	 24700.564453 	 368.355774 	 -292.575500 	 -255.507034 	 1.000000 
65917.281250 	 23576.539062 	 24687.851562 	 238.365692 	 -510.369415 	 -371.438110 	 1.000000 
65238.496094 	 22538.050781 	 25906.148438 	 306.008240 	 -350.407532 	 -200.451004 	 1.000000 
65058.148438 	 24953.054688 	 23447.085938 	 217.471741 	 -321.053040 	 -227.028381 	 1.000000 
66172.710938 	 22962.773438 	 25084.185547 	 342.153473 	 -228.578232 	 -157.601959 	 1.000000 
65284.343750 	 22962.613281 	 24705.634766 	 345.802246 	 -349.222290 	 -332.331879 	 1.000000 
65225.574219 	 24217.494141 	 24601.595703 	 400.543121 	 -214.671448 	 -155.464157 	 1.000000 
65504.679688 	 24719.937500 	 25288.173828 	 262.771545 	 -293.663879 	 -257.672180 	 1.000000 
65257.378906 	 24074.773438 	 24463.453125 	 288.464691 	 -311.800537 	 -263.146729 	 1.000000 
66118.953125 	 22544.195312 	 24947.310547 	 320.005951 	 -388.015411 	 -167.712646 	 1.000000 
65077.687500 	 25554.058594 	 24292.058594 	 239.856140 	 -264.010742 	 -188.777557 	 1.000000 
64777.398438 	 24804.859375 	 24577.978516 	 365.074127 	 -193.977844 	 -74.880577 	 1.000000 
65391.226562 	 22716.136719 	 25051.960938 	 391.645477 	 -226.846512 	 -72.028496 	 1.000000 
66726.960938 	 24125.226562 	 24700.873047 	 256.185181 	 -334.726105 	 -153.323975 	 1.000000 
65130.636719 	 24445.855469 	 24911.724609 	 232.730850 	 -228.061539 	 -235.145065 	 1.000000 
63355.914062 	 24496.324219 	 24849.953125 	 270.407074 	 -253.588898 	 -285.145264 	 1.000000 
65125.949219 	 24354.218750 	 25058.650391 	 247.725296 	 -315.300110 	 -243.945206 	 1.000000 
63520.714844 	 24305.316406 	 25272.847656 	 337.966736 	 -178.752518 	 -112.807663 	 1.000000 
65120.031250 	 23208.058594 	 25437.597656 	 256.582336 	 -402.503815 	 -366.136108 	 1.000000 
66174.398438 	 23451.015625 	 25534.003906 	 235.361801 	 -402.059357 	 -243.301468 	 1.000000 
64380.273438 	 25517.226562 	 24326.480469 	 300.774750 	 -212.004730 	 -272.139374 	 1.000000 
66051.101562 	 24447.259766 	 24308.523438 	 259.871735 	 -318.825623 	 -153.620529 	 1.000000 
65817.914062 	 23241.718750 	 25022.013672 	 425.329803 	 -307.339233 	 -371.520447 	 1.000000 
66471.195312 	 24387.064453 	 23689.609375 	 220.769821 	 -401.466492 	 -264.886536 	 1.000000 
66907.320312 	 23342.320312 	 25350.349609 	 252.237259 	 -362.487488 	 -240.140732 	 1.000000 
63655.613281 	 24385.708984 	 25216.662109 	 338.901276 	 -188.198334 	 -120.946808 	 1.000000 
65100.652344 	 24581.804688 	 24851.353516 	 350.270050 	 -351.994873 	 -375.555969 	 1.000000 
65318.257812 	 24476.314453 	 24058.480469 	 251.065262 	 -325.476440 	 -146.159241 	 1.000000 
65042.714844 	 23903.589844 	 24583.615234 	 310.109436 	 -303.910522 	 -186.064911 	 1.000000 
65814.820312 	 24839.931641 	 23758.769531 	 264.750488 	 -292.993408 	 -165.252136 	 1.000000 
65947.757812 	 22813.830078 	 24830.310547 	 297.452820 	 -263.096436 	 -339.014343 	 1.000000 
64737.484375 	 25042.087891 	 24360.556641 	 367.795746 	 -251.196320 	 -217.561295 	 1.000000 
64488.265625 	 23457.496094 	 24786.437500 	 360.374634 	 -286.664520 	 -254.857819 	 1.000000 
65797.109375 	 23671.710938 	 24634.798828 	 225.586243 	 -492.056946 	 -348.113434 	 1.000000 
67202.343750 	 24040.974609 	 24665.412109 	 284.238861 	 -337.497070 	 -170.212585 	 1.000000 
64231.320312 	 23235.218750 	 25631.712891 	 362.879974 	 -311.512665 	 -247.893967 	 1.000000 
65593.609375 	 25479.029297 	 23412.296875 	 181.779938 	 -345.711121 	 -284.020050 	 1.000000 
64060.238281 	 25049.333984 	 24088.593750 	 198.436829 	 -322.312622 	 -318.610382 	 1.000000 
65571.078125 	 23513.009766 	 24468.970703 	 250.043320 	 -466.473236 	 -300.271179 	 1.000000 
64964.410156 	 24539.312500 	 24797.751953 	 399.474335 	 -280.811981 	 -330.364410 	 1.000000 
63731.613281 	 25626.292969 	 24496.128906 	 229.682266 	 -245.474976 	 -201.080856 	 1.000000 
63872.500000 	 24211.906250 	 25986.923828 	 339.346893 	 -235.770660 	 -150.809509 	 1.000000 
65065.460938 	 23153.533203 	 25800.695312 	 242.392288 	 -410.170441 	 -363.115997 	 1.000000 
65294.488281 	 22639.023438 	 25006.962891 	 394.601715 	 -236.239731 	 -69.995499 	 1.000000 
65992.156250 	 24396.005859 	 25129.472656 	 196.939590 	 -423.778412 	 -371.884399 	 1.000000 
65989.171875 	 22730.447266 	 24673.707031 	 293.562225 	 -382.888184 	 -272.256683 	 1.000000 
65885.109375 	 23555.980469 	 24725.896484 	 239.142014 	 -398.898804 	 -240.490646 	 1.000000 
66371.968750 	 24349.205078 	 24050.583984 	 208.965652 	 -424.364777 	 -314.803284 	 1.000000 
65127.695312 	 23440.099609 	 25712.837891 	 383.005432 	 -324.246490 	 -238.962830 	 1.000000 
65273.929688 	 24500.550781 	 24667.623047 	 373.709869 	 -240.451645 	 -199.179932 	 1.000000 
66496.054688 	 23431.621094 	 25959.923828 	 208.294037 	 -430.064941 	 -380.368958 	 1.000000 
63947.531250 	 24150.294922 	 25577.712891 	 353.454590 	 -203.980118 	 -118.496635 	 1.000000 
63462.250000 	 24338.607422 	 25359.792969 	 341.134125 	 -192.690674 	 -125.555046 	 1.000000 
65262.707031 	 23440.970703 	 25685.656250 	 361.484039 	 -328.401276 	 -251.235062 	 1.000000 
65255.023438 	 23111.437500 	 26473.931641 	 289.501495 	 -332.912140 	 -209.928909 	 1.000000 
64833.179688 	 23691.546875 	 25744.644531 	 379.032654 	 -223.772873 	 -124.044693 	 1.000000 
63396.753906 	 23439.439453 	 25556.033203 	 296.697754 	 -295.309326 	 -254.287003 	 1.000000 
65148.816406 	 23334.666016 	 24429.605469 	 304.499207 	 -358.202911 	 -156.236115 	 1.000000 
64946.882812 	 23297.666016 	 26050.517578 	 234.008102 	 -407.073914 	 -359.454224 	 1.000000 
65983.257812 	 22724.578125 	 24398.970703 	 241.747299 	 -283.490784 	 -165.102005 	 1.000000 
64809.359375 	 24198.601562 	 24701.070312 	 344.540192 	 -288.059753 	 -216.445602 	 1.000000 
65431.894531 	 22518.464844 	 25848.064453 	 239.639969 	 -435.011505 	 -352.331787 	 1.000000 
64415.933594 	 24581.964844 	 24583.455078 	 366.348389 	 -169.224808 	 -97.083031 	 1.000000 
63888.566406 	 25148.130859 	 24029.689453 	 315.207764 	 -215.799774 	 -250.361130 	 1.000000 
64184.757812 	 24559.394531 	 24583.894531 	 292.096893 	 -278.062378 	 -170.841660 	 1.000000 
65973.460938 	 23431.378906 	 24918.050781 	 166.116287 	 -293.265747 	 -89.324539 	 1.000000 
65341.574219 	 23815.609375 	 24823.927734 	 317.847565 	 -344.608154 	 -160.790863 	 1.000000 
65166.906250 	 23133.199219 	 25373.304688 	 263.479401 	 -395.168243 	 -363.690216 	 1.000000 
66539.835938 	 24027.037109 	 25328.011719 	 195.962204 	 -433.170776 	 -380.881134 	 1.000000 
65214.656250 	 24046.816406 	 24759.623047 	 330.800934 	 -380.917480 	 -167.533646 	 1.000000 
65020.386719 	 24034.166016 	 24949.974609 	 214.144272 	 -302.190643 	 -298.717621 	 1.000000 
65891.359375 	 25269.021484 	 24160.482422 	 276.638550 	 -289.003693 	 -169.397217 	 1.000000 
66455.445312 	 24019.673828 	 25242.166016 	 195.118988 	 -438.479553 	 -377.653107 	 1.000000 
65705.695312 	 23770.296875 	 24725.183594 	 287.096893 	 -346.953491 	 -161.773941 	 1.000000 
66571.171875 	 22776.384766 	 24751.093750 	 232.423248 	 -354.577301 	 -281.544678 	 1.000000 
65784.398438 	 24763.001953 	 23683.298828 	 341.917908 	 -192.013123 	 -95.973389 	 1.000000 
64654.691406 	 24103.406250 	 25696.708984 	 369.329773 	 -226.880737 	 -142.447601 	 1.000000 
65689.093750 	 23084.970703 	 24764.048828 	 323.656250 	 -202.445831 	 -327.684967 	 1.000000 
65325.292969 	 24412.121094 	 25040.378906 	 323.497345 	 -317.113800 	 -359.579987 	 1.000000 
63965.437500 	 25265.101562 	 24106.546875 	 192.673721 	 -301.478058 	 -342.910217 	 1.000000 
65843.914062 	 23863.140625 	 24654.681641 	 231.219879 	 -409.232574 	 -143.667725 	 1.000000 
65334.144531 	 24455.667969 	 24501.896484 	 338.302368 	 -381.721680 	 -298.632629 	 1.000000 
64116.476562 	 25147.755859 	 24701.910156 	 213.920013 	 -287.864410 	 -207.636002 	 1.000000 
64131.050781 	 24644.486328 	 23861.183594 	 229.459167 	 -307.046997 	 -231.908920 	 1.000000 
65463.062500 	 25497.390625 	 23141.857422 	 324.192657 	 -146.164841 	 -113.399635 	 1.000000 
65314.281250 	 24652.460938 	 25271.542969 	 271.284882 	 -231.260803 	 -222.200989 	 1.000000 
63736.121094 	 25068.427734 	 23826.562500 	 229.474533 	 -232.961319 	 -215.901657 	 1.000000 
63758.445312 	 25071.539062 	 23823.134766 	 218.998657 	 -238.597610 	 -215.555328 	 1.000000 
66423.117188 	 24898.001953 	 23894.626953 	 200.453735 	 -408.092560 	 -319.259796 	 1.000000 
65828.039062 	 23638.333984 	 24675.242188 	 226.795563 	 -498.110260 	 -352.741760 	 1.000000 
65738.390625 	 23641.783203 	 24605.843750 	 227.648621 	 -483.138824 	 -337.873779 	 1.000000 
65459.511719 	 24414.611328 	 24210.763672 	 246.797943 	 -334.024384 	 -146.881668 	 1.000000 
66748.875000 	 24189.378906 	 24600.496094 	 262.761780 	 -332.387604 	 -154.522339 	 1.000000 
65424.617188 	 23283.619141 	 24240.154297 	 308.243225 	 -394.910370 	 -264.537567 	 1.000000 
64567.613281 	 24017.396484 	 24710.478516 	 322.716278 	 -299.655731 	 -145.660110 	 1.000000 
65142.519531 	 22269.914062 	 24635.423828 	 395.119354 	 -240.443039 	 -35.028061 	 1.000000 
66850.414062 	 24419.166016 	 23684.785156 	 219.474365 	 -405.914795 	 -289.932953 	 1.000000 
65265.152344 	 22938.417969 	 25739.636719 	 369.600433 	 -337.007507 	 -227.047989 	 1.000000 
64700.628906 	 24700.136719 	 24274.236328 	 375.615997 	 -265.945251 	 -199.308701 	 1.000000 
65985.343750 	 24315.595703 	 24697.478516 	 183.624405 	 -437.503235 	 -328.169922 	 1.000000 
64570.011719 	 23819.234375 	 26104.517578 	 361.752716 	 -299.104584 	 -216.237701 	 1.000000 
64401.195312 	 23476.978516 	 25486.003906 	 277.679077 	 -368.289032 	 -334.497284 	 1.000000 
65665.179688 	 24046.042969 	 24517.830078 	 196.704178 	 -449.264252 	 -317.897614 	 1.000000 
65008.945312 	 22681.845703 	 25598.699219 	 388.086273 	 -333.699677 	 -191.458542 	 1.000000 
64130.207031 	 24502.894531 	 25257.666016 	 341.190979 	 -260.872894 	 -266.205780 	 1.000000 
63233.285156 	 24028.253906 	 25103.474609 	 340.277161 	 -156.764648 	 -95.433670 	 1.000000 
64458.050781 	 25842.572266 	 24306.601562 	 240.803574 	 -258.918793 	 -234.408356 	 1.000000 
65022.417969 	 23913.304688 	 24855.443359 	 258.950775 	 -246.020493 	 -254.330475 	 1.000000 
64785.843750 	 23884.220703 	 24934.787109 	 294.563965 	 -356.634308 	 -386.867950 	 1.000000 
64116.039062 	 25585.880859 	 23941.792969 	 237.334839 	 -222.954132 	 -208.491318 	 1.000000 
65458.535156 	 25768.779297 	 24308.755859 	 174.695221 	 -358.898590 	 -333.728912 	 1.000000 
66121.640625 	 24110.927734 	 25102.841797 	 266.481018 	 -400.271942 	 -168.889862 	 1.000000 
63208.937500 	 24071.142578 	 25188.904297 	 342.054382 	 -159.956024 	 -104.702080 	 1.000000 
64569.917969 	 24226.666016 	 25582.111328 	 353.413269 	 -285.617218 	 -263.512299 	 1.000000 
65374.750000 	 24744.521484 	 23794.738281 	 221.486664 	 -367.196503 	 -227.399384 	 1.000000 
65758.398438 	 22721.210938 	 25850.054688 	 230.321747 	 -434.658142 	 -374.617554 	 1.000000 
66390.906250 	 23983.177734 	 23961.205078 	 224.511032 	 -397.108307 	 -202.400421 	 1.000000 
65928.640625 	 24237.316406 	 23961.835938 	 257.489349 	 -335.933105 	 -148.719650 	 1.000000 
66311.757812 	 24031.783203 	 25395.066406 	 245.462479 	 -404.218842 	 -167.783737 	 1.000000 
65089.046875 	 23762.955078 	 25881.007812 	 359.740173 	 -245.898346 	 -152.202164 	 1.000000 
64518.308594 	 23812.162109 	 25096.228516 	 385.874695 	 -190.342651 	 -84.892509 	 1.000000 
65069.992188 	 23684.642578 	 26011.111328 	 349.700043 	 -321.732819 	 -244.703934 	 1.000000 
65760.835938 	 22748.992188 	 25409.703125 	 250.179886 	 -412.273956 	 -390.131317 	 1.000000 
64676.500000 	 25409.333984 	 23725.785156 	 175.317078 	 -334.742249 	 -304.087982 	 1.000000 
65790.164062 	 23320.875000 	 25266.677734 	 226.734009 	 -426.562653 	 -278.674011 	 1.000000 
65175.203125 	 24583.468750 	 25479.351562 	 323.062744 	 -299.438538 	 -302.404358 	 1.000000 
65362.289062 	 24385.314453 	 24751.669922 	 204.593552 	 -350.352783 	 -299.945679 	 1.000000 
65748.742188 	 23236.931641 	 25349.152344 	 294.123474 	 -252.699936 	 -169.565399 	 1.000000 
63828.898438 	 23833.414062 	 23290.197266 	 352.985046 	 -139.896942 	 -82.376160 	 2.000000 
65221.683594 	 23756.558594 	 24060.818359 	 372.209442 	 -193.338394 	 -59.596729 	 1.000000 
66012.734375 	 25603.046875 	 24151.181641 	 287.663177 	 -254.712158 	 -186.045334 	 1.000000 
66292.273438 	 24685.876953 	 24340.984375 	 284.122375 	 -287.566803 	 -157.400482 	 1.000000 
65161.382812 	 23959.507812 	 24801.085938 	 394.170746 	 -281.620056 	 -284.439056 	 1.000000 
63935.433594 	 25646.855469 	 23773.169922 	 301.434875 	 -109.493492 	 -113.949623 	 1.000000 
64880.042969 	 22981.923828 	 24625.603516 	 404.443634 	 -216.505081 	 -64.475540 	 1.000000 
64329.644531 	 25939.095703 	 24186.414062 	 235.500320 	 -253.255539 	 -257.061829 	 1.000000 
65924.250000 	 24231.689453 	 23755.007812 	 354.405762 	 -203.871002 	 -79.622208 	 1.000000 
63488.773438 	 24179.189453 	 25998.964844 	 333.656494 	 -218.051437 	 -133.289291 	 1.000000 
63093.808594 	 24603.742188 	 24458.169922 	 369.420624 	 -145.931320 	 -134.017288 	 1.000000 
65171.488281 	 23123.650391 	 25461.748047 	 256.152039 	 -401.968933 	 -369.373474 	 1.000000 
66440.109375 	 24298.732422 	 24005.923828 	 208.124344 	 -426.049164 	 -313.431763 	 1.000000 
64459.210938 	 22868.537109 	 25283.533203 	 359.283325 	 -332.017731 	 -247.496323 	 1.000000 
64507.535156 	 25916.949219 	 23766.312500 	 287.592590 	 -129.022064 	 -128.857391 	 1.000000 
65017.757812 	 24392.544922 	 24878.458984 	 215.724228 	 -290.548737 	 -266.460846 	 1.000000 
65121.960938 	 24355.296875 	 24538.162109 	 302.540588 	 -258.846771 	 -276.028076 	 1.000000 
65219.238281 	 24013.146484 	 24688.611328 	 250.177536 	 -296.684967 	 -311.743805 	 1.000000 
64138.210938 	 22758.355469 	 25608.089844 	 344.349335 	 -345.798859 	 -256.312805 	 1.000000 
65392.468750 	 23368.208984 	 24241.955078 	 321.243561 	 -363.746246 	 -298.562561 	 1.000000 
66509.804688 	 25044.859375 	 23596.527344 	 282.750366 	 -266.395508 	 -206.911957 	 1.000000 
64457.753906 	 25851.544922 	 23801.484375 	 292.976807 	 -125.813629 	 -126.639236 	 1.000000 
65947.156250 	 23386.423828 	 25003.878906 	 393.444641 	 -186.683350 	 -266.903320 	 1.000000 
64323.753906 	 25431.390625 	 24301.322266 	 229.859726 	 -280.968933 	 -304.251007 	 1.000000 
65904.554688 	 23448.996094 	 25159.250000 	 317.885620 	 -226.736893 	 -224.071426 	 1.000000 
64806.921875 	 23792.242188 	 24979.279297 	 352.951111 	 -295.329193 	 -149.079056 	 1.000000 
66048.820312 	 24828.554688 	 24545.628906 	 270.003052 	 -322.641846 	 -182.167160 	 1.000000 
64346.363281 	 23764.451172 	 26257.085938 	 362.508209 	 -271.006561 	 -154.498520 	 1.000000 
64721.277344 	 23651.125000 	 25389.591797 	 399.070374 	 -313.100281 	 -261.363190 	 1.000000 
66679.625000 	 23788.919922 	 23799.046875 	 223.621185 	 -415.375641 	 -243.538177 	 1.000000 
66636.218750 	 24997.468750 	 23613.759766 	 299.511627 	 -275.448334 	 -203.286942 	 1.000000 
65218.488281 	 24609.578125 	 25264.341797 	 292.444885 	 -295.529907 	 -312.393372 	 1.000000 
65021.882812 	 24141.847656 	 24381.332031 	 371.094269 	 -181.119644 	 -53.368977 	 1.000000 
63310.863281 	 24430.302734 	 25077.757812 	 336.212463 	 -179.913208 	 -126.663559 	 1.000000 
65661.703125 	 23202.689453 	 24552.337891 	 213.167191 	 -341.306946 	 -179.530655 	 1.000000 
65302.667969 	 24429.832031 	 24608.119141 	 330.549194 	 -379.871887 	 -239.777344 	 1.000000 
65945.429688 	 23397.810547 	 25108.363281 	 257.150177 	 -292.970337 	 -275.082153 	 1.000000 
64466.066406 	 23144.250000 	 25619.734375 	 373.246521 	 -321.524811 	 -230.846313 	 1.000000 
65683.710938 	 24853.722656 	 23412.376953 	 217.371429 	 -356.199585 	 -248.977036 	 1.000000 
66090.757812 	 23290.306641 	 25105.337891 	 304.077576 	 -281.050720 	 -336.006836 	 1.000000 
66558.054688 	 23961.355469 	 25038.437500 	 225.259750 	 -363.545990 	 -156.367111 	 1.000000 
65181.531250 	 23958.214844 	 24952.285156 	 365.601227 	 -318.268829 	 -316.026123 	 1.000000 
66234.828125 	 24613.156250 	 24013.572266 	 291.673279 	 -295.944214 	 -159.902786 	 1.000000 
65071.996094 	 23442.789062 	 25825.162109 	 368.740234 	 -305.482513 	 -244.681976 	 1.000000 
65219.402344 	 24123.742188 	 25595.654297 	 345.548309 	 -305.922699 	 -293.189514 	 1.000000 
63979.445312 	 25492.984375 	 24379.968750 	 295.401428 	 -243.869232 	 -223.113892 	 1.000000 
65093.246094 	 23958.519531 	 24589.021484 	 317.112183 	 -325.099609 	 -165.106079 	 1.000000 
63746.140625 	 24398.734375 	 25383.437500 	 316.787750 	 -255.700378 	 -262.868195 	 1.000000 
65477.828125 	 22698.857422 	 25832.388672 	 235.468063 	 -433.099091 	 -360.013214 	 1.000000 
64261.324219 	 24327.384766 	 24369.542969 	 282.248138 	 -295.273346 	 -168.636749 	 1.000000 
66717.015625 	 23523.587891 	 25229.191406 	 219.668655 	 -351.284668 	 -174.559372 	 1.000000 
64609.625000 	 23712.722656 	 25366.642578 	 379.790436 	 -202.553375 	 -107.773445 	 1.000000 
63126.601562 	 24523.328125 	 24611.460938 	 379.468384 	 -144.474045 	 -116.312180 	 1.000000 
64083.304688 	 25416.804688 	 23748.152344 	 261.133331 	 -219.766266 	 -218.317078 	 1.000000 
65697.453125 	 22716.593750 	 25790.125000 	 235.606567 	 -431.673187 	 -370.662598 	 1.000000 
66418.414062 	 23062.679688 	 24939.183594 	 148.266037 	 -397.243256 	 -166.117920 	 1.000000 
66123.023438 	 25315.050781 	 23837.136719 	 289.029694 	 -262.364288 	 -174.143661 	 1.000000 
65054.171875 	 24289.046875 	 25161.201172 	 383.502563 	 -378.392670 	 -201.574768 	 1.000000 
64307.597656 	 24090.142578 	 25091.087891 	 382.511627 	 -185.136322 	 -107.212418 	 1.000000 
64931.218750 	 23899.398438 	 26217.578125 	 337.346375 	 -298.008209 	 -221.276398 	 1.000000 
66112.734375 	 22973.212891 	 24890.714844 	 287.896606 	 -189.223801 	 -373.849701 	 1.000000 
66068.359375 	 23554.869141 	 24697.896484 	 349.956299 	 -380.062805 	 -251.088425 	 1.000000 
65740.898438 	 23316.890625 	 24935.500000 	 289.912994 	 -247.065811 	 -270.410309 	 1.000000 
63780.644531 	 25244.404297 	 25474.753906 	 302.929230 	 -218.421005 	 -249.014755 	 1.000000 
64366.609375 	 23137.148438 	 26236.580078 	 252.015289 	 -401.088898 	 -332.778534 	 4.000000 
65685.429688 	 25081.736328 	 23160.347656 	 270.677002 	 -258.608948 	 -178.831238 	 1.000000 
65240.554688 	 24813.410156 	 24602.410156 	 374.997131 	 -367.164948 	 -192.218414 	 1.000000 
64171.675781 	 25170.044922 	 24361.796875 	 263.006531 	 -228.122055 	 -179.339355 	 1.000000 
65730.539062 	 24472.121094 	 25336.466797 	 200.961441 	 -410.054382 	 -374.287781 	 1.000000 
65287.339844 	 23270.509766 	 24374.658203 	 292.104584 	 -400.737885 	 -232.659760 	 1.000000 
64960.449219 	 24417.070312 	 24145.695312 	 232.429123 	 -352.137299 	 -168.636154 	 1.000000 
64846.546875 	 26264.023438 	 24168.078125 	 153.624298 	 -323.396149 	 -343.369904 	 0.000000 
64115.707031 	 24027.470703 	 25833.773438 	 352.934906 	 -218.957901 	 -125.765244 	 1.000000 
65364.082031 	 22802.373047 	 25703.681641 	 328.345734 	 -330.667053 	 -221.998199 	 1.000000 
66499.585938 	 23420.720703 	 25759.966797 	 202.977829 	 -432.111572 	 -385.440948 	 1.000000 
65971.687500 	 26023.535156 	 25371.457031 	 181.917847 	 -355.141052 	 -338.603363 	 1.000000 
65609.335938 	 24414.085938 	 24062.787109 	 247.640854 	 -325.948120 	 -141.602890 	 1.000000 
65040.410156 	 22268.800781 	 24614.275391 	 403.083191 	 -242.790543 	 -33.159985 	 1.000000 
64314.222656 	 24329.369141 	 24627.613281 	 368.258270 	 -167.738403 	 -90.891739 	 1.000000 
63135.484375 	 24649.238281 	 24637.707031 	 360.358856 	 -140.136276 	 -116.889244 	 1.000000 
63362.078125 	 24344.658203 	 25620.451172 	 340.530182 	 -199.515457 	 -127.059830 	 1.000000 
64485.933594 	 24748.873047 	 24782.740234 	 247.433319 	 -344.454926 	 -153.132309 	 1.000000 
65166.578125 	 22917.146484 	 25835.212891 	 348.358185 	 -345.520721 	 -224.377365 	 1.000000 
63913.281250 	 24947.181641 	 24252.449219 	 251.981476 	 -246.556168 	 -191.786850 	 1.000000 
65667.875000 	 25085.167969 	 23655.777344 	 259.400635 	 -278.230774 	 -172.399780 	 1.000000 
64767.156250 	 23942.074219 	 25652.072266 	 376.345947 	 -226.452805 	 -132.249313 	 1.000000 
64795.937500 	 23823.957031 	 25683.638672 	 385.112854 	 -216.716705 	 -136.998093 	 1.000000 
64477.070312 	 23974.373047 	 26008.429688 	 354.292084 	 -241.791138 	 -134.836182 	 1.000000 
63597.464844 	 24164.181641 	 25786.089844 	 328.116547 	 -245.428604 	 -205.513428 	 1.000000 
66103.070312 	 23514.455078 	 24713.320312 	 285.485352 	 -394.330963 	 -362.046936 	 1.000000 
64891.941406 	 24026.175781 	 24414.515625 	 252.659866 	 -375.545044 	 -327.092407 	 1.000000 
64933.269531 	 23591.187500 	 24536.599609 	 305.059967 	 -324.299469 	 -137.840057 	 1.000000 
65380.914062 	 23964.957031 	 25870.511719 	 314.838989 	 -296.631012 	 -261.611572 	 1.000000 
64836.640625 	 24043.621094 	 25707.412109 	 366.790436 	 -232.914139 	 -152.730057 	 1.000000 
63722.269531 	 24199.203125 	 25505.759766 	 342.638458 	 -191.987473 	 -121.337959 	 1.000000 
66521.500000 	 23733.285156 	 24825.593750 	 179.633255 	 -458.906860 	 -360.777618 	 1.000000 
64863.691406 	 24626.744141 	 23977.195312 	 231.064697 	 -332.470123 	 -179.443253 	 1.000000 
64005.992188 	 25675.914062 	 23761.839844 	 297.178314 	 -113.689636 	 -113.538269 	 1.000000 
65361.691406 	 23299.898438 	 26365.585938 	 299.571838 	 -324.402313 	 -215.557587 	 1.000000 
65097.296875 	 23583.800781 	 25960.421875 	 339.134888 	 -328.911469 	 -252.528244 	 1.000000 
64009.773438 	 25625.345703 	 24529.400391 	 280.062744 	 -261.533234 	 -267.053894 	 1.000000 
65176.644531 	 23078.376953 	 25490.582031 	 249.356827 	 -400.880005 	 -367.739899 	 1.000000 
66031.710938 	 24650.978516 	 24876.564453 	 192.712204 	 -413.886566 	 -340.370636 	 1.000000 
63825.710938 	 25287.683594 	 24675.248047 	 232.647751 	 -252.793518 	 -225.951385 	 1.000000 
66212.250000 	 23483.410156 	 25351.740234 	 166.767670 	 -346.655853 	 -239.983536 	 1.000000 
64737.859375 	 24892.847656 	 24755.101562 	 343.323822 	 -278.205017 	 -263.180359 	 1.000000 
63893.652344 	 25691.896484 	 24168.314453 	 256.045837 	 -223.797607 	 -203.498749 	 1.000000 
65437.457031 	 23730.830078 	 24839.943359 	 399.760529 	 -239.209457 	 -255.927170 	 1.000000 
64929.937500 	 23741.800781 	 25200.562500 	 355.142029 	 -288.105927 	 -169.262070 	 1.000000 
65044.878906 	 24454.314453 	 24443.806641 	 415.919647 	 -311.804840 	 -307.119202 	 1.000000 
66078.468750 	 23408.958984 	 25264.183594 	 265.966003 	 -441.336121 	 -277.617493 	 1.000000 
66160.992188 	 22800.609375 	 24718.814453 	 227.826248 	 -293.516144 	 -321.994720 	 1.000000 
64225.511719 	 24051.527344 	 24100.619141 	 358.040436 	 -158.374268 	 -77.531418 	 1.000000 
65160.632812 	 24566.468750 	 25511.066406 	 328.141998 	 -295.304382 	 -299.614197 	 1.000000 
64173.738281 	 24455.781250 	 25104.873047 	 361.145996 	 -190.108948 	 -125.108482 	 1.000000 
66376.265625 	 23121.054688 	 24919.144531 	 190.315338 	 -317.172821 	 -375.978149 	 1.000000 
64043.250000 	 23063.367188 	 25732.130859 	 297.464203 	 -367.671295 	 -296.817932 	 1.000000 
65908.789062 	 22832.468750 	 24566.851562 	 386.983093 	 -370.906158 	 -130.755096 	 1.000000 
66014.328125 	 23298.224609 	 25239.998047 	 348.727264 	 -226.673889 	 -180.230621 	 1.000000 
64415.128906 	 23942.320312 	 24794.519531 	 380.524261 	 -177.665466 	 -84.070854 	 1.000000 
65572.101562 	 22939.632812 	 25046.130859 	 413.828156 	 -204.102249 	 -81.903030 	 1.000000 
65335.640625 	 23185.898438 	 25588.042969 	 360.072235 	 -323.481049 	 -248.668625 	 1.000000 
64029.652344 	 25500.531250 	 23693.115234 	 250.055466 	 -210.442184 	 -206.893112 	 1.000000 
66339.117188 	 23138.365234 	 24981.785156 	 188.293930 	 -261.275940 	 -263.834045 	 1.000000 
64867.820312 	 24050.488281 	 25177.015625 	 380.419952 	 -287.020294 	 -191.271042 	 1.000000 
64500.816406 	 25632.259766 	 23588.367188 	 200.528061 	 -233.981262 	 -198.382095 	 1.000000 
65586.281250 	 25246.994141 	 23169.042969 	 219.792511 	 -331.414368 	 -270.541931 	 1.000000 
66855.656250 	 24355.730469 	 24347.216797 	 273.809845 	 -314.093597 	 -169.776199 	 1.000000 
63861.945312 	 24175.353516 	 25543.281250 	 346.731415 	 -201.631668 	 -115.320389 	 1.000000 
65265.812500 	 24426.507812 	 24564.652344 	 263.153839 	 -287.967468 	 -212.743454 	 1.000000 
64833.449219 	 22998.521484 	 24949.244141 	 367.168854 	 -297.483459 	 -229.702957 	 1.000000 
66548.554688 	 25103.230469 	 23571.320312 	 310.921417 	 -271.240967 	 -192.674179 	 1.000000 
66381.289062 	 23838.546875 	 23917.287109 	 258.680542 	 -355.718506 	 -155.531372 	 1.000000 
65657.812500 	 24214.177734 	 25444.429688 	 310.140411 	 -299.681885 	 -289.189331 	 1.000000 
65194.929688 	 23399.966797 	 25731.490234 	 343.705505 	 -327.932770 	 -259.835144 	 1.000000 
63795.167969 	 25719.359375 	 24318.955078 	 307.937042 	 -206.565338 	 -247.722229 	 1.000000 
64230.125000 	 24500.019531 	 24106.146484 	 265.151947 	 -286.876160 	 -182.334961 	 1.000000 
65430.843750 	 24006.841797 	 24057.892578 	 242.236816 	 -406.848389 	 -197.911469 	 1.000000 
66351.101562 	 24335.951172 	 23385.812500 	 231.990082 	 -381.855774 	 -258.337952 	 1.000000 
66202.921875 	 24481.609375 	 24811.341797 	 186.092636 	 -425.277313 	 -348.489166 	 1.000000 
64755.226562 	 26323.486328 	 24949.890625 	 161.111053 	 -322.160706 	 -344.778687 	 0.000000 
66474.640625 	 22967.884766 	 23978.429688 	 370.088013 	 -232.559906 	 -63.004787 	 1.000000 
64917.269531 	 22520.275391 	 24932.201172 	 398.293091 	 -249.096237 	 -71.861420 	 1.000000 
65205.398438 	 23132.167969 	 25822.548828 	 346.070709 	 -339.902649 	 -250.789429 	 1.000000 
64123.601562 	 24531.369141 	 24005.716797 	 244.966843 	 -293.844452 	 -195.337845 	 1.000000 
65441.234375 	 24512.109375 	 24095.587891 	 253.081100 	 -326.194336 	 -155.860352 	 1.000000 
66019.117188 	 25722.417969 	 25237.679688 	 187.798035 	 -367.536255 	 -340.475739 	 1.000000 
66598.015625 	 24036.244141 	 24868.296875 	 247.672195 	 -350.311035 	 -151.233795 	 1.000000 
64853.152344 	 23879.169922 	 26076.615234 	 320.610596 	 -311.500031 	 -238.860962 	 1.000000 
64660.386719 	 24618.812500 	 24656.593750 	 383.641541 	 -178.498825 	 -92.062401 	 1.000000 
64718.972656 	 24555.224609 	 25439.955078 	 215.120331 	 -377.402405 	 -368.125092 	 1.000000 
65377.519531 	 26167.115234 	 24407.312500 	 165.371292 	 -343.643433 	 -336.494629 	 1.000000 
65988.640625 	 24278.150391 	 24521.550781 	 246.975571 	 -344.134521 	 -145.269867 	 1.000000 
66312.492188 	 24594.714844 	 24696.882812 	 251.162613 	 -337.211670 	 -180.832153 	 1.000000 
64567.390625 	 24876.847656 	 24452.771484 	 349.136017 	 -174.090866 	 -91.220909 	 1.000000 
63136.578125 	 24535.886719 	 24827.605469 	 317.946350 	 -154.306534 	 -114.247459 	 1.000000 
63966.984375 	 25556.882812 	 24408.730469 	 207.902664 	 -255.626297 	 -169.873611 	 1.000000 
65189.710938 	 22467.089844 	 25377.955078 	 356.887146 	 -327.746216 	 -194.097031 	 1.000000 
63697.769531 	 24011.953125 	 24813.521484 	 306.633423 	 -279.307404 	 -267.393616 	 1.000000 
63142.011719 	 24868.521484 	 24604.876953 	 268.602234 	 -256.674286 	 -288.799377 	 1.000000 
66061.882812 	 22761.818359 	 24631.183594 	 380.977020 	 -388.700287 	 -141.237076 	 1.000000 
66415.343750 	 24439.207031 	 23750.041016 	 215.833954 	 -403.851013 	 -271.958588 	 1.000000 
66563.578125 	 24755.880859 	 24432.148438 	 301.957306 	 -259.473297 	 -137.601120 	 1.000000 
66180.351562 	 24258.552734 	 25363.369141 	 295.039703 	 -355.490814 	 -152.905869 	 1.000000 
66068.578125 	 24786.505859 	 24501.718750 	 267.653687 	 -320.375763 	 -177.935776 	 1.000000 
65229.605469 	 22437.171875 	 25000.660156 	 383.797882 	 -246.740677 	 -66.048607 	 1.000000 
63999.988281 	 24416.929688 	 24820.750000 	 357.818512 	 -168.553787 	 -106.377205 	 1.000000 
65396.039062 	 24109.359375 	 25074.355469 	 309.689697 	 -330.089294 	 -195.896179 	 1.000000 
65237.476562 	 24704.257812 	 24698.892578 	 334.329041 	 -301.945801 	 -343.472748 	 1.000000 
65373.890625 	 23873.140625 	 24769.759766 	 288.973938 	 -314.098907 	 -268.107849 	 1.000000 
64320.910156 	 24933.478516 	 24686.582031 	 227.198853 	 -314.830750 	 -172.932404 	 1.000000 
66306.328125 	 24128.359375 	 24120.951172 	 255.250992 	 -337.575806 	 -153.137970 	 1.000000 
65912.835938 	 23602.353516 	 25385.888672 	 313.578247 	 -406.112366 	 -251.600281 	 1.000000 
64690.281250 	 23782.332031 	 25444.992188 	 380.766418 	 -211.148529 	 -113.687386 	 1.000000 
65623.453125 	 23168.222656 	 24676.994141 	 325.605103 	 -306.888702 	 -153.310974 	 1.000000 
64884.277344 	 24355.042969 	 24783.423828 	 347.072388 	 -335.270996 	 -305.441376 	 1.000000 
66510.539062 	 23424.095703 	 25695.947266 	 204.357101 	 -435.684662 	 -384.773346 	 1.000000 
65645.789062 	 24313.234375 	 23976.970703 	 249.772690 	 -329.704498 	 -139.781113 	 1.000000 
66959.671875 	 23334.480469 	 24422.894531 	 218.223892 	 -462.413788 	 -335.463715 	 1.000000 
65710.476562 	 24387.416016 	 24377.876953 	 233.416428 	 -346.947815 	 -146.584152 	 1.000000 
65825.210938 	 23413.937500 	 25224.511719 	 182.365173 	 -389.784180 	 -290.409058 	 1.000000 
65250.917969 	 24415.574219 	 24546.076172 	 345.609131 	 -260.090637 	 -263.703949 	 1.000000 
65613.914062 	 23761.943359 	 24745.443359 	 228.568024 	 -448.162018 	 -380.302246 	 1.000000 
66571.976562 	 22800.171875 	 24432.591797 	 263.652100 	 -300.612732 	 -174.422470 	 1.000000 
66330.226562 	 24394.308594 	 23809.550781 	 211.873154 	 -412.488953 	 -301.442535 	 1.000000 
66272.523438 	 24479.785156 	 24098.814453 	 205.917847 	 -420.949097 	 -319.014069 	 1.000000 
65137.187500 	 22772.476562 	 23750.388672 	 393.440765 	 -217.172165 	 -61.523243 	 3.000000 
65670.906250 	 24417.871094 	 25475.195312 	 265.493195 	 -343.946716 	 -187.630753 	 1.000000 
64317.925781 	 24460.277344 	 24909.501953 	 365.376648 	 -184.713089 	 -119.321877 	 1.000000 
64081.113281 	 25541.357422 	 24360.242188 	 237.571075 	 -229.391190 	 -246.301910 	 1.000000 
65721.968750 	 23102.701172 	 24363.367188 	 417.348663 	 -328.974274 	 -270.280823 	 1.000000 
64508.937500 	 25528.359375 	 23455.712891 	 178.072998 	 -282.744904 	 -243.739120 	 1.000000 
66182.523438 	 22604.236328 	 24330.421875 	 226.147568 	 -368.939636 	 -164.031479 	 1.000000 
66598.898438 	 23069.884766 	 24879.103516 	 192.704391 	 -405.606842 	 -152.477371 	 1.000000 
66448.148438 	 25247.326172 	 23859.464844 	 279.363739 	 -292.645844 	 -196.491058 	 1.000000 
65434.066406 	 23238.238281 	 26417.396484 	 307.539551 	 -318.162628 	 -198.013504 	 1.000000 
65265.109375 	 24124.107422 	 25617.791016 	 370.875488 	 -229.833313 	 -192.271805 	 1.000000 
66014.859375 	 23132.406250 	 24453.281250 	 274.921600 	 -386.893311 	 -303.231567 	 1.000000 
65920.562500 	 22685.845703 	 25532.939453 	 281.421539 	 -332.590088 	 -307.915344 	 1.000000 
64909.250000 	 23355.460938 	 26042.564453 	 235.069214 	 -407.735199 	 -357.300568 	 1.000000 
64205.695312 	 24506.279297 	 23919.970703 	 231.607254 	 -324.973389 	 -231.383728 	 1.000000 
66302.914062 	 22979.875000 	 25025.230469 	 137.684952 	 -367.157013 	 -176.530273 	 1.000000 
66072.890625 	 23344.009766 	 25265.099609 	 366.085144 	 -249.074249 	 -227.285553 	 1.000000 
65569.718750 	 24639.937500 	 25252.748047 	 296.360260 	 -267.901947 	 -268.695709 	 1.000000 
64030.375000 	 25509.351562 	 24489.927734 	 255.668533 	 -250.250793 	 -207.155716 	 1.000000 
65091.222656 	 23314.779297 	 25533.505859 	 242.059753 	 -406.345276 	 -371.246277 	 1.000000 
66321.062500 	 22781.718750 	 24866.513672 	 186.856964 	 -350.241425 	 -302.482025 	 1.000000 
66548.546875 	 25116.386719 	 23899.826172 	 276.588776 	 -301.838989 	 -196.028534 	 1.000000 
66341.554688 	 24100.066406 	 25188.638672 	 276.420502 	 -337.476440 	 -104.645660 	 1.000000 
66246.554688 	 23690.097656 	 25414.281250 	 263.049988 	 -343.352112 	 -82.348289 	 1.000000 
64497.875000 	 23760.714844 	 26410.105469 	 332.474976 	 -286.747620 	 -176.050964 	 1.000000 
65029.128906 	 24772.908203 	 24864.707031 	 417.988770 	 -254.977661 	 -80.299271 	 1.000000 
65293.714844 	 23248.025391 	 26402.847656 	 318.695648 	 -304.753601 	 -169.259598 	 1.000000 
64666.296875 	 24224.904297 	 25448.734375 	 365.413788 	 -282.929626 	 -267.437836 	 1.000000 
64262.746094 	 22968.279297 	 25349.568359 	 347.104736 	 -327.458221 	 -249.860184 	 1.000000 
65006.035156 	 24387.291016 	 24381.031250 	 397.817993 	 -267.720062 	 -147.260742 	 1.000000 
65292.945312 	 22937.322266 	 25610.710938 	 244.360962 	 -412.823822 	 -367.728485 	 1.000000 
65769.968750 	 22911.310547 	 24458.476562 	 365.315186 	 -438.824310 	 -194.194382 	 1.000000 
66082.937500 	 23489.662109 	 24802.302734 	 250.591431 	 -330.276947 	 -396.109009 	 1.000000 
64614.613281 	 25177.548828 	 23451.576172 	 205.538635 	 -289.732758 	 -226.445282 	 1.000000 
66021.859375 	 23599.017578 	 25360.496094 	 316.054230 	 -419.042999 	 -235.018219 	 1.000000 
64514.218750 	 23630.117188 	 26515.050781 	 333.483246 	 -274.651306 	 -148.054199 	 1.000000 
64936.433594 	 22617.205078 	 26008.636719 	 303.447601 	 -386.126373 	 -232.481079 	 1.000000 
63860.621094 	 22908.087891 	 25662.095703 	 325.383087 	 -337.119232 	 -265.053345 	 1.000000 
64964.949219 	 24540.957031 	 23720.705078 	 236.644211 	 -327.035706 	 -198.040009 	 1.000000 
65632.312500 	 23358.386719 	 24241.107422 	 290.260986 	 -401.266907 	 -136.503082 	 1.000000 
65171.222656 	 24568.689453 	 25548.984375 	 325.560791 	 -299.648376 	 -302.140564 	 1.000000 
65308.355469 	 23593.720703 	 24871.658203 	 402.063629 	 -195.020325 	 -75.148834 	 1.000000 
63091.601562 	 24074.685547 	 24878.404297 	 346.141846 	 -142.397232 	 -89.044449 	 1.000000 
65235.710938 	 23423.802734 	 24490.929688 	 306.379700 	 -351.149353 	 -349.343018 	 1.000000 
63892.281250 	 25023.488281 	 25301.777344 	 315.429230 	 -229.186203 	 -262.355591 	 1.000000 
65225.671875 	 23392.646484 	 24595.646484 	 307.520874 	 -356.404266 	 -364.856171 	 1.000000 
66385.367188 	 25517.115234 	 25322.185547 	 183.720520 	 -376.896942 	 -344.984039 	 1.000000 
65400.683594 	 23851.066406 	 24476.373047 	 225.787125 	 -397.876709 	 -172.036591 	 1.000000 
65994.796875 	 23323.357422 	 24229.312500 	 213.551285 	 -430.792175 	 -140.348648 	 1.000000 
66548.437500 	 23763.107422 	 24412.556641 	 244.682083 	 -374.874390 	 -143.541641 	 1.000000 
65104.125000 	 22571.431641 	 23642.800781 	 405.533508 	 -212.347641 	 -55.025139 	 3.000000 
65268.800781 	 22768.363281 	 26083.091797 	 371.249725 	 -372.821075 	 -220.438995 	 1.000000 
65041.210938 	 24018.191406 	 24514.763672 	 289.346710 	 -300.342102 	 -219.200943 	 1.000000 
65078.656250 	 22649.222656 	 25781.841797 	 370.122864 	 -310.074615 	 -181.703827 	 1.000000 
65145.503906 	 22289.542969 	 25054.244141 	 312.445526 	 -390.218506 	 -260.145447 	 1.000000 
66500.843750 	 24191.951172 	 24005.558594 	 210.544205 	 -431.245209 	 -310.266785 	 1.000000 
66631.554688 	 24039.650391 	 24823.527344 	 248.665024 	 -351.358398 	 -145.285980 	 1.000000 
65270.023438 	 22556.462891 	 25048.980469 	 386.131989 	 -238.969742 	 -67.501106 	 1.000000 
63814.609375 	 23272.230469 	 25877.039062 	 366.479187 	 -217.573776 	 -90.628403 	 1.000000 
65022.148438 	 23425.271484 	 25701.429688 	 325.344666 	 -324.444702 	 -256.354950 	 1.000000 
63825.050781 	 25169.410156 	 25512.806641 	 305.751404 	 -220.180725 	 -244.354156 	 1.000000 
65043.214844 	 23785.863281 	 25059.560547 	 354.982910 	 -257.067017 	 -150.743805 	 1.000000 
65204.765625 	 22275.056641 	 25100.273438 	 306.408020 	 -377.871735 	 -256.450043 	 1.000000 
63850.496094 	 25114.119141 	 26150.617188 	 187.385071 	 -322.802643 	 -335.160706 	 5.000000 
64809.582031 	 22524.099609 	 25413.666016 	 302.095703 	 -403.316895 	 -303.092590 	 1.000000 
66255.992188 	 23376.765625 	 24755.998047 	 315.286102 	 -399.809509 	 -360.580170 	 1.000000 
64736.976562 	 24840.576172 	 25908.970703 	 195.916306 	 -361.656738 	 -352.579285 	 5.000000 
65270.000000 	 24870.357422 	 23867.185547 	 243.543411 	 -296.231842 	 -163.410217 	 1.000000 
65079.945312 	 22221.962891 	 24517.195312 	 400.013885 	 -238.357834 	 -36.073120 	 1.000000 
63919.582031 	 23881.531250 	 23540.689453 	 354.190002 	 -149.435425 	 -81.679787 	 2.000000 
64536.722656 	 24025.947266 	 25887.066406 	 361.018860 	 -236.125412 	 -137.409973 	 1.000000 
64564.855469 	 23520.183594 	 25167.695312 	 384.964996 	 -198.528595 	 -88.547249 	 1.000000 
63301.156250 	 23767.195312 	 25318.775391 	 350.428070 	 -172.645035 	 -92.530617 	 1.000000 
63462.292969 	 24351.246094 	 25147.072266 	 337.288452 	 -174.603302 	 -113.166809 	 1.000000 
64530.339844 	 24814.482422 	 24559.910156 	 329.202484 	 -326.560425 	 -233.880692 	 1.000000 
64110.472656 	 25005.615234 	 24092.832031 	 327.927185 	 -228.698807 	 -239.159515 	 1.000000 
65938.921875 	 22717.496094 	 24953.595703 	 218.726868 	 -281.388336 	 -296.227234 	 1.000000 
64820.597656 	 24078.281250 	 24831.781250 	 312.649445 	 -313.233643 	 -113.596184 	 1.000000 
64115.136719 	 25308.410156 	 24501.806641 	 187.014572 	 -259.887024 	 -193.230194 	 1.000000 
64453.921875 	 24738.798828 	 24434.841797 	 333.465210 	 -248.883636 	 -266.310181 	 1.000000 
64795.820312 	 24683.839844 	 23663.869141 	 230.705200 	 -317.290680 	 -205.045883 	 1.000000 
65371.417969 	 24342.216797 	 23737.845703 	 249.902313 	 -350.982544 	 -193.040207 	 1.000000 
64690.500000 	 24262.351562 	 25068.298828 	 369.332581 	 -291.434052 	 -178.439423 	 1.000000 
63959.078125 	 25299.669922 	 23970.513672 	 192.759094 	 -238.858444 	 -187.221207 	 1.000000 
66299.718750 	 23647.302734 	 23939.792969 	 225.049438 	 -414.211182 	 -207.226974 	 1.000000 
65013.695312 	 23933.228516 	 24912.578125 	 318.604584 	 -299.700684 	 -343.247681 	 1.000000 
65874.375000 	 23879.849609 	 25130.187500 	 278.309662 	 -400.722260 	 -276.669769 	 1.000000 
65265.851562 	 24352.082031 	 24803.630859 	 186.552414 	 -360.908447 	 -306.583862 	 1.000000 
64686.160156 	 23460.419922 	 26462.234375 	 345.197144 	 -319.075226 	 -197.095352 	 1.000000 
64019.511719 	 24695.417969 	 24880.740234 	 350.350494 	 -175.833069 	 -126.044014 	 1.000000 
65027.714844 	 22210.048828 	 24867.298828 	 397.403137 	 -223.147141 	 -40.910778 	 1.000000 
64488.492188 	 23641.236328 	 25722.330078 	 377.535492 	 -217.661484 	 -115.596779 	 1.000000 
63117.796875 	 24793.291016 	 24523.480469 	 316.023712 	 -146.435944 	 -120.781982 	 1.000000 
63773.644531 	 25157.472656 	 25552.337891 	 308.040955 	 -222.481598 	 -246.875809 	 1.000000 
65058.953125 	 24669.716797 	 24418.044922 	 394.407806 	 -295.070190 	 -143.474258 	 1.000000 
65531.574219 	 23991.216797 	 24389.359375 	 261.719635 	 -272.308624 	 -169.691772 	 1.000000 
65967.507812 	 24352.851562 	 24953.812500 	 195.687241 	 -431.484436 	 -362.427155 	 1.000000 
66222.492188 	 23526.328125 	 24556.470703 	 331.092865 	 -389.419098 	 -230.428864 	 1.000000 
66533.007812 	 22809.287109 	 24979.181641 	 197.950256 	 -414.902740 	 -182.994781 	 1.000000 
65466.441406 	 24716.871094 	 24107.134766 	 193.481964 	 -403.413696 	 -304.465363 	 1.000000 
65425.058594 	 24288.412109 	 24255.712891 	 251.552002 	 -338.142365 	 -138.073761 	 1.000000 
65844.328125 	 25034.207031 	 23136.515625 	 213.926834 	 -352.282898 	 -270.800537 	 1.000000 
64556.953125 	 25904.632812 	 23718.990234 	 154.615692 	 -316.329529 	 -323.364746 	 1.000000 
66924.851562 	 24286.705078 	 24420.771484 	 281.078094 	 -310.587311 	 -161.255783 	 1.000000 
65606.726562 	 23308.650391 	 25012.339844 	 262.320251 	 -394.099945 	 -346.936310 	 1.000000 
66409.015625 	 24300.767578 	 24967.177734 	 288.741547 	 -304.650543 	 -107.751854 	 1.000000 
64312.324219 	 24701.113281 	 24414.599609 	 352.570648 	 -161.024506 	 -95.666809 	 1.000000 
64328.679688 	 23882.050781 	 24292.412109 	 371.498535 	 -168.222702 	 -79.526062 	 1.000000 
65362.011719 	 23469.099609 	 24895.351562 	 368.846191 	 -289.249268 	 -229.881485 	 1.000000 
63750.582031 	 24328.308594 	 25885.488281 	 336.179108 	 -223.716141 	 -142.137817 	 1.000000 
66046.937500 	 25596.632812 	 25216.251953 	 190.354813 	 -372.051270 	 -341.158661 	 1.000000 
66314.570312 	 22902.621094 	 24919.230469 	 208.502838 	 -267.123444 	 -248.865524 	 1.000000 
66473.578125 	 24289.968750 	 23888.017578 	 211.904861 	 -421.256989 	 -303.790283 	 1.000000 
66312.015625 	 22765.628906 	 24168.925781 	 225.594116 	 -397.184235 	 -176.410080 	 1.000000 
64729.187500 	 25496.177734 	 23248.253906 	 207.878174 	 -238.467468 	 -196.463684 	 1.000000 
66744.609375 	 24136.839844 	 24742.568359 	 261.265259 	 -334.520538 	 -156.657379 	 1.000000 
65686.210938 	 23236.855469 	 25062.357422 	 438.567566 	 -322.169098 	 -180.622864 	 1.000000 
64790.519531 	 22481.652344 	 24097.519531 	 407.608765 	 -217.493698 	 -50.541569 	 0.000000 
63142.203125 	 24371.996094 	 24957.857422 	 340.065857 	 -141.690201 	 -99.467445 	 1.000000 
63811.246094 	 25461.287109 	 24460.007812 	 257.875885 	 -234.682480 	 -198.130753 	 1.000000 
64485.128906 	 24635.066406 	 24625.138672 	 252.896530 	 -381.013123 	 -367.453552 	 1.000000 
65817.421875 	 22950.326172 	 24756.744141 	 410.891754 	 -334.384186 	 -77.666374 	 1.000000 
64262.273438 	 24998.910156 	 25956.021484 	 193.926193 	 -343.139557 	 -343.270111 	 5.000000 
65225.582031 	 22981.607422 	 24761.466797 	 333.042175 	 -357.787018 	 -344.620667 	 1.000000 
65750.796875 	 23271.597656 	 24474.046875 	 273.602875 	 -462.194946 	 -112.831383 	 1.000000 
64694.800781 	 24644.529297 	 24943.445312 	 357.749329 	 -274.969177 	 -282.652588 	 1.000000 
65102.363281 	 24269.275391 	 24199.613281 	 227.585434 	 -365.899994 	 -167.323853 	 1.000000 
63877.156250 	 25396.025391 	 23916.900391 	 282.562714 	 -204.620102 	 -191.366165 	 1.000000 
65939.000000 	 23437.275391 	 25201.408203 	 316.093445 	 -262.363281 	 -275.440460 	 1.000000 
66158.398438 	 22796.933594 	 24754.080078 	 232.897949 	 -305.392242 	 -335.434387 	 1.000000 
66599.445312 	 24179.994141 	 24911.109375 	 287.335846 	 -300.550934 	 -105.591492 	 1.000000 
65976.125000 	 25764.328125 	 24016.607422 	 281.916382 	 -245.677979 	 -183.480972 	 1.000000 
65250.691406 	 23174.845703 	 26445.230469 	 323.182343 	 -309.634613 	 -165.554916 	 1.000000 
63886.890625 	 24072.500000 	 25682.050781 	 355.311676 	 -205.076187 	 -127.608498 	 1.000000 
64055.746094 	 25640.810547 	 24302.585938 	 278.753723 	 -243.414612 	 -190.006973 	 1.000000 
65061.277344 	 23263.134766 	 25727.472656 	 353.961182 	 -313.305817 	 -230.094360 	 1.000000 
64925.941406 	 24385.298828 	 24829.818359 	 293.124176 	 -375.953339 	 -292.412537 	 1.000000 
63966.066406 	 25485.605469 	 24089.902344 	 263.864197 	 -219.876465 	 -210.126282 	 1.000000 
66120.359375 	 23526.974609 	 25113.986328 	 200.001389 	 -447.336243 	 -426.122375 	 1.000000 
65967.976562 	 24168.390625 	 24968.724609 	 197.722626 	 -441.428040 	 -372.933807 	 1.000000 
66207.898438 	 22848.341797 	 24750.730469 	 174.121384 	 -280.756042 	 -252.640121 	 1.000000 
64569.664062 	 24736.982422 	 24437.039062 	 348.666199 	 -256.340607 	 -259.924133 	 1.000000 
65480.472656 	 24772.673828 	 23338.480469 	 223.791504 	 -351.023743 	 -249.004089 	 1.000000 
65637.031250 	 23299.082031 	 24320.591797 	 302.448578 	 -401.375854 	 -123.978439 	 1.000000 
64963.675781 	 23641.328125 	 24565.810547 	 308.606964 	 -305.752350 	 -131.768631 	 1.000000 
65863.429688 	 23744.632812 	 24657.421875 	 252.738770 	 -412.630798 	 -106.311951 	 1.000000 
64768.238281 	 24330.062500 	 24841.236328 	 305.973450 	 -313.047607 	 -110.835876 	 1.000000 
64278.859375 	 25175.125000 	 23790.714844 	 193.194382 	 -284.924622 	 -209.432648 	 1.000000 
65901.273438 	 23135.917969 	 25253.509766 	 320.434021 	 -253.182968 	 -129.426285 	 1.000000 
65791.828125 	 25093.078125 	 23110.771484 	 212.412323 	 -349.511902 	 -271.950836 	 1.000000 
66430.750000 	 24120.824219 	 24893.265625 	 240.621674 	 -356.688080 	 -146.762985 	 1.000000 
65458.773438 	 24530.941406 	 25259.275391 	 316.487640 	 -211.785461 	 -230.989746 	 1.000000 
64227.457031 	 24039.255859 	 25576.582031 	 362.627625 	 -204.053955 	 -120.844833 	 1.000000 
64149.796875 	 24685.210938 	 24731.859375 	 355.271057 	 -172.942078 	 -115.439568 	 1.000000 
64354.140625 	 22914.228516 	 23878.765625 	 390.910706 	 -189.898773 	 -61.846779 	 0.000000 
63593.636719 	 24344.626953 	 24889.287109 	 340.155731 	 -160.303055 	 -103.411430 	 1.000000 
63553.550781 	 24307.679688 	 25534.667969 	 337.521393 	 -204.301102 	 -128.301788 	 1.000000 
63614.546875 	 23793.056641 	 26005.923828 	 345.665894 	 -252.141617 	 -178.320175 	 1.000000 
64090.421875 	 25229.750000 	 24436.275391 	 223.733704 	 -250.621155 	 -212.417938 	 1.000000 
65148.378906 	 23101.298828 	 25598.701172 	 339.067352 	 -321.142609 	 -236.512436 	 1.000000 
64900.468750 	 23814.437500 	 24749.181641 	 314.753876 	 -335.209808 	 -388.618530 	 1.000000 
66143.171875 	 23717.468750 	 24882.242188 	 178.920914 	 -486.116608 	 -375.897156 	 1.000000 
65967.851562 	 24232.873047 	 25036.468750 	 197.945084 	 -435.999390 	 -372.090698 	 1.000000 
64151.710938 	 25239.039062 	 24523.544922 	 199.675995 	 -263.512482 	 -184.061829 	 1.000000 
65019.960938 	 23461.087891 	 24369.802734 	 275.842896 	 -368.818909 	 -162.633896 	 1.000000 
66097.859375 	 24883.412109 	 24962.888672 	 195.110275 	 -422.368530 	 -357.354950 	 1.000000 
64181.636719 	 24821.111328 	 24127.253906 	 216.701263 	 -345.242767 	 -305.021149 	 1.000000 
66381.429688 	 25275.917969 	 23981.714844 	 198.818878 	 -392.323334 	 -329.023071 	 1.000000 
64718.675781 	 25460.132812 	 25281.304688 	 331.224792 	 -253.690399 	 -237.914871 	 0.000000 
