60068.980469 	 21573.435547 	 25432.757812 	 395.375488 	 -152.861465 	 44.900322 	 1.000000 
60099.648438 	 21381.277344 	 25687.537109 	 449.855621 	 -75.426041 	 -96.649750 	 1.000000 
60009.585938 	 21517.462891 	 25380.294922 	 494.288574 	 -214.913147 	 16.189543 	 1.000000 
59841.585938 	 21579.335938 	 25380.158203 	 399.152710 	 -148.773605 	 125.380959 	 1.000000 
60071.000000 	 21366.492188 	 25702.417969 	 650.623596 	 -144.122589 	 -81.503784 	 1.000000 
60176.574219 	 21497.796875 	 25420.330078 	 480.078064 	 -170.545792 	 -57.663784 	 1.000000 
60073.789062 	 21396.089844 	 25685.171875 	 478.251526 	 -86.391014 	 -163.799927 	 1.000000 
59956.523438 	 21617.642578 	 25408.888672 	 478.590210 	 -96.364250 	 93.720375 	 1.000000 
59916.539062 	 21685.208984 	 25495.896484 	 487.649078 	 -266.623413 	 66.535934 	 1.000000 
59872.195312 	 21436.580078 	 25368.283203 	 444.223663 	 -89.675301 	 112.896286 	 1.000000 
60056.945312 	 21641.242188 	 25429.429688 	 202.249802 	 -17.730595 	 212.571335 	 1.000000 
60116.312500 	 21357.890625 	 25716.712891 	 252.068939 	 -152.768158 	 -2.779920 	 1.000000 
60036.757812 	 21811.902344 	 25563.837891 	 401.983948 	 -178.835922 	 73.777298 	 1.000000 
59976.687500 	 21338.246094 	 25550.140625 	 373.044342 	 -58.628078 	 85.486092 	 1.000000 
60153.996094 	 21643.621094 	 25435.818359 	 529.613892 	 -265.287567 	 152.068710 	 1.000000 
60230.250000 	 21583.261719 	 25456.912109 	 408.707001 	 -133.882263 	 -95.434395 	 1.000000 
59983.816406 	 21467.880859 	 25551.216797 	 386.711029 	 14.970616 	 74.464714 	 1.000000 
60072.500000 	 21392.388672 	 25674.976562 	 503.457214 	 -109.415672 	 -132.871124 	 1.000000 
59926.457031 	 21651.638672 	 25388.384766 	 344.683868 	 -217.079041 	 18.756992 	 1.000000 
60082.933594 	 21493.287109 	 25416.728516 	 511.088074 	 -109.074776 	 215.310760 	 1.000000 
60142.308594 	 21407.730469 	 25821.464844 	 532.151672 	 -67.768723 	 -97.164574 	 1.000000 
60049.242188 	 21458.734375 	 25636.244141 	 457.205292 	 24.128262 	 54.007019 	 1.000000 
60169.593750 	 21536.957031 	 25241.476562 	 447.590851 	 -124.903763 	 -18.601749 	 1.000000 
59992.632812 	 21576.199219 	 25387.128906 	 480.383820 	 -40.015732 	 213.472366 	 1.000000 
60110.000000 	 21569.337891 	 25611.148438 	 410.612823 	 -228.664536 	 41.586842 	 1.000000 
59956.605469 	 21685.412109 	 25360.443359 	 525.952515 	 -101.842827 	 93.507622 	 1.000000 
60119.968750 	 21275.476562 	 25623.939453 	 345.767639 	 -43.277313 	 -172.912445 	 1.000000 
60104.308594 	 21259.994141 	 25834.324219 	 388.295227 	 -122.864418 	 -94.870682 	 1.000000 
60071.390625 	 21308.207031 	 25810.787109 	 549.375610 	 -46.146847 	 -75.427620 	 1.000000 
60050.992188 	 21442.660156 	 25609.089844 	 476.639404 	 26.246729 	 -199.764557 	 1.000000 
60014.890625 	 21579.806641 	 25311.845703 	 223.580536 	 -67.768463 	 82.578079 	 1.000000 
60176.906250 	 21444.242188 	 25487.330078 	 317.064514 	 -224.406219 	 10.050511 	 1.000000 
59990.718750 	 21636.556641 	 25378.201172 	 475.078613 	 -37.254242 	 -43.362801 	 1.000000 
60211.925781 	 21682.117188 	 25465.154297 	 498.089966 	 -197.850174 	 53.993851 	 1.000000 
60168.597656 	 21347.144531 	 25584.408203 	 343.096375 	 -91.584038 	 -96.160461 	 1.000000 
60190.402344 	 21291.804688 	 25808.982422 	 407.387939 	 -106.447594 	 -47.454041 	 1.000000 
60103.687500 	 21591.144531 	 25391.781250 	 496.160004 	 -225.455597 	 324.982910 	 1.000000 
60097.449219 	 21706.691406 	 25444.712891 	 562.852661 	 -141.087067 	 88.183250 	 1.000000 
60056.093750 	 21544.859375 	 25490.517578 	 537.961487 	 -374.216675 	 55.807598 	 1.000000 
60218.914062 	 21524.718750 	 25263.750000 	 330.655151 	 -288.085999 	 5.759727 	 1.000000 
60052.046875 	 21398.312500 	 25778.041016 	 601.684998 	 -131.637054 	 96.811111 	 1.000000 
60009.250000 	 21462.296875 	 25633.986328 	 537.908997 	 -3.061723 	 -31.309181 	 1.000000 
60152.667969 	 21520.212891 	 25440.019531 	 414.350311 	 51.524914 	 -0.028035 	 1.000000 
60078.976562 	 21624.281250 	 25364.783203 	 290.995667 	 -132.317001 	 -23.277849 	 1.000000 
60149.976562 	 21317.904297 	 25701.716797 	 328.570709 	 -227.528564 	 -98.476814 	 1.000000 
60223.925781 	 21453.160156 	 25608.199219 	 439.255219 	 -43.546169 	 -28.909739 	 1.000000 
60016.515625 	 21378.037109 	 25732.685547 	 407.345215 	 13.496812 	 -113.983803 	 1.000000 
60165.718750 	 21512.443359 	 25526.464844 	 454.923645 	 -46.896137 	 98.786476 	 1.000000 
59992.984375 	 21399.160156 	 25765.687500 	 440.912201 	 -70.793869 	 -219.201096 	 1.000000 
60110.820312 	 21591.404297 	 25412.763672 	 496.727661 	 -258.723175 	 185.271759 	 1.000000 
59900.992188 	 21628.730469 	 25405.535156 	 379.414520 	 -255.199890 	 74.175903 	 1.000000 
59858.722656 	 21500.539062 	 25366.609375 	 327.604156 	 -107.263077 	 16.319845 	 1.000000 
60133.191406 	 21432.849609 	 25462.466797 	 485.668793 	 -32.501961 	 -136.680206 	 1.000000 
60093.121094 	 21329.005859 	 25555.990234 	 535.468628 	 -102.329460 	 -169.002518 	 1.000000 
60004.656250 	 21560.470703 	 25331.658203 	 442.587097 	 -334.988281 	 50.566097 	 1.000000 
60129.851562 	 21361.056641 	 25838.289062 	 529.293518 	 -159.444794 	 -67.256493 	 1.000000 
60136.503906 	 21555.414062 	 25584.406250 	 425.011383 	 -119.558258 	 13.342589 	 1.000000 
59955.136719 	 21338.572266 	 25702.880859 	 454.462189 	 -143.881104 	 -219.840469 	 1.000000 
60153.800781 	 21421.695312 	 25471.962891 	 473.857727 	 -28.087257 	 -112.696976 	 1.000000 
60076.242188 	 21500.357422 	 25505.535156 	 387.206818 	 -87.954193 	 133.193771 	 1.000000 
60108.953125 	 21707.134766 	 25424.591797 	 270.600525 	 -259.134674 	 -44.839565 	 1.000000 
59848.359375 	 21515.460938 	 25314.488281 	 324.590179 	 -113.261841 	 136.464371 	 1.000000 
59945.671875 	 21414.017578 	 25732.921875 	 453.202087 	 -184.180786 	 9.334737 	 1.000000 
60127.621094 	 21583.042969 	 25324.605469 	 266.246490 	 -44.978035 	 123.624779 	 1.000000 
60049.070312 	 21457.005859 	 25774.103516 	 455.686981 	 -165.881577 	 -204.336685 	 1.000000 
60224.160156 	 21416.886719 	 25409.041016 	 253.147125 	 -231.070496 	 30.409496 	 1.000000 
59920.675781 	 21494.248047 	 25407.093750 	 426.456238 	 -95.173546 	 -17.954447 	 1.000000 
59923.585938 	 21549.529297 	 25474.091797 	 454.267181 	 -164.332199 	 -112.243057 	 1.000000 
60040.859375 	 21756.070312 	 25581.166016 	 352.860229 	 -134.232208 	 27.257868 	 1.000000 
60232.984375 	 21673.242188 	 25418.285156 	 466.608917 	 -205.506088 	 23.451292 	 1.000000 
60649.085938 	 21152.335938 	 25680.435547 	 339.767456 	 -123.392090 	 30.369070 	 1.000000 
60722.296875 	 21062.480469 	 25756.814453 	 415.136322 	 -141.667358 	 2.945206 	 1.000000 
60677.855469 	 21177.509766 	 25590.650391 	 335.310974 	 -24.847486 	 32.487053 	 1.000000 
60650.601562 	 21212.636719 	 25573.298828 	 393.744080 	 -180.875687 	 21.249411 	 1.000000 
60683.753906 	 21179.597656 	 25575.291016 	 225.948868 	 -141.906815 	 137.512207 	 1.000000 
60716.113281 	 21044.562500 	 25658.806641 	 278.817261 	 -145.243912 	 106.478653 	 1.000000 
59177.156250 	 22576.814453 	 24978.976562 	 367.563049 	 -122.056870 	 9.973981 	 1.000000 
59157.636719 	 22548.162109 	 25102.681641 	 282.683197 	 -115.533188 	 15.974572 	 1.000000 
59181.113281 	 22554.419922 	 24862.228516 	 451.813416 	 -121.479179 	 80.531944 	 1.000000 
59270.917969 	 22669.123047 	 24953.964844 	 348.452759 	 -78.377243 	 -37.784302 	 1.000000 
59120.585938 	 22686.511719 	 25005.357422 	 371.793701 	 -113.243538 	 20.399027 	 1.000000 
59188.023438 	 22569.261719 	 25058.162109 	 388.331238 	 -216.779953 	 51.774448 	 1.000000 
59112.199219 	 22563.050781 	 25046.992188 	 453.072601 	 27.079865 	 47.039978 	 1.000000 
59117.203125 	 22518.769531 	 25016.126953 	 478.396332 	 -106.067062 	 50.624039 	 1.000000 
59237.429688 	 22528.404297 	 24995.876953 	 306.674988 	 -165.640427 	 63.544914 	 1.000000 
59154.726562 	 22566.798828 	 24886.033203 	 468.470367 	 -147.914368 	 65.530891 	 1.000000 
59267.769531 	 22519.992188 	 25002.736328 	 375.699982 	 -52.551434 	 47.043167 	 1.000000 
60498.867188 	 20931.347656 	 25546.462891 	 410.527069 	 -44.194111 	 -22.193089 	 1.000000 
60558.746094 	 20922.652344 	 25480.298828 	 231.248596 	 -157.424301 	 -19.190874 	 1.000000 
60408.847656 	 21000.904297 	 25608.931641 	 448.588287 	 -67.852837 	 -25.259430 	 1.000000 
60511.304688 	 20916.994141 	 25501.615234 	 443.247345 	 -37.045341 	 43.967880 	 1.000000 
60498.273438 	 20938.218750 	 25441.833984 	 335.605194 	 -236.236603 	 65.264275 	 1.000000 
60439.824219 	 20946.287109 	 25548.484375 	 451.309509 	 6.604397 	 -28.310076 	 1.000000 
60583.605469 	 20990.687500 	 25496.607422 	 429.932404 	 -95.164825 	 31.988081 	 1.000000 
59190.582031 	 22554.906250 	 24543.921875 	 404.593811 	 -91.547668 	 21.035248 	 1.000000 
59182.648438 	 22528.550781 	 24580.791016 	 354.565277 	 -18.510443 	 29.472483 	 1.000000 
59101.023438 	 22538.175781 	 24477.642578 	 373.050934 	 -102.702538 	 -18.898447 	 1.000000 
62046.722656 	 20242.160156 	 25764.328125 	 454.125458 	 -181.479370 	 49.324108 	 1.000000 
62138.535156 	 20282.615234 	 25725.914062 	 410.847595 	 -180.903763 	 65.417725 	 1.000000 
62048.308594 	 20175.589844 	 25710.964844 	 466.872864 	 -149.900635 	 124.327980 	 1.000000 
60648.367188 	 19842.197266 	 26958.906250 	 486.274506 	 -139.610367 	 12.958887 	 1.000000 
59032.085938 	 20952.267578 	 26785.699219 	 399.353271 	 -102.102577 	 -8.038651 	 1.000000 
59023.898438 	 20930.675781 	 26780.634766 	 356.615997 	 -130.613464 	 -1.029077 	 1.000000 
58718.546875 	 22291.464844 	 25644.146484 	 400.699799 	 -68.265167 	 -6.653384 	 1.000000 
61078.402344 	 20303.181641 	 26123.000000 	 399.864838 	 -241.895218 	 -42.669193 	 1.000000 
60987.382812 	 20296.271484 	 26131.001953 	 425.296936 	 -137.892853 	 9.912910 	 1.000000 
61062.449219 	 20278.095703 	 26112.187500 	 415.050842 	 -147.005386 	 11.209526 	 1.000000 
59829.980469 	 21815.964844 	 24975.353516 	 444.083405 	 -141.131119 	 79.828888 	 1.000000 
61548.894531 	 19944.392578 	 26445.988281 	 386.245178 	 -278.876343 	 1.906007 	 1.000000 
61567.203125 	 19934.595703 	 26441.740234 	 379.306976 	 -271.286530 	 25.096346 	 1.000000 
61332.078125 	 20402.837891 	 26540.880859 	 457.024048 	 -164.596649 	 16.222912 	 1.000000 
61362.750000 	 20421.220703 	 26532.875000 	 472.542236 	 -165.935944 	 -8.640649 	 1.000000 
59842.160156 	 21808.730469 	 25340.501953 	 367.492493 	 -240.200424 	 121.545876 	 1.000000 
59806.031250 	 22436.396484 	 24992.009766 	 397.101105 	 -118.391609 	 -10.072445 	 1.000000 
59771.632812 	 22406.433594 	 24957.175781 	 405.495972 	 -130.853729 	 -3.268716 	 1.000000 
59803.332031 	 22418.501953 	 24966.609375 	 396.792236 	 -136.063950 	 -3.359607 	 1.000000 
59240.906250 	 20962.568359 	 26531.472656 	 426.075592 	 -119.741928 	 -9.490697 	 1.000000 
59240.207031 	 20942.228516 	 26524.335938 	 411.458160 	 -117.941986 	 -1.585452 	 1.000000 
59228.722656 	 20966.816406 	 26536.314453 	 448.424774 	 -119.621574 	 -22.055414 	 1.000000 
60536.539062 	 22334.443359 	 24550.484375 	 323.552704 	 -175.216446 	 -28.661320 	 1.000000 
61113.113281 	 20710.019531 	 25751.589844 	 327.752808 	 -238.094177 	 -43.423058 	 1.000000 
59065.144531 	 22796.992188 	 25291.269531 	 416.527374 	 -54.284843 	 -17.449041 	 1.000000 
61439.734375 	 20783.582031 	 25766.291016 	 345.458496 	 -241.084305 	 -27.123480 	 1.000000 
61422.656250 	 20769.855469 	 25765.982422 	 347.215973 	 -255.371490 	 -36.738808 	 1.000000 
60086.007812 	 21702.302734 	 25226.251953 	 452.099457 	 -204.056824 	 129.411057 	 1.000000 
60950.382812 	 20166.679688 	 26830.007812 	 483.124390 	 -153.407913 	 -5.115219 	 1.000000 
59142.863281 	 22906.236328 	 25013.660156 	 369.153900 	 -167.511993 	 19.997063 	 1.000000 
59158.167969 	 22897.207031 	 25062.195312 	 363.080627 	 -162.047638 	 17.552057 	 1.000000 
60732.996094 	 19930.667969 	 26590.744141 	 440.387329 	 -252.462448 	 -63.231449 	 1.000000 
60769.484375 	 19947.824219 	 26597.896484 	 428.031952 	 -243.758682 	 -54.931759 	 1.000000 
61122.667969 	 20634.115234 	 25809.580078 	 342.391113 	 -222.375504 	 -52.787277 	 1.000000 
60836.625000 	 20537.544922 	 25819.730469 	 413.255951 	 -120.591545 	 -32.355034 	 1.000000 
60832.675781 	 20537.216797 	 25796.746094 	 410.309174 	 -101.314224 	 -30.541739 	 1.000000 
61721.203125 	 21652.013672 	 25362.050781 	 355.027740 	 -226.141083 	 -46.956505 	 1.000000 
60671.148438 	 20126.945312 	 26725.367188 	 429.122955 	 -247.401855 	 -68.798210 	 1.000000 
61501.898438 	 20474.884766 	 25229.865234 	 472.944885 	 -90.063286 	 127.564896 	 1.000000 
59561.796875 	 22344.853516 	 24857.990234 	 429.378601 	 -85.033356 	 -32.832390 	 1.000000 
61051.835938 	 23310.357422 	 25189.039062 	 337.906189 	 -170.763199 	 -83.895477 	 1.000000 
59369.238281 	 22781.826172 	 25167.005859 	 406.428894 	 -75.302216 	 -43.800510 	 1.000000 
60189.367188 	 21497.302734 	 25835.119141 	 384.596497 	 -161.711166 	 -2.235848 	 1.000000 
60158.984375 	 21483.236328 	 25836.218750 	 400.938690 	 -185.828293 	 -17.957388 	 1.000000 
59074.199219 	 22835.669922 	 25214.943359 	 357.363037 	 -140.598007 	 5.060328 	 1.000000 
61869.343750 	 21218.910156 	 24955.009766 	 400.479675 	 -180.848694 	 68.660614 	 1.000000 
60446.714844 	 20106.216797 	 27180.505859 	 420.997284 	 -234.558716 	 -68.096710 	 1.000000 
58879.355469 	 20971.507812 	 26879.966797 	 402.136353 	 -93.983810 	 -14.502019 	 1.000000 
58891.355469 	 20952.138672 	 26892.376953 	 401.336212 	 -79.665253 	 -9.000774 	 1.000000 
61005.328125 	 20769.378906 	 25878.238281 	 340.700226 	 -133.367264 	 86.364830 	 1.000000 
61898.003906 	 20491.167969 	 25753.304688 	 457.354370 	 -172.238739 	 12.011237 	 1.000000 
60492.488281 	 20172.078125 	 26816.304688 	 425.567566 	 -235.671631 	 -65.172737 	 1.000000 
59728.750000 	 22436.500000 	 24908.863281 	 404.352356 	 -125.186638 	 -11.846016 	 1.000000 
59559.500000 	 22663.107422 	 24752.167969 	 368.147095 	 -105.725433 	 -35.222309 	 1.000000 
61166.226562 	 20021.615234 	 26783.386719 	 509.247009 	 -156.108353 	 24.014297 	 1.000000 
61189.035156 	 20020.980469 	 26772.542969 	 500.287933 	 -166.530426 	 19.267506 	 1.000000 
59579.445312 	 21264.746094 	 26515.794922 	 423.899689 	 -111.675278 	 -49.272049 	 1.000000 
59946.964844 	 21246.312500 	 25626.261719 	 418.906311 	 -10.272641 	 -87.927383 	 1.000000 
61160.148438 	 20311.580078 	 25884.574219 	 420.257172 	 -129.463089 	 22.551456 	 1.000000 
59636.367188 	 21499.857422 	 25358.517578 	 348.885895 	 -67.292862 	 74.421684 	 1.000000 
60162.617188 	 21849.478516 	 25065.761719 	 479.554474 	 -187.880600 	 43.873184 	 1.000000 
60312.921875 	 22595.849609 	 24765.199219 	 333.867035 	 -190.151047 	 -71.253174 	 1.000000 
59525.750000 	 22203.345703 	 24469.996094 	 340.794373 	 -137.535980 	 43.245247 	 1.000000 
59648.972656 	 21483.984375 	 25682.843750 	 399.334473 	 -112.987602 	 99.051369 	 1.000000 
58933.289062 	 21074.775391 	 26892.777344 	 386.224640 	 -120.644447 	 -18.752182 	 1.000000 
61387.269531 	 20231.289062 	 25751.232422 	 436.872681 	 -134.342224 	 26.611418 	 1.000000 
60196.179688 	 20707.050781 	 26388.132812 	 443.454529 	 -90.394897 	 -29.381565 	 1.000000 
61097.386719 	 21667.046875 	 24980.365234 	 357.803101 	 -153.860550 	 59.174999 	 1.000000 
61300.125000 	 21730.591797 	 24864.328125 	 358.513885 	 -154.794525 	 61.021641 	 1.000000 
60749.675781 	 20504.839844 	 26622.845703 	 456.528687 	 -139.596085 	 -17.439175 	 1.000000 
59469.089844 	 22234.125000 	 24955.154297 	 347.639374 	 -123.506584 	 78.322701 	 1.000000 
60985.953125 	 20438.314453 	 25902.421875 	 368.440491 	 -227.839523 	 -51.439545 	 1.000000 
60848.101562 	 21305.064453 	 25612.279297 	 373.998047 	 -82.382736 	 175.882523 	 1.000000 
60003.851562 	 21376.080078 	 25397.732422 	 357.053009 	 0.275196 	 86.273346 	 1.000000 
59051.863281 	 22853.105469 	 25320.033203 	 422.694916 	 -59.238682 	 13.016582 	 1.000000 
59066.640625 	 22818.595703 	 25341.072266 	 422.057312 	 -70.655891 	 -24.562754 	 1.000000 
59953.937500 	 21307.304688 	 25419.771484 	 329.716217 	 -62.976559 	 65.812569 	 1.000000 
59906.644531 	 22564.310547 	 25252.671875 	 414.672821 	 -125.456726 	 -17.037603 	 1.000000 
60585.500000 	 21385.767578 	 25693.332031 	 400.657257 	 -147.758423 	 107.167847 	 1.000000 
62022.902344 	 20247.105469 	 25877.453125 	 478.127594 	 -148.031326 	 18.785192 	 1.000000 
59288.933594 	 21829.824219 	 26267.119141 	 434.282104 	 -102.668976 	 -8.868050 	 1.000000 
59847.863281 	 22570.791016 	 25226.220703 	 430.988831 	 -109.292786 	 -16.155653 	 1.000000 
60192.238281 	 21769.408203 	 24817.648438 	 306.674713 	 -206.036209 	 22.795700 	 1.000000 
60028.628906 	 21744.003906 	 25722.203125 	 402.984344 	 -219.344040 	 62.675037 	 1.000000 
58915.449219 	 22302.417969 	 24508.800781 	 417.003510 	 -111.232269 	 9.068342 	 1.000000 
60643.878906 	 21666.220703 	 25094.492188 	 301.614136 	 -223.257294 	 -13.102797 	 1.000000 
59508.960938 	 21822.580078 	 24763.228516 	 358.284790 	 -156.056366 	 68.829361 	 1.000000 
59552.515625 	 21614.900391 	 25216.417969 	 363.041138 	 -72.939194 	 66.325142 	 1.000000 
61042.261719 	 20641.306641 	 24927.482422 	 465.327576 	 -56.089382 	 123.532951 	 1.000000 
59161.585938 	 22901.447266 	 25288.539062 	 360.044556 	 -121.367325 	 73.046272 	 1.000000 
60238.621094 	 20347.480469 	 26862.105469 	 405.444336 	 -222.084152 	 -70.060951 	 1.000000 
60244.402344 	 21665.580078 	 25320.746094 	 444.038269 	 -301.056519 	 4.129122 	 1.000000 
60094.460938 	 20532.535156 	 26977.736328 	 395.181885 	 -224.022781 	 -59.849548 	 1.000000 
61033.437500 	 20672.119141 	 25636.121094 	 344.997528 	 -205.402008 	 -47.743946 	 1.000000 
59976.320312 	 21428.826172 	 25238.433594 	 427.104462 	 -85.710876 	 152.060318 	 1.000000 
61038.546875 	 22908.976562 	 25148.382812 	 338.459229 	 -182.057419 	 -75.529533 	 1.000000 
60906.910156 	 23278.693359 	 25416.240234 	 347.615082 	 -172.488617 	 -93.404488 	 1.000000 
59417.382812 	 22499.742188 	 24710.416016 	 365.321289 	 -140.063477 	 17.288687 	 1.000000 
59929.984375 	 21652.615234 	 25662.544922 	 387.820282 	 -173.734604 	 87.357101 	 1.000000 
58849.242188 	 20909.550781 	 26794.697266 	 415.657898 	 -129.073837 	 1.331876 	 1.000000 
59170.734375 	 22833.863281 	 24681.449219 	 402.969055 	 -150.307007 	 -0.272279 	 1.000000 
60189.156250 	 22841.095703 	 24369.138672 	 322.016479 	 -74.267822 	 6.510605 	 1.000000 
61800.453125 	 21497.136719 	 25236.453125 	 411.726532 	 -150.383514 	 86.649147 	 1.000000 
61433.511719 	 20302.330078 	 25643.066406 	 498.466187 	 -73.018745 	 114.212639 	 1.000000 
60768.035156 	 20569.439453 	 25650.218750 	 352.571594 	 -152.322647 	 -35.309990 	 1.000000 
59346.496094 	 21283.687500 	 26432.986328 	 418.818970 	 -101.184769 	 -40.989685 	 1.000000 
61548.589844 	 19884.615234 	 24881.257812 	 512.463135 	 -68.346581 	 129.222092 	 1.000000 
59969.937500 	 21341.359375 	 25897.111328 	 477.832306 	 -31.151960 	 -145.135757 	 1.000000 
60762.359375 	 20925.771484 	 26148.113281 	 418.783722 	 -108.167160 	 -47.634285 	 1.000000 
59597.109375 	 22420.564453 	 24134.662109 	 376.590637 	 -26.759342 	 94.871567 	 1.000000 
62014.734375 	 20914.494141 	 25013.017578 	 420.392578 	 -189.041275 	 93.746994 	 1.000000 
61813.789062 	 21385.900391 	 24373.244141 	 386.921906 	 -174.887238 	 39.189568 	 1.000000 
60715.644531 	 20220.667969 	 25936.431641 	 418.716766 	 -142.379150 	 -22.030207 	 1.000000 
59736.824219 	 22145.736328 	 25373.800781 	 361.516876 	 -165.072540 	 54.269821 	 1.000000 
60797.484375 	 20295.162109 	 26571.462891 	 436.773407 	 -223.353180 	 -52.500149 	 1.000000 
60929.984375 	 20464.230469 	 25888.812500 	 374.046143 	 -227.441513 	 -55.000996 	 1.000000 
61479.113281 	 19810.462891 	 26187.443359 	 426.285706 	 -210.943558 	 28.848314 	 1.000000 
60290.792969 	 21088.658203 	 25597.781250 	 378.367798 	 -151.633026 	 -14.247869 	 1.000000 
61138.156250 	 21691.742188 	 24937.683594 	 352.394226 	 -159.435501 	 60.748863 	 1.000000 
59793.781250 	 21409.232422 	 25366.015625 	 438.025482 	 -149.896561 	 165.640945 	 1.000000 
59560.300781 	 21742.482422 	 24816.480469 	 366.863159 	 -153.385971 	 76.534912 	 1.000000 
60797.710938 	 22338.500000 	 24638.066406 	 336.576691 	 -120.422188 	 53.343445 	 1.000000 
59286.574219 	 22705.429688 	 24497.880859 	 363.341156 	 -90.583992 	 -2.954460 	 1.000000 
59814.136719 	 20523.794922 	 27035.136719 	 380.479156 	 -216.326874 	 -60.462788 	 1.000000 
59353.671875 	 20840.458984 	 26684.628906 	 368.039001 	 -184.750809 	 -59.277260 	 1.000000 
61919.855469 	 22245.390625 	 25122.103516 	 360.901398 	 -207.038864 	 -54.569942 	 1.000000 
59868.015625 	 21682.294922 	 25428.693359 	 389.046753 	 -290.689941 	 123.114052 	 1.000000 
61329.113281 	 20272.019531 	 24984.779297 	 490.451294 	 -66.425865 	 123.654396 	 1.000000 
60268.132812 	 21884.765625 	 24765.269531 	 310.666595 	 -205.131531 	 5.523687 	 1.000000 
60800.320312 	 20642.666016 	 26303.847656 	 442.938599 	 -115.732201 	 -21.398935 	 1.000000 
61234.539062 	 20544.419922 	 25983.314453 	 386.650177 	 -140.543839 	 73.818253 	 1.000000 
59369.195312 	 23039.205078 	 24977.380859 	 424.051544 	 -102.594528 	 14.692195 	 1.000000 
60565.285156 	 22138.361328 	 24730.775391 	 316.574036 	 -189.532990 	 -24.968191 	 1.000000 
59473.933594 	 22563.132812 	 24646.820312 	 388.228485 	 -148.985275 	 9.819015 	 1.000000 
61138.968750 	 20092.642578 	 26142.755859 	 452.534088 	 -172.086502 	 -15.003633 	 1.000000 
60070.117188 	 22144.457031 	 25101.925781 	 448.255280 	 -172.156219 	 -9.160544 	 1.000000 
60080.519531 	 21607.884766 	 25731.490234 	 502.749207 	 -205.775085 	 -101.876373 	 1.000000 
61515.550781 	 20640.978516 	 25864.593750 	 404.742554 	 -150.214279 	 58.126362 	 1.000000 
60510.820312 	 23100.720703 	 24995.529297 	 339.450562 	 -176.107178 	 -89.703430 	 1.000000 
59978.234375 	 21703.408203 	 25616.445312 	 352.151520 	 -189.474777 	 -50.637024 	 1.000000 
61593.097656 	 21930.308594 	 25216.333984 	 353.097931 	 -216.890305 	 -46.177490 	 1.000000 
59308.468750 	 22964.373047 	 25223.041016 	 385.932404 	 -123.627998 	 37.899380 	 1.000000 
61601.390625 	 21403.064453 	 24923.087891 	 394.839691 	 -156.716904 	 77.485893 	 1.000000 
60239.000000 	 22229.433594 	 25365.650391 	 421.703552 	 -187.453690 	 -7.082155 	 1.000000 
60510.238281 	 20283.115234 	 26799.509766 	 425.703705 	 -225.781097 	 -65.349739 	 1.000000 
60846.789062 	 22178.730469 	 25017.757812 	 332.230621 	 -209.800522 	 -52.711586 	 1.000000 
60135.750000 	 21387.414062 	 25249.281250 	 293.553955 	 -216.982269 	 72.637772 	 1.000000 
59285.335938 	 20908.689453 	 26740.486328 	 365.907562 	 -190.090622 	 -59.627068 	 1.000000 
60994.308594 	 22755.976562 	 25147.208984 	 336.023590 	 -184.282211 	 -74.268768 	 1.000000 
59174.761719 	 21021.667969 	 26696.332031 	 396.727264 	 -108.898239 	 -8.140584 	 1.000000 
60007.683594 	 21260.292969 	 25605.095703 	 354.065063 	 -87.759407 	 109.986832 	 1.000000 
62065.390625 	 20517.583984 	 25990.119141 	 498.476227 	 -138.885147 	 73.072830 	 1.000000 
61181.246094 	 19916.453125 	 26494.042969 	 454.191498 	 -199.965347 	 21.982635 	 1.000000 
60190.339844 	 20972.335938 	 25334.687500 	 344.982117 	 -122.140717 	 43.797131 	 1.000000 
59415.812500 	 22393.730469 	 25109.457031 	 432.858704 	 -75.518745 	 -42.936756 	 1.000000 
59085.218750 	 20858.751953 	 26815.748047 	 430.586304 	 -102.163109 	 6.405230 	 1.000000 
60881.714844 	 20524.335938 	 25790.207031 	 408.169800 	 -134.305786 	 -28.817125 	 1.000000 
61196.593750 	 19921.892578 	 26592.488281 	 511.829254 	 -150.828140 	 27.955996 	 1.000000 
61007.460938 	 22096.740234 	 24532.208984 	 335.479279 	 -170.569550 	 -7.177510 	 1.000000 
60402.289062 	 21083.494141 	 25454.607422 	 372.483459 	 -168.861618 	 36.801128 	 1.000000 
60310.746094 	 22010.652344 	 25371.957031 	 404.610870 	 -226.133270 	 -1.231833 	 1.000000 
61023.558594 	 20166.066406 	 25955.982422 	 389.793243 	 -182.170456 	 5.002811 	 1.000000 
61181.042969 	 22171.458984 	 24471.308594 	 338.365173 	 -171.236115 	 -19.682219 	 1.000000 
60234.625000 	 21764.380859 	 25316.732422 	 344.267120 	 -94.158913 	 209.617981 	 1.000000 
60363.320312 	 22660.121094 	 24503.916016 	 347.363495 	 -93.577484 	 32.771618 	 1.000000 
61149.160156 	 20752.677734 	 25137.716797 	 446.909668 	 -75.063507 	 134.706497 	 1.000000 
60187.585938 	 21805.732422 	 25707.636719 	 279.198181 	 -114.396851 	 95.585411 	 1.000000 
59037.148438 	 22231.931641 	 25279.529297 	 425.204071 	 -82.971100 	 -24.933632 	 1.000000 
59863.312500 	 22062.984375 	 25633.408203 	 403.326080 	 -183.335632 	 5.088599 	 1.000000 
61558.156250 	 20263.451172 	 26649.583984 	 394.880157 	 -305.692291 	 -92.706795 	 1.000000 
61243.964844 	 21628.589844 	 24486.927734 	 352.812653 	 -170.578293 	 20.559509 	 1.000000 
61180.367188 	 20795.064453 	 25202.888672 	 443.128632 	 -77.168411 	 129.589722 	 1.000000 
61601.750000 	 20210.093750 	 24990.230469 	 497.166168 	 -82.306206 	 129.687958 	 1.000000 
61282.984375 	 21549.810547 	 24990.089844 	 362.450165 	 -156.447174 	 57.594421 	 1.000000 
58940.773438 	 22854.683594 	 25318.621094 	 334.418304 	 -120.665749 	 -0.723998 	 1.000000 
60219.324219 	 21818.482422 	 25640.578125 	 355.426971 	 -231.006897 	 17.783955 	 1.000000 
60134.859375 	 21054.451172 	 25380.843750 	 308.613403 	 -143.331680 	 45.587151 	 1.000000 
60587.898438 	 21552.425781 	 25534.654297 	 372.943451 	 -69.012352 	 159.133362 	 1.000000 
59770.644531 	 21430.521484 	 25164.511719 	 342.778320 	 -53.450584 	 70.424088 	 1.000000 
61707.300781 	 20943.691406 	 25823.308594 	 399.135040 	 -162.644333 	 23.330976 	 1.000000 
61321.839844 	 19839.968750 	 26633.816406 	 521.721619 	 -182.498688 	 10.270758 	 1.000000 
60737.777344 	 21178.070312 	 25777.277344 	 322.774078 	 -176.844055 	 138.171936 	 1.000000 
60103.554688 	 21360.152344 	 25528.505859 	 508.757599 	 -222.279343 	 45.752144 	 1.000000 
61872.066406 	 20163.302734 	 26227.048828 	 508.735107 	 -122.533981 	 80.555191 	 1.000000 
60839.871094 	 20135.298828 	 26076.152344 	 425.771637 	 -159.863708 	 -17.076130 	 1.000000 
61190.699219 	 20871.902344 	 25440.132812 	 381.604156 	 -92.554283 	 50.244194 	 1.000000 
60514.812500 	 20788.072266 	 25469.326172 	 390.647339 	 -66.549294 	 -5.396968 	 1.000000 
60586.582031 	 20279.048828 	 25924.289062 	 402.821259 	 -142.152863 	 -13.131330 	 1.000000 
59256.410156 	 21486.408203 	 25402.980469 	 444.199402 	 -136.529053 	 -41.212799 	 1.000000 
59793.042969 	 21931.548828 	 24514.101562 	 335.649780 	 -172.815948 	 25.807039 	 1.000000 
58998.855469 	 22384.972656 	 25133.203125 	 374.044250 	 -125.228958 	 -22.993649 	 1.000000 
61160.042969 	 19813.056641 	 26648.599609 	 522.680847 	 -163.366928 	 -7.516418 	 1.000000 
60401.835938 	 22402.042969 	 24421.414062 	 326.409088 	 -160.716522 	 -20.861498 	 1.000000 
60420.585938 	 21087.240234 	 25418.679688 	 292.293518 	 -217.506241 	 66.906677 	 1.000000 
61379.230469 	 22366.076172 	 24276.384766 	 354.153961 	 -125.723732 	 53.304821 	 1.000000 
60184.878906 	 21576.654297 	 25747.605469 	 393.176147 	 -200.243591 	 -72.337784 	 1.000000 
60374.171875 	 22348.441406 	 24854.523438 	 327.372986 	 -202.303299 	 -58.539165 	 1.000000 
59490.347656 	 22525.953125 	 24589.017578 	 391.135559 	 -68.685196 	 -9.286527 	 1.000000 
59757.617188 	 21281.121094 	 26122.835938 	 469.006989 	 -81.338493 	 -72.686577 	 1.000000 
60247.757812 	 21633.351562 	 25345.218750 	 278.718414 	 -155.945633 	 26.271505 	 1.000000 
59513.222656 	 21434.968750 	 26480.369141 	 446.271851 	 -118.269424 	 -19.448204 	 1.000000 
59216.339844 	 22696.384766 	 25040.003906 	 336.978699 	 24.545437 	 15.119439 	 1.000000 
60148.550781 	 21219.787109 	 25640.445312 	 324.597687 	 -169.581879 	 -7.797853 	 1.000000 
61196.550781 	 20068.976562 	 24624.476562 	 488.705994 	 -57.736729 	 125.153206 	 1.000000 
61739.937500 	 20278.457031 	 25539.845703 	 463.981140 	 -141.795288 	 34.450649 	 1.000000 
59553.050781 	 20924.253906 	 26278.929688 	 445.644714 	 -106.996971 	 -39.776821 	 1.000000 
60963.890625 	 22987.412109 	 25137.507812 	 333.350983 	 -183.343536 	 -82.445755 	 1.000000 
60966.648438 	 22247.761719 	 25151.744141 	 329.343811 	 -209.867218 	 -67.283730 	 1.000000 
60465.507812 	 21227.880859 	 23908.457031 	 413.839630 	 -53.108997 	 101.275284 	 0.000000 
60869.589844 	 20243.037109 	 25987.634766 	 419.181549 	 -199.488602 	 -44.437160 	 1.000000 
59817.273438 	 22038.158203 	 24762.384766 	 447.536804 	 -120.687675 	 12.177991 	 1.000000 
60512.000000 	 20523.105469 	 27075.988281 	 461.844788 	 -124.302223 	 6.003326 	 1.000000 
59183.046875 	 22940.453125 	 25150.957031 	 383.056183 	 -88.184624 	 91.740417 	 1.000000 
61098.589844 	 19896.330078 	 26525.861328 	 429.480865 	 -276.848999 	 -6.716197 	 1.000000 
60592.703125 	 21503.974609 	 25232.263672 	 289.716095 	 -232.085052 	 -7.037417 	 1.000000 
60956.238281 	 22758.943359 	 25122.240234 	 337.922394 	 -190.324982 	 -72.199913 	 1.000000 
60664.984375 	 22506.777344 	 24612.138672 	 323.991547 	 -182.265625 	 -49.808960 	 1.000000 
60344.968750 	 21287.871094 	 25474.679688 	 374.871307 	 -69.533920 	 -23.849377 	 1.000000 
59517.140625 	 20558.019531 	 27227.101562 	 360.276642 	 -209.601715 	 -54.132332 	 1.000000 
61539.992188 	 20304.662109 	 26830.109375 	 466.703705 	 -176.517471 	 47.682491 	 1.000000 
61549.687500 	 20795.414062 	 25777.677734 	 346.068359 	 -244.740265 	 -16.544058 	 1.000000 
60581.875000 	 22553.960938 	 24404.011719 	 315.807983 	 -165.448257 	 -35.100483 	 1.000000 
59172.261719 	 22140.572266 	 25719.355469 	 426.653168 	 -89.708046 	 -14.886503 	 1.000000 
59293.484375 	 22812.958984 	 24523.851562 	 390.402618 	 -130.328659 	 0.396321 	 1.000000 
60067.929688 	 21681.572266 	 25628.906250 	 308.823944 	 -219.895584 	 -74.799660 	 1.000000 
60873.585938 	 20498.619141 	 25818.960938 	 401.140686 	 -129.660980 	 -39.381622 	 1.000000 
60639.210938 	 20846.433594 	 25323.064453 	 385.912018 	 -105.005608 	 -22.665207 	 1.000000 
61286.898438 	 19981.921875 	 26339.664062 	 392.053680 	 -292.300751 	 -27.655966 	 1.000000 
59226.187500 	 23030.542969 	 25237.427734 	 385.853973 	 -111.377876 	 58.813725 	 1.000000 
61183.914062 	 19728.724609 	 24933.746094 	 500.534821 	 -59.819782 	 127.856483 	 1.000000 
59408.406250 	 20639.984375 	 27272.103516 	 357.581726 	 -214.489944 	 -49.813660 	 1.000000 
59661.625000 	 21798.300781 	 25276.818359 	 399.975830 	 -74.262573 	 79.360535 	 1.000000 
60283.886719 	 22822.009766 	 26756.921875 	 331.859070 	 -196.808044 	 -108.145798 	 3.000000 
59983.988281 	 21394.468750 	 25371.242188 	 530.778748 	 -112.299950 	 129.120590 	 1.000000 
61947.511719 	 20170.341797 	 26121.847656 	 514.261292 	 -116.741982 	 81.955521 	 1.000000 
60285.121094 	 20997.527344 	 26988.072266 	 357.455688 	 -246.312302 	 -98.163872 	 1.000000 
60751.566406 	 21580.947266 	 25750.019531 	 304.191925 	 -117.255318 	 10.825882 	 1.000000 
61370.199219 	 19911.261719 	 26482.972656 	 463.196381 	 -221.842087 	 20.393000 	 1.000000 
61769.101562 	 22198.648438 	 24355.083984 	 359.096130 	 -166.327240 	 -20.648796 	 1.000000 
60984.093750 	 21568.960938 	 25105.898438 	 342.455383 	 -158.690582 	 66.169884 	 1.000000 
59121.628906 	 22869.476562 	 25014.005859 	 374.677979 	 -70.007500 	 110.743759 	 1.000000 
60225.632812 	 21195.898438 	 25330.798828 	 263.851868 	 -188.939926 	 44.580772 	 1.000000 
60597.125000 	 20845.304688 	 25469.443359 	 230.531281 	 -193.059814 	 17.035482 	 1.000000 
60640.964844 	 20117.751953 	 26674.634766 	 396.347382 	 -274.100861 	 -79.165169 	 1.000000 
60386.035156 	 21556.500000 	 25099.326172 	 275.447876 	 -215.037613 	 32.683353 	 1.000000 
59573.832031 	 21520.123047 	 23719.318359 	 398.521240 	 -23.631794 	 82.969223 	 2.000000 
60095.093750 	 21853.230469 	 25360.070312 	 390.281525 	 -280.863678 	 47.875721 	 1.000000 
62120.718750 	 20370.328125 	 25661.162109 	 452.811157 	 -210.211151 	 70.881676 	 1.000000 
61372.535156 	 19854.865234 	 26587.873047 	 499.367584 	 -177.757370 	 60.565960 	 1.000000 
61387.218750 	 21816.558594 	 24380.441406 	 354.322998 	 -166.968979 	 9.328294 	 1.000000 
61443.980469 	 20548.779297 	 26039.367188 	 434.960968 	 -131.642838 	 16.837236 	 1.000000 
61290.140625 	 20807.332031 	 26410.992188 	 438.292877 	 -128.087051 	 21.531977 	 1.000000 
61669.925781 	 20355.072266 	 25851.917969 	 432.270355 	 -174.230652 	 92.008118 	 1.000000 
60306.921875 	 21068.826172 	 25389.753906 	 301.724945 	 -204.567719 	 36.877193 	 1.000000 
61192.117188 	 22081.132812 	 27336.525391 	 354.339813 	 -240.914169 	 -133.041977 	 5.000000 
60977.593750 	 22123.275391 	 24720.257812 	 346.016876 	 -131.351196 	 56.535461 	 1.000000 
58956.671875 	 21302.437500 	 26831.212891 	 409.945892 	 -118.813957 	 10.681021 	 1.000000 
60871.773438 	 20155.548828 	 25952.878906 	 429.321747 	 -172.934982 	 -33.551552 	 1.000000 
60912.414062 	 23031.341797 	 25341.664062 	 344.345306 	 -179.793610 	 -86.713348 	 1.000000 
60831.957031 	 20179.388672 	 25874.972656 	 424.972900 	 -163.782501 	 -31.629320 	 1.000000 
60255.781250 	 21447.839844 	 25734.548828 	 315.601135 	 -112.266457 	 12.755580 	 1.000000 
59860.101562 	 21987.460938 	 24697.042969 	 407.253235 	 -34.544460 	 123.587418 	 1.000000 
59189.160156 	 20815.357422 	 26679.253906 	 413.016724 	 -115.286003 	 -1.620998 	 1.000000 
58988.820312 	 22776.431641 	 25332.996094 	 429.580780 	 -50.428570 	 -7.521792 	 1.000000 
62029.207031 	 20411.416016 	 25583.332031 	 475.787018 	 -165.190186 	 60.340748 	 1.000000 
62116.031250 	 21103.798828 	 24456.316406 	 395.300507 	 -202.543365 	 19.049377 	 1.000000 
60103.214844 	 21338.447266 	 25234.500000 	 410.614899 	 2.012201 	 64.647476 	 1.000000 
60141.992188 	 21999.031250 	 25328.574219 	 428.451080 	 -211.088531 	 15.098234 	 1.000000 
60656.046875 	 19990.466797 	 26787.484375 	 486.361115 	 -139.343842 	 17.704304 	 1.000000 
60372.804688 	 20826.832031 	 26874.779297 	 448.287659 	 -110.948341 	 -8.423722 	 1.000000 
60432.386719 	 22236.210938 	 27360.091797 	 333.347626 	 -230.801682 	 -123.650932 	 5.000000 
60199.148438 	 21669.980469 	 25694.675781 	 375.920135 	 -146.813202 	 -51.968037 	 1.000000 
59677.949219 	 21634.714844 	 25416.085938 	 392.165588 	 -67.109581 	 76.801544 	 1.000000 
61030.046875 	 21704.654297 	 25239.326172 	 319.544281 	 -224.295120 	 -33.844330 	 1.000000 
60168.406250 	 21341.699219 	 25504.439453 	 288.564819 	 -178.955246 	 124.169090 	 1.000000 
60326.984375 	 20658.138672 	 26456.996094 	 443.784119 	 -95.116234 	 -21.129236 	 1.000000 
60785.929688 	 21991.117188 	 25028.439453 	 319.546051 	 -215.209045 	 -38.195705 	 1.000000 
60247.625000 	 21174.109375 	 25529.994141 	 359.335846 	 -84.367958 	 69.413277 	 1.000000 
60318.167969 	 21281.052734 	 25858.183594 	 357.326599 	 -233.745605 	 -16.881895 	 1.000000 
61649.492188 	 21725.126953 	 24254.488281 	 373.912292 	 -162.537460 	 24.774563 	 1.000000 
61862.621094 	 21192.234375 	 24429.771484 	 393.504852 	 -180.653641 	 46.476234 	 1.000000 
59933.019531 	 22415.158203 	 24274.445312 	 332.487274 	 -95.863548 	 39.870693 	 1.000000 
59540.179688 	 20623.783203 	 27135.101562 	 362.774353 	 -209.632629 	 -52.124054 	 1.000000 
60824.835938 	 21702.007812 	 25195.357422 	 312.227386 	 -231.692657 	 -41.615360 	 1.000000 
59644.046875 	 21875.839844 	 25310.623047 	 430.101898 	 -191.064224 	 33.605122 	 1.000000 
60921.144531 	 19935.345703 	 26951.828125 	 486.959290 	 -151.728409 	 -2.948414 	 1.000000 
59745.417969 	 21580.539062 	 25336.757812 	 316.589050 	 -163.958496 	 110.952354 	 1.000000 
60678.046875 	 20981.089844 	 25322.812500 	 365.806732 	 -90.830406 	 -40.472931 	 1.000000 
60167.011719 	 20323.580078 	 26947.406250 	 404.655304 	 -225.647339 	 -66.245300 	 1.000000 
60290.886719 	 21606.566406 	 25296.837891 	 449.284973 	 -132.346542 	 176.671539 	 1.000000 
62315.882812 	 20965.580078 	 25197.298828 	 467.002197 	 -157.861145 	 106.034927 	 1.000000 
59818.996094 	 22335.027344 	 25110.103516 	 337.284515 	 -122.159088 	 49.068199 	 1.000000 
61016.062500 	 20189.906250 	 26023.517578 	 429.963867 	 -155.009201 	 -3.625603 	 1.000000 
61357.882812 	 20233.662109 	 26201.162109 	 383.565521 	 -283.696472 	 -50.126091 	 1.000000 
60034.820312 	 22347.197266 	 25362.189453 	 370.289856 	 -140.665359 	 39.616619 	 1.000000 
60496.066406 	 21221.318359 	 25193.724609 	 297.326050 	 -229.608917 	 17.702370 	 1.000000 
61616.175781 	 21143.755859 	 24601.871094 	 442.033691 	 -103.011932 	 121.735664 	 1.000000 
60980.394531 	 21552.222656 	 25863.775391 	 332.113281 	 -94.701202 	 24.826889 	 1.000000 
61456.539062 	 19842.240234 	 26373.226562 	 448.960144 	 -168.614151 	 53.812054 	 1.000000 
61125.371094 	 19921.669922 	 26662.523438 	 484.792236 	 -274.690613 	 -46.100372 	 1.000000 
59000.281250 	 22873.814453 	 25309.285156 	 425.227600 	 -45.538197 	 21.479950 	 1.000000 
59733.277344 	 21114.044922 	 25853.691406 	 462.665710 	 -42.545708 	 -72.415108 	 1.000000 
60438.218750 	 20200.255859 	 26832.435547 	 396.282898 	 -257.293884 	 -94.955009 	 1.000000 
61210.269531 	 20493.892578 	 25976.972656 	 355.703156 	 -237.867950 	 -43.715149 	 1.000000 
60920.445312 	 20268.173828 	 25875.695312 	 385.874634 	 -172.056168 	 -3.882566 	 1.000000 
61670.554688 	 21499.988281 	 25048.339844 	 355.058868 	 -209.657394 	 -13.080520 	 1.000000 
60213.082031 	 21697.687500 	 25231.324219 	 423.077057 	 -262.214691 	 89.417435 	 1.000000 
60578.957031 	 21937.359375 	 24871.794922 	 311.655426 	 -203.392548 	 -14.375344 	 1.000000 
60244.847656 	 22732.455078 	 24293.386719 	 343.272461 	 -81.319153 	 14.401127 	 1.000000 
61449.582031 	 21851.181641 	 25196.816406 	 382.355194 	 -139.461838 	 78.510139 	 1.000000 
61185.593750 	 20575.138672 	 26299.078125 	 435.118286 	 -135.755051 	 6.717037 	 1.000000 
61752.117188 	 20288.457031 	 26313.890625 	 493.471497 	 -122.898491 	 72.511108 	 1.000000 
60978.035156 	 20260.785156 	 26112.033203 	 428.004395 	 -115.664101 	 12.458044 	 1.000000 
59774.156250 	 21666.882812 	 25468.601562 	 400.393738 	 -253.174942 	 114.228256 	 1.000000 
59023.816406 	 21988.015625 	 25762.539062 	 427.401825 	 -80.395378 	 -11.711514 	 1.000000 
60653.695312 	 20718.375000 	 25834.896484 	 393.321747 	 -104.207520 	 -51.445881 	 1.000000 
59943.460938 	 22338.607422 	 24168.072266 	 338.258423 	 -118.464493 	 21.248915 	 1.000000 
59902.203125 	 22087.681641 	 25113.800781 	 309.529266 	 -174.411850 	 84.054665 	 1.000000 
60924.355469 	 22219.128906 	 24574.044922 	 347.160980 	 -124.029823 	 46.098194 	 1.000000 
61636.527344 	 21502.861328 	 24757.414062 	 422.253052 	 -113.524406 	 113.232430 	 1.000000 
60884.625000 	 19955.753906 	 24371.359375 	 472.922180 	 -44.974735 	 122.910637 	 1.000000 
61344.863281 	 20693.707031 	 25411.441406 	 407.261566 	 -109.560089 	 38.460217 	 1.000000 
60496.429688 	 20522.708984 	 25503.636719 	 380.341614 	 -120.944687 	 -52.228016 	 1.000000 
60808.972656 	 21958.949219 	 24854.695312 	 317.515320 	 -194.475739 	 -15.454037 	 1.000000 
60440.054688 	 20789.492188 	 25426.580078 	 447.894623 	 -63.383286 	 -23.995350 	 1.000000 
60221.257812 	 20436.390625 	 26859.039062 	 398.189850 	 -232.796646 	 -72.431000 	 1.000000 
60608.593750 	 20196.107422 	 26697.222656 	 396.486176 	 -274.746918 	 -89.290611 	 1.000000 
61929.062500 	 20207.601562 	 26105.542969 	 514.313477 	 -119.571548 	 84.676414 	 1.000000 
61396.761719 	 20534.078125 	 25046.830078 	 472.571075 	 -77.486664 	 130.599091 	 1.000000 
59947.035156 	 21713.375000 	 25643.521484 	 535.375549 	 -162.325912 	 -65.475189 	 1.000000 
60809.789062 	 20220.703125 	 25826.988281 	 423.775330 	 -152.085800 	 -26.257084 	 1.000000 
61580.492188 	 20041.029297 	 25453.396484 	 449.282684 	 -151.817871 	 42.656357 	 1.000000 
59759.402344 	 22553.027344 	 26970.810547 	 318.532532 	 -203.885834 	 -101.268097 	 3.000000 
59020.542969 	 22522.085938 	 25043.218750 	 434.972900 	 5.452176 	 60.698143 	 1.000000 
60168.863281 	 21264.816406 	 25272.552734 	 290.025940 	 -112.706490 	 133.980316 	 1.000000 
59210.441406 	 22932.289062 	 25247.439453 	 362.701599 	 -98.589851 	 86.684158 	 1.000000 
61535.878906 	 19997.039062 	 24650.695312 	 502.709381 	 -68.842224 	 133.045975 	 1.000000 
61737.019531 	 20120.685547 	 25720.388672 	 517.942322 	 -92.871101 	 117.867439 	 1.000000 
60994.113281 	 19895.466797 	 26514.156250 	 464.186768 	 -252.741257 	 -50.073803 	 1.000000 
61054.515625 	 20797.394531 	 26008.234375 	 458.854919 	 -46.762020 	 71.436523 	 1.000000 
61694.835938 	 20354.382812 	 26307.730469 	 489.486786 	 -122.080681 	 68.109825 	 1.000000 
60986.117188 	 21427.937500 	 25766.552734 	 365.629395 	 -184.928452 	 6.034574 	 1.000000 
61335.605469 	 20381.589844 	 26004.326172 	 396.374603 	 -167.264969 	 36.109673 	 1.000000 
60917.941406 	 22238.187500 	 24462.958984 	 332.080902 	 -165.715393 	 -11.434816 	 1.000000 
59375.144531 	 20891.015625 	 26309.179688 	 391.583405 	 -171.481171 	 -67.912971 	 1.000000 
59932.683594 	 21760.595703 	 24812.964844 	 327.261108 	 -229.768524 	 13.360061 	 1.000000 
61843.058594 	 21998.841797 	 25199.445312 	 358.322601 	 -214.353027 	 -48.773754 	 1.000000 
62136.574219 	 21096.373047 	 26632.556641 	 403.762390 	 -279.065826 	 -87.544518 	 0.000000 
59344.851562 	 22060.470703 	 27240.214844 	 311.777985 	 -202.838257 	 -83.782761 	 0.000000 
61142.187500 	 20145.179688 	 26241.972656 	 392.305298 	 -249.819458 	 -24.606512 	 1.000000 
60859.554688 	 20220.671875 	 25952.283203 	 421.569550 	 -187.055908 	 -41.368687 	 1.000000 
59505.316406 	 21883.673828 	 25484.443359 	 415.586792 	 -101.274559 	 38.834385 	 1.000000 
62249.988281 	 21029.718750 	 25175.115234 	 462.773346 	 -154.733536 	 106.658936 	 1.000000 
61720.312500 	 22182.847656 	 24398.697266 	 369.334106 	 -143.536240 	 52.414410 	 1.000000 
60480.839844 	 21809.308594 	 24950.412109 	 302.409180 	 -206.743149 	 4.713713 	 1.000000 
59168.031250 	 22071.392578 	 25725.177734 	 429.923309 	 -91.298637 	 -18.342052 	 1.000000 
60366.593750 	 21842.564453 	 25403.638672 	 392.835846 	 -250.436050 	 9.890785 	 1.000000 
59038.402344 	 20882.763672 	 26661.845703 	 419.556549 	 -132.150070 	 3.108025 	 1.000000 
59940.847656 	 21307.142578 	 25386.675781 	 392.611084 	 -133.644119 	 150.893173 	 1.000000 
59933.160156 	 22024.271484 	 24930.248047 	 428.011566 	 -156.771194 	 43.040073 	 1.000000 
59120.453125 	 22819.613281 	 25228.152344 	 317.501801 	 -105.393677 	 89.089706 	 1.000000 
61531.121094 	 20342.062500 	 25647.482422 	 494.216431 	 -86.750298 	 117.020676 	 1.000000 
59377.792969 	 21786.855469 	 26260.886719 	 436.927612 	 -105.612061 	 -17.123734 	 1.000000 
59732.601562 	 20674.970703 	 27019.613281 	 379.117798 	 -208.805298 	 -53.103031 	 1.000000 
60179.882812 	 22424.029297 	 26866.966797 	 332.935760 	 -210.995163 	 -104.729263 	 3.000000 
59520.007812 	 21547.896484 	 23772.578125 	 401.855377 	 -24.719303 	 82.149811 	 2.000000 
59430.605469 	 22626.779297 	 25150.388672 	 381.843811 	 -14.946751 	 68.963493 	 1.000000 
60756.890625 	 21084.033203 	 24919.732422 	 437.572479 	 -50.479538 	 132.676483 	 1.000000 
60222.507812 	 21109.041016 	 25436.007812 	 356.318604 	 -108.501335 	 68.788567 	 1.000000 
59155.117188 	 20937.189453 	 26989.666016 	 401.383636 	 -120.667473 	 -10.575820 	 1.000000 
60586.175781 	 20914.212891 	 25990.179688 	 424.103180 	 -70.334503 	 -54.458874 	 1.000000 
61871.679688 	 20187.193359 	 26019.324219 	 465.992889 	 -146.991501 	 56.687786 	 1.000000 
60403.828125 	 21016.054688 	 25410.431641 	 329.057281 	 -217.834900 	 33.355183 	 1.000000 
61803.367188 	 21975.650391 	 24197.972656 	 373.622040 	 -154.927383 	 19.215677 	 1.000000 
59665.980469 	 21659.306641 	 24637.650391 	 439.178802 	 -128.476517 	 3.637795 	 1.000000 
60727.632812 	 22694.515625 	 24676.826172 	 328.014801 	 -177.938553 	 -60.205177 	 1.000000 
61605.832031 	 22052.660156 	 24396.292969 	 403.111023 	 -103.784996 	 97.198677 	 1.000000 
61405.046875 	 22409.091797 	 24342.332031 	 351.121521 	 -131.925964 	 48.343094 	 1.000000 
60998.003906 	 20524.763672 	 23879.906250 	 451.417206 	 -54.158703 	 109.506470 	 4.000000 
60619.621094 	 19951.623047 	 24368.847656 	 463.196960 	 -41.005070 	 117.923111 	 1.000000 
59882.007812 	 21362.585938 	 25892.003906 	 502.925476 	 -88.343765 	 -129.373734 	 1.000000 
61262.132812 	 19861.634766 	 26585.972656 	 513.047180 	 -178.700546 	 11.876740 	 1.000000 
61330.390625 	 19889.972656 	 26425.683594 	 472.856018 	 -202.794601 	 16.062229 	 1.000000 
58405.988281 	 21731.701172 	 26085.179688 	 342.712555 	 -160.686478 	 -50.561916 	 0.000000 
60049.640625 	 21814.638672 	 25727.222656 	 275.167084 	 -141.104279 	 71.269119 	 1.000000 
61292.902344 	 20708.222656 	 25105.138672 	 457.291168 	 -75.019203 	 131.507950 	 1.000000 
59191.886719 	 22567.933594 	 24364.148438 	 373.828766 	 -120.624863 	 24.858355 	 1.000000 
60783.988281 	 19890.296875 	 26966.462891 	 470.007477 	 -147.250229 	 14.313545 	 1.000000 
60031.050781 	 21836.058594 	 25367.343750 	 446.746002 	 -109.893135 	 31.518410 	 1.000000 
61202.878906 	 22017.232422 	 24753.882812 	 359.891205 	 -133.440353 	 64.821251 	 1.000000 
59621.851562 	 22414.894531 	 24254.478516 	 342.080566 	 -124.792320 	 28.116188 	 1.000000 
61552.261719 	 21267.925781 	 25465.421875 	 347.323517 	 -239.220718 	 -38.986420 	 1.000000 
60172.171875 	 22125.695312 	 26898.064453 	 335.531769 	 -216.677856 	 -102.006248 	 3.000000 
60865.480469 	 21945.796875 	 27422.935547 	 347.961700 	 -243.990219 	 -125.492119 	 5.000000 
60624.199219 	 21397.751953 	 25382.253906 	 300.459045 	 -178.645538 	 102.981323 	 1.000000 
59720.640625 	 21446.652344 	 23589.568359 	 402.878876 	 -25.680986 	 80.615982 	 2.000000 
60195.218750 	 21188.410156 	 25537.826172 	 439.406311 	 -32.156166 	 0.522749 	 1.000000 
58666.843750 	 20809.279297 	 24481.138672 	 385.035797 	 -27.013643 	 85.848366 	 0.000000 
59544.218750 	 22701.765625 	 24823.865234 	 369.427338 	 -100.079567 	 -20.843847 	 1.000000 
60267.636719 	 22436.656250 	 24735.158203 	 344.349091 	 -122.219978 	 48.880466 	 1.000000 
61111.812500 	 23225.189453 	 25172.763672 	 346.826660 	 -167.173447 	 -80.835793 	 1.000000 
61464.042969 	 20597.412109 	 26469.650391 	 388.232544 	 -284.832214 	 -88.857460 	 1.000000 
60256.253906 	 21763.277344 	 25273.904297 	 458.445374 	 -263.504791 	 20.310236 	 1.000000 
60988.832031 	 20521.455078 	 24154.361328 	 453.708496 	 -60.301613 	 112.641556 	 4.000000 
60706.179688 	 21280.919922 	 25273.976562 	 358.767517 	 -67.526909 	 19.346395 	 1.000000 
59778.472656 	 22354.310547 	 25316.775391 	 448.385712 	 -122.530212 	 -32.875301 	 1.000000 
60940.652344 	 20371.056641 	 26527.845703 	 464.354523 	 -133.816467 	 2.840314 	 1.000000 
61051.589844 	 19965.937500 	 26288.496094 	 446.702911 	 -184.054047 	 -1.011625 	 1.000000 
61552.277344 	 19795.726562 	 25842.541016 	 438.995850 	 -191.121918 	 25.310513 	 1.000000 
61649.875000 	 20136.837891 	 26141.128906 	 387.064728 	 -262.990662 	 -12.598933 	 1.000000 
61576.359375 	 20819.353516 	 25735.123047 	 351.620422 	 -245.164520 	 -8.885159 	 1.000000 
61385.285156 	 22361.707031 	 24032.769531 	 353.687836 	 -132.359161 	 24.148432 	 1.000000 
59916.863281 	 22317.482422 	 25617.277344 	 404.746368 	 -138.122955 	 89.575401 	 1.000000 
59580.632812 	 22830.458984 	 24992.599609 	 415.018311 	 -135.990372 	 8.820394 	 1.000000 
59857.582031 	 21151.039062 	 25935.472656 	 469.543518 	 -27.954370 	 -74.473503 	 1.000000 
60203.929688 	 21734.947266 	 25543.042969 	 362.081909 	 -160.188751 	 -73.776520 	 1.000000 
61957.214844 	 20211.609375 	 25722.226562 	 475.509399 	 -157.598511 	 115.566521 	 1.000000 
60252.414062 	 20302.449219 	 26737.453125 	 398.771912 	 -246.670807 	 -67.090485 	 1.000000 
59734.515625 	 22522.888672 	 24145.894531 	 350.414581 	 -117.541260 	 19.630877 	 1.000000 
60868.304688 	 21739.044922 	 25151.332031 	 326.188049 	 -229.927917 	 -40.442650 	 1.000000 
60356.917969 	 22586.669922 	 24800.015625 	 321.617249 	 -191.383087 	 -66.889008 	 1.000000 
59271.300781 	 22480.644531 	 25043.808594 	 387.006989 	 -109.682770 	 -9.948518 	 1.000000 
61101.589844 	 21118.015625 	 25653.332031 	 315.088013 	 -150.244019 	 19.762171 	 1.000000 
61163.847656 	 20706.095703 	 24939.919922 	 459.016937 	 -68.073471 	 131.128906 	 1.000000 
60170.675781 	 22081.189453 	 25156.523438 	 452.498810 	 -183.464325 	 0.176135 	 1.000000 
59419.230469 	 22707.498047 	 24577.753906 	 412.001923 	 -94.858498 	 -13.553214 	 1.000000 
59120.910156 	 20867.955078 	 26740.349609 	 421.122009 	 -106.111023 	 19.036350 	 1.000000 
59577.085938 	 21148.906250 	 25860.431641 	 461.313080 	 -67.781242 	 -67.510628 	 1.000000 
60318.531250 	 20377.845703 	 26621.568359 	 457.122986 	 -110.994431 	 -4.425470 	 1.000000 
60013.445312 	 21422.255859 	 25868.128906 	 365.963318 	 -154.639206 	 -164.226669 	 1.000000 
61776.179688 	 20500.058594 	 25929.380859 	 451.392090 	 -155.129929 	 8.717032 	 1.000000 
61093.207031 	 20369.373047 	 26010.878906 	 374.895111 	 -232.794403 	 -35.868153 	 1.000000 
59317.214844 	 22860.861328 	 24756.728516 	 360.758301 	 -83.074799 	 21.019636 	 1.000000 
61364.136719 	 20878.648438 	 25659.136719 	 337.380676 	 -251.715759 	 -29.740597 	 1.000000 
60660.207031 	 22175.839844 	 24712.082031 	 314.774109 	 -189.313126 	 -29.930771 	 1.000000 
59985.531250 	 22982.429688 	 24400.941406 	 310.293701 	 -68.129776 	 4.647241 	 1.000000 
60323.507812 	 21495.806641 	 25896.876953 	 378.293274 	 -246.120697 	 5.599020 	 1.000000 
59264.496094 	 22497.785156 	 24811.470703 	 358.481598 	 -50.922207 	 38.370705 	 1.000000 
59055.058594 	 21034.712891 	 27064.078125 	 349.849762 	 -186.534683 	 -49.847980 	 1.000000 
58992.285156 	 21753.400391 	 26141.361328 	 424.368896 	 -91.969444 	 -4.107563 	 1.000000 
61771.925781 	 20278.101562 	 25562.892578 	 462.692932 	 -139.444183 	 42.773746 	 1.000000 
60750.910156 	 20618.951172 	 25964.529297 	 405.382233 	 -124.325409 	 -35.427273 	 1.000000 
60463.300781 	 20638.611328 	 25591.041016 	 413.624725 	 -97.269859 	 5.553941 	 1.000000 
60793.875000 	 21400.210938 	 25316.615234 	 298.366608 	 -246.538406 	 -29.750296 	 1.000000 
60947.089844 	 21528.746094 	 24687.445312 	 365.326141 	 -134.220047 	 77.889748 	 1.000000 
60642.578125 	 22166.912109 	 24358.968750 	 344.865997 	 -105.111214 	 59.059708 	 1.000000 
59458.019531 	 22068.015625 	 24811.998047 	 417.088379 	 -102.969658 	 19.242853 	 1.000000 
60137.765625 	 20363.300781 	 26875.447266 	 406.117920 	 -218.857849 	 -61.697754 	 1.000000 
59487.367188 	 20760.609375 	 26776.210938 	 370.329773 	 -188.627182 	 -58.903214 	 1.000000 
60589.664062 	 20052.757812 	 26665.720703 	 427.714081 	 -242.082001 	 -60.889355 	 1.000000 
59214.894531 	 22762.347656 	 24508.191406 	 429.499146 	 -125.555275 	 -34.780270 	 1.000000 
59280.656250 	 21093.796875 	 26828.015625 	 402.927063 	 -117.400810 	 -17.843782 	 1.000000 
60999.753906 	 20070.984375 	 26319.087891 	 436.240448 	 -154.908447 	 17.508789 	 1.000000 
61007.792969 	 21506.955078 	 24769.787109 	 361.625549 	 -135.217865 	 79.680061 	 1.000000 
60923.867188 	 23078.539062 	 25345.316406 	 344.202820 	 -182.236694 	 -88.005066 	 1.000000 
60288.593750 	 21369.582031 	 25228.128906 	 253.852615 	 -199.484497 	 54.504963 	 1.000000 
59744.152344 	 20382.949219 	 27255.359375 	 425.709045 	 -117.547333 	 9.244379 	 1.000000 
59734.542969 	 22585.455078 	 25133.509766 	 424.261719 	 -101.905418 	 -24.802670 	 1.000000 
61313.406250 	 20128.162109 	 26890.912109 	 494.424927 	 -186.628494 	 1.411398 	 1.000000 
60345.597656 	 20937.099609 	 25332.599609 	 345.755798 	 -172.000183 	 32.511955 	 1.000000 
61217.039062 	 20387.359375 	 26096.421875 	 369.965820 	 -231.945755 	 -21.257523 	 1.000000 
60943.558594 	 20777.050781 	 25911.185547 	 341.344574 	 -126.473801 	 82.359779 	 1.000000 
60964.894531 	 20130.894531 	 26252.462891 	 471.098053 	 -159.120712 	 -29.684664 	 1.000000 
61823.667969 	 22077.365234 	 25166.060547 	 358.855072 	 -214.506882 	 -52.271156 	 1.000000 
61791.054688 	 21966.541016 	 25214.373047 	 357.285492 	 -214.919708 	 -51.088425 	 1.000000 
60960.664062 	 22043.951172 	 25192.564453 	 327.228058 	 -218.294006 	 -63.355923 	 1.000000 
60619.851562 	 21768.779297 	 25016.826172 	 303.963226 	 -218.565628 	 -12.017601 	 1.000000 
60786.917969 	 23033.669922 	 24743.507812 	 333.598633 	 -170.930649 	 -74.636276 	 1.000000 
61934.660156 	 21387.382812 	 25231.943359 	 426.527405 	 -148.110397 	 93.544952 	 1.000000 
59203.027344 	 22928.406250 	 25216.039062 	 390.845703 	 -94.980530 	 79.472145 	 1.000000 
59242.574219 	 22849.990234 	 25346.615234 	 367.198883 	 -141.074966 	 42.919403 	 1.000000 
59392.250000 	 22271.521484 	 25193.009766 	 442.903412 	 -86.570839 	 -34.477093 	 1.000000 
60310.910156 	 20740.210938 	 26306.406250 	 446.667389 	 -78.398682 	 -21.068310 	 1.000000 
61070.753906 	 19970.177734 	 26382.865234 	 444.703003 	 -164.510529 	 22.329884 	 1.000000 
60884.359375 	 21700.894531 	 24651.580078 	 357.416199 	 -131.307785 	 76.308777 	 1.000000 
59991.746094 	 22505.818359 	 24689.466797 	 344.347412 	 -108.337463 	 60.100548 	 1.000000 
59990.386719 	 21893.486328 	 25284.251953 	 326.962921 	 -213.469284 	 85.285606 	 1.000000 
59792.671875 	 21373.224609 	 25691.193359 	 479.698608 	 -115.429962 	 4.731987 	 1.000000 
58889.976562 	 20771.164062 	 26362.455078 	 395.050079 	 -150.896225 	 -27.729734 	 1.000000 
59502.882812 	 20637.828125 	 27185.916016 	 362.862274 	 -211.846619 	 -52.181885 	 1.000000 
61779.851562 	 21836.814453 	 25286.953125 	 357.191833 	 -221.003220 	 -49.080875 	 1.000000 
61384.976562 	 19799.414062 	 26430.523438 	 401.586548 	 -314.500031 	 -31.213223 	 1.000000 
60564.296875 	 22120.220703 	 27401.390625 	 336.658569 	 -233.489151 	 -124.161461 	 5.000000 
