43657.859375 	 19157.013672 	 38535.398438 	 31.802078 	 -93.511139 	 155.465363 	 2.000000 
43593.148438 	 19058.716797 	 38614.605469 	 -6.976285 	 -114.468971 	 112.327637 	 2.000000 
43692.886719 	 19140.673828 	 38505.589844 	 -77.171837 	 -235.519135 	 142.584747 	 2.000000 
43675.261719 	 19184.691406 	 38527.082031 	 187.159500 	 -26.209879 	 243.017014 	 2.000000 
43719.488281 	 19203.863281 	 38558.042969 	 0.540996 	 -150.963348 	 358.874451 	 2.000000 
43671.605469 	 19164.312500 	 38537.871094 	 81.724144 	 -198.735352 	 86.770569 	 2.000000 
43655.742188 	 19179.638672 	 38597.855469 	 187.797363 	 -47.777782 	 84.214561 	 2.000000 
43821.667969 	 19149.529297 	 38564.531250 	 73.638992 	 -94.900948 	 58.060780 	 2.000000 
43488.574219 	 19135.482422 	 38577.347656 	 68.705055 	 -167.634644 	 88.834854 	 2.000000 
43506.582031 	 19153.132812 	 38579.566406 	 71.358315 	 -86.155792 	 234.092255 	 2.000000 
43536.183594 	 19128.460938 	 38614.960938 	 151.188919 	 45.648350 	 113.177391 	 2.000000 
43621.691406 	 19252.148438 	 38622.511719 	 15.499166 	 -140.862961 	 17.530094 	 2.000000 
43609.578125 	 19165.796875 	 38481.226562 	 -76.851044 	 -55.722008 	 261.830811 	 2.000000 
43551.433594 	 19003.046875 	 38665.074219 	 -13.016706 	 -125.037979 	 66.928413 	 2.000000 
43830.355469 	 19133.574219 	 38561.687500 	 93.798546 	 -86.855553 	 63.384281 	 2.000000 
43566.046875 	 19169.660156 	 38706.765625 	 20.316357 	 -15.539239 	 197.070023 	 2.000000 
43609.273438 	 19058.656250 	 38551.585938 	 -94.512169 	 -100.586685 	 69.577576 	 2.000000 
43682.984375 	 19181.470703 	 38657.023438 	 76.150047 	 -39.376160 	 31.083433 	 2.000000 
43675.351562 	 19037.318359 	 38518.281250 	 -26.611904 	 -140.164154 	 -19.259930 	 2.000000 
43709.097656 	 19186.669922 	 38595.910156 	 -81.269432 	 -189.091766 	 298.532043 	 2.000000 
43685.207031 	 19076.212891 	 39198.023438 	 61.160980 	 -73.809906 	 86.151344 	 2.000000 
43718.863281 	 19029.441406 	 39176.070312 	 -53.615768 	 -93.254585 	 71.560150 	 2.000000 
43598.804688 	 19088.091797 	 39210.058594 	 94.327034 	 -63.810024 	 180.005081 	 2.000000 
43731.640625 	 19076.441406 	 39345.117188 	 96.500122 	 -104.193001 	 45.854252 	 2.000000 
43597.062500 	 18988.619141 	 39248.523438 	 68.401871 	 18.536963 	 10.353703 	 2.000000 
43399.523438 	 19379.486328 	 37297.917969 	 26.597490 	 -72.865265 	 128.048859 	 2.000000 
43406.050781 	 19403.662109 	 37344.234375 	 61.306847 	 -77.470238 	 111.828033 	 2.000000 
43378.363281 	 19370.783203 	 37288.250000 	 -1.186851 	 -73.779610 	 180.106766 	 2.000000 
43443.699219 	 19385.992188 	 37291.398438 	 31.100698 	 -70.060295 	 166.705643 	 2.000000 
42330.054688 	 18996.863281 	 39692.257812 	 43.914066 	 -62.998009 	 104.231247 	 2.000000 
42378.855469 	 19007.679688 	 39685.882812 	 42.843704 	 -78.919258 	 86.028778 	 2.000000 
42954.625000 	 18995.509766 	 39398.585938 	 86.291504 	 -61.163712 	 92.720779 	 2.000000 
42950.671875 	 18970.068359 	 39414.746094 	 83.696480 	 -55.803856 	 44.286465 	 2.000000 
44526.019531 	 19851.607422 	 39188.093750 	 19.403099 	 -158.227310 	 130.487915 	 2.000000 
44507.949219 	 19869.927734 	 39207.773438 	 -26.155779 	 -160.215790 	 127.749619 	 2.000000 
43986.496094 	 19170.001953 	 38574.835938 	 -53.360855 	 -168.694458 	 129.219681 	 2.000000 
43750.648438 	 19125.917969 	 39055.359375 	 -5.346045 	 -119.759033 	 170.533813 	 2.000000 
43712.953125 	 19173.476562 	 39049.156250 	 55.142979 	 -19.213726 	 10.481113 	 2.000000 
44100.960938 	 19014.708984 	 39403.550781 	 -18.294788 	 -38.315216 	 125.120949 	 2.000000 
43838.480469 	 18864.609375 	 39140.035156 	 17.814238 	 -83.332657 	 61.088318 	 2.000000 
44401.714844 	 19532.468750 	 38804.156250 	 6.379328 	 -167.113556 	 123.720818 	 2.000000 
44325.156250 	 19550.699219 	 38785.085938 	 5.206627 	 -136.432419 	 115.378052 	 2.000000 
44329.113281 	 19538.535156 	 38791.699219 	 5.027559 	 -153.162231 	 113.663666 	 2.000000 
43931.742188 	 18725.289062 	 39520.097656 	 -2.385035 	 -129.210907 	 92.822868 	 2.000000 
43919.988281 	 18730.769531 	 39522.222656 	 -5.555623 	 -142.440826 	 98.791122 	 2.000000 
41814.230469 	 18908.072266 	 39806.597656 	 18.583851 	 -59.588364 	 109.206177 	 2.000000 
42842.648438 	 18904.128906 	 40237.480469 	 45.590260 	 -63.087189 	 87.994911 	 2.000000 
42812.421875 	 18906.738281 	 40218.660156 	 65.969521 	 -65.520882 	 102.340828 	 2.000000 
43956.460938 	 18973.818359 	 39291.597656 	 92.762756 	 -144.511078 	 56.769661 	 2.000000 
43827.804688 	 19281.697266 	 37301.492188 	 17.607037 	 -142.125214 	 113.684036 	 2.000000 
44617.636719 	 20796.419922 	 38247.613281 	 17.967585 	 -138.149323 	 121.647842 	 2.000000 
44641.449219 	 20782.029297 	 38261.960938 	 6.188049 	 -115.229683 	 106.605789 	 2.000000 
43516.496094 	 18903.632812 	 39234.882812 	 0.794793 	 -2.056506 	 60.590641 	 2.000000 
43534.253906 	 18901.378906 	 39251.554688 	 14.648192 	 -11.427276 	 180.620789 	 2.000000 
44825.843750 	 17891.779297 	 39330.378906 	 75.046959 	 -47.157108 	 139.057953 	 2.000000 
45160.230469 	 20055.763672 	 38784.601562 	 14.053432 	 -146.720062 	 124.998230 	 2.000000 
45012.222656 	 17915.316406 	 39431.730469 	 59.704651 	 -60.986233 	 159.746918 	 2.000000 
45054.179688 	 17912.292969 	 39473.171875 	 69.642197 	 -57.390362 	 135.506897 	 2.000000 
43799.636719 	 18647.843750 	 38485.281250 	 26.054766 	 -4.326611 	 144.983887 	 2.000000 
43776.695312 	 18647.964844 	 38485.371094 	 23.310913 	 -26.342997 	 131.003036 	 2.000000 
45306.941406 	 18872.890625 	 39946.007812 	 26.748489 	 -152.344193 	 163.267578 	 2.000000 
43920.539062 	 18825.693359 	 39765.824219 	 15.983467 	 -116.246788 	 92.174072 	 2.000000 
43455.656250 	 18843.082031 	 39328.042969 	 -31.050953 	 -33.216766 	 74.794975 	 2.000000 
44153.562500 	 19313.001953 	 38649.246094 	 -20.450033 	 -174.679901 	 127.805649 	 2.000000 
42818.738281 	 19234.443359 	 37004.699219 	 38.180607 	 -81.976082 	 97.732956 	 2.000000 
44953.617188 	 19231.923828 	 38670.109375 	 10.302980 	 -93.196320 	 158.223663 	 2.000000 
44929.761719 	 19183.376953 	 38688.601562 	 16.739464 	 -93.892899 	 139.163284 	 2.000000 
44949.656250 	 19091.583984 	 38961.269531 	 14.075934 	 -99.711327 	 140.519089 	 2.000000 
43759.218750 	 19182.445312 	 38263.914062 	 105.187431 	 -47.709446 	 218.320938 	 2.000000 
44416.312500 	 18887.031250 	 40073.804688 	 49.065655 	 -110.648689 	 137.213562 	 2.000000 
45581.640625 	 18439.330078 	 39360.847656 	 43.683388 	 -83.522964 	 175.574814 	 2.000000 
43757.117188 	 19309.925781 	 37383.175781 	 5.716629 	 -107.668549 	 116.305740 	 2.000000 
44335.136719 	 17403.492188 	 38595.324219 	 76.792091 	 -69.456032 	 133.874146 	 2.000000 
43807.019531 	 19234.769531 	 38517.890625 	 -30.824699 	 -193.911087 	 170.949890 	 2.000000 
44519.839844 	 20301.599609 	 38348.000000 	 22.050430 	 -145.049957 	 128.042526 	 2.000000 
42953.941406 	 20152.082031 	 39948.730469 	 33.870434 	 -114.782784 	 125.339333 	 2.000000 
45020.859375 	 20081.265625 	 38884.050781 	 21.569527 	 -151.198944 	 119.557541 	 2.000000 
44994.523438 	 20087.894531 	 38899.128906 	 17.949728 	 -150.410873 	 111.345291 	 2.000000 
43618.773438 	 19331.945312 	 39058.863281 	 124.159561 	 -73.155571 	 158.021408 	 2.000000 
44265.093750 	 19467.953125 	 39313.406250 	 20.203596 	 -167.449265 	 119.007172 	 2.000000 
43440.671875 	 19319.441406 	 37618.492188 	 31.451572 	 -78.526024 	 143.517517 	 2.000000 
44378.503906 	 19234.929688 	 38469.148438 	 -29.064590 	 -123.465591 	 144.652847 	 2.000000 
44396.152344 	 19178.226562 	 40176.664062 	 84.126808 	 -80.213875 	 111.452553 	 2.000000 
44342.992188 	 17284.875000 	 38656.414062 	 72.757690 	 -68.394623 	 136.363129 	 2.000000 
44499.296875 	 19116.150391 	 40367.230469 	 48.430569 	 -113.324188 	 156.072311 	 2.000000 
43636.640625 	 21076.482422 	 39148.441406 	 21.925014 	 -120.814621 	 134.753662 	 2.000000 
42788.062500 	 20322.486328 	 39978.929688 	 29.863285 	 -110.849411 	 128.081238 	 2.000000 
43862.882812 	 18588.714844 	 38452.539062 	 24.873653 	 1.372137 	 146.404053 	 2.000000 
43867.769531 	 18590.716797 	 38463.765625 	 19.923100 	 3.324847 	 142.653503 	 2.000000 
43763.765625 	 18881.224609 	 39101.085938 	 103.690941 	 -110.151199 	 75.952980 	 2.000000 
44035.183594 	 18961.195312 	 39665.875000 	 65.975136 	 -58.831398 	 58.524673 	 2.000000 
43455.753906 	 17144.388672 	 39113.867188 	 66.639061 	 -45.796429 	 116.643456 	 4.000000 
44353.054688 	 19534.947266 	 38734.187500 	 -5.552966 	 -162.369720 	 152.666992 	 2.000000 
43292.953125 	 19313.048828 	 37609.046875 	 14.264599 	 -71.793350 	 139.887558 	 2.000000 
43773.011719 	 18691.173828 	 38433.988281 	 54.533684 	 4.823763 	 153.174408 	 2.000000 
44124.996094 	 19240.056641 	 39177.898438 	 2.103709 	 -173.844971 	 116.332840 	 2.000000 
43635.796875 	 19382.851562 	 38557.136719 	 84.932655 	 -86.973557 	 114.654282 	 2.000000 
45505.328125 	 19115.005859 	 38765.121094 	 41.110672 	 -98.160622 	 149.876846 	 2.000000 
44674.179688 	 19998.898438 	 39186.144531 	 5.536580 	 -164.859039 	 126.900970 	 2.000000 
45023.449219 	 18444.664062 	 39284.250000 	 38.298351 	 -68.090111 	 165.801407 	 2.000000 
42457.160156 	 18895.376953 	 37838.300781 	 33.758507 	 -33.942333 	 116.718559 	 2.000000 
44936.265625 	 19631.265625 	 38156.921875 	 18.758780 	 -141.502975 	 134.688171 	 2.000000 
43477.792969 	 18916.080078 	 40419.179688 	 76.096878 	 -67.763702 	 95.596497 	 5.000000 
44560.121094 	 19167.689453 	 40358.878906 	 91.596603 	 -78.521523 	 115.893402 	 2.000000 
45327.164062 	 19702.863281 	 39028.757812 	 15.722558 	 -154.797958 	 116.628326 	 2.000000 
44458.371094 	 18883.675781 	 40142.773438 	 34.654564 	 -115.368591 	 144.935760 	 2.000000 
44558.050781 	 18854.750000 	 38621.238281 	 2.511844 	 -55.583488 	 153.776794 	 2.000000 
43754.863281 	 19141.404297 	 38194.140625 	 127.582581 	 -61.877304 	 196.263077 	 2.000000 
43735.250000 	 19112.341797 	 38179.011719 	 136.087341 	 -69.535385 	 191.818787 	 2.000000 
44613.617188 	 19133.085938 	 40566.589844 	 91.287773 	 -87.882156 	 143.684753 	 2.000000 
44347.875000 	 18816.044922 	 39700.003906 	 26.820633 	 -113.984566 	 113.086998 	 2.000000 
44603.847656 	 19373.003906 	 40612.828125 	 71.029137 	 -169.474594 	 161.032562 	 2.000000 
43526.425781 	 18821.519531 	 38968.519531 	 2.938025 	 -68.635590 	 197.503403 	 2.000000 
42994.691406 	 19154.236328 	 37303.925781 	 44.556011 	 -86.091164 	 120.583000 	 2.000000 
43546.542969 	 19164.367188 	 39130.898438 	 6.449975 	 -146.271271 	 112.772194 	 2.000000 
45031.964844 	 20062.966797 	 38792.898438 	 28.883493 	 -145.672836 	 137.789490 	 2.000000 
44116.257812 	 17969.318359 	 38479.316406 	 45.720142 	 -45.413628 	 137.192703 	 2.000000 
44078.167969 	 17974.019531 	 38497.757812 	 39.301250 	 -39.787891 	 139.470276 	 2.000000 
43898.609375 	 19320.937500 	 39384.722656 	 124.376320 	 -121.154922 	 131.785568 	 2.000000 
44601.531250 	 20605.423828 	 38338.269531 	 29.868320 	 -139.202972 	 118.097961 	 2.000000 
43661.812500 	 17764.083984 	 37786.464844 	 48.790379 	 -46.236641 	 120.010994 	 1.000000 
42992.980469 	 19260.146484 	 37934.187500 	 73.779167 	 -64.479507 	 123.115158 	 2.000000 
45095.605469 	 19219.986328 	 38690.742188 	 13.725787 	 -94.366592 	 146.584396 	 2.000000 
42385.996094 	 18921.085938 	 40064.656250 	 34.879566 	 -62.624264 	 87.870224 	 2.000000 
44769.996094 	 18638.115234 	 40177.281250 	 70.765038 	 -47.685581 	 156.461807 	 2.000000 
44660.941406 	 19643.394531 	 39671.187500 	 12.137101 	 -154.720276 	 133.961960 	 2.000000 
43527.695312 	 18964.380859 	 37858.441406 	 54.765156 	 -122.052917 	 161.014145 	 2.000000 
43604.218750 	 19210.404297 	 39098.933594 	 -37.080006 	 -90.227684 	 177.273209 	 2.000000 
43763.921875 	 19140.962891 	 38837.613281 	 5.511138 	 -49.887955 	 205.620590 	 2.000000 
43261.031250 	 19158.404297 	 38936.683594 	 24.883820 	 -63.326866 	 198.237854 	 2.000000 
44700.878906 	 19462.087891 	 40022.234375 	 17.332161 	 -161.779541 	 148.224014 	 2.000000 
44299.144531 	 19133.060547 	 40348.210938 	 35.874229 	 -106.924019 	 156.120026 	 2.000000 
43201.328125 	 18812.974609 	 39530.492188 	 93.128510 	 -49.935371 	 84.497971 	 2.000000 
43744.671875 	 20792.113281 	 39205.980469 	 24.397600 	 -129.417435 	 133.148804 	 2.000000 
44787.730469 	 17986.597656 	 39321.644531 	 57.601650 	 -64.285172 	 159.631989 	 2.000000 
43510.542969 	 19060.335938 	 38031.074219 	 101.148064 	 -66.781494 	 160.474182 	 2.000000 
43695.824219 	 18924.404297 	 40514.957031 	 81.073761 	 -71.053032 	 104.607262 	 5.000000 
43701.660156 	 18909.197266 	 40531.703125 	 84.982010 	 -64.602859 	 97.467079 	 5.000000 
45116.941406 	 19756.867188 	 39119.824219 	 15.976718 	 -151.213135 	 119.654427 	 2.000000 
44795.835938 	 18982.455078 	 40280.121094 	 26.084921 	 -126.879440 	 185.003891 	 2.000000 
42109.343750 	 19046.263672 	 37482.492188 	 22.889719 	 -90.026276 	 88.027733 	 2.000000 
43866.328125 	 20221.843750 	 39311.304688 	 33.904278 	 -147.962692 	 128.268158 	 2.000000 
42864.023438 	 19207.166016 	 36952.109375 	 35.626095 	 -58.061943 	 105.078362 	 2.000000 
42732.050781 	 18878.515625 	 40242.632812 	 64.283409 	 -61.271236 	 93.556763 	 2.000000 
43629.777344 	 18938.699219 	 38639.332031 	 84.805748 	 -162.260742 	 144.254486 	 2.000000 
44553.445312 	 19892.664062 	 40444.617188 	 32.935055 	 -155.280945 	 157.301544 	 2.000000 
43367.707031 	 18871.005859 	 39538.757812 	 90.063042 	 -48.156933 	 48.581722 	 2.000000 
41800.109375 	 18877.861328 	 38200.132812 	 12.579516 	 -40.125580 	 109.878670 	 3.000000 
44786.621094 	 19586.226562 	 39543.992188 	 8.389009 	 -147.640518 	 137.185959 	 2.000000 
44036.671875 	 18877.132812 	 39411.238281 	 58.881561 	 -83.342163 	 104.915504 	 2.000000 
43256.234375 	 18953.732422 	 37604.628906 	 55.998287 	 -70.434036 	 138.546402 	 2.000000 
43617.406250 	 19352.128906 	 38590.910156 	 86.160301 	 -48.272240 	 106.299156 	 2.000000 
44040.636719 	 18757.953125 	 39572.218750 	 -6.092393 	 -126.828957 	 110.044014 	 2.000000 
44377.621094 	 17332.570312 	 38591.121094 	 65.433258 	 -61.887440 	 135.632675 	 2.000000 
45456.421875 	 18910.914062 	 39670.207031 	 41.196651 	 -108.747665 	 166.010422 	 2.000000 
44471.929688 	 18728.253906 	 39536.062500 	 36.962257 	 -33.410191 	 135.672867 	 2.000000 
45325.226562 	 19955.888672 	 38761.167969 	 18.523264 	 -145.638290 	 128.802170 	 2.000000 
44287.445312 	 17982.353516 	 38690.101562 	 41.108883 	 -45.589630 	 135.475357 	 2.000000 
44221.125000 	 19258.423828 	 37848.453125 	 -9.159833 	 -127.415833 	 140.657898 	 2.000000 
43814.046875 	 19293.792969 	 38481.968750 	 -101.593246 	 -124.283745 	 183.394730 	 2.000000 
42142.160156 	 18152.876953 	 39098.476562 	 26.348248 	 -31.462805 	 115.020592 	 2.000000 
43617.597656 	 19528.265625 	 39172.773438 	 47.215263 	 -186.894547 	 114.003082 	 2.000000 
44743.757812 	 19011.667969 	 40322.519531 	 69.774940 	 -99.666870 	 150.613129 	 2.000000 
45382.218750 	 18797.750000 	 40037.957031 	 14.458928 	 -138.934967 	 153.811569 	 2.000000 
44501.921875 	 18878.289062 	 40263.683594 	 47.339615 	 -109.762665 	 143.939941 	 2.000000 
44560.000000 	 19077.457031 	 39288.683594 	 -2.946051 	 -111.261940 	 138.567093 	 2.000000 
43848.164062 	 19398.164062 	 39036.160156 	 27.656317 	 -199.603683 	 113.499016 	 2.000000 
44701.257812 	 19279.960938 	 40335.285156 	 21.539509 	 -171.028122 	 164.649414 	 2.000000 
43513.867188 	 18827.265625 	 39187.453125 	 9.035216 	 -8.483401 	 94.701447 	 2.000000 
43303.738281 	 19285.408203 	 37975.960938 	 45.458237 	 -94.875801 	 170.882370 	 2.000000 
44091.156250 	 19584.925781 	 36967.671875 	 -9.076547 	 -75.708153 	 99.987389 	 2.000000 
44400.441406 	 17285.123047 	 38705.402344 	 50.703941 	 -81.668411 	 126.149971 	 2.000000 
44449.792969 	 19076.029297 	 40209.765625 	 53.302822 	 -166.098389 	 144.272202 	 2.000000 
43564.269531 	 19432.509766 	 37178.683594 	 28.355099 	 -69.888161 	 139.135025 	 2.000000 
42206.410156 	 18922.226562 	 39974.976562 	 35.239765 	 -63.681957 	 86.685448 	 2.000000 
45463.132812 	 19777.285156 	 38623.773438 	 30.091970 	 -151.971497 	 129.750443 	 2.000000 
43731.343750 	 19293.636719 	 39363.199219 	 133.564346 	 -112.452644 	 144.807068 	 2.000000 
45380.875000 	 18980.144531 	 39978.421875 	 37.009109 	 -149.954865 	 158.959702 	 2.000000 
44351.925781 	 17377.097656 	 38697.476562 	 52.692829 	 -77.702675 	 126.775108 	 2.000000 
44553.980469 	 19878.121094 	 39277.070312 	 18.800629 	 -169.511948 	 106.324562 	 2.000000 
43552.242188 	 19230.781250 	 38425.855469 	 39.519440 	 -15.098756 	 112.392738 	 2.000000 
42879.976562 	 19455.972656 	 37108.121094 	 38.557507 	 -80.990540 	 112.130569 	 2.000000 
44398.625000 	 19153.031250 	 40444.171875 	 44.599960 	 -106.319611 	 161.016663 	 2.000000 
43342.511719 	 19203.654297 	 39019.519531 	 134.800400 	 -42.256756 	 133.601120 	 2.000000 
43669.828125 	 19296.962891 	 39561.699219 	 56.514874 	 -171.725876 	 77.906136 	 2.000000 
43539.582031 	 18864.656250 	 39752.062500 	 83.108871 	 -56.375000 	 56.846619 	 2.000000 
43814.648438 	 19294.837891 	 38521.593750 	 18.457684 	 -88.668228 	 266.992493 	 2.000000 
43425.378906 	 19034.480469 	 38542.207031 	 26.196100 	 -91.874580 	 108.834801 	 2.000000 
42497.953125 	 19003.839844 	 39571.304688 	 44.022236 	 -55.968151 	 110.536064 	 2.000000 
42761.582031 	 18942.966797 	 40213.738281 	 66.153786 	 -53.438648 	 93.977058 	 2.000000 
45562.765625 	 19815.052734 	 38817.523438 	 18.355413 	 -160.123337 	 110.422104 	 2.000000 
43215.203125 	 18948.951172 	 37448.675781 	 54.883461 	 -74.277733 	 131.854340 	 2.000000 
43369.738281 	 19357.128906 	 37828.503906 	 43.387932 	 -76.065575 	 159.920792 	 2.000000 
44069.617188 	 18311.025391 	 38653.683594 	 29.173113 	 -32.390896 	 138.476944 	 2.000000 
43473.718750 	 18853.591797 	 39121.339844 	 94.374268 	 -105.257202 	 77.355278 	 2.000000 
42368.289062 	 19322.406250 	 37311.089844 	 23.720976 	 -76.534561 	 100.091309 	 2.000000 
42422.484375 	 18804.748047 	 39852.429688 	 42.770023 	 -60.404583 	 124.424179 	 2.000000 
45362.996094 	 19378.750000 	 38485.804688 	 34.795212 	 -122.376442 	 136.144608 	 2.000000 
42745.867188 	 17571.650391 	 39172.953125 	 43.061035 	 -32.283100 	 114.562500 	 2.000000 
43500.980469 	 19163.494141 	 38971.589844 	 75.954041 	 -6.127596 	 51.573978 	 2.000000 
43623.656250 	 18786.728516 	 39171.714844 	 -24.405157 	 -48.696228 	 151.397980 	 2.000000 
41991.183594 	 18898.197266 	 38388.078125 	 23.755209 	 -36.090839 	 111.719521 	 3.000000 
43939.304688 	 19132.587891 	 38310.855469 	 32.564423 	 -137.289108 	 110.892723 	 2.000000 
44344.191406 	 18807.207031 	 40299.046875 	 47.607655 	 -124.096703 	 146.805115 	 2.000000 
42993.761719 	 19263.808594 	 37734.863281 	 48.819798 	 -141.193848 	 120.096931 	 2.000000 
44541.722656 	 19004.738281 	 40203.570312 	 59.337070 	 -42.125053 	 143.531616 	 2.000000 
44678.300781 	 19006.281250 	 40020.250000 	 16.737432 	 -123.657318 	 168.434387 	 2.000000 
43834.921875 	 18956.636719 	 39560.390625 	 72.220093 	 -58.390545 	 26.309946 	 2.000000 
42612.152344 	 18928.167969 	 38714.625000 	 60.647915 	 -39.094463 	 128.188889 	 2.000000 
42115.464844 	 18913.218750 	 39985.046875 	 33.467861 	 -66.254044 	 85.697739 	 2.000000 
44314.843750 	 19224.107422 	 38442.285156 	 -23.417879 	 -116.854233 	 151.879242 	 2.000000 
44454.464844 	 19088.685547 	 40130.359375 	 77.601601 	 -150.998367 	 121.126595 	 2.000000 
43539.027344 	 18961.140625 	 39331.699219 	 121.641518 	 -23.940350 	 8.085336 	 2.000000 
43726.433594 	 19201.933594 	 37896.757812 	 -1.873574 	 -119.166992 	 170.996979 	 2.000000 
44235.574219 	 18036.876953 	 38410.390625 	 26.739496 	 -52.255943 	 145.488251 	 2.000000 
43675.171875 	 19065.410156 	 38341.980469 	 -36.537838 	 -94.923721 	 258.400879 	 2.000000 
43955.367188 	 19488.158203 	 39032.820312 	 23.115402 	 -189.793152 	 117.377266 	 2.000000 
43816.453125 	 19154.162109 	 38407.765625 	 39.099266 	 -24.145212 	 255.143860 	 2.000000 
41839.425781 	 18800.509766 	 39724.796875 	 25.325401 	 -76.428375 	 138.571823 	 2.000000 
43946.898438 	 20019.978516 	 38988.992188 	 32.304550 	 -161.741867 	 127.779907 	 2.000000 
44889.914062 	 17867.673828 	 39265.738281 	 60.664150 	 -49.585056 	 157.675308 	 2.000000 
44655.421875 	 18904.734375 	 40394.707031 	 96.263847 	 -73.848335 	 135.503403 	 2.000000 
43397.988281 	 18950.796875 	 39327.074219 	 4.481292 	 -20.705217 	 79.759048 	 2.000000 
44545.054688 	 17237.779297 	 38845.750000 	 67.238083 	 -66.869545 	 107.518555 	 2.000000 
44493.898438 	 19999.841797 	 39404.605469 	 36.205914 	 -167.081741 	 127.463676 	 2.000000 
43517.289062 	 18949.287109 	 39126.187500 	 33.070080 	 -16.619696 	 4.817231 	 2.000000 
44229.066406 	 19133.261719 	 38784.062500 	 -35.753807 	 -100.733734 	 126.979729 	 2.000000 
44166.554688 	 19317.357422 	 38445.011719 	 -40.249214 	 -84.974983 	 159.216827 	 2.000000 
43884.343750 	 19772.023438 	 37985.207031 	 26.126610 	 -166.404480 	 124.310638 	 2.000000 
44686.156250 	 18356.484375 	 39508.296875 	 57.250500 	 -47.092686 	 140.394989 	 2.000000 
44569.414062 	 19318.486328 	 40403.242188 	 73.104095 	 -162.006104 	 146.047241 	 2.000000 
45253.574219 	 18360.880859 	 39440.460938 	 45.239326 	 -77.989746 	 171.891357 	 2.000000 
43199.171875 	 19965.964844 	 40491.054688 	 46.445869 	 -104.552589 	 118.523834 	 2.000000 
44360.597656 	 20288.542969 	 39998.828125 	 30.130545 	 -144.788925 	 144.384064 	 2.000000 
44493.480469 	 18777.287109 	 40549.933594 	 52.672352 	 -128.972198 	 174.159836 	 2.000000 
43537.285156 	 19179.025391 	 38693.164062 	 -39.596863 	 -97.444542 	 36.915863 	 2.000000 
43971.214844 	 19132.472656 	 38986.363281 	 -9.813668 	 -187.645630 	 115.460327 	 2.000000 
45189.484375 	 19312.593750 	 38288.378906 	 21.935173 	 -86.803879 	 148.180481 	 2.000000 
42018.121094 	 18112.134766 	 39086.417969 	 21.582039 	 -27.840937 	 119.514259 	 2.000000 
42196.437500 	 17959.453125 	 39187.566406 	 26.791121 	 -27.018419 	 112.179901 	 2.000000 
43644.343750 	 18868.435547 	 39767.425781 	 78.543549 	 -57.546829 	 54.181698 	 2.000000 
44871.097656 	 19381.652344 	 37452.273438 	 15.293226 	 -116.718140 	 115.879013 	 2.000000 
44352.816406 	 19026.105469 	 40005.250000 	 84.857758 	 -73.076683 	 97.657890 	 2.000000 
42748.093750 	 19342.435547 	 37630.460938 	 43.166199 	 -128.651184 	 106.917122 	 2.000000 
45010.835938 	 19665.710938 	 38495.078125 	 18.220295 	 -143.201965 	 130.758224 	 2.000000 
44617.683594 	 19082.541016 	 40558.625000 	 56.699055 	 -119.768517 	 169.690918 	 2.000000 
41888.789062 	 18125.570312 	 39099.125000 	 17.573519 	 -28.320000 	 119.194839 	 2.000000 
43688.589844 	 20589.744141 	 39689.218750 	 32.641956 	 -128.891357 	 136.308426 	 0.000000 
43809.949219 	 18861.970703 	 39211.968750 	 50.673573 	 -130.897018 	 35.908726 	 2.000000 
42858.546875 	 18955.490234 	 37842.933594 	 65.800568 	 -90.214554 	 110.439133 	 2.000000 
42744.808594 	 19305.843750 	 37459.664062 	 46.848003 	 -77.992203 	 109.032372 	 2.000000 
45570.578125 	 18978.031250 	 39259.097656 	 37.541733 	 -97.034477 	 154.140381 	 2.000000 
44973.187500 	 18826.388672 	 40432.949219 	 29.514736 	 -164.159012 	 189.580032 	 2.000000 
43440.144531 	 19623.673828 	 39740.957031 	 52.216183 	 -144.173599 	 108.592796 	 2.000000 
43943.757812 	 19268.453125 	 38415.820312 	 -70.203262 	 -93.549690 	 183.171829 	 2.000000 
43569.847656 	 19499.251953 	 39626.828125 	 61.239517 	 -154.703308 	 99.432076 	 2.000000 
43072.031250 	 19013.494141 	 38829.695312 	 -19.795282 	 -96.375214 	 172.634293 	 2.000000 
43485.785156 	 19166.585938 	 36806.511719 	 26.706518 	 -33.799675 	 104.076553 	 2.000000 
45123.246094 	 19943.601562 	 38945.746094 	 15.246458 	 -144.180832 	 117.954987 	 2.000000 
44437.937500 	 19292.039062 	 39905.859375 	 21.730917 	 -158.915527 	 140.727829 	 2.000000 
43722.484375 	 19330.851562 	 38646.160156 	 15.126152 	 -83.523460 	 144.996216 	 2.000000 
42351.691406 	 18893.197266 	 40022.972656 	 38.830879 	 -67.910385 	 89.849670 	 2.000000 
44139.828125 	 19127.218750 	 38994.722656 	 -39.859669 	 -78.485809 	 135.826721 	 2.000000 
43938.144531 	 19325.583984 	 39339.339844 	 119.188080 	 -116.481659 	 134.398270 	 2.000000 
42136.945312 	 18782.580078 	 37622.003906 	 19.360224 	 -33.112282 	 110.275116 	 2.000000 
42772.156250 	 18988.529297 	 38811.089844 	 70.485764 	 -33.853958 	 127.702789 	 2.000000 
43468.515625 	 19225.259766 	 39084.371094 	 84.837914 	 -6.962499 	 78.481819 	 2.000000 
43800.070312 	 19359.041016 	 36892.550781 	 27.634836 	 -135.058395 	 84.466248 	 2.000000 
42865.976562 	 19329.482422 	 37738.343750 	 48.750057 	 -133.712357 	 111.408478 	 2.000000 
44531.929688 	 19893.876953 	 40531.023438 	 33.350082 	 -153.826019 	 153.573273 	 2.000000 
45646.917969 	 19441.302734 	 38534.816406 	 53.777122 	 -123.402550 	 138.272308 	 2.000000 
43651.792969 	 18863.062500 	 39277.597656 	 76.584808 	 -33.521271 	 121.621620 	 2.000000 
44088.625000 	 18947.486328 	 39422.859375 	 -27.830570 	 -22.409639 	 146.538132 	 2.000000 
42455.464844 	 17940.431641 	 39164.976562 	 34.485237 	 -29.164242 	 113.264977 	 2.000000 
44574.386719 	 18861.691406 	 40515.667969 	 113.933380 	 -74.786407 	 132.489441 	 2.000000 
45688.003906 	 19331.761719 	 38863.140625 	 45.548378 	 -151.904556 	 116.298897 	 2.000000 
45625.382812 	 19559.982422 	 38674.195312 	 37.967026 	 -159.223541 	 115.775955 	 2.000000 
44173.847656 	 19358.001953 	 39294.085938 	 15.917472 	 -171.715485 	 119.313095 	 2.000000 
44033.027344 	 18133.882812 	 38540.355469 	 33.517097 	 -38.384285 	 137.124954 	 2.000000 
44508.875000 	 19890.048828 	 39292.953125 	 34.334213 	 -155.128098 	 106.431000 	 2.000000 
44655.785156 	 20146.138672 	 38464.679688 	 15.500404 	 -148.057755 	 130.575027 	 2.000000 
44395.878906 	 19322.056641 	 37745.046875 	 -4.195966 	 -125.765343 	 131.598572 	 2.000000 
43617.554688 	 19932.484375 	 40116.949219 	 48.806702 	 -128.792114 	 118.145882 	 2.000000 
44117.648438 	 19007.488281 	 38623.468750 	 -31.381773 	 -31.526752 	 154.124649 	 2.000000 
43933.019531 	 18156.205078 	 37907.828125 	 34.300560 	 -44.550850 	 135.963501 	 1.000000 
45225.742188 	 18958.638672 	 39182.339844 	 30.835016 	 -84.840111 	 154.123459 	 2.000000 
44584.226562 	 18855.689453 	 40540.300781 	 116.831886 	 -74.672058 	 125.307076 	 2.000000 
43643.316406 	 18846.289062 	 39118.699219 	 -9.498546 	 -82.300316 	 3.090984 	 2.000000 
44932.648438 	 18412.853516 	 39405.437500 	 41.671124 	 -65.120934 	 158.368301 	 2.000000 
45120.777344 	 19469.900391 	 37798.437500 	 22.098316 	 -104.408714 	 129.033890 	 2.000000 
45132.925781 	 19751.912109 	 39098.988281 	 6.877773 	 -148.603210 	 126.918396 	 2.000000 
44630.886719 	 19780.496094 	 39466.996094 	 10.695993 	 -151.623779 	 125.905556 	 2.000000 
43074.339844 	 18894.197266 	 37319.023438 	 45.145676 	 -98.921440 	 118.356209 	 2.000000 
43646.355469 	 19330.478516 	 36885.226562 	 18.849779 	 -141.439011 	 86.112366 	 2.000000 
42352.394531 	 19316.023438 	 37382.296875 	 19.799206 	 -72.615372 	 106.205841 	 2.000000 
43373.339844 	 19066.513672 	 39180.601562 	 47.355091 	 -2.583813 	 60.428478 	 2.000000 
44288.046875 	 19154.919922 	 40085.824219 	 45.110825 	 -112.932556 	 134.203583 	 2.000000 
43818.359375 	 19374.013672 	 38673.277344 	 10.925817 	 -131.089020 	 125.137505 	 2.000000 
44884.953125 	 19976.248047 	 38731.535156 	 20.984756 	 -146.773300 	 133.222473 	 2.000000 
45339.968750 	 19013.195312 	 39656.398438 	 34.820992 	 -126.368790 	 161.793961 	 2.000000 
45059.050781 	 18854.437500 	 40322.238281 	 -9.732001 	 -129.283310 	 178.729614 	 2.000000 
45362.960938 	 19672.826172 	 39020.949219 	 20.593084 	 -142.691208 	 122.405159 	 2.000000 
43988.761719 	 19338.281250 	 38256.097656 	 -42.547729 	 -76.992203 	 180.078445 	 2.000000 
43583.917969 	 19594.503906 	 39204.390625 	 51.573311 	 -180.580109 	 112.043953 	 2.000000 
43897.730469 	 19186.658203 	 38579.542969 	 -87.396698 	 -127.390778 	 149.464050 	 2.000000 
44645.585938 	 18992.812500 	 40364.300781 	 103.875862 	 -76.802788 	 123.950447 	 2.000000 
44451.218750 	 19121.416016 	 40417.773438 	 85.624092 	 -79.155846 	 132.730881 	 2.000000 
43795.851562 	 18881.505859 	 40619.023438 	 85.169754 	 -71.416710 	 105.696625 	 5.000000 
43843.617188 	 19028.144531 	 39307.218750 	 72.086609 	 -189.839127 	 57.762882 	 2.000000 
43722.824219 	 18855.017578 	 38555.042969 	 60.664665 	 -75.213913 	 152.675323 	 2.000000 
43578.488281 	 18854.119141 	 39022.417969 	 6.224597 	 -71.412529 	 213.135910 	 2.000000 
42257.628906 	 18926.201172 	 39988.535156 	 31.879549 	 -65.400871 	 87.459167 	 2.000000 
44424.355469 	 20060.175781 	 38356.011719 	 24.373198 	 -149.173141 	 129.484314 	 2.000000 
44922.957031 	 18981.193359 	 40335.308594 	 21.655191 	 -165.430008 	 179.472702 	 2.000000 
42691.246094 	 17599.544922 	 39153.765625 	 46.592487 	 -34.569397 	 115.615364 	 2.000000 
44675.980469 	 19786.818359 	 38630.714844 	 10.014477 	 -154.779510 	 130.536896 	 2.000000 
45219.925781 	 20018.113281 	 38465.265625 	 25.035719 	 -148.686707 	 135.581848 	 2.000000 
44762.308594 	 19018.255859 	 40614.054688 	 27.032694 	 -177.012680 	 189.328262 	 2.000000 
43255.792969 	 19152.658203 	 38509.589844 	 109.048965 	 -14.298765 	 142.776642 	 2.000000 
44638.531250 	 18027.375000 	 39273.945312 	 70.248009 	 -47.192947 	 140.751434 	 2.000000 
45087.421875 	 18485.804688 	 39225.691406 	 32.088280 	 -75.318779 	 168.113998 	 2.000000 
44392.851562 	 20002.740234 	 40071.300781 	 40.905228 	 -147.846451 	 141.008240 	 2.000000 
44903.148438 	 18945.013672 	 40304.582031 	 26.081293 	 -163.751770 	 178.888565 	 2.000000 
44289.812500 	 19248.878906 	 38531.535156 	 -28.225500 	 -120.409920 	 140.929214 	 2.000000 
43793.105469 	 19097.230469 	 38459.167969 	 -58.176708 	 -108.403221 	 69.061150 	 2.000000 
43080.117188 	 19124.628906 	 37447.171875 	 48.333233 	 -84.362473 	 125.991142 	 2.000000 
43916.500000 	 19168.562500 	 39086.980469 	 13.426759 	 -92.107025 	 97.897003 	 2.000000 
43072.261719 	 18808.132812 	 39739.941406 	 70.055779 	 -58.026203 	 72.285713 	 2.000000 
45065.171875 	 20079.093750 	 38830.593750 	 21.904791 	 -151.324875 	 136.124146 	 2.000000 
44421.289062 	 19160.361328 	 38809.468750 	 -19.764826 	 -99.350868 	 135.536850 	 2.000000 
44709.054688 	 18264.533203 	 39480.660156 	 61.882107 	 -45.480648 	 141.974579 	 2.000000 
42286.308594 	 18559.068359 	 37391.144531 	 20.212677 	 -33.606567 	 107.021339 	 2.000000 
45446.027344 	 18945.273438 	 39739.773438 	 22.038256 	 -156.238464 	 154.195175 	 2.000000 
44611.300781 	 19805.195312 	 39452.703125 	 11.775651 	 -154.215652 	 129.195526 	 2.000000 
44478.074219 	 18885.908203 	 40108.921875 	 40.363873 	 -105.457581 	 138.994476 	 2.000000 
43552.046875 	 19002.246094 	 38781.351562 	 84.036751 	 -52.057892 	 170.553848 	 2.000000 
43170.828125 	 19941.554688 	 39837.812500 	 40.844589 	 -125.088043 	 120.312057 	 2.000000 
44564.554688 	 18639.449219 	 39282.132812 	 23.544916 	 -51.373184 	 154.438950 	 2.000000 
44365.250000 	 18230.933594 	 38960.558594 	 35.617577 	 -42.619831 	 147.314804 	 2.000000 
41951.269531 	 18759.951172 	 39898.941406 	 24.511406 	 -66.362907 	 129.016220 	 2.000000 
42404.207031 	 18858.919922 	 39819.371094 	 38.537815 	 -53.144638 	 107.666321 	 2.000000 
43134.871094 	 18911.148438 	 37970.230469 	 81.498398 	 -97.965302 	 121.851387 	 2.000000 
44838.429688 	 18823.912109 	 40433.070312 	 72.031677 	 -152.761078 	 168.415070 	 2.000000 
44220.000000 	 18934.279297 	 39355.242188 	 -14.842023 	 -33.975040 	 149.795547 	 2.000000 
45217.984375 	 18219.763672 	 39454.664062 	 50.140320 	 -65.191208 	 173.700409 	 2.000000 
42605.558594 	 19049.101562 	 37848.960938 	 54.381420 	 -79.315216 	 104.840363 	 2.000000 
42368.003906 	 18128.677734 	 39122.148438 	 32.406021 	 -25.563097 	 115.767563 	 2.000000 
43930.523438 	 19784.355469 	 38360.917969 	 25.234001 	 -173.968185 	 130.402374 	 2.000000 
45129.699219 	 20110.974609 	 38804.039062 	 28.036091 	 -165.852997 	 133.548294 	 2.000000 
44623.207031 	 20790.333984 	 38618.265625 	 21.314024 	 -140.383240 	 119.871338 	 2.000000 
43466.722656 	 19245.623047 	 38641.437500 	 154.882492 	 -12.978648 	 127.747154 	 2.000000 
45442.347656 	 18675.677734 	 39318.839844 	 43.758095 	 -89.431465 	 158.329239 	 2.000000 
42270.515625 	 18849.105469 	 37701.332031 	 25.668638 	 -35.640919 	 111.417923 	 2.000000 
42568.546875 	 19083.046875 	 40088.554688 	 41.206673 	 -41.474392 	 96.561951 	 2.000000 
45399.539062 	 19370.585938 	 37891.750000 	 29.262688 	 -84.244835 	 131.542267 	 2.000000 
44164.878906 	 19191.564453 	 38351.015625 	 -33.228020 	 -55.418976 	 167.061127 	 2.000000 
43450.066406 	 19142.806641 	 36794.433594 	 20.242069 	 -27.665157 	 103.404922 	 2.000000 
43921.707031 	 19130.544922 	 39415.132812 	 143.371658 	 -116.060707 	 73.680634 	 2.000000 
44575.683594 	 18685.714844 	 39533.078125 	 24.748962 	 -52.307869 	 143.234558 	 2.000000 
43888.371094 	 19733.273438 	 37908.664062 	 30.790604 	 -164.259079 	 127.669708 	 2.000000 
43827.585938 	 20465.314453 	 38925.671875 	 27.459200 	 -143.716187 	 129.924866 	 2.000000 
44530.097656 	 20156.914062 	 39660.476562 	 17.140055 	 -154.070984 	 130.392746 	 2.000000 
44841.949219 	 19903.097656 	 38588.988281 	 16.210878 	 -151.258545 	 137.781219 	 2.000000 
45073.527344 	 19805.251953 	 39174.445312 	 18.689957 	 -154.221024 	 121.916817 	 2.000000 
43735.261719 	 18950.544922 	 38828.804688 	 21.132448 	 -174.799271 	 92.882607 	 2.000000 
43687.765625 	 19258.591797 	 37957.746094 	 0.067605 	 -139.593445 	 172.400513 	 2.000000 
45378.527344 	 19012.449219 	 39212.519531 	 33.770260 	 -98.829544 	 149.336792 	 2.000000 
41862.546875 	 19047.685547 	 38049.296875 	 18.259684 	 -79.070740 	 99.736084 	 3.000000 
42322.574219 	 18808.933594 	 39822.832031 	 54.120872 	 -62.394905 	 126.396606 	 2.000000 
42393.687500 	 18848.728516 	 39308.558594 	 53.823421 	 -95.281013 	 120.922829 	 2.000000 
42175.351562 	 20179.494141 	 39739.820312 	 14.599426 	 -98.758667 	 120.596283 	 0.000000 
42891.523438 	 17460.603516 	 39157.218750 	 49.197178 	 -36.318836 	 114.044609 	 2.000000 
43574.035156 	 18896.146484 	 39434.800781 	 15.432938 	 -58.412601 	 159.902985 	 2.000000 
44480.863281 	 19087.105469 	 40267.910156 	 58.041504 	 -166.760132 	 144.023209 	 2.000000 
44250.191406 	 17472.318359 	 38602.109375 	 58.743401 	 -73.680260 	 137.619186 	 2.000000 
43829.953125 	 18405.130859 	 39150.730469 	 57.426167 	 -2.567664 	 119.181496 	 2.000000 
44460.636719 	 19875.636719 	 39852.203125 	 29.579987 	 -153.074738 	 134.698471 	 2.000000 
45032.746094 	 20096.779297 	 38828.757812 	 14.044057 	 -146.649185 	 121.021217 	 2.000000 
45476.917969 	 19389.353516 	 39049.324219 	 21.358757 	 -157.550690 	 116.405884 	 2.000000 
44525.062500 	 19671.441406 	 38674.058594 	 -0.261333 	 -157.804321 	 142.117950 	 2.000000 
42945.683594 	 18533.173828 	 37567.734375 	 36.313049 	 -30.614923 	 119.446693 	 2.000000 
43241.613281 	 18009.248047 	 37477.484375 	 39.407543 	 -42.714787 	 115.227882 	 0.000000 
42126.968750 	 18673.646484 	 39755.265625 	 31.693075 	 -75.151176 	 87.072227 	 2.000000 
44503.531250 	 20294.839844 	 39860.550781 	 19.631029 	 -149.274185 	 141.978302 	 2.000000 
43965.863281 	 18916.701172 	 39483.609375 	 -17.283871 	 -98.269714 	 74.802879 	 2.000000 
43956.773438 	 18271.947266 	 38416.753906 	 54.168217 	 -20.329350 	 140.037659 	 2.000000 
43726.906250 	 19382.107422 	 39370.031250 	 125.986122 	 -99.073936 	 140.402863 	 2.000000 
44703.128906 	 18659.078125 	 39532.050781 	 23.792351 	 -69.949547 	 150.691025 	 2.000000 
43851.035156 	 19035.507812 	 39174.816406 	 16.375237 	 5.065573 	 95.351265 	 2.000000 
43242.824219 	 19227.714844 	 37980.843750 	 73.937126 	 -148.479385 	 132.112488 	 2.000000 
44356.472656 	 20286.289062 	 40104.683594 	 35.665733 	 -142.091461 	 144.125702 	 2.000000 
45293.128906 	 19727.353516 	 39158.578125 	 11.739841 	 -155.747894 	 114.171745 	 2.000000 
45313.699219 	 18875.134766 	 40065.535156 	 16.742868 	 -154.001740 	 155.034103 	 2.000000 
45492.441406 	 19348.351562 	 39076.757812 	 22.783777 	 -153.458023 	 117.492401 	 2.000000 
44721.343750 	 19764.035156 	 39393.140625 	 2.620931 	 -152.630096 	 129.834991 	 2.000000 
43634.250000 	 19069.230469 	 37822.410156 	 68.154800 	 -64.320488 	 164.598297 	 2.000000 
43843.558594 	 19418.421875 	 36883.832031 	 42.297417 	 -147.111664 	 86.391136 	 2.000000 
43918.925781 	 18405.185547 	 38409.265625 	 48.332867 	 -11.803337 	 138.995132 	 2.000000 
43991.890625 	 17887.173828 	 39097.769531 	 66.582565 	 -32.933815 	 119.963860 	 2.000000 
42863.253906 	 20505.648438 	 40075.156250 	 21.093012 	 -106.312080 	 127.391167 	 2.000000 
42550.468750 	 19390.851562 	 37533.265625 	 33.184189 	 -126.019920 	 102.745003 	 2.000000 
42525.257812 	 17908.824219 	 39149.402344 	 33.202293 	 -29.570837 	 112.109169 	 2.000000 
45319.140625 	 19406.281250 	 37987.500000 	 28.712526 	 -117.919655 	 133.439041 	 2.000000 
45163.917969 	 19019.574219 	 39994.925781 	 32.954826 	 -126.600792 	 171.471329 	 2.000000 
43956.945312 	 18804.128906 	 39539.589844 	 -19.832827 	 -126.211876 	 95.113647 	 2.000000 
44284.050781 	 18813.582031 	 39587.074219 	 29.331181 	 -116.321236 	 99.046799 	 2.000000 
43769.207031 	 19345.503906 	 36855.160156 	 22.342920 	 -131.732407 	 87.689415 	 2.000000 
44413.699219 	 18849.039062 	 39862.648438 	 45.289452 	 -33.248024 	 132.809921 	 2.000000 
44977.898438 	 18339.355469 	 39586.746094 	 50.784782 	 -65.799309 	 153.690704 	 2.000000 
45384.539062 	 19389.775391 	 37874.476562 	 31.461683 	 -86.461929 	 138.350571 	 2.000000 
42908.996094 	 19102.750000 	 38867.046875 	 86.869156 	 -36.682320 	 123.986214 	 2.000000 
44629.156250 	 17354.488281 	 39015.789062 	 71.035400 	 -59.405163 	 119.834290 	 2.000000 
42387.367188 	 18792.886719 	 40010.015625 	 38.745602 	 -54.186596 	 87.014015 	 2.000000 
44529.375000 	 19964.130859 	 39356.871094 	 11.077917 	 -162.237747 	 116.888176 	 2.000000 
44610.507812 	 20584.382812 	 38549.679688 	 24.394516 	 -142.999329 	 117.965439 	 2.000000 
44540.421875 	 19790.984375 	 40276.820312 	 32.562656 	 -153.952744 	 153.488174 	 2.000000 
43496.203125 	 19095.671875 	 39207.441406 	 68.000168 	 42.421062 	 87.157593 	 2.000000 
43857.867188 	 18646.767578 	 39312.507812 	 -8.045390 	 -99.334190 	 87.681122 	 2.000000 
44834.875000 	 17692.722656 	 39249.183594 	 75.910919 	 -46.334805 	 136.133957 	 2.000000 
44202.730469 	 18092.492188 	 38678.628906 	 39.605312 	 -44.125038 	 137.307831 	 2.000000 
44718.925781 	 17745.478516 	 39203.960938 	 55.951237 	 -53.569763 	 154.709869 	 2.000000 
42467.601562 	 18980.041016 	 38728.207031 	 55.317253 	 -35.448540 	 117.019379 	 2.000000 
42095.000000 	 18074.949219 	 39055.101562 	 23.601402 	 -26.422226 	 120.896072 	 2.000000 
42777.550781 	 18921.335938 	 40201.878906 	 61.647015 	 -68.962570 	 88.613930 	 2.000000 
44819.261719 	 19114.740234 	 40501.488281 	 75.380432 	 -165.485168 	 161.935989 	 2.000000 
43963.121094 	 19630.517578 	 37910.660156 	 15.027952 	 -164.317978 	 129.713516 	 2.000000 
43336.339844 	 19035.052734 	 39189.187500 	 140.880768 	 -48.356396 	 89.885071 	 2.000000 
44272.988281 	 18816.218750 	 39844.625000 	 33.698177 	 -155.259583 	 120.326439 	 2.000000 
43337.808594 	 19804.808594 	 39814.636719 	 47.895241 	 -134.327454 	 114.384857 	 2.000000 
44063.226562 	 19593.714844 	 37080.308594 	 -6.233841 	 -74.522003 	 103.815147 	 2.000000 
43788.160156 	 18442.359375 	 38336.812500 	 52.477020 	 -11.266216 	 147.181595 	 2.000000 
43931.792969 	 19042.527344 	 39371.238281 	 -30.714832 	 -88.205894 	 66.011200 	 2.000000 
43586.476562 	 18761.265625 	 39578.375000 	 71.495987 	 11.086811 	 86.295959 	 2.000000 
44119.296875 	 19177.126953 	 39804.718750 	 62.486099 	 -79.115425 	 76.760292 	 2.000000 
44775.328125 	 17550.017578 	 39193.210938 	 74.044189 	 -51.418404 	 131.102417 	 2.000000 
43646.691406 	 19307.931641 	 37134.781250 	 37.873356 	 -147.468964 	 104.397980 	 2.000000 
45225.660156 	 19490.808594 	 37625.281250 	 26.510323 	 -104.038025 	 122.914139 	 2.000000 
44729.031250 	 19286.892578 	 38455.113281 	 -1.232826 	 -121.707275 	 139.942032 	 2.000000 
44228.000000 	 18863.947266 	 39915.296875 	 35.274376 	 -110.321503 	 117.712158 	 2.000000 
43241.125000 	 20317.947266 	 40229.707031 	 30.409161 	 -117.139824 	 132.388260 	 2.000000 
44173.847656 	 17816.416016 	 38232.003906 	 43.326542 	 -52.355217 	 137.584778 	 2.000000 
43536.457031 	 19182.283203 	 37826.835938 	 79.132111 	 -86.397995 	 157.198196 	 2.000000 
44003.253906 	 18214.904297 	 38432.261719 	 54.341049 	 -22.821508 	 134.249435 	 2.000000 
44226.832031 	 19299.322266 	 39953.289062 	 39.192413 	 -89.422646 	 116.906647 	 2.000000 
45187.589844 	 17881.240234 	 39574.226562 	 75.403877 	 -56.857414 	 147.430695 	 2.000000 
43907.914062 	 19241.044922 	 38901.585938 	 26.515110 	 -94.854378 	 117.364929 	 2.000000 
42542.074219 	 18941.552734 	 37727.742188 	 46.631542 	 -96.159172 	 101.906395 	 2.000000 
43644.144531 	 17071.152344 	 39107.015625 	 70.533020 	 -48.354652 	 117.723289 	 4.000000 
44388.816406 	 19576.466797 	 38732.359375 	 -3.577850 	 -180.395859 	 142.565048 	 2.000000 
44497.417969 	 19537.544922 	 39079.757812 	 0.198431 	 -144.562256 	 123.620094 	 2.000000 
44281.484375 	 18792.089844 	 40196.148438 	 46.077362 	 -125.346100 	 138.611145 	 2.000000 
41815.144531 	 18812.578125 	 38149.054688 	 14.503962 	 -43.879330 	 102.349640 	 3.000000 
42736.273438 	 19123.410156 	 38033.093750 	 55.961769 	 -38.442963 	 121.650414 	 2.000000 
42671.734375 	 18465.962891 	 39134.082031 	 46.829285 	 -17.551500 	 116.206741 	 2.000000 
43287.199219 	 18909.642578 	 38010.265625 	 91.218185 	 -93.634232 	 129.314423 	 2.000000 
44932.910156 	 20146.591797 	 38956.222656 	 16.105814 	 -161.652023 	 115.860168 	 2.000000 
44661.156250 	 19521.613281 	 39691.496094 	 17.159285 	 -146.793060 	 140.443207 	 2.000000 
43415.046875 	 19631.841797 	 39799.234375 	 55.728561 	 -141.403915 	 106.841576 	 2.000000 
43441.335938 	 19294.294922 	 37988.273438 	 52.010536 	 -19.841015 	 173.907608 	 2.000000 
44315.597656 	 19314.650391 	 38406.789062 	 -28.025908 	 -83.974052 	 165.469925 	 2.000000 
44236.042969 	 18103.935547 	 38855.562500 	 54.780560 	 -34.890636 	 127.168472 	 2.000000 
44620.640625 	 18604.082031 	 39280.554688 	 22.912664 	 -53.552876 	 155.477005 	 2.000000 
42774.003906 	 19054.417969 	 38793.074219 	 75.058960 	 -38.734226 	 123.007225 	 2.000000 
43132.539062 	 19024.658203 	 37431.691406 	 63.636242 	 -73.791832 	 117.523773 	 2.000000 
42752.808594 	 19132.080078 	 37410.800781 	 47.320976 	 -76.305733 	 107.401199 	 2.000000 
42707.933594 	 18900.679688 	 40169.582031 	 63.396427 	 -62.078060 	 95.736069 	 2.000000 
44183.136719 	 19199.728516 	 40072.488281 	 75.724602 	 -72.653831 	 100.026344 	 2.000000 
44011.593750 	 19975.972656 	 39114.046875 	 29.301853 	 -163.571960 	 125.310944 	 2.000000 
44489.191406 	 19760.722656 	 39231.234375 	 37.057873 	 -145.823044 	 117.468452 	 2.000000 
45224.273438 	 18902.187500 	 39810.628906 	 23.445311 	 -169.661652 	 154.622467 	 2.000000 
44441.492188 	 19400.212891 	 39796.875000 	 20.741009 	 -158.437729 	 137.487106 	 2.000000 
44271.210938 	 19244.671875 	 38792.980469 	 -33.169422 	 -100.010757 	 136.013062 	 2.000000 
43802.066406 	 19066.304688 	 37938.863281 	 13.329112 	 -145.831100 	 167.995438 	 2.000000 
43704.511719 	 19172.277344 	 36978.773438 	 1.986599 	 -106.736633 	 98.541237 	 2.000000 
44461.031250 	 18212.871094 	 39045.707031 	 38.357513 	 -48.296719 	 147.029816 	 2.000000 
45233.281250 	 19270.677734 	 38756.382812 	 22.698563 	 -95.667213 	 150.709564 	 2.000000 
43034.585938 	 19291.521484 	 37827.347656 	 57.594620 	 -140.018692 	 117.270584 	 2.000000 
42738.132812 	 18915.109375 	 40232.429688 	 59.086155 	 -60.950558 	 71.718468 	 2.000000 
44147.367188 	 20525.216797 	 37917.824219 	 26.210794 	 -139.950897 	 113.325500 	 0.000000 
44551.687500 	 20009.136719 	 39458.664062 	 14.545132 	 -164.186066 	 122.771645 	 2.000000 
45579.226562 	 18779.597656 	 39608.589844 	 25.200779 	 -150.226059 	 155.084671 	 2.000000 
45436.328125 	 19735.705078 	 38723.039062 	 26.049728 	 -151.178482 	 120.454895 	 2.000000 
43830.253906 	 19183.548828 	 39142.484375 	 9.930017 	 -111.924637 	 195.615387 	 2.000000 
43957.023438 	 19261.398438 	 38965.824219 	 5.102409 	 -195.608551 	 114.492828 	 2.000000 
43397.972656 	 19417.126953 	 36812.554688 	 30.907957 	 -76.177101 	 106.405174 	 2.000000 
44966.859375 	 18539.441406 	 39610.886719 	 39.248154 	 -78.603561 	 155.343048 	 2.000000 
45225.445312 	 18261.779297 	 39432.765625 	 44.328423 	 -68.321945 	 178.045151 	 2.000000 
43017.664062 	 18737.261719 	 39384.976562 	 77.535965 	 -61.874916 	 66.867889 	 2.000000 
41999.367188 	 19455.287109 	 39288.011719 	 21.138910 	 -108.027031 	 116.044762 	 0.000000 
42540.855469 	 17747.384766 	 39161.320312 	 39.285400 	 -29.779135 	 113.180519 	 2.000000 
