9135.142578 	 61494.183594 	 34818.050781 	 -75.025970 	 -103.862343 	 155.044128 	 1.000000 
9111.817383 	 62023.890625 	 34675.218750 	 -41.810921 	 -223.350540 	 152.628281 	 1.000000 
9328.059570 	 61322.406250 	 34768.777344 	 -113.065094 	 -161.372772 	 126.655479 	 1.000000 
9248.898438 	 62146.527344 	 34552.589844 	 -173.067108 	 -290.183289 	 62.227917 	 1.000000 
9034.386719 	 61466.765625 	 34737.417969 	 -3.381308 	 -184.282242 	 25.413532 	 1.000000 
9138.362305 	 61942.945312 	 34637.523438 	 -45.721092 	 -58.925777 	 56.860920 	 1.000000 
9044.320312 	 61451.789062 	 34865.535156 	 -21.678198 	 37.051926 	 190.498688 	 1.000000 
8969.599609 	 61737.640625 	 34777.605469 	 1.009598 	 -213.725128 	 195.186966 	 1.000000 
8859.359375 	 61593.929688 	 34831.929688 	 -10.595578 	 -185.125671 	 32.228798 	 1.000000 
9219.639648 	 62187.656250 	 34590.941406 	 -136.395035 	 -307.068054 	 -39.123379 	 1.000000 
9002.926758 	 61364.031250 	 34728.093750 	 -231.604004 	 -22.211323 	 130.382080 	 1.000000 
9034.080078 	 61547.261719 	 34667.292969 	 -90.050842 	 44.032284 	 133.049118 	 1.000000 
9176.495117 	 61549.285156 	 34789.640625 	 -292.613861 	 -68.751480 	 67.135101 	 1.000000 
9013.739258 	 61334.843750 	 34688.738281 	 55.169418 	 -128.135254 	 140.434937 	 1.000000 
9237.696289 	 62287.519531 	 34672.027344 	 -144.306870 	 -253.702942 	 -47.049568 	 1.000000 
9080.114258 	 62112.007812 	 34835.750000 	 -160.495163 	 -269.916138 	 254.550552 	 1.000000 
8974.834961 	 61729.335938 	 34735.289062 	 -0.284577 	 -180.370682 	 207.857635 	 1.000000 
9198.612305 	 62102.187500 	 34722.882812 	 -120.261963 	 -170.141418 	 194.997421 	 1.000000 
9171.690430 	 61489.070312 	 34842.156250 	 45.574368 	 -77.577553 	 43.263477 	 1.000000 
8896.989258 	 61545.476562 	 34845.128906 	 -23.868473 	 -94.389259 	 230.018234 	 1.000000 
8891.190430 	 61667.207031 	 34862.007812 	 -55.499165 	 -70.291122 	 165.221741 	 1.000000 
9282.959961 	 62186.925781 	 34538.996094 	 -183.518600 	 -265.641022 	 -48.318413 	 1.000000 
9104.379883 	 62021.734375 	 34669.253906 	 -124.786095 	 -298.880737 	 334.872131 	 1.000000 
9130.084961 	 61492.777344 	 34813.832031 	 -63.211060 	 -234.246826 	 241.794724 	 1.000000 
9126.209961 	 61667.312500 	 34924.058594 	 -72.630264 	 -42.989243 	 69.910973 	 1.000000 
9209.393555 	 61664.238281 	 34774.179688 	 -121.547562 	 -131.657059 	 130.275528 	 1.000000 
9112.459961 	 61659.742188 	 34854.218750 	 -15.906728 	 -244.855530 	 235.074066 	 1.000000 
9114.845703 	 61928.914062 	 34646.664062 	 -38.616920 	 -127.939049 	 341.418762 	 1.000000 
9027.908203 	 61424.230469 	 34734.199219 	 -191.846039 	 23.054108 	 122.424324 	 1.000000 
9155.590820 	 62192.597656 	 34700.902344 	 -145.122787 	 -183.294556 	 203.660110 	 1.000000 
9135.507812 	 62092.593750 	 34763.281250 	 -137.415176 	 -380.962646 	 75.800278 	 1.000000 
9180.008789 	 61469.507812 	 34788.617188 	 -89.172699 	 -74.112595 	 193.337936 	 1.000000 
9050.798828 	 61856.062500 	 34691.746094 	 -6.740271 	 -118.120468 	 -3.649739 	 1.000000 
9211.177734 	 61514.144531 	 34829.746094 	 -92.194534 	 40.840981 	 224.644165 	 1.000000 
9004.583984 	 62080.785156 	 34655.578125 	 -35.658520 	 -108.732178 	 306.497833 	 1.000000 
8895.927734 	 61770.875000 	 34712.175781 	 -25.303841 	 -190.492050 	 263.668976 	 1.000000 
9071.671875 	 61525.476562 	 34877.328125 	 21.814939 	 33.942860 	 256.484344 	 1.000000 
9207.353516 	 62177.894531 	 34623.992188 	 -109.452316 	 -334.802277 	 -47.335514 	 1.000000 
8998.858398 	 61468.484375 	 34880.871094 	 -106.888992 	 -107.527191 	 61.266853 	 1.000000 
9287.788086 	 61982.476562 	 34764.324219 	 68.080910 	 -287.042084 	 162.369583 	 1.000000 
9061.572266 	 62158.863281 	 34903.898438 	 13.724020 	 -224.838272 	 99.207825 	 1.000000 
9048.623047 	 61364.507812 	 34857.613281 	 -15.947979 	 -172.177872 	 267.195343 	 1.000000 
9173.667969 	 61644.054688 	 34868.812500 	 68.316322 	 -147.793304 	 27.747269 	 1.000000 
9223.604492 	 62142.031250 	 34687.468750 	 -61.993412 	 -104.095589 	 244.742172 	 1.000000 
9224.049805 	 61668.714844 	 34767.671875 	 -104.059708 	 -69.528633 	 75.107193 	 1.000000 
9000.104492 	 61660.632812 	 34785.832031 	 -58.044399 	 -213.432541 	 249.048096 	 1.000000 
9111.915039 	 61974.339844 	 34696.867188 	 117.993698 	 21.723192 	 101.727654 	 1.000000 
8998.037109 	 61833.941406 	 34669.246094 	 85.905304 	 -110.170959 	 149.362518 	 1.000000 
9169.040039 	 62239.914062 	 34616.578125 	 26.268915 	 -335.169464 	 -25.643261 	 1.000000 
9073.212891 	 62163.210938 	 34880.980469 	 -72.618744 	 -323.916504 	 218.093170 	 1.000000 
9103.821289 	 61622.578125 	 34853.980469 	 3.354549 	 -261.403717 	 175.302567 	 1.000000 
9004.617188 	 61371.359375 	 34842.382812 	 -113.948021 	 -44.673786 	 249.861557 	 1.000000 
9140.425781 	 62123.636719 	 34845.000000 	 37.115780 	 -266.858551 	 142.049637 	 1.000000 
9254.878906 	 62227.703125 	 34702.031250 	 -140.243942 	 -148.179993 	 189.658249 	 1.000000 
9220.570312 	 62150.054688 	 34778.125000 	 -38.837830 	 -69.729973 	 183.528793 	 1.000000 
9134.140625 	 61975.445312 	 34722.265625 	 143.042679 	 -50.275429 	 259.976440 	 1.000000 
9110.548828 	 62004.402344 	 34864.921875 	 -25.605711 	 -111.140739 	 230.670471 	 1.000000 
9018.954102 	 61557.945312 	 34791.730469 	 -90.031311 	 72.256104 	 239.054810 	 1.000000 
9169.445312 	 61999.628906 	 34722.707031 	 -145.698242 	 -70.364632 	 102.445869 	 1.000000 
8954.450195 	 61999.199219 	 34720.910156 	 44.039600 	 -284.526550 	 33.682190 	 1.000000 
8996.718750 	 62157.156250 	 34844.722656 	 -19.045965 	 -179.480423 	 70.837997 	 1.000000 
9156.933594 	 61490.089844 	 34874.250000 	 80.755692 	 -42.263802 	 -62.151791 	 1.000000 
9086.829102 	 61891.144531 	 34614.414062 	 -79.415749 	 -404.754303 	 230.215866 	 1.000000 
9014.119141 	 61972.617188 	 34698.246094 	 66.034904 	 -115.650604 	 -38.820358 	 1.000000 
9054.649414 	 62129.492188 	 34812.835938 	 24.343128 	 -365.873505 	 206.709534 	 1.000000 
8981.714844 	 61950.906250 	 34640.691406 	 144.712311 	 -296.045288 	 139.882965 	 1.000000 
9194.597656 	 61476.164062 	 34661.289062 	 -252.294830 	 -253.177567 	 143.600388 	 1.000000 
9220.949219 	 62266.933594 	 34686.785156 	 -98.937920 	 -270.674835 	 -9.516597 	 1.000000 
8850.180664 	 61641.832031 	 34817.253906 	 -27.248039 	 -66.523773 	 189.702316 	 1.000000 
9246.031250 	 62105.812500 	 34580.710938 	 -220.499222 	 -243.173584 	 87.099586 	 1.000000 
8970.800781 	 61926.460938 	 34631.917969 	 61.973846 	 -120.787956 	 311.641479 	 1.000000 
9088.051758 	 62048.527344 	 34618.480469 	 72.460266 	 -76.946434 	 187.106796 	 1.000000 
9123.288086 	 62055.648438 	 34621.070312 	 215.337799 	 -211.120087 	 170.354019 	 1.000000 
9024.199219 	 61856.328125 	 34760.976562 	 -85.351265 	 -156.887161 	 290.213562 	 1.000000 
9165.342773 	 62043.582031 	 34608.054688 	 54.591652 	 -298.817291 	 85.837685 	 1.000000 
9183.052734 	 62076.660156 	 34725.351562 	 159.490326 	 -198.585495 	 70.866104 	 1.000000 
9070.914062 	 61677.351562 	 34790.281250 	 20.827015 	 -212.021606 	 139.119064 	 1.000000 
8936.296875 	 61760.933594 	 34806.371094 	 23.073914 	 -286.852203 	 37.802326 	 1.000000 
9232.511719 	 62113.449219 	 34653.019531 	 -110.017731 	 -165.845734 	 122.700066 	 1.000000 
9005.846680 	 62099.230469 	 34760.183594 	 92.583710 	 -160.751434 	 242.084106 	 1.000000 
9073.860352 	 61990.156250 	 34764.175781 	 106.160332 	 -19.657698 	 199.798508 	 1.000000 
8954.895508 	 61740.964844 	 34719.796875 	 -137.720901 	 -162.936722 	 91.609306 	 1.000000 
9077.554688 	 61586.394531 	 34762.765625 	 38.918438 	 -239.616852 	 45.701012 	 1.000000 
9125.759766 	 62104.042969 	 34829.187500 	 54.763432 	 -258.124268 	 191.182159 	 1.000000 
9109.039062 	 61591.703125 	 34740.515625 	 -162.156296 	 22.955385 	 106.699226 	 1.000000 
9043.647461 	 62035.507812 	 34693.410156 	 27.487663 	 -152.712891 	 387.766327 	 1.000000 
8989.214844 	 62190.652344 	 34590.890625 	 -58.974998 	 -186.329681 	 223.082535 	 1.000000 
9068.125977 	 61993.882812 	 34890.054688 	 -88.089638 	 -164.739838 	 176.157867 	 1.000000 
9146.879883 	 61920.109375 	 34642.734375 	 99.570892 	 -132.961426 	 129.701355 	 1.000000 
9236.860352 	 62017.839844 	 34752.804688 	 -23.346622 	 -273.690491 	 28.541082 	 1.000000 
9052.387695 	 61462.191406 	 34724.406250 	 -144.964722 	 -67.505989 	 297.003418 	 1.000000 
9139.805664 	 61975.742188 	 34666.480469 	 49.943943 	 -32.643841 	 10.071366 	 1.000000 
9085.796875 	 62129.210938 	 34931.714844 	 -36.731491 	 -166.188278 	 169.376892 	 1.000000 
9202.248047 	 62093.507812 	 34699.652344 	 -123.666336 	 -184.026535 	 88.684853 	 1.000000 
9013.451172 	 61434.691406 	 34726.734375 	 -120.938858 	 -193.511826 	 138.220474 	 1.000000 
9164.841797 	 61613.683594 	 34909.546875 	 61.073074 	 -114.080925 	 -3.201735 	 1.000000 
8965.291992 	 61398.921875 	 34866.468750 	 -146.611450 	 -160.715561 	 17.826618 	 1.000000 
8949.583984 	 61332.628906 	 34655.261719 	 42.261776 	 -181.492355 	 97.055725 	 1.000000 
8967.447266 	 61421.554688 	 34824.539062 	 -194.067047 	 -60.438641 	 297.169312 	 1.000000 
8985.741211 	 61430.273438 	 34871.765625 	 -95.030678 	 2.943351 	 239.417526 	 1.000000 
9027.896484 	 61578.937500 	 34696.402344 	 -71.731110 	 -164.983658 	 218.895218 	 1.000000 
9002.488281 	 62023.054688 	 34659.816406 	 79.899620 	 -195.897766 	 1.199845 	 1.000000 
9162.230469 	 61552.226562 	 34747.976562 	 -35.681438 	 -162.540512 	 73.942131 	 1.000000 
8924.379883 	 61683.722656 	 34838.988281 	 2.005598 	 -195.945160 	 30.793724 	 1.000000 
8953.173828 	 61967.851562 	 34596.402344 	 26.516188 	 -94.062538 	 274.583099 	 1.000000 
9325.383789 	 61443.878906 	 34763.390625 	 -78.449829 	 31.824690 	 80.538010 	 1.000000 
9187.662109 	 62100.187500 	 34763.078125 	 -39.190731 	 -341.769623 	 186.357941 	 1.000000 
9091.764648 	 61849.753906 	 34719.121094 	 13.317961 	 -193.617767 	 327.973114 	 1.000000 
8960.847656 	 61438.324219 	 34695.414062 	 -200.984039 	 -18.307247 	 119.934883 	 1.000000 
9094.286133 	 61921.210938 	 34768.640625 	 -101.160118 	 -336.923035 	 158.332474 	 1.000000 
8953.465820 	 62142.859375 	 34647.644531 	 73.963440 	 -209.882370 	 9.358285 	 1.000000 
9081.267578 	 62087.191406 	 34522.300781 	 -106.312851 	 -155.120026 	 340.910492 	 1.000000 
9098.619141 	 61953.328125 	 34629.531250 	 98.820175 	 -180.339569 	 209.085205 	 1.000000 
8998.810547 	 62169.046875 	 34642.253906 	 29.076801 	 -233.466431 	 205.773651 	 1.000000 
9107.720703 	 62117.410156 	 34517.238281 	 105.389420 	 -265.262024 	 185.449112 	 1.000000 
9019.653320 	 61330.152344 	 34692.156250 	 -265.938599 	 -71.515900 	 29.667578 	 1.000000 
9258.922852 	 62163.429688 	 34510.640625 	 -150.442490 	 -242.500549 	 38.091854 	 1.000000 
9016.925781 	 62038.898438 	 34797.289062 	 -67.415695 	 -112.156685 	 74.441185 	 1.000000 
9050.244141 	 61323.980469 	 34680.871094 	 46.636890 	 -105.666039 	 192.609451 	 1.000000 
9011.778320 	 61526.203125 	 34698.281250 	 -84.318802 	 84.255592 	 135.142609 	 1.000000 
9040.922852 	 61937.332031 	 34647.933594 	 109.015518 	 -173.137741 	 120.591034 	 1.000000 
9057.440430 	 61415.660156 	 34888.683594 	 -177.951965 	 -131.713120 	 -24.392208 	 1.000000 
9039.806641 	 62063.542969 	 34717.371094 	 85.489029 	 -78.451248 	 266.911469 	 1.000000 
9106.785156 	 61519.210938 	 34879.562500 	 21.516991 	 10.064274 	 292.012146 	 1.000000 
9077.096680 	 62127.203125 	 34962.496094 	 -36.515949 	 -174.503815 	 144.653412 	 1.000000 
9005.251953 	 62045.390625 	 34819.445312 	 17.721031 	 -125.877930 	 40.289440 	 1.000000 
9096.750000 	 62080.765625 	 34733.140625 	 -181.026718 	 -236.915161 	 177.194138 	 1.000000 
9173.954102 	 62068.421875 	 34564.292969 	 -63.606712 	 -263.455505 	 58.247723 	 1.000000 
9062.777344 	 62144.031250 	 34589.281250 	 -10.359168 	 -402.616089 	 201.582611 	 1.000000 
9226.535156 	 62068.140625 	 34614.140625 	 93.151947 	 -338.679840 	 222.691940 	 1.000000 
9139.253906 	 62182.210938 	 34772.472656 	 -134.968277 	 -287.837402 	 187.671051 	 1.000000 
9166.174805 	 62285.640625 	 34648.214844 	 38.041538 	 -306.312317 	 -30.304586 	 1.000000 
9048.741211 	 61265.656250 	 34748.417969 	 -201.456848 	 -79.482071 	 10.999299 	 1.000000 
9046.756836 	 61468.347656 	 34774.210938 	 -5.796424 	 -179.465256 	 269.257568 	 1.000000 
9144.493164 	 62183.882812 	 34650.167969 	 -91.703102 	 -177.178757 	 358.688934 	 1.000000 
9055.334961 	 61514.535156 	 34769.375000 	 -128.240433 	 -316.745300 	 125.348030 	 1.000000 
9189.144531 	 61528.332031 	 34844.039062 	 -139.556030 	 -1.792500 	 -43.738052 	 1.000000 
9364.204102 	 61337.269531 	 34816.343750 	 -75.836441 	 -273.004028 	 76.815727 	 1.000000 
9190.215820 	 61413.617188 	 34658.019531 	 -257.914093 	 -161.110443 	 213.718536 	 1.000000 
9122.329102 	 61966.066406 	 34648.304688 	 -122.343246 	 -315.788757 	 -21.454905 	 1.000000 
9096.292969 	 62104.515625 	 34781.003906 	 137.918152 	 -207.957520 	 203.109314 	 1.000000 
9257.890625 	 61558.351562 	 34799.496094 	 -111.182243 	 -143.480347 	 56.044651 	 1.000000 
9053.009766 	 61393.941406 	 34728.015625 	 -55.419579 	 -145.782471 	 359.434631 	 1.000000 
8995.551758 	 61526.000000 	 34853.617188 	 -167.171646 	 -24.493160 	 117.645866 	 1.000000 
9332.541992 	 61311.660156 	 34810.128906 	 -51.464611 	 -152.326782 	 136.285095 	 1.000000 
8952.424805 	 61435.707031 	 34800.808594 	 -151.610931 	 20.341887 	 257.141418 	 1.000000 
9058.249023 	 61983.457031 	 34695.097656 	 -185.294617 	 -143.301788 	 116.876823 	 1.000000 
9096.484375 	 62105.984375 	 34823.667969 	 36.643593 	 -289.934174 	 52.420982 	 1.000000 
9005.119141 	 61379.335938 	 34730.207031 	 -229.024231 	 9.583129 	 74.462769 	 1.000000 
9235.883789 	 62188.761719 	 34617.683594 	 -224.520370 	 -316.980499 	 47.022633 	 1.000000 
9076.890625 	 62022.238281 	 34888.050781 	 -0.834354 	 -207.201874 	 113.601830 	 1.000000 
8535.953125 	 61846.777344 	 34637.406250 	 74.907745 	 -148.690002 	 183.748749 	 1.000000 
8509.758789 	 62048.128906 	 34798.484375 	 63.022278 	 -99.328682 	 78.642624 	 1.000000 
8532.376953 	 61842.425781 	 34676.441406 	 -57.224899 	 -34.134476 	 138.907318 	 1.000000 
8453.151367 	 61914.851562 	 34857.789062 	 178.707123 	 -97.902809 	 231.428085 	 1.000000 
8601.856445 	 62078.078125 	 34527.699219 	 90.596603 	 -62.578205 	 242.395279 	 1.000000 
8437.812500 	 61943.429688 	 34618.558594 	 -51.010597 	 -309.243805 	 53.553261 	 1.000000 
8420.704102 	 61743.550781 	 34681.218750 	 49.236607 	 -273.514465 	 151.552994 	 1.000000 
8769.569336 	 61688.234375 	 34641.406250 	 112.367867 	 -121.867470 	 120.599358 	 1.000000 
8818.166016 	 61654.574219 	 34660.472656 	 129.668030 	 -143.346771 	 121.887222 	 1.000000 
8389.015625 	 61896.839844 	 34618.394531 	 67.577560 	 -188.786606 	 324.759155 	 1.000000 
8516.196289 	 61831.738281 	 34729.167969 	 -8.178114 	 -251.246826 	 214.495651 	 1.000000 
8456.621094 	 61873.132812 	 34664.851562 	 152.749252 	 -41.288239 	 212.217606 	 1.000000 
8532.783203 	 61759.929688 	 34442.101562 	 44.575863 	 -7.639638 	 90.344131 	 1.000000 
8507.889648 	 61914.898438 	 34894.066406 	 59.485977 	 -166.703842 	 216.926971 	 1.000000 
8584.547852 	 61762.757812 	 34460.082031 	 18.297260 	 3.375008 	 101.894615 	 1.000000 
8550.891602 	 62067.429688 	 34873.207031 	 18.398899 	 -97.879036 	 73.516945 	 1.000000 
8559.201172 	 62010.132812 	 34817.875000 	 56.350590 	 -103.686333 	 271.746460 	 1.000000 
8515.801758 	 61985.449219 	 34796.527344 	 -115.859726 	 -268.456238 	 34.209858 	 1.000000 
8511.234375 	 62098.238281 	 34790.460938 	 67.679695 	 -188.227997 	 86.365944 	 1.000000 
8542.293945 	 61727.847656 	 34614.835938 	 173.054245 	 -123.433296 	 94.766731 	 1.000000 
8750.891602 	 61835.707031 	 34647.742188 	 86.048225 	 -71.952812 	 237.351547 	 1.000000 
8480.561523 	 62047.570312 	 34689.539062 	 106.281830 	 -109.609886 	 160.788712 	 1.000000 
8429.979492 	 61878.871094 	 34588.664062 	 -41.263428 	 -328.431427 	 69.166901 	 1.000000 
8685.079102 	 61922.273438 	 34682.644531 	 31.072958 	 -53.635281 	 189.970367 	 1.000000 
8557.199219 	 61836.800781 	 34770.105469 	 3.910878 	 -223.997452 	 133.975937 	 1.000000 
8595.638672 	 61825.695312 	 34624.699219 	 128.252625 	 39.002609 	 281.313446 	 1.000000 
8633.754883 	 61794.316406 	 34561.074219 	 30.184244 	 -231.256195 	 179.256241 	 1.000000 
8416.360352 	 61949.222656 	 34868.867188 	 53.387917 	 -172.375931 	 237.038391 	 1.000000 
8631.163086 	 61917.132812 	 34651.585938 	 63.955776 	 -234.368378 	 128.178009 	 1.000000 
8547.731445 	 61909.921875 	 34645.976562 	 -81.620483 	 -178.967484 	 247.528702 	 1.000000 
8722.995117 	 61774.128906 	 34609.855469 	 77.329651 	 -271.491058 	 224.902283 	 1.000000 
8581.544922 	 61780.546875 	 34800.503906 	 169.292084 	 -193.687393 	 182.746246 	 1.000000 
8657.815430 	 61732.343750 	 34589.734375 	 158.679977 	 -55.356647 	 232.128769 	 1.000000 
8631.982422 	 61971.414062 	 34774.691406 	 43.004356 	 -136.519760 	 239.666840 	 1.000000 
8553.833008 	 61869.863281 	 34598.761719 	 -108.767723 	 -108.429100 	 273.917725 	 1.000000 
8562.883789 	 61872.429688 	 34707.035156 	 -9.415070 	 -259.929779 	 297.216400 	 1.000000 
8438.738281 	 61744.421875 	 34555.808594 	 202.588882 	 -216.282303 	 186.282150 	 1.000000 
8614.988281 	 61894.445312 	 34639.070312 	 180.000153 	 -127.615768 	 73.566513 	 1.000000 
8502.085938 	 61737.976562 	 34702.761719 	 31.670313 	 -38.517467 	 213.701508 	 1.000000 
8645.684570 	 61916.664062 	 34796.308594 	 -99.962990 	 -345.566467 	 90.063065 	 1.000000 
8480.738281 	 61742.304688 	 34564.621094 	 55.591465 	 -82.486870 	 237.377716 	 1.000000 
8677.599609 	 61955.265625 	 34783.171875 	 58.055935 	 -78.559792 	 134.409042 	 1.000000 
8496.568359 	 61842.699219 	 34595.878906 	 -64.942909 	 -151.063141 	 105.057404 	 1.000000 
8580.314453 	 61870.835938 	 34610.652344 	 -89.305779 	 -57.730267 	 274.818115 	 1.000000 
8521.981445 	 61872.402344 	 34539.339844 	 218.184616 	 -136.760681 	 155.646011 	 1.000000 
8518.958008 	 61830.042969 	 34564.878906 	 -24.362490 	 -30.494656 	 287.820496 	 1.000000 
8550.805664 	 61949.195312 	 34671.566406 	 174.042877 	 -117.523605 	 58.920994 	 1.000000 
8441.209961 	 61817.812500 	 34701.765625 	 -16.770374 	 -166.254684 	 258.390106 	 1.000000 
8535.763672 	 61808.359375 	 34530.996094 	 180.586929 	 -141.288986 	 97.179817 	 1.000000 
8577.780273 	 61731.949219 	 34566.519531 	 -3.214779 	 -147.567352 	 274.167480 	 1.000000 
8485.496094 	 61925.757812 	 34574.500000 	 154.341827 	 -153.508469 	 231.559891 	 1.000000 
8591.568359 	 61858.433594 	 34539.671875 	 46.469921 	 -28.104198 	 282.482025 	 1.000000 
8463.090820 	 61736.613281 	 34668.292969 	 184.302826 	 -158.851013 	 140.896561 	 1.000000 
8567.125977 	 61986.871094 	 34562.667969 	 164.221603 	 -152.157440 	 221.656677 	 1.000000 
8518.682617 	 62019.351562 	 34851.035156 	 13.805587 	 -130.446899 	 65.507324 	 1.000000 
8650.909180 	 61979.597656 	 34750.695312 	 57.296833 	 -272.074768 	 193.602615 	 1.000000 
8634.616211 	 61937.550781 	 34616.472656 	 -36.881660 	 -186.076920 	 81.400322 	 1.000000 
8599.624023 	 61837.847656 	 34726.699219 	 150.272583 	 -113.200623 	 241.220810 	 1.000000 
8961.616211 	 63439.355469 	 34433.859375 	 -43.462090 	 -183.421326 	 119.395424 	 1.000000 
8931.770508 	 63560.218750 	 34458.664062 	 -110.082481 	 -218.223709 	 143.270676 	 1.000000 
9043.675781 	 63493.476562 	 34460.707031 	 12.979799 	 -107.424515 	 110.170914 	 1.000000 
8945.604492 	 63472.601562 	 34383.742188 	 115.241241 	 -211.230713 	 235.287979 	 1.000000 
9047.509766 	 63424.496094 	 34425.015625 	 -169.829926 	 -250.419296 	 99.317444 	 1.000000 
8997.813477 	 63374.726562 	 34488.468750 	 -150.690430 	 -182.153000 	 20.078661 	 1.000000 
8877.150391 	 63476.023438 	 34428.792969 	 46.297131 	 -142.774338 	 76.687103 	 1.000000 
8964.681641 	 63352.542969 	 34429.535156 	 -81.436134 	 -138.325760 	 35.357529 	 1.000000 
8899.305664 	 63538.734375 	 34513.710938 	 -78.633041 	 -207.011353 	 52.552067 	 1.000000 
9026.523438 	 63442.867188 	 34490.601562 	 42.500103 	 -110.537285 	 148.348053 	 1.000000 
8936.390625 	 63441.878906 	 34378.945312 	 -103.315598 	 -92.126724 	 230.916229 	 1.000000 
8948.635742 	 63436.515625 	 34469.394531 	 -103.719978 	 -213.517731 	 17.990812 	 1.000000 
9055.703125 	 63493.457031 	 34437.835938 	 2.429346 	 -106.425087 	 69.269104 	 1.000000 
8946.437500 	 63390.503906 	 34379.371094 	 -30.510864 	 -167.099274 	 213.359238 	 1.000000 
8871.469727 	 63460.613281 	 34493.089844 	 -9.419141 	 -235.901871 	 35.844490 	 1.000000 
8907.063477 	 63423.648438 	 34597.175781 	 -50.576099 	 -122.527855 	 63.605362 	 1.000000 
8858.775391 	 63509.589844 	 34509.292969 	 10.408855 	 -232.882416 	 107.466568 	 1.000000 
8916.024414 	 63474.921875 	 34412.894531 	 -19.171856 	 -302.982941 	 10.344024 	 1.000000 
8966.844727 	 63296.550781 	 34451.769531 	 -115.007195 	 -193.230957 	 154.333878 	 1.000000 
9696.061523 	 62094.710938 	 36330.722656 	 -16.417669 	 -171.434875 	 36.567688 	 1.000000 
9623.658203 	 62143.941406 	 36362.132812 	 64.753601 	 -206.770767 	 16.370274 	 1.000000 
9722.195312 	 62137.101562 	 36334.183594 	 86.821373 	 -233.389557 	 68.005928 	 1.000000 
9746.190430 	 62088.218750 	 36317.546875 	 14.074910 	 -101.668755 	 135.215622 	 1.000000 
9657.594727 	 61991.046875 	 36313.578125 	 -13.656227 	 -216.012253 	 61.885090 	 1.000000 
9668.571289 	 62116.328125 	 36355.453125 	 20.177061 	 -297.132233 	 36.243763 	 1.000000 
9661.508789 	 62094.054688 	 36311.398438 	 -3.444898 	 -200.598724 	 152.220581 	 1.000000 
8770.618164 	 63273.464844 	 34685.335938 	 -8.102740 	 -127.685654 	 220.787491 	 1.000000 
8842.992188 	 63261.304688 	 34661.359375 	 -25.189632 	 -150.387360 	 188.664001 	 1.000000 
8742.034180 	 63328.523438 	 34581.781250 	 16.913048 	 -124.302475 	 298.956573 	 1.000000 
8707.935547 	 63274.507812 	 34753.992188 	 40.560089 	 -81.425903 	 252.189804 	 1.000000 
8758.031250 	 63221.085938 	 34724.062500 	 56.718285 	 -115.236343 	 264.156281 	 1.000000 
8767.758789 	 63292.160156 	 34712.050781 	 106.794083 	 -119.300247 	 212.932678 	 1.000000 
8673.645508 	 63316.917969 	 34675.445312 	 74.804237 	 -173.867004 	 162.833405 	 1.000000 
8745.952148 	 63321.574219 	 34714.636719 	 9.540390 	 -110.984818 	 159.697296 	 1.000000 
7610.096191 	 62021.894531 	 34315.570312 	 62.760002 	 -166.685684 	 149.925354 	 1.000000 
7571.383789 	 61974.914062 	 34322.375000 	 110.211098 	 -164.391891 	 191.343842 	 1.000000 
7543.226562 	 61958.312500 	 34319.808594 	 94.486977 	 -227.535583 	 132.534958 	 1.000000 
7654.008789 	 61954.593750 	 34359.164062 	 56.258106 	 -186.519348 	 121.207817 	 1.000000 
7599.642578 	 61959.089844 	 34342.535156 	 19.350101 	 -174.417984 	 138.565765 	 1.000000 
9204.705078 	 62582.144531 	 36485.707031 	 0.880447 	 -180.734390 	 26.476429 	 1.000000 
9127.653320 	 62612.382812 	 36524.316406 	 53.385124 	 -175.601593 	 36.689316 	 1.000000 
9205.689453 	 62623.816406 	 36510.496094 	 -7.538902 	 -160.006653 	 86.010284 	 1.000000 
9165.072266 	 62578.359375 	 36508.546875 	 -20.454567 	 -194.227631 	 -51.278671 	 1.000000 
9103.047852 	 62627.816406 	 36523.296875 	 62.212502 	 -165.842499 	 66.095604 	 1.000000 
7882.667480 	 61916.324219 	 34403.183594 	 70.259666 	 -153.532059 	 163.498459 	 1.000000 
7905.980469 	 61920.382812 	 34438.171875 	 75.110535 	 -185.882156 	 168.993652 	 1.000000 
7841.654785 	 61868.875000 	 34410.941406 	 124.550156 	 -123.437050 	 141.935272 	 1.000000 
7843.722656 	 62990.316406 	 34407.144531 	 18.855307 	 -172.890106 	 149.374207 	 1.000000 
7831.707520 	 62993.796875 	 34398.351562 	 30.949741 	 -114.590706 	 96.170372 	 1.000000 
7848.784668 	 62996.464844 	 34418.843750 	 16.194490 	 -166.790573 	 107.211258 	 1.000000 
8506.743164 	 61455.007812 	 36193.246094 	 10.757388 	 -170.925522 	 40.716167 	 1.000000 
9718.143555 	 62667.554688 	 36335.562500 	 -21.956774 	 -193.591919 	 38.400246 	 1.000000 
9704.638672 	 62627.828125 	 36359.933594 	 -30.611574 	 -206.654221 	 64.935402 	 1.000000 
7610.879395 	 61673.777344 	 35927.812500 	 9.342764 	 -181.478928 	 48.963852 	 1.000000 
9599.916016 	 62237.031250 	 35055.687500 	 -94.111244 	 -187.907898 	 13.704878 	 1.000000 
9595.454102 	 62252.753906 	 35070.082031 	 -148.304169 	 -235.898087 	 -16.371256 	 1.000000 
8253.877930 	 62180.457031 	 36045.796875 	 7.035633 	 -176.534195 	 44.776699 	 1.000000 
8191.727539 	 62271.054688 	 36090.960938 	 15.972486 	 -209.385345 	 31.536821 	 1.000000 
8195.774414 	 62264.792969 	 36070.214844 	 29.906227 	 -170.483337 	 16.207119 	 1.000000 
8290.426758 	 62159.851562 	 36019.113281 	 -16.999908 	 -154.463455 	 91.389999 	 1.000000 
8181.460449 	 62278.578125 	 36092.667969 	 31.706247 	 -209.530640 	 40.000217 	 1.000000 
9895.080078 	 62728.058594 	 35037.664062 	 -129.947647 	 -192.172150 	 147.215683 	 1.000000 
9546.294922 	 62601.152344 	 35218.539062 	 -55.913803 	 -214.449219 	 24.890631 	 1.000000 
7556.396973 	 60788.214844 	 35841.562500 	 0.456212 	 -175.566559 	 63.463520 	 1.000000 
8793.323242 	 61871.414062 	 34752.007812 	 -37.049980 	 -312.561035 	 51.404900 	 1.000000 
7526.233398 	 60072.453125 	 34659.421875 	 13.563233 	 -149.865555 	 153.974899 	 1.000000 
7521.302246 	 60104.183594 	 34647.429688 	 61.942940 	 -170.013474 	 141.118668 	 1.000000 
9685.234375 	 61748.710938 	 35228.878906 	 -158.992111 	 -216.922073 	 124.795319 	 1.000000 
9659.184570 	 61736.988281 	 35180.191406 	 -143.154083 	 -186.193069 	 127.998489 	 1.000000 
7055.047852 	 62115.140625 	 35720.890625 	 1.697775 	 -173.710556 	 58.048882 	 0.000000 
9235.811523 	 61456.945312 	 36259.421875 	 -1.697470 	 -162.041122 	 43.236504 	 1.000000 
9257.463867 	 61484.171875 	 36216.699219 	 -36.801125 	 -181.091187 	 48.619213 	 1.000000 
9197.011719 	 61457.457031 	 36235.214844 	 -14.678707 	 -159.244263 	 36.158680 	 1.000000 
9266.213867 	 61491.371094 	 36283.742188 	 -40.389957 	 -178.881210 	 51.488552 	 1.000000 
9217.194336 	 61474.359375 	 36274.757812 	 -39.677845 	 -136.247284 	 46.773270 	 1.000000 
9389.717773 	 61005.886719 	 35129.121094 	 -138.699509 	 -161.761337 	 85.053261 	 1.000000 
9425.404297 	 61004.296875 	 35168.359375 	 -157.057404 	 -199.857620 	 67.409355 	 1.000000 
9036.754883 	 62891.328125 	 34476.187500 	 -34.706356 	 -186.666763 	 143.735123 	 1.000000 
8014.687500 	 61939.453125 	 34696.949219 	 48.320560 	 -158.885574 	 284.443207 	 1.000000 
8899.870117 	 60721.058594 	 34818.410156 	 31.801891 	 -100.680122 	 226.987854 	 1.000000 
8894.827148 	 60734.035156 	 34817.804688 	 53.949318 	 -138.956238 	 227.921021 	 1.000000 
9185.833008 	 61543.378906 	 34474.281250 	 -185.460205 	 -207.386078 	 167.767151 	 1.000000 
9198.834961 	 61521.000000 	 34499.847656 	 -14.268584 	 -37.159931 	 145.324646 	 1.000000 
10352.272461 	 60516.089844 	 35356.667969 	 -72.208733 	 -228.252609 	 130.054581 	 1.000000 
10391.766602 	 60529.867188 	 35337.441406 	 -84.319916 	 -199.028229 	 122.854492 	 1.000000 
9620.761719 	 59898.109375 	 34983.691406 	 78.074631 	 -185.668503 	 257.005798 	 1.000000 
8902.395508 	 62610.792969 	 36497.628906 	 24.699879 	 -186.562759 	 31.755573 	 1.000000 
8877.499023 	 62604.031250 	 36493.890625 	 30.912264 	 -209.810547 	 0.967349 	 1.000000 
7916.555664 	 61519.367188 	 34419.996094 	 69.840424 	 -116.222725 	 89.002937 	 1.000000 
7929.994141 	 61579.523438 	 34392.703125 	 50.217079 	 -124.058571 	 82.914017 	 1.000000 
8885.069336 	 61313.878906 	 34706.859375 	 25.019190 	 -167.865662 	 79.207512 	 1.000000 
8884.130859 	 61300.066406 	 34698.472656 	 6.794828 	 -116.046707 	 102.338623 	 1.000000 
9117.017578 	 61692.390625 	 35217.839844 	 4.660722 	 -152.566971 	 109.693398 	 1.000000 
10083.048828 	 61283.929688 	 34780.187500 	 -110.952141 	 -186.678940 	 96.461426 	 1.000000 
8371.394531 	 61359.285156 	 34778.988281 	 51.165501 	 -131.209045 	 19.951992 	 1.000000 
8329.633789 	 61350.082031 	 34776.125000 	 46.792572 	 -109.503723 	 22.679531 	 1.000000 
9326.827148 	 63648.062500 	 34736.871094 	 -133.261093 	 -138.135849 	 185.897308 	 1.000000 
8642.959961 	 61527.894531 	 36229.035156 	 -18.638308 	 -185.146545 	 36.414516 	 1.000000 
8449.265625 	 61325.929688 	 34910.667969 	 47.483845 	 -66.347122 	 222.195740 	 1.000000 
7612.925781 	 60961.648438 	 34067.234375 	 1.527930 	 -135.625336 	 256.241913 	 1.000000 
9441.237305 	 59883.148438 	 34847.261719 	 -32.259190 	 -216.364502 	 247.570587 	 1.000000 
10059.512695 	 60683.429688 	 35298.101562 	 -97.415459 	 -219.428543 	 133.731674 	 1.000000 
10162.751953 	 62257.257812 	 35911.144531 	 -62.443157 	 -186.043015 	 59.435173 	 1.000000 
10459.980469 	 61882.484375 	 35411.699219 	 -103.243820 	 -213.236526 	 104.369064 	 1.000000 
7955.786133 	 61129.726562 	 36082.492188 	 2.217546 	 -174.071014 	 50.825417 	 1.000000 
9587.196289 	 59810.804688 	 35060.339844 	 -20.308493 	 -248.859299 	 239.801086 	 1.000000 
7218.229980 	 60988.699219 	 34911.437500 	 11.776262 	 -162.344254 	 80.934586 	 1.000000 
10272.743164 	 60792.421875 	 35484.058594 	 -111.243011 	 -238.152481 	 150.382355 	 1.000000 
8825.421875 	 62152.726562 	 34422.089844 	 13.757729 	 -213.231277 	 139.550507 	 1.000000 
8889.052734 	 61687.191406 	 34326.683594 	 -77.803932 	 -253.630203 	 198.421112 	 1.000000 
8920.894531 	 61723.851562 	 34355.125000 	 46.356838 	 -66.769241 	 129.792572 	 1.000000 
8926.791016 	 61721.875000 	 34369.929688 	 27.407873 	 -83.468864 	 139.465332 	 1.000000 
8090.771484 	 61910.242188 	 34802.539062 	 77.663002 	 -136.780228 	 256.488098 	 1.000000 
8157.465820 	 61936.078125 	 34787.828125 	 61.777409 	 -157.758270 	 129.846146 	 1.000000 
7476.536133 	 61288.429688 	 34545.742188 	 36.329422 	 -149.508743 	 77.628090 	 1.000000 
7497.507324 	 61284.367188 	 34500.578125 	 21.974533 	 -145.778168 	 94.303856 	 1.000000 
7873.876953 	 62554.738281 	 34345.562500 	 14.423339 	 -160.677216 	 236.348801 	 1.000000 
7881.892578 	 62561.066406 	 34341.976562 	 3.940247 	 -180.821732 	 224.526031 	 1.000000 
7612.985840 	 60953.566406 	 35768.867188 	 -0.272637 	 -176.145615 	 81.557724 	 1.000000 
9842.119141 	 61374.527344 	 35045.347656 	 -141.991043 	 -210.068344 	 86.947990 	 1.000000 
9824.517578 	 61345.726562 	 35026.316406 	 -141.308441 	 -191.801422 	 100.329659 	 1.000000 
9457.737305 	 62371.707031 	 35040.214844 	 -57.930729 	 -230.576859 	 9.084089 	 1.000000 
6940.791504 	 61646.886719 	 34561.820312 	 16.413055 	 -114.894409 	 162.515015 	 1.000000 
6939.403320 	 61676.796875 	 34550.375000 	 5.513470 	 -131.650864 	 148.104309 	 1.000000 
8664.660156 	 62362.121094 	 34706.480469 	 -1.269581 	 -195.411880 	 313.232574 	 1.000000 
8661.936523 	 62348.062500 	 34716.136719 	 -32.428429 	 -177.082550 	 316.834717 	 1.000000 
9190.787109 	 62043.871094 	 34396.316406 	 -75.806030 	 -288.252777 	 257.965515 	 1.000000 
9221.872070 	 62043.156250 	 34418.718750 	 -24.536705 	 -97.074303 	 265.575226 	 1.000000 
9165.007812 	 62029.855469 	 34400.042969 	 -161.458038 	 -263.039185 	 124.761307 	 1.000000 
10395.595703 	 60397.550781 	 35309.187500 	 -81.844688 	 -238.406006 	 127.754745 	 1.000000 
8725.608398 	 59893.046875 	 34361.351562 	 37.306751 	 -154.609253 	 202.727127 	 1.000000 
8752.532227 	 59888.187500 	 34362.777344 	 38.485699 	 -136.802094 	 184.277206 	 1.000000 
8414.001953 	 61815.183594 	 34999.968750 	 131.715149 	 -185.805237 	 219.499786 	 1.000000 
8435.133789 	 61837.898438 	 35016.875000 	 -13.273310 	 -177.323608 	 131.887741 	 1.000000 
8174.602051 	 61198.433594 	 34496.128906 	 57.663612 	 -85.418007 	 161.429810 	 1.000000 
7727.474609 	 61012.230469 	 35606.121094 	 -7.630982 	 -174.095596 	 70.577827 	 1.000000 
7730.995605 	 61019.390625 	 35617.503906 	 11.412765 	 -160.288437 	 74.949242 	 1.000000 
8672.194336 	 62738.195312 	 34740.398438 	 -22.261314 	 -163.850510 	 276.814728 	 1.000000 
8668.662109 	 62719.285156 	 34707.941406 	 -38.687515 	 -159.220505 	 285.620636 	 1.000000 
8422.943359 	 61996.769531 	 34315.218750 	 -8.036152 	 -102.307014 	 227.244949 	 1.000000 
9715.153320 	 61631.562500 	 35226.164062 	 -154.974991 	 -194.946808 	 132.878952 	 1.000000 
9702.218750 	 61615.453125 	 35188.460938 	 -173.497055 	 -212.632767 	 125.952866 	 1.000000 
10588.720703 	 61026.492188 	 35103.324219 	 -61.122173 	 -225.369583 	 85.632126 	 1.000000 
8225.170898 	 60715.921875 	 34859.613281 	 16.539400 	 -120.666603 	 242.093521 	 1.000000 
9765.465820 	 63002.609375 	 35662.851562 	 -37.871143 	 -176.115265 	 46.245174 	 1.000000 
9762.558594 	 63015.363281 	 35644.429688 	 -49.515694 	 -192.469879 	 43.330505 	 1.000000 
8451.166992 	 61484.027344 	 34609.296875 	 57.623695 	 -88.653847 	 32.649353 	 1.000000 
8455.711914 	 61491.386719 	 34601.917969 	 29.740477 	 -101.866844 	 19.625565 	 1.000000 
9416.250000 	 61335.824219 	 34403.718750 	 -122.361771 	 -63.849796 	 120.545357 	 1.000000 
8680.144531 	 60800.601562 	 34905.054688 	 41.378666 	 -110.078758 	 208.035126 	 1.000000 
8042.192383 	 62611.859375 	 34471.304688 	 32.946793 	 -187.037445 	 141.792435 	 1.000000 
9794.049805 	 63085.156250 	 35777.644531 	 -38.371216 	 -180.494843 	 40.948837 	 1.000000 
8309.861328 	 63293.734375 	 34127.140625 	 -8.831555 	 -126.235222 	 244.019562 	 1.000000 
8028.474609 	 62245.027344 	 34336.484375 	 74.580444 	 -165.883606 	 154.182480 	 1.000000 
9603.933594 	 61291.636719 	 34820.859375 	 -180.684708 	 -200.575485 	 100.477943 	 1.000000 
7774.556641 	 63222.792969 	 34352.152344 	 15.180784 	 -175.752838 	 158.696075 	 1.000000 
7765.304688 	 63230.734375 	 34351.660156 	 19.880245 	 -181.019226 	 137.571869 	 1.000000 
8344.364258 	 61901.121094 	 35037.109375 	 12.920712 	 -112.188171 	 103.233887 	 1.000000 
9158.035156 	 62459.980469 	 34800.789062 	 51.576878 	 -279.291443 	 126.289688 	 1.000000 
9314.078125 	 61365.171875 	 35137.894531 	 -51.980362 	 -165.159698 	 47.348446 	 1.000000 
9989.337891 	 61367.441406 	 34909.175781 	 -132.214996 	 -222.856201 	 87.745888 	 1.000000 
8620.205078 	 63426.480469 	 34249.339844 	 54.602715 	 -166.900360 	 161.751404 	 1.000000 
7607.514648 	 63181.386719 	 33941.015625 	 -11.840910 	 -121.765953 	 214.139511 	 1.000000 
8761.055664 	 62281.687500 	 36285.628906 	 7.318193 	 -176.343140 	 41.955406 	 1.000000 
8890.869141 	 61533.554688 	 34944.125000 	 -145.113510 	 -162.004807 	 60.701859 	 1.000000 
9774.366211 	 62600.046875 	 35089.214844 	 -140.629089 	 -174.287552 	 141.490814 	 1.000000 
7795.588867 	 62310.246094 	 34305.785156 	 1.999236 	 -153.670898 	 267.775238 	 1.000000 
7786.294434 	 62329.062500 	 34320.320312 	 0.200046 	 -162.305267 	 256.268066 	 1.000000 
9674.938477 	 60055.441406 	 34688.601562 	 37.263443 	 -198.866714 	 82.175751 	 1.000000 
8009.795898 	 61608.195312 	 34740.457031 	 22.534508 	 -94.027504 	 282.859009 	 1.000000 
8412.005859 	 62598.628906 	 36421.562500 	 7.323155 	 -177.525604 	 41.746590 	 1.000000 
9761.986328 	 62353.957031 	 35701.839844 	 -38.344566 	 -177.455246 	 37.960567 	 1.000000 
9124.962891 	 61450.812500 	 34624.953125 	 31.717556 	 -49.130608 	 191.083450 	 1.000000 
8403.466797 	 60323.093750 	 34566.894531 	 28.897896 	 -132.471817 	 225.917572 	 1.000000 
8391.625000 	 60326.250000 	 34587.656250 	 37.336849 	 -145.255066 	 225.107376 	 1.000000 
9277.346680 	 62082.796875 	 34459.765625 	 6.130203 	 -110.464561 	 245.903931 	 1.000000 
8943.806641 	 63058.429688 	 34829.132812 	 -141.856094 	 -177.606400 	 146.804886 	 1.000000 
8920.878906 	 63059.031250 	 34811.191406 	 -146.648941 	 -184.156708 	 156.418350 	 1.000000 
8696.113281 	 62577.121094 	 33182.433594 	 -69.885635 	 -103.455101 	 247.410324 	 3.000000 
8725.317383 	 62593.808594 	 33165.156250 	 -69.333786 	 -116.025269 	 242.880692 	 3.000000 
8717.871094 	 62570.585938 	 33201.406250 	 -77.800293 	 -92.556602 	 242.523941 	 3.000000 
9080.557617 	 61437.156250 	 34575.195312 	 -191.759308 	 -191.898102 	 232.240402 	 1.000000 
7618.010254 	 62576.851562 	 34003.187500 	 2.446904 	 -132.497238 	 243.865936 	 1.000000 
7470.869141 	 60695.773438 	 35948.265625 	 0.812577 	 -170.062500 	 44.316799 	 1.000000 
7834.835938 	 60102.105469 	 34175.398438 	 -20.020138 	 -163.571381 	 261.365479 	 1.000000 
6764.284668 	 61496.152344 	 34550.308594 	 4.167519 	 -147.485519 	 74.833817 	 1.000000 
6761.102051 	 61489.492188 	 34544.894531 	 -5.566759 	 -144.801102 	 83.458565 	 1.000000 
9996.696289 	 61372.460938 	 35125.683594 	 -140.247345 	 -217.852524 	 91.382492 	 1.000000 
7537.568359 	 62115.906250 	 34034.039062 	 54.598709 	 -117.305557 	 138.321182 	 1.000000 
7537.937012 	 62108.578125 	 34055.097656 	 36.900818 	 -112.438339 	 137.872452 	 1.000000 
7538.976074 	 62112.996094 	 34023.886719 	 52.955692 	 -115.212029 	 137.006393 	 1.000000 
7357.856934 	 61915.347656 	 34309.492188 	 53.599190 	 -181.237320 	 179.063705 	 1.000000 
8566.744141 	 62015.082031 	 34922.257812 	 33.792477 	 -272.910248 	 184.664612 	 1.000000 
8876.257812 	 63231.433594 	 34575.238281 	 69.875038 	 -210.630112 	 159.109756 	 1.000000 
7728.016113 	 60365.515625 	 34070.132812 	 -20.929033 	 -155.502151 	 262.632141 	 1.000000 
7858.139160 	 61227.703125 	 34485.304688 	 24.100887 	 -125.574783 	 264.422882 	 1.000000 
10056.705078 	 60893.277344 	 35390.890625 	 -116.042320 	 -224.571487 	 145.068222 	 1.000000 
9014.876953 	 62614.953125 	 35062.593750 	 8.388107 	 -229.955750 	 193.168121 	 1.000000 
7153.318359 	 60848.585938 	 35529.992188 	 5.356955 	 -189.532394 	 68.045746 	 1.000000 
7757.686035 	 62302.179688 	 34132.089844 	 11.112197 	 -134.900665 	 266.135864 	 1.000000 
7871.508301 	 62747.722656 	 34415.031250 	 21.446333 	 -165.853195 	 159.194382 	 1.000000 
9148.868164 	 61971.128906 	 34854.968750 	 -55.800640 	 -114.850136 	 75.813690 	 1.000000 
9700.899414 	 63044.562500 	 34429.121094 	 -119.071915 	 -139.631836 	 231.494278 	 4.000000 
7558.676758 	 62169.726562 	 34711.164062 	 36.213467 	 -190.280121 	 185.786774 	 1.000000 
9874.524414 	 62574.195312 	 35048.628906 	 -126.439232 	 -176.163406 	 127.807007 	 1.000000 
8209.030273 	 60977.144531 	 34546.378906 	 30.128830 	 -112.226311 	 253.103653 	 1.000000 
9591.071289 	 62305.671875 	 35137.117188 	 -16.979185 	 -192.132263 	 -16.807369 	 1.000000 
9502.842773 	 60323.941406 	 34554.851562 	 40.798908 	 -153.298859 	 207.228775 	 1.000000 
8840.544922 	 63236.300781 	 34500.230469 	 9.433848 	 -147.159637 	 112.783730 	 1.000000 
9177.696289 	 61966.109375 	 34399.886719 	 72.766151 	 -106.047714 	 135.857574 	 1.000000 
8775.562500 	 61661.527344 	 34772.855469 	 93.007614 	 -128.633514 	 123.800636 	 1.000000 
9956.412109 	 61115.765625 	 35418.792969 	 -129.533020 	 -219.219131 	 129.791260 	 1.000000 
9386.509766 	 60451.113281 	 34768.246094 	 -94.776649 	 -171.913803 	 184.127441 	 1.000000 
8067.150391 	 62599.625000 	 35947.296875 	 7.220164 	 -181.608139 	 55.068993 	 1.000000 
9577.059570 	 60203.375000 	 34532.007812 	 42.530312 	 -159.246429 	 212.362839 	 1.000000 
7851.581055 	 61168.480469 	 34554.425781 	 14.758492 	 -116.489136 	 257.833954 	 1.000000 
8968.677734 	 61942.074219 	 34862.894531 	 -36.953434 	 -349.764526 	 139.709244 	 1.000000 
9684.534180 	 62373.875000 	 36039.738281 	 -31.580080 	 -195.978394 	 56.837200 	 1.000000 
9127.076172 	 61255.906250 	 34767.683594 	 -247.013763 	 -78.810402 	 89.011421 	 1.000000 
8455.268555 	 60342.343750 	 34921.917969 	 16.689211 	 -138.321365 	 241.915573 	 1.000000 
7651.827637 	 60894.585938 	 35819.187500 	 7.779330 	 -201.068954 	 53.303802 	 1.000000 
9082.639648 	 60229.246094 	 34975.148438 	 -40.991020 	 -185.002151 	 150.968918 	 1.000000 
8301.629883 	 61484.457031 	 34954.101562 	 58.678291 	 -68.862068 	 200.769516 	 1.000000 
8793.584961 	 63168.132812 	 34316.710938 	 3.962007 	 -213.563385 	 118.440262 	 1.000000 
10377.160156 	 61751.421875 	 35368.984375 	 -105.108253 	 -210.116959 	 107.073204 	 1.000000 
7787.395508 	 61156.285156 	 34351.253906 	 12.601888 	 -119.938347 	 261.430939 	 1.000000 
9504.862305 	 60631.285156 	 35322.335938 	 26.506424 	 -142.916275 	 166.789871 	 1.000000 
8057.008301 	 61229.867188 	 34911.949219 	 39.080181 	 -133.580627 	 50.199493 	 1.000000 
8491.359375 	 62096.292969 	 34573.492188 	 31.473764 	 -117.670578 	 257.362396 	 1.000000 
8818.739258 	 63069.421875 	 34026.183594 	 -66.478401 	 -159.891022 	 138.109085 	 1.000000 
7495.375977 	 61125.363281 	 34056.167969 	 -2.339202 	 -144.488464 	 260.211090 	 1.000000 
7954.276367 	 62545.054688 	 34541.089844 	 27.536352 	 -182.135239 	 205.257568 	 1.000000 
8308.537109 	 62089.703125 	 34541.890625 	 21.297369 	 -151.656891 	 237.224060 	 1.000000 
8485.518555 	 61856.417969 	 34315.398438 	 100.146637 	 -25.795269 	 147.609787 	 1.000000 
8738.672852 	 61029.117188 	 34690.855469 	 51.981113 	 -84.949089 	 234.461594 	 1.000000 
8183.847168 	 61177.441406 	 34558.429688 	 24.909470 	 -102.096428 	 259.697144 	 1.000000 
9824.010742 	 61770.027344 	 34898.160156 	 -145.730621 	 -207.864944 	 72.847290 	 1.000000 
7652.615723 	 63215.746094 	 34483.105469 	 10.616362 	 -175.540482 	 141.092102 	 1.000000 
9019.122070 	 61304.492188 	 34995.804688 	 -119.873039 	 -118.379990 	 93.253448 	 1.000000 
9004.390625 	 61300.937500 	 35013.789062 	 -140.390778 	 -138.757141 	 102.684265 	 1.000000 
8573.955078 	 63480.449219 	 34419.167969 	 -33.774921 	 -130.319046 	 273.290009 	 1.000000 
8976.642578 	 61275.179688 	 34748.562500 	 -119.578697 	 -195.899979 	 262.082764 	 1.000000 
10511.125977 	 61227.039062 	 35025.214844 	 -71.484993 	 -218.994522 	 71.710953 	 1.000000 
8420.044922 	 63283.031250 	 34153.550781 	 -14.784883 	 -127.798157 	 247.438721 	 1.000000 
9249.608398 	 62032.613281 	 34363.972656 	 45.621574 	 -121.434944 	 209.091080 	 1.000000 
8090.945312 	 62108.582031 	 34646.453125 	 99.902237 	 -183.520493 	 115.910828 	 1.000000 
9476.776367 	 61250.582031 	 34481.781250 	 -22.271147 	 -35.661293 	 126.536713 	 1.000000 
8573.698242 	 63727.378906 	 34566.183594 	 -68.316460 	 -201.657257 	 118.963791 	 1.000000 
9226.907227 	 61909.582031 	 34534.953125 	 -64.861107 	 -154.563339 	 122.892677 	 1.000000 
8436.939453 	 61507.808594 	 34469.007812 	 68.984322 	 -66.548676 	 72.154015 	 1.000000 
9348.698242 	 60617.207031 	 35100.582031 	 -24.207045 	 -145.911865 	 123.923866 	 1.000000 
10785.397461 	 61594.628906 	 34356.894531 	 -94.141747 	 -157.337006 	 250.125671 	 0.000000 
10402.112305 	 61247.789062 	 34718.019531 	 -110.688759 	 -172.775009 	 263.232361 	 1.000000 
10247.111328 	 62386.960938 	 35982.519531 	 -57.817989 	 -196.189774 	 57.308613 	 1.000000 
10236.039062 	 62391.320312 	 35985.300781 	 -55.871937 	 -190.363434 	 69.092010 	 1.000000 
8954.240234 	 62042.335938 	 34863.894531 	 -64.746750 	 -220.284271 	 100.336685 	 1.000000 
10074.451172 	 60824.488281 	 35650.968750 	 -96.720016 	 -220.064880 	 130.739914 	 1.000000 
9785.445312 	 62092.566406 	 35120.039062 	 -105.687843 	 -178.519089 	 32.974621 	 1.000000 
8527.197266 	 61727.527344 	 34479.632812 	 70.678391 	 -2.569223 	 70.224289 	 1.000000 
7895.979980 	 61958.183594 	 34115.011719 	 -23.240444 	 -124.917618 	 295.859924 	 1.000000 
9162.416992 	 61159.371094 	 34745.285156 	 -205.581421 	 -119.865021 	 61.380310 	 1.000000 
7732.712891 	 61375.371094 	 34496.847656 	 54.357269 	 -138.328461 	 76.450737 	 1.000000 
9442.126953 	 59998.718750 	 34780.011719 	 -57.373837 	 -221.467300 	 243.360565 	 1.000000 
9370.958984 	 63687.910156 	 34648.261719 	 -125.224815 	 -156.628555 	 189.186234 	 1.000000 
7777.255859 	 62337.265625 	 36106.937500 	 13.098665 	 -179.579544 	 37.681854 	 1.000000 
8839.118164 	 61281.199219 	 34730.246094 	 -2.098723 	 -79.363747 	 215.874298 	 1.000000 
9353.499023 	 61310.011719 	 34531.648438 	 -200.913849 	 -178.468582 	 158.700134 	 1.000000 
9319.078125 	 61955.492188 	 34716.261719 	 -81.451347 	 -279.077728 	 61.207157 	 1.000000 
9125.992188 	 61203.839844 	 34578.820312 	 -140.761002 	 -148.664749 	 202.451721 	 1.000000 
7338.845703 	 61822.269531 	 34433.917969 	 45.140709 	 -160.794449 	 115.814667 	 1.000000 
9484.673828 	 61049.695312 	 35224.144531 	 -149.121277 	 -175.054428 	 81.914055 	 1.000000 
10345.561523 	 62445.117188 	 35615.402344 	 -78.289963 	 -192.660416 	 82.457878 	 1.000000 
7161.123047 	 61733.597656 	 34601.117188 	 21.072290 	 -114.117729 	 157.158249 	 1.000000 
9599.633789 	 61689.437500 	 35002.828125 	 -168.976196 	 -224.198792 	 127.586693 	 1.000000 
9557.607422 	 59903.136719 	 34998.453125 	 -23.897530 	 -256.436279 	 228.266098 	 1.000000 
8964.099609 	 63566.765625 	 34311.710938 	 75.976257 	 -228.631668 	 57.920170 	 1.000000 
7710.524902 	 63159.992188 	 34096.144531 	 -1.798266 	 -139.608643 	 197.946838 	 1.000000 
7401.936523 	 61539.167969 	 33794.730469 	 -8.361124 	 -130.585098 	 250.042709 	 1.000000 
9675.178711 	 62036.968750 	 35013.019531 	 -131.419647 	 -214.887512 	 64.050560 	 1.000000 
8543.077148 	 61597.175781 	 34469.695312 	 48.048012 	 -50.159752 	 55.199123 	 1.000000 
9417.056641 	 61556.292969 	 34632.914062 	 -66.577164 	 -144.624588 	 254.440796 	 1.000000 
9302.769531 	 61996.992188 	 34614.570312 	 -39.286842 	 -257.601074 	 168.294037 	 1.000000 
8873.827148 	 62021.269531 	 34758.687500 	 -2.570304 	 -272.495361 	 76.352829 	 1.000000 
9404.034180 	 60214.609375 	 34730.750000 	 -39.291985 	 -195.699585 	 223.780624 	 1.000000 
8983.790039 	 61906.988281 	 34437.839844 	 -111.121666 	 -172.075653 	 176.323349 	 1.000000 
8987.864258 	 61911.277344 	 34455.699219 	 -130.963989 	 -179.036423 	 160.006989 	 1.000000 
8721.223633 	 62238.285156 	 34560.585938 	 -11.310493 	 -244.893463 	 206.376785 	 1.000000 
9301.989258 	 62269.996094 	 34156.953125 	 -45.031376 	 -257.275085 	 167.750732 	 1.000000 
9085.154297 	 62292.402344 	 36619.531250 	 10.570383 	 -165.404800 	 9.302424 	 1.000000 
8583.420898 	 62773.687500 	 34668.867188 	 -28.754013 	 -215.358307 	 95.519806 	 1.000000 
8970.689453 	 62116.464844 	 34975.394531 	 91.313805 	 -265.165833 	 173.874451 	 1.000000 
8096.985840 	 60096.531250 	 34327.281250 	 18.821175 	 -147.481598 	 220.652695 	 1.000000 
7988.821777 	 61567.128906 	 34645.613281 	 5.832116 	 -101.020477 	 299.480957 	 1.000000 
9352.879883 	 62172.609375 	 35801.882812 	 5.911613 	 -184.815948 	 33.589195 	 1.000000 
9172.004883 	 61319.367188 	 35056.820312 	 -91.761459 	 -109.966400 	 72.870293 	 1.000000 
7813.438965 	 61015.542969 	 35173.023438 	 16.639906 	 -151.478622 	 65.690727 	 1.000000 
8552.531250 	 61843.796875 	 34369.753906 	 109.211327 	 -38.691292 	 196.337418 	 1.000000 
9097.856445 	 63704.765625 	 34335.359375 	 -33.675148 	 -237.093063 	 107.995758 	 1.000000 
8859.771484 	 62590.710938 	 34921.992188 	 -114.427437 	 -251.487732 	 161.747711 	 1.000000 
7679.714844 	 62032.882812 	 34578.167969 	 71.336624 	 -101.828705 	 134.677231 	 1.000000 
9713.404297 	 62272.210938 	 36186.074219 	 -31.933861 	 -180.309464 	 81.729919 	 1.000000 
7763.352051 	 60910.843750 	 34445.972656 	 -0.426435 	 -126.156105 	 265.149292 	 1.000000 
8709.782227 	 61895.582031 	 34686.988281 	 55.696999 	 -50.352482 	 229.113312 	 1.000000 
9302.274414 	 62444.789062 	 34040.167969 	 -97.029312 	 -137.710251 	 288.256805 	 1.000000 
9392.926758 	 60617.988281 	 35357.175781 	 -98.529205 	 -180.993134 	 123.476082 	 1.000000 
10375.443359 	 60591.312500 	 35279.816406 	 -99.285973 	 -248.010239 	 136.344803 	 1.000000 
9528.688477 	 59748.300781 	 35167.550781 	 91.898949 	 -190.915649 	 225.180069 	 1.000000 
9024.833984 	 61825.359375 	 35084.238281 	 -192.908142 	 -191.164566 	 157.602341 	 1.000000 
9055.351562 	 61780.457031 	 34677.226562 	 -97.609543 	 -210.204971 	 312.791412 	 1.000000 
9087.056641 	 63350.863281 	 34393.097656 	 -15.587342 	 -98.629158 	 116.716469 	 1.000000 
7757.622559 	 60980.726562 	 35234.707031 	 10.750009 	 -156.226654 	 60.969524 	 1.000000 
7733.639160 	 60963.308594 	 35245.167969 	 18.532722 	 -149.156174 	 67.972298 	 1.000000 
8554.813477 	 61527.070312 	 34567.523438 	 38.247166 	 -72.562973 	 21.569424 	 1.000000 
8591.244141 	 63456.816406 	 34580.816406 	 -33.056568 	 -227.200027 	 114.381836 	 1.000000 
9405.066406 	 61768.449219 	 34737.332031 	 -193.059418 	 -223.675049 	 69.999786 	 1.000000 
9752.792969 	 61887.875000 	 34989.246094 	 -129.424500 	 -218.754593 	 63.429646 	 1.000000 
8602.328125 	 61938.062500 	 34319.000000 	 -17.312580 	 -136.850922 	 243.077301 	 1.000000 
8811.958008 	 63259.144531 	 34319.500000 	 -20.208370 	 -180.319778 	 208.115219 	 1.000000 
7670.588867 	 60968.675781 	 35663.359375 	 -14.276300 	 -179.422089 	 59.163979 	 1.000000 
9240.701172 	 61562.796875 	 35275.960938 	 -31.650480 	 -168.987167 	 73.178391 	 1.000000 
9332.130859 	 61469.566406 	 35156.757812 	 -11.513483 	 -122.337959 	 71.726768 	 1.000000 
8590.484375 	 61997.933594 	 34497.421875 	 78.427254 	 -57.790764 	 277.911133 	 1.000000 
7077.706055 	 61743.289062 	 34618.195312 	 20.448378 	 -111.142799 	 155.883728 	 1.000000 
9783.443359 	 61253.308594 	 34826.253906 	 -151.425049 	 -213.786011 	 102.485336 	 1.000000 
7789.101562 	 60239.570312 	 34789.953125 	 14.700237 	 -149.052383 	 125.232819 	 1.000000 
9987.958008 	 60440.320312 	 34528.699219 	 1.781477 	 -168.642532 	 203.229507 	 1.000000 
8276.240234 	 59780.074219 	 34922.996094 	 23.439260 	 -167.976913 	 114.073624 	 1.000000 
8327.704102 	 61859.625000 	 34327.167969 	 132.614014 	 -92.222015 	 145.764603 	 1.000000 
8941.754883 	 61348.582031 	 34902.695312 	 -77.583000 	 -44.256355 	 267.532562 	 1.000000 
9635.321289 	 62047.062500 	 35197.343750 	 -165.013824 	 -209.096786 	 129.889740 	 1.000000 
8240.875977 	 60885.187500 	 34591.980469 	 35.646381 	 -108.351753 	 111.518341 	 1.000000 
8470.036133 	 61471.863281 	 34529.796875 	 50.285980 	 -50.900745 	 82.702370 	 1.000000 
8693.183594 	 62203.070312 	 34697.078125 	 -10.818289 	 -225.940063 	 61.819244 	 1.000000 
9618.774414 	 61900.238281 	 34320.972656 	 -124.427261 	 -144.415939 	 302.741760 	 1.000000 
7789.785156 	 62268.406250 	 36048.855469 	 13.608707 	 -174.819412 	 41.149540 	 1.000000 
7766.851562 	 62356.554688 	 34308.664062 	 -4.908744 	 -168.193756 	 257.894653 	 1.000000 
9028.464844 	 60367.593750 	 34998.964844 	 38.561672 	 -144.329605 	 210.711929 	 1.000000 
7794.559082 	 61047.621094 	 34494.601562 	 6.089722 	 -119.812569 	 260.660950 	 1.000000 
7075.095703 	 60815.175781 	 35167.929688 	 -1.293177 	 -163.599854 	 89.778206 	 1.000000 
9450.451172 	 62125.539062 	 35162.675781 	 -152.479340 	 -204.662888 	 117.607368 	 1.000000 
9685.456055 	 60677.636719 	 35125.734375 	 -43.581837 	 -151.501236 	 162.177765 	 1.000000 
8827.531250 	 62587.800781 	 36441.550781 	 15.691318 	 -188.102615 	 50.102562 	 1.000000 
7790.215332 	 62835.917969 	 36033.527344 	 -0.572678 	 -172.885376 	 59.945091 	 1.000000 
8799.812500 	 62496.835938 	 34743.265625 	 -1.676112 	 -194.149063 	 83.275711 	 1.000000 
9036.181641 	 61251.765625 	 34894.785156 	 -119.644112 	 -89.829895 	 84.573601 	 1.000000 
8959.344727 	 62090.566406 	 35106.792969 	 22.545691 	 -116.841339 	 221.652939 	 1.000000 
9102.697266 	 62407.625000 	 34334.746094 	 63.342873 	 -256.025940 	 102.608543 	 1.000000 
8390.404297 	 60914.199219 	 34790.183594 	 37.689167 	 -105.149239 	 241.568008 	 1.000000 
7855.919922 	 62515.312500 	 34202.468750 	 12.682000 	 -149.659531 	 249.801025 	 1.000000 
7797.671875 	 60708.996094 	 34934.531250 	 13.128060 	 -140.106567 	 94.554237 	 1.000000 
8402.673828 	 61965.917969 	 34706.042969 	 62.248596 	 -181.214951 	 76.054436 	 1.000000 
9217.008789 	 63209.382812 	 34454.109375 	 -81.586021 	 -174.909103 	 31.478848 	 1.000000 
8450.936523 	 61422.699219 	 34744.578125 	 50.713020 	 -99.606918 	 34.280029 	 1.000000 
9786.369141 	 62386.902344 	 35583.980469 	 -51.794083 	 -168.473129 	 33.538086 	 1.000000 
9739.165039 	 61340.230469 	 35239.437500 	 -152.453949 	 -196.429138 	 124.560745 	 1.000000 
9268.212891 	 62601.292969 	 36525.882812 	 -22.812084 	 -183.957184 	 -36.677845 	 1.000000 
7026.269531 	 61810.968750 	 34446.250000 	 23.164907 	 -118.076866 	 161.197189 	 1.000000 
8561.257812 	 60654.554688 	 34823.523438 	 -11.476462 	 -130.619492 	 284.830170 	 1.000000 
9258.841797 	 61455.417969 	 35016.160156 	 -207.962753 	 -169.540390 	 130.537720 	 1.000000 
8939.975586 	 62596.898438 	 34686.074219 	 -3.629170 	 -224.703262 	 107.478416 	 1.000000 
8880.712891 	 61656.257812 	 36254.937500 	 -9.075700 	 -175.434830 	 38.574547 	 1.000000 
8314.023438 	 61846.953125 	 35102.675781 	 -14.031811 	 -119.181274 	 124.159164 	 1.000000 
9023.535156 	 60403.277344 	 35204.207031 	 -49.710903 	 -168.813354 	 134.825638 	 1.000000 
9424.245117 	 60144.066406 	 35069.785156 	 -22.474747 	 -211.293350 	 195.357910 	 1.000000 
9745.640625 	 62503.648438 	 36395.328125 	 -38.011528 	 -179.780090 	 53.639038 	 1.000000 
9406.172852 	 63633.277344 	 34589.449219 	 -138.529373 	 -156.415176 	 133.922165 	 1.000000 
9287.990234 	 61742.593750 	 34729.449219 	 -71.513222 	 -264.376770 	 37.263748 	 1.000000 
9222.425781 	 61765.492188 	 34810.609375 	 51.793491 	 -135.591934 	 77.045868 	 1.000000 
9367.386719 	 61808.324219 	 34666.078125 	 -128.571625 	 -217.760284 	 77.580109 	 1.000000 
8069.006348 	 60875.671875 	 34648.875000 	 14.749181 	 -114.691086 	 258.316132 	 1.000000 
7890.671387 	 61268.585938 	 34434.097656 	 17.047638 	 -125.798035 	 268.174530 	 1.000000 
9108.794922 	 61626.531250 	 34486.433594 	 -163.710068 	 -195.758698 	 210.362244 	 1.000000 
8040.320312 	 61200.796875 	 36040.164062 	 -10.538552 	 -173.949265 	 46.993660 	 1.000000 
9757.800781 	 61004.417969 	 35057.367188 	 -28.336674 	 -109.601135 	 141.812927 	 1.000000 
9498.281250 	 60768.875000 	 34803.742188 	 -121.421921 	 -146.243240 	 131.618469 	 1.000000 
9981.139648 	 62153.156250 	 35675.535156 	 -68.225014 	 -184.767853 	 51.309189 	 1.000000 
9897.713867 	 61340.812500 	 34882.566406 	 -133.284760 	 -213.743973 	 100.675995 	 1.000000 
7585.415039 	 60694.890625 	 35873.218750 	 -8.830828 	 -165.354874 	 41.330883 	 1.000000 
9978.684570 	 61384.937500 	 34974.277344 	 -124.766296 	 -211.540894 	 90.144463 	 1.000000 
7248.547852 	 61786.992188 	 34399.406250 	 47.082787 	 -168.607666 	 150.872055 	 1.000000 
8037.551270 	 61185.832031 	 36119.078125 	 -7.157873 	 -182.528351 	 42.156330 	 1.000000 
8678.658203 	 62008.957031 	 34858.703125 	 130.739883 	 -118.158127 	 145.569412 	 1.000000 
9646.576172 	 60307.210938 	 35464.910156 	 -89.981110 	 -218.992447 	 138.451172 	 1.000000 
9465.505859 	 63660.968750 	 34740.019531 	 -139.950989 	 -142.754654 	 157.953079 	 1.000000 
7637.642578 	 60530.339844 	 34987.527344 	 9.247459 	 -145.804245 	 98.073250 	 1.000000 
8577.378906 	 61734.437500 	 34972.554688 	 60.592876 	 -30.039333 	 170.364700 	 1.000000 
9178.009766 	 61738.402344 	 34548.089844 	 46.371754 	 -199.596710 	 151.356018 	 1.000000 
7836.692383 	 61109.218750 	 34301.796875 	 12.883750 	 -124.877754 	 267.993744 	 1.000000 
7577.061035 	 62312.765625 	 34282.382812 	 50.943661 	 -168.407013 	 113.748817 	 1.000000 
7665.858887 	 61087.902344 	 34370.519531 	 9.299444 	 -133.556610 	 263.041199 	 1.000000 
9008.152344 	 62721.253906 	 33209.125000 	 -80.279030 	 -102.899399 	 248.932220 	 3.000000 
8262.252930 	 61790.730469 	 34762.285156 	 104.967529 	 -70.975883 	 289.050201 	 1.000000 
8599.542969 	 61825.359375 	 34404.398438 	 144.580902 	 -177.375107 	 169.332886 	 1.000000 
9428.283203 	 61603.339844 	 35107.179688 	 -157.920990 	 -118.526505 	 207.069290 	 1.000000 
7378.776367 	 60367.265625 	 35116.507812 	 -1.516089 	 -160.417313 	 102.441849 	 1.000000 
9286.522461 	 61590.066406 	 34797.804688 	 -78.667503 	 -13.543614 	 172.088928 	 1.000000 
9375.004883 	 62418.882812 	 34815.074219 	 -177.738708 	 -208.863861 	 243.354340 	 1.000000 
8100.547852 	 61385.363281 	 34600.238281 	 43.359539 	 -99.725121 	 263.577637 	 1.000000 
8479.091797 	 62556.175781 	 35496.710938 	 18.394354 	 -188.318726 	 34.229916 	 1.000000 
9032.757812 	 60495.097656 	 34860.000000 	 28.937412 	 -124.214821 	 237.922592 	 1.000000 
8549.044922 	 63478.367188 	 34230.375000 	 -3.806072 	 -125.357719 	 256.917999 	 1.000000 
9504.755859 	 59922.339844 	 34865.121094 	 -40.195633 	 -238.781097 	 237.834579 	 1.000000 
8898.051758 	 63693.312500 	 34754.648438 	 -25.039703 	 -109.397194 	 148.213409 	 1.000000 
10083.099609 	 61439.468750 	 35179.453125 	 -141.741959 	 -218.156525 	 94.262177 	 1.000000 
8140.212402 	 60150.257812 	 34325.515625 	 21.978277 	 -154.399078 	 219.421341 	 1.000000 
8703.155273 	 59780.496094 	 33824.488281 	 -50.535660 	 -176.183212 	 298.197510 	 0.000000 
8767.285156 	 61476.519531 	 34907.773438 	 -138.548050 	 -54.323185 	 204.047668 	 1.000000 
8596.813477 	 63056.175781 	 35042.148438 	 24.200270 	 -182.363785 	 27.232504 	 1.000000 
8129.820312 	 62195.878906 	 34667.097656 	 21.096331 	 -203.566238 	 269.188080 	 1.000000 
8855.085938 	 62766.839844 	 34856.058594 	 -127.529037 	 -219.978973 	 166.251938 	 1.000000 
9995.710938 	 61415.781250 	 35144.421875 	 -144.646149 	 -231.907318 	 94.750450 	 1.000000 
7375.349121 	 62791.761719 	 33728.226562 	 -6.045028 	 -120.346062 	 221.424515 	 1.000000 
9010.697266 	 60267.675781 	 34617.898438 	 -40.105015 	 -163.500946 	 309.572357 	 1.000000 
8603.290039 	 63403.851562 	 33939.417969 	 -51.234447 	 -107.061981 	 261.899963 	 1.000000 
9269.139648 	 60819.144531 	 35254.710938 	 40.184509 	 -108.021561 	 178.902359 	 1.000000 
9761.541016 	 62914.910156 	 36097.785156 	 -42.448715 	 -183.928711 	 45.339996 	 1.000000 
8501.455078 	 60655.640625 	 34832.031250 	 33.392860 	 -112.846878 	 231.094788 	 1.000000 
8666.101562 	 62296.945312 	 36228.855469 	 10.778357 	 -177.568390 	 44.422153 	 1.000000 
9359.266602 	 61504.320312 	 35089.375000 	 -24.842308 	 -123.607460 	 59.931114 	 1.000000 
9308.971680 	 61580.199219 	 34761.058594 	 -110.786736 	 -225.329453 	 36.241417 	 1.000000 
8891.049805 	 62027.355469 	 34703.679688 	 44.939087 	 -148.406708 	 35.484612 	 1.000000 
9683.381836 	 62365.339844 	 36262.343750 	 -22.991394 	 -202.504959 	 48.192383 	 1.000000 
9269.725586 	 61681.351562 	 34590.628906 	 -106.954880 	 -231.465195 	 92.476723 	 1.000000 
9222.869141 	 61239.507812 	 34752.640625 	 -214.067307 	 -55.842030 	 185.776443 	 1.000000 
9695.515625 	 62497.750000 	 35211.402344 	 -56.225391 	 -196.096420 	 7.963895 	 1.000000 
8468.664062 	 61075.945312 	 34568.078125 	 49.055309 	 -77.764076 	 183.432648 	 1.000000 
8247.644531 	 61938.800781 	 34840.632812 	 111.548698 	 -151.387115 	 264.297821 	 1.000000 
7492.872559 	 60731.535156 	 35874.500000 	 -3.446884 	 -165.731140 	 33.180477 	 1.000000 
7831.374023 	 62154.710938 	 34543.511719 	 54.911079 	 -214.646332 	 128.030975 	 1.000000 
9474.545898 	 61346.945312 	 35108.203125 	 -170.535385 	 -206.704605 	 88.217682 	 1.000000 
8951.068359 	 62132.214844 	 34550.285156 	 54.257298 	 -208.338898 	 176.287415 	 1.000000 
9955.025391 	 61468.703125 	 34887.000000 	 -128.471405 	 -223.269760 	 93.287933 	 1.000000 
8693.639648 	 61356.417969 	 33543.664062 	 -59.437439 	 -129.181473 	 282.405212 	 2.000000 
10115.510742 	 62227.660156 	 35833.335938 	 -64.171837 	 -176.690811 	 70.808487 	 1.000000 
9083.751953 	 63009.191406 	 34954.582031 	 -119.388969 	 -195.851425 	 159.852173 	 1.000000 
9015.632812 	 61395.136719 	 34637.894531 	 -115.815659 	 -67.334908 	 -7.035996 	 1.000000 
8959.470703 	 62066.851562 	 34444.269531 	 65.813980 	 -232.074402 	 146.118546 	 1.000000 
8808.542969 	 62779.558594 	 34842.324219 	 -126.810127 	 -216.868729 	 150.542694 	 1.000000 
8243.569336 	 61415.097656 	 34728.867188 	 65.010590 	 -106.775848 	 45.387886 	 1.000000 
9800.015625 	 61353.847656 	 35060.226562 	 -140.390701 	 -194.875626 	 86.965096 	 1.000000 
8099.546875 	 61677.859375 	 34475.226562 	 79.528206 	 -80.234169 	 96.973389 	 1.000000 
9762.269531 	 62731.796875 	 35091.628906 	 -117.056122 	 -177.745712 	 151.928101 	 1.000000 
7736.886230 	 60687.328125 	 34937.207031 	 16.410273 	 -139.511215 	 98.333687 	 1.000000 
7689.130859 	 60959.699219 	 36020.351562 	 -6.499335 	 -173.426331 	 44.312439 	 1.000000 
9012.924805 	 62926.371094 	 34972.710938 	 -118.404755 	 -202.659088 	 158.937805 	 1.000000 
9425.265625 	 61076.851562 	 35105.433594 	 -123.169441 	 -171.483734 	 59.706631 	 1.000000 
8806.147461 	 62153.796875 	 34984.523438 	 -36.373253 	 -316.444672 	 114.255325 	 1.000000 
8106.692383 	 60945.179688 	 34461.683594 	 49.472958 	 -98.813812 	 161.812347 	 1.000000 
8562.636719 	 61885.945312 	 35084.667969 	 -1.503414 	 -182.134827 	 158.490662 	 1.000000 
8504.081055 	 62013.199219 	 34940.019531 	 -97.470055 	 -198.873627 	 37.477184 	 1.000000 
9506.083008 	 62257.324219 	 36277.554688 	 25.567453 	 -184.446091 	 16.632271 	 1.000000 
8573.658203 	 63564.945312 	 34099.097656 	 -14.487506 	 -129.312134 	 246.053375 	 1.000000 
8503.345703 	 61526.656250 	 34785.289062 	 97.393990 	 -161.706223 	 144.408920 	 1.000000 
8890.023438 	 62053.843750 	 34417.679688 	 28.317520 	 -206.008804 	 131.254379 	 1.000000 
8719.103516 	 61204.617188 	 34649.828125 	 53.469349 	 -71.109634 	 237.663788 	 1.000000 
9275.441406 	 62116.292969 	 34847.945312 	 -73.937958 	 -79.171478 	 100.903595 	 1.000000 
7396.386230 	 60809.625000 	 33945.074219 	 -1.853887 	 -137.628876 	 249.567307 	 1.000000 
9646.467773 	 61270.167969 	 34634.933594 	 -50.279270 	 -72.416634 	 233.854080 	 1.000000 
7807.310059 	 61187.343750 	 34422.542969 	 22.211411 	 -134.077347 	 270.516724 	 1.000000 
9024.453125 	 60201.078125 	 34685.441406 	 -36.456604 	 -164.729507 	 306.343292 	 1.000000 
8070.734375 	 61104.238281 	 34407.132812 	 50.841660 	 -91.844818 	 172.431976 	 1.000000 
7607.347656 	 61511.398438 	 35890.691406 	 25.979931 	 -160.546509 	 52.903667 	 1.000000 
9631.896484 	 59805.589844 	 35109.542969 	 -10.388318 	 -249.133972 	 137.824600 	 1.000000 
7761.363281 	 62025.675781 	 33954.031250 	 -19.597490 	 -121.328201 	 280.374237 	 1.000000 
8605.404297 	 61462.683594 	 36309.066406 	 -7.848303 	 -173.339874 	 4.474308 	 1.000000 
9441.580078 	 61879.679688 	 34638.175781 	 -173.292557 	 -151.597870 	 307.576843 	 1.000000 
10085.911133 	 61707.320312 	 35118.234375 	 -113.496506 	 -215.366776 	 71.002655 	 1.000000 
8955.506836 	 63005.691406 	 33974.636719 	 -70.424683 	 -172.339691 	 109.638779 	 1.000000 
7929.080566 	 60756.085938 	 34320.187500 	 20.636496 	 -130.078201 	 245.580002 	 1.000000 
8300.333008 	 62026.132812 	 34629.750000 	 25.306704 	 -207.243561 	 231.763901 	 1.000000 
8381.606445 	 61762.398438 	 34533.492188 	 176.456940 	 -230.448639 	 173.632004 	 1.000000 
9226.939453 	 61698.621094 	 34572.742188 	 -133.117188 	 -200.262436 	 148.890839 	 1.000000 
9752.629883 	 60235.070312 	 35487.890625 	 -91.102875 	 -227.498932 	 140.588181 	 1.000000 
9722.110352 	 62374.042969 	 35934.507812 	 -37.782013 	 -196.270279 	 51.134548 	 1.000000 
9187.052734 	 63507.257812 	 33987.386719 	 -35.085083 	 -199.366699 	 96.136261 	 1.000000 
7867.188477 	 60197.945312 	 34287.351562 	 -15.691399 	 -161.108780 	 257.745728 	 1.000000 
7300.830078 	 61608.894531 	 34516.523438 	 32.058922 	 -120.064461 	 109.153580 	 1.000000 
9417.554688 	 61582.449219 	 34733.054688 	 -198.769043 	 -230.949844 	 74.429802 	 1.000000 
10446.459961 	 60616.628906 	 35092.257812 	 -73.452293 	 -219.154984 	 144.547028 	 1.000000 
8622.653320 	 62661.050781 	 36491.980469 	 16.048010 	 -174.441162 	 42.107677 	 1.000000 
8329.810547 	 62559.148438 	 35670.707031 	 14.722838 	 -185.096405 	 43.778618 	 1.000000 
7993.128418 	 60825.257812 	 34677.230469 	 7.741152 	 -119.449928 	 254.251022 	 1.000000 
8983.010742 	 61458.093750 	 33009.421875 	 -75.694244 	 -123.919357 	 262.297333 	 3.000000 
9019.070312 	 61939.820312 	 34387.617188 	 -114.519722 	 -141.658936 	 266.595428 	 1.000000 
8462.038086 	 61788.062500 	 34496.031250 	 173.981598 	 -197.927475 	 134.459122 	 1.000000 
9431.022461 	 61286.437500 	 35000.187500 	 -7.274542 	 -166.928192 	 191.839142 	 1.000000 
8948.053711 	 60481.445312 	 34477.113281 	 -47.679268 	 -150.005600 	 307.211365 	 1.000000 
8894.905273 	 62214.968750 	 35003.789062 	 52.826519 	 -238.901016 	 256.547852 	 1.000000 
9325.983398 	 61731.695312 	 34682.699219 	 -63.595604 	 -251.389908 	 56.140453 	 1.000000 
9288.531250 	 61242.535156 	 34844.312500 	 -45.452522 	 -220.061157 	 143.098022 	 1.000000 
9420.142578 	 61218.890625 	 34716.785156 	 -140.249039 	 -98.979019 	 223.756683 	 1.000000 
8958.703125 	 61341.156250 	 35104.449219 	 -122.833618 	 -218.639450 	 115.881935 	 1.000000 
9661.364258 	 60677.851562 	 35245.238281 	 24.133537 	 -136.563705 	 178.543503 	 1.000000 
8749.927734 	 62000.929688 	 34435.457031 	 -9.540796 	 -215.404709 	 109.747261 	 1.000000 
9281.628906 	 60807.406250 	 35003.476562 	 -40.067318 	 -106.200409 	 185.720200 	 1.000000 
7628.646484 	 62554.718750 	 33963.351562 	 -0.742707 	 -138.178558 	 247.306213 	 1.000000 
7481.932129 	 62009.246094 	 34231.332031 	 84.183792 	 -141.243439 	 122.477364 	 1.000000 
8198.991211 	 61417.105469 	 34655.859375 	 45.393524 	 -92.382912 	 269.456055 	 1.000000 
8959.728516 	 63256.218750 	 34596.140625 	 -91.663559 	 -208.992035 	 123.220421 	 1.000000 
8422.606445 	 61747.855469 	 34414.882812 	 91.460960 	 -21.534992 	 100.689522 	 1.000000 
8010.360840 	 61153.304688 	 34974.941406 	 34.309376 	 -135.777771 	 52.734219 	 1.000000 
9481.148438 	 60936.171875 	 35341.195312 	 -116.433357 	 -163.282272 	 96.187569 	 1.000000 
8632.083008 	 63585.218750 	 34504.105469 	 -55.157299 	 -226.674454 	 109.367622 	 1.000000 
8579.157227 	 60903.304688 	 34786.023438 	 42.480396 	 -99.327324 	 238.802933 	 1.000000 
7639.812500 	 61337.941406 	 34420.375000 	 38.610699 	 -138.342926 	 76.350288 	 1.000000 
8635.733398 	 63032.285156 	 34457.722656 	 -30.603773 	 -122.383492 	 290.741852 	 1.000000 
9837.453125 	 60444.042969 	 35277.492188 	 -7.101898 	 -185.180206 	 144.769485 	 1.000000 
9201.764648 	 61432.910156 	 34536.187500 	 -147.533295 	 -38.525864 	 165.727570 	 1.000000 
9452.911133 	 59874.675781 	 35613.832031 	 17.848080 	 -225.496262 	 251.737091 	 1.000000 
9762.269531 	 61542.398438 	 35213.527344 	 -144.235336 	 -204.716492 	 105.152466 	 1.000000 
10107.003906 	 61900.335938 	 35228.757812 	 -103.913658 	 -210.855972 	 69.974083 	 1.000000 
8438.243164 	 61635.203125 	 34514.289062 	 81.693420 	 -43.232983 	 53.649117 	 1.000000 
8609.439453 	 61991.773438 	 34389.109375 	 136.899307 	 -131.864517 	 240.205765 	 1.000000 
9129.760742 	 61513.703125 	 34544.148438 	 106.918213 	 -91.740158 	 123.529861 	 1.000000 
9648.092773 	 61326.062500 	 35086.765625 	 -92.482681 	 -89.542168 	 131.749390 	 1.000000 
8835.132812 	 63033.988281 	 34271.769531 	 9.028194 	 -149.993240 	 165.225861 	 1.000000 
8853.749023 	 62195.808594 	 36187.191406 	 4.673616 	 -179.199646 	 49.012623 	 1.000000 
7374.193848 	 62062.257812 	 34191.269531 	 49.879639 	 -191.660461 	 136.754990 	 1.000000 
8087.773438 	 61426.976562 	 34404.449219 	 62.317104 	 -123.025330 	 64.287102 	 1.000000 
8848.553711 	 60844.527344 	 34182.835938 	 -53.345284 	 -135.895111 	 305.254700 	 1.000000 
8529.474609 	 63536.066406 	 34177.488281 	 -12.637244 	 -126.057419 	 253.980957 	 1.000000 
8935.545898 	 60954.152344 	 34766.980469 	 31.309628 	 -88.969376 	 234.906433 	 1.000000 
9653.122070 	 62438.167969 	 35037.296875 	 -155.506088 	 -196.121460 	 137.933609 	 1.000000 
10231.809570 	 61824.265625 	 35258.757812 	 -98.603546 	 -209.356415 	 73.808159 	 1.000000 
7925.262207 	 62957.496094 	 34398.960938 	 39.542332 	 -150.876877 	 161.240204 	 1.000000 
7336.746582 	 61145.820312 	 33763.453125 	 -20.657743 	 -137.930847 	 255.975021 	 1.000000 
8311.044922 	 60663.664062 	 34546.289062 	 39.944504 	 -121.753838 	 225.738037 	 1.000000 
8603.689453 	 61535.207031 	 34566.386719 	 34.175049 	 -67.105003 	 31.001778 	 1.000000 
8446.750000 	 61925.488281 	 34497.457031 	 36.495270 	 -90.593010 	 246.537598 	 1.000000 
10402.139648 	 60412.234375 	 35107.382812 	 -104.750809 	 -211.031525 	 277.746460 	 1.000000 
9218.037109 	 61803.445312 	 34606.898438 	 -118.944527 	 -125.269409 	 100.153564 	 1.000000 
8794.007812 	 62990.519531 	 34791.710938 	 25.205032 	 -188.267609 	 16.800142 	 1.000000 
8773.386719 	 62691.656250 	 36389.796875 	 23.374006 	 -191.050903 	 24.684103 	 1.000000 
8355.587891 	 61715.054688 	 34702.996094 	 26.956652 	 -132.321213 	 52.715179 	 1.000000 
8526.181641 	 61849.246094 	 34270.292969 	 -15.984551 	 -89.147469 	 161.672119 	 1.000000 
7026.685059 	 62108.304688 	 34210.312500 	 23.970406 	 -141.049942 	 134.813004 	 1.000000 
8971.640625 	 61467.902344 	 34604.832031 	 -165.519806 	 -47.823700 	 210.182358 	 1.000000 
10360.804688 	 60573.394531 	 35260.699219 	 -90.960625 	 -246.336319 	 136.191208 	 1.000000 
10169.539062 	 60816.960938 	 35733.343750 	 -98.630325 	 -221.527527 	 139.060333 	 1.000000 
9329.561523 	 61834.148438 	 34483.769531 	 -63.266003 	 -114.881271 	 238.683823 	 1.000000 
9207.666992 	 61994.515625 	 34348.652344 	 4.205962 	 -93.690582 	 240.359848 	 1.000000 
9470.251953 	 60971.988281 	 35063.738281 	 -163.192413 	 -178.012909 	 109.357033 	 1.000000 
9663.246094 	 61333.003906 	 34877.667969 	 -173.610489 	 -204.878250 	 92.150169 	 1.000000 
8903.713867 	 62325.339844 	 36417.414062 	 7.339916 	 -170.942795 	 48.537251 	 1.000000 
7901.760254 	 62661.089844 	 34512.839844 	 15.700403 	 -187.972366 	 137.038193 	 1.000000 
7782.360352 	 61972.238281 	 36003.957031 	 11.254531 	 -188.397537 	 40.136158 	 1.000000 
9834.566406 	 59984.847656 	 35251.253906 	 52.417313 	 -229.514709 	 167.173325 	 1.000000 
9075.303711 	 61503.714844 	 35089.859375 	 -211.704437 	 -213.454117 	 129.042831 	 1.000000 
9888.690430 	 60231.894531 	 35214.062500 	 -4.513352 	 -211.270477 	 147.515442 	 1.000000 
9939.184570 	 60831.527344 	 35537.937500 	 -103.076057 	 -218.705200 	 126.954788 	 1.000000 
9772.910156 	 62187.828125 	 34893.722656 	 -159.255798 	 -205.124832 	 140.625931 	 1.000000 
7868.668945 	 61938.761719 	 34344.460938 	 98.447021 	 -68.384720 	 148.093185 	 1.000000 
7886.177734 	 63217.164062 	 34294.328125 	 16.981747 	 -181.043335 	 147.162491 	 1.000000 
9688.725586 	 59850.144531 	 34931.910156 	 44.551727 	 -199.135880 	 284.034058 	 1.000000 
8595.660156 	 63201.660156 	 34398.707031 	 8.855651 	 -125.071945 	 261.187225 	 1.000000 
9618.508789 	 61859.972656 	 34354.679688 	 -124.712471 	 -138.893173 	 300.719116 	 1.000000 
9354.166992 	 61697.476562 	 34470.671875 	 -24.178652 	 -128.528168 	 229.272842 	 1.000000 
10702.762695 	 60964.285156 	 35131.816406 	 -53.158932 	 -226.454666 	 83.328468 	 1.000000 
7852.634766 	 62010.761719 	 34414.722656 	 -7.369093 	 -145.532654 	 309.450012 	 1.000000 
7514.818359 	 62267.074219 	 34712.457031 	 57.814022 	 -160.659180 	 126.220871 	 1.000000 
8029.872070 	 59789.792969 	 34448.015625 	 -17.169086 	 -177.760513 	 259.293121 	 1.000000 
8307.844727 	 61855.417969 	 34898.746094 	 84.935699 	 -253.983765 	 227.414032 	 1.000000 
8812.286133 	 63530.527344 	 34525.300781 	 87.142464 	 -200.022659 	 132.488373 	 1.000000 
8698.553711 	 61741.328125 	 34386.421875 	 12.818819 	 -47.423714 	 106.871613 	 1.000000 
9768.663086 	 61411.375000 	 34987.015625 	 -165.107056 	 -174.280350 	 252.240906 	 1.000000 
9179.061523 	 61835.898438 	 34653.460938 	 -238.234146 	 -186.305939 	 76.181000 	 1.000000 
9686.041016 	 61639.078125 	 35011.285156 	 -164.686127 	 -221.117950 	 134.287613 	 1.000000 
9210.556641 	 62385.511719 	 36458.820312 	 9.452729 	 -165.572601 	 61.515587 	 1.000000 
8446.433594 	 61545.730469 	 34495.859375 	 54.022541 	 -45.623829 	 84.969620 	 1.000000 
8341.020508 	 61787.191406 	 34764.503906 	 78.203880 	 -214.101013 	 165.090347 	 1.000000 
9249.059570 	 60784.578125 	 34968.578125 	 -38.056759 	 -105.352226 	 186.774506 	 1.000000 
8871.199219 	 61887.312500 	 34678.855469 	 -40.349960 	 -110.081955 	 375.924530 	 1.000000 
9396.750000 	 60530.652344 	 34824.316406 	 26.058083 	 -137.446396 	 238.861115 	 1.000000 
9048.890625 	 61656.687500 	 34665.937500 	 83.123718 	 -276.612091 	 146.846893 	 1.000000 
9064.835938 	 62996.230469 	 34845.359375 	 -146.589020 	 -187.461853 	 143.621689 	 1.000000 
9442.410156 	 62282.550781 	 34996.195312 	 -60.011101 	 -228.732559 	 5.716630 	 1.000000 
8450.905273 	 62490.554688 	 34404.691406 	 41.295773 	 -216.422073 	 172.209747 	 1.000000 
8628.080078 	 61821.148438 	 34931.230469 	 22.040873 	 -224.609207 	 123.978813 	 1.000000 
8328.802734 	 60302.398438 	 34477.371094 	 33.297272 	 -128.533829 	 154.756363 	 1.000000 
7821.322266 	 62638.121094 	 34262.910156 	 13.290152 	 -164.663712 	 237.508789 	 1.000000 
7913.696777 	 61177.101562 	 36037.621094 	 -9.087316 	 -175.232483 	 62.306339 	 1.000000 
8486.388672 	 59849.414062 	 34848.523438 	 23.226488 	 -164.577133 	 105.632721 	 1.000000 
8687.169922 	 61702.761719 	 33138.746094 	 -57.780647 	 -116.646339 	 263.442413 	 3.000000 
8976.351562 	 62231.460938 	 34741.511719 	 -22.786674 	 -257.484436 	 300.499634 	 1.000000 
9272.091797 	 61318.441406 	 34931.191406 	 34.771549 	 29.124243 	 190.783005 	 1.000000 
9213.069336 	 60742.218750 	 36393.058594 	 -0.031136 	 -182.055450 	 53.457558 	 0.000000 
9118.013672 	 61846.425781 	 34987.453125 	 -8.865900 	 -181.536819 	 186.394943 	 1.000000 
7122.209961 	 61629.519531 	 34611.492188 	 17.041475 	 -102.344788 	 166.177856 	 1.000000 
7137.285645 	 61160.953125 	 34519.464844 	 15.054637 	 -117.521294 	 176.092422 	 1.000000 
7622.771484 	 62610.171875 	 33932.519531 	 5.580667 	 -137.823029 	 246.281357 	 1.000000 
7813.409180 	 62061.871094 	 34563.132812 	 3.699671 	 -167.235794 	 288.539001 	 1.000000 
7600.837891 	 62177.496094 	 34081.375000 	 43.909897 	 -115.878036 	 142.759018 	 1.000000 
9001.493164 	 61808.074219 	 34313.148438 	 33.913994 	 -164.959045 	 231.863144 	 1.000000 
8925.431641 	 61596.230469 	 36244.921875 	 4.375004 	 -188.180908 	 37.995262 	 1.000000 
8960.878906 	 62009.945312 	 35194.175781 	 -6.840220 	 -119.994675 	 195.802551 	 1.000000 
8752.793945 	 63384.183594 	 34621.382812 	 6.077327 	 -179.535965 	 267.447540 	 1.000000 
9312.295898 	 61434.785156 	 34681.195312 	 -153.616608 	 -17.639200 	 142.325287 	 1.000000 
8875.119141 	 61988.929688 	 34525.406250 	 -7.744036 	 -167.488968 	 159.006866 	 1.000000 
8832.789062 	 61404.761719 	 35156.996094 	 -175.323639 	 -105.807640 	 126.687332 	 1.000000 
10262.589844 	 62097.085938 	 34293.230469 	 -105.887131 	 -148.445343 	 250.744873 	 1.000000 
8619.457031 	 61523.800781 	 34796.867188 	 -80.046562 	 -159.976837 	 37.861530 	 1.000000 
9699.738281 	 60279.726562 	 34606.753906 	 -0.605589 	 -185.839172 	 77.367561 	 1.000000 
10348.993164 	 60435.902344 	 35316.050781 	 -91.863998 	 -248.526489 	 148.227524 	 1.000000 
8239.017578 	 61824.757812 	 34440.359375 	 121.970932 	 -72.185471 	 137.662354 	 1.000000 
9607.520508 	 61383.750000 	 34746.937500 	 -85.735748 	 -72.101105 	 246.922409 	 1.000000 
9157.522461 	 62247.414062 	 35175.000000 	 28.672588 	 -138.100204 	 138.401657 	 1.000000 
8870.655273 	 62166.906250 	 35029.757812 	 59.950794 	 -223.566452 	 243.751160 	 1.000000 
9513.755859 	 61452.515625 	 34944.800781 	 -144.311295 	 -81.865677 	 128.459229 	 1.000000 
8925.879883 	 61276.886719 	 34914.968750 	 -143.193298 	 -92.949570 	 75.579391 	 1.000000 
9012.621094 	 61712.515625 	 34614.617188 	 -74.527168 	 -166.572922 	 212.441620 	 1.000000 
9400.694336 	 59949.304688 	 34802.710938 	 -44.117699 	 -223.408127 	 250.938614 	 1.000000 
9482.131836 	 62474.128906 	 35001.910156 	 -79.558090 	 -228.445572 	 24.663025 	 1.000000 
9172.091797 	 63080.734375 	 34684.589844 	 -72.774719 	 -181.564255 	 109.692871 	 1.000000 
8364.953125 	 61958.125000 	 34470.246094 	 11.148272 	 -141.517136 	 277.494324 	 1.000000 
8810.392578 	 63352.113281 	 34735.906250 	 57.046013 	 -113.707428 	 211.441284 	 1.000000 
9459.284180 	 60980.597656 	 35462.500000 	 -6.851852 	 -126.112663 	 144.102554 	 1.000000 
8918.111328 	 62104.472656 	 34841.605469 	 62.626049 	 -256.321838 	 171.356461 	 1.000000 
9441.058594 	 60164.515625 	 34722.824219 	 -51.542583 	 -201.504974 	 238.359940 	 1.000000 
9722.905273 	 61294.089844 	 34973.058594 	 -149.473663 	 -199.170273 	 88.791580 	 1.000000 
10230.857422 	 61378.714844 	 35256.398438 	 -125.744980 	 -218.568588 	 100.421417 	 1.000000 
9399.520508 	 60678.804688 	 34584.722656 	 29.472059 	 -116.398712 	 211.579437 	 1.000000 
9530.143555 	 59983.445312 	 35203.609375 	 70.557411 	 -196.303482 	 199.533142 	 1.000000 
9295.438477 	 61605.820312 	 35264.500000 	 -1.642986 	 -73.014671 	 140.857849 	 1.000000 
8434.576172 	 62384.480469 	 34629.207031 	 -0.682841 	 -183.548294 	 292.939636 	 1.000000 
9932.528320 	 61749.398438 	 34256.179688 	 -111.409897 	 -142.757187 	 283.580658 	 1.000000 
8977.293945 	 61684.339844 	 34854.277344 	 -31.246689 	 -240.339355 	 191.662079 	 1.000000 
9144.238281 	 63263.492188 	 34356.089844 	 -98.993935 	 -157.969543 	 42.256351 	 1.000000 
7551.771973 	 60908.503906 	 34143.808594 	 -15.302588 	 -122.064545 	 255.046417 	 1.000000 
7870.725098 	 60854.675781 	 34814.480469 	 23.436127 	 -131.397171 	 94.893738 	 1.000000 
7053.337891 	 61015.332031 	 35236.832031 	 8.587561 	 -184.617889 	 72.932587 	 1.000000 
9631.810547 	 59856.488281 	 34827.339844 	 58.510826 	 -196.239594 	 76.987137 	 1.000000 
7916.963867 	 61380.976562 	 32887.191406 	 -50.001675 	 -126.801895 	 246.505402 	 0.000000 
8488.936523 	 61500.425781 	 34577.019531 	 61.893299 	 -99.172478 	 32.878628 	 1.000000 
8650.407227 	 61787.750000 	 34356.605469 	 -13.929854 	 -91.196533 	 96.759415 	 1.000000 
8826.478516 	 61750.792969 	 35077.328125 	 37.283653 	 -137.289322 	 96.396194 	 1.000000 
9355.461914 	 61335.730469 	 34915.769531 	 -111.401627 	 -33.359295 	 141.531418 	 1.000000 
9522.543945 	 61118.121094 	 35224.230469 	 -39.079838 	 -173.545334 	 75.376282 	 1.000000 
10155.104492 	 60780.707031 	 35728.621094 	 -95.118523 	 -223.964508 	 142.384262 	 1.000000 
9908.410156 	 62135.621094 	 35617.800781 	 -55.134876 	 -170.318939 	 35.688751 	 1.000000 
9661.993164 	 62291.324219 	 35406.464844 	 -71.057388 	 -196.586029 	 18.535954 	 1.000000 
9584.507812 	 62211.464844 	 35128.019531 	 -194.145187 	 -192.698868 	 115.671494 	 1.000000 
9497.140625 	 63265.195312 	 35552.781250 	 -43.955017 	 -177.735275 	 58.828426 	 1.000000 
8725.849609 	 62929.339844 	 35029.453125 	 16.959116 	 -192.497070 	 17.069263 	 1.000000 
8444.538086 	 63434.792969 	 34858.066406 	 26.002029 	 -167.854935 	 34.119808 	 1.000000 
8624.183594 	 61347.812500 	 34900.554688 	 50.632423 	 -66.477493 	 240.743408 	 1.000000 
7372.066895 	 60688.960938 	 35339.843750 	 -4.498502 	 -166.851746 	 80.370964 	 1.000000 
9194.616211 	 62223.890625 	 35156.003906 	 53.090343 	 -161.984421 	 165.398666 	 1.000000 
8832.461914 	 62237.031250 	 35008.210938 	 35.230888 	 -236.926910 	 257.102142 	 1.000000 
8984.024414 	 61295.410156 	 34878.796875 	 -15.486230 	 -16.996449 	 57.016777 	 1.000000 
10129.782227 	 61709.750000 	 35032.906250 	 -90.738365 	 -193.354813 	 49.623096 	 1.000000 
9683.131836 	 60092.960938 	 34654.445312 	 46.750271 	 -173.830719 	 225.984497 	 1.000000 
9680.992188 	 61931.980469 	 36380.585938 	 -7.425860 	 -113.742142 	 30.793751 	 1.000000 
10002.512695 	 63297.886719 	 35054.253906 	 -103.817558 	 -169.001862 	 146.376465 	 0.000000 
9226.757812 	 62715.050781 	 34856.414062 	 -61.633728 	 -235.417267 	 30.932972 	 1.000000 
9722.679688 	 62820.910156 	 35977.496094 	 -41.023705 	 -180.763153 	 46.201191 	 1.000000 
7531.703125 	 60989.500000 	 34164.285156 	 -0.331020 	 -149.316467 	 253.939636 	 1.000000 
7924.528320 	 61773.753906 	 34467.894531 	 77.967484 	 -180.481354 	 105.449463 	 1.000000 
7310.176758 	 61337.453125 	 34501.437500 	 33.515053 	 -155.610031 	 82.861954 	 1.000000 
7520.252441 	 60862.859375 	 35005.593750 	 10.109902 	 -147.957993 	 82.918350 	 1.000000 
9573.166992 	 62331.574219 	 34998.414062 	 -25.934013 	 -200.695480 	 -7.290813 	 1.000000 
9234.230469 	 62598.222656 	 33787.140625 	 -86.597626 	 -124.507179 	 271.536682 	 1.000000 
9563.060547 	 59832.671875 	 35323.742188 	 -61.349773 	 -253.250183 	 135.843399 	 1.000000 
9336.218750 	 61186.640625 	 35107.648438 	 -164.057007 	 -177.299057 	 64.763275 	 1.000000 
9293.887695 	 61655.183594 	 34836.585938 	 -32.050072 	 -232.772614 	 150.431854 	 1.000000 
10667.628906 	 61528.714844 	 35599.128906 	 -76.648590 	 -216.710968 	 85.021263 	 1.000000 
8690.342773 	 61969.593750 	 34850.300781 	 -68.562691 	 -342.821869 	 99.843170 	 1.000000 
7357.307617 	 61087.882812 	 33919.328125 	 -16.870964 	 -138.606766 	 262.863312 	 1.000000 
8409.411133 	 61952.003906 	 34407.652344 	 -16.391214 	 -139.168106 	 251.133224 	 1.000000 
8454.614258 	 61424.269531 	 34444.054688 	 53.714508 	 -55.371899 	 133.372162 	 1.000000 
7288.233887 	 60894.710938 	 34845.730469 	 14.267123 	 -133.483322 	 123.158928 	 1.000000 
7332.563477 	 61387.832031 	 35839.222656 	 16.220514 	 -180.360153 	 65.992554 	 1.000000 
8519.204102 	 62074.863281 	 34448.464844 	 67.944580 	 -62.816650 	 237.226364 	 1.000000 
8749.236328 	 60663.933594 	 33633.953125 	 -58.000832 	 -144.854599 	 286.573975 	 2.000000 
9056.215820 	 62707.609375 	 35003.742188 	 -137.510254 	 -210.160706 	 215.156860 	 1.000000 
9232.098633 	 61824.417969 	 34764.250000 	 -165.262482 	 -52.444687 	 206.432144 	 1.000000 
9036.862305 	 61956.375000 	 34438.222656 	 -108.442505 	 -140.826965 	 287.187775 	 1.000000 
8678.039062 	 62069.386719 	 34876.789062 	 -89.831596 	 -335.816864 	 105.705147 	 1.000000 
7248.066406 	 61791.937500 	 34339.046875 	 33.863979 	 -121.961884 	 103.039207 	 1.000000 
8234.524414 	 61983.238281 	 34738.933594 	 43.758488 	 -188.317398 	 327.117035 	 1.000000 
8601.192383 	 63295.593750 	 34127.160156 	 -46.112000 	 -112.625298 	 273.898010 	 1.000000 
9128.358398 	 61224.679688 	 34924.167969 	 -43.481987 	 -34.856995 	 179.037384 	 1.000000 
9764.183594 	 63276.730469 	 34301.234375 	 -111.372375 	 -126.462700 	 225.209427 	 4.000000 
6879.324707 	 62331.531250 	 34356.519531 	 -8.402536 	 -167.886261 	 64.296410 	 1.000000 
9688.700195 	 60553.371094 	 35193.425781 	 20.046143 	 -150.059738 	 224.774078 	 1.000000 
8339.867188 	 61432.144531 	 35000.542969 	 44.677105 	 -69.811661 	 181.306854 	 1.000000 
7455.635742 	 61005.546875 	 34080.914062 	 -6.423640 	 -143.227798 	 267.092804 	 1.000000 
8322.429688 	 61395.527344 	 34682.886719 	 48.495758 	 -81.032921 	 269.467957 	 1.000000 
8515.285156 	 61830.886719 	 34355.394531 	 110.035187 	 -44.632973 	 197.681442 	 1.000000 
8828.143555 	 62101.480469 	 34854.738281 	 -87.273354 	 -245.015732 	 116.988335 	 1.000000 
7821.999512 	 61605.710938 	 34501.445312 	 77.977951 	 -121.199783 	 94.907333 	 1.000000 
7879.138184 	 62050.992188 	 33939.062500 	 -30.518286 	 -124.940216 	 285.021790 	 1.000000 
9928.812500 	 60331.781250 	 35019.179688 	 -25.890905 	 -200.698273 	 169.553314 	 1.000000 
9159.877930 	 60949.136719 	 35436.195312 	 -28.375177 	 -103.864792 	 248.850708 	 1.000000 
9109.122070 	 61602.621094 	 34473.406250 	 76.594772 	 -76.407875 	 140.260345 	 1.000000 
9268.123047 	 63597.417969 	 34505.457031 	 -42.941593 	 -221.674683 	 110.461205 	 1.000000 
9170.014648 	 61911.160156 	 34935.609375 	 -45.747837 	 -203.976654 	 151.091034 	 1.000000 
8914.882812 	 62837.898438 	 34449.039062 	 5.251209 	 -185.979568 	 164.487869 	 1.000000 
8933.839844 	 63614.234375 	 34338.187500 	 66.065445 	 -221.255539 	 33.181278 	 1.000000 
8550.222656 	 60155.015625 	 34479.554688 	 33.637115 	 -135.926682 	 151.163132 	 1.000000 
8672.162109 	 63003.839844 	 34541.347656 	 -29.578299 	 -123.828789 	 289.370941 	 1.000000 
9096.456055 	 62085.199219 	 35027.531250 	 25.580486 	 -311.911652 	 111.302330 	 1.000000 
9144.442383 	 61341.425781 	 35265.882812 	 3.775600 	 -143.482819 	 -10.311649 	 1.000000 
9386.551758 	 62091.246094 	 35168.398438 	 -155.823639 	 -203.273209 	 111.000221 	 1.000000 
10646.375000 	 60801.042969 	 35172.378906 	 -43.178154 	 -235.824265 	 81.944672 	 1.000000 
9684.708008 	 61491.183594 	 34634.246094 	 -141.279160 	 -195.693802 	 63.486973 	 1.000000 
10597.449219 	 60930.273438 	 35546.996094 	 -19.951756 	 -201.529694 	 53.186218 	 1.000000 
9892.960938 	 63150.058594 	 35584.867188 	 -28.427197 	 -176.875366 	 52.288822 	 1.000000 
8577.886719 	 62918.949219 	 35240.027344 	 15.669902 	 -186.869431 	 24.018633 	 1.000000 
7911.217285 	 61701.730469 	 34355.558594 	 90.167580 	 -153.204132 	 162.822449 	 1.000000 
8704.785156 	 60942.222656 	 34683.332031 	 51.784153 	 -89.890984 	 234.473190 	 1.000000 
7101.395996 	 60885.179688 	 35111.273438 	 1.763358 	 -162.860474 	 86.450188 	 1.000000 
8149.774414 	 61251.554688 	 35051.738281 	 30.515743 	 -145.020966 	 31.946327 	 1.000000 
9392.912109 	 62076.890625 	 36422.113281 	 19.437067 	 -166.352448 	 9.525446 	 1.000000 
8917.564453 	 62435.953125 	 35083.417969 	 -130.664093 	 -255.332764 	 189.397507 	 1.000000 
9646.366211 	 62772.132812 	 35373.289062 	 -59.695896 	 -200.427078 	 29.895460 	 1.000000 
8884.938477 	 62474.679688 	 34261.558594 	 -45.881821 	 -236.964218 	 184.427887 	 1.000000 
8621.330078 	 63471.667969 	 34059.222656 	 -7.332896 	 -128.665176 	 246.101578 	 1.000000 
7836.988281 	 61308.812500 	 34592.171875 	 22.168982 	 -120.536697 	 258.951050 	 1.000000 
8433.243164 	 61621.660156 	 34389.824219 	 82.320938 	 -50.790119 	 88.067017 	 1.000000 
7047.454102 	 61579.453125 	 34574.621094 	 18.431709 	 -119.089722 	 110.671539 	 1.000000 
7546.996582 	 61965.191406 	 34258.375000 	 64.194550 	 -146.535049 	 117.027252 	 1.000000 
7526.646484 	 60800.093750 	 35331.460938 	 2.355144 	 -161.724350 	 77.108696 	 1.000000 
9273.114258 	 61943.699219 	 36240.769531 	 16.929028 	 -177.267853 	 46.964035 	 1.000000 
8933.094727 	 60594.246094 	 34427.828125 	 -48.574406 	 -145.638275 	 307.975983 	 1.000000 
9393.232422 	 60131.140625 	 35534.242188 	 -86.153923 	 -224.206802 	 228.510025 	 1.000000 
8318.590820 	 62054.886719 	 34772.992188 	 55.888508 	 -258.197083 	 243.584213 	 1.000000 
8458.856445 	 61670.859375 	 34696.871094 	 73.308411 	 -140.962021 	 50.176327 	 1.000000 
9421.868164 	 61294.199219 	 35155.542969 	 -195.437698 	 -148.434952 	 232.299179 	 1.000000 
8698.233398 	 61638.433594 	 34621.800781 	 25.037901 	 -175.342148 	 231.057190 	 1.000000 
10259.266602 	 61607.035156 	 34841.285156 	 -87.115150 	 -189.838898 	 64.354660 	 1.000000 
9316.299805 	 61510.058594 	 36239.925781 	 -28.159964 	 -171.414993 	 64.381180 	 1.000000 
9550.882812 	 62258.601562 	 35879.441406 	 -1.318366 	 -172.061951 	 46.213509 	 1.000000 
9200.621094 	 61930.808594 	 34853.945312 	 39.679855 	 -151.960251 	 219.621246 	 1.000000 
6964.278809 	 61654.097656 	 34478.910156 	 17.097157 	 -124.834702 	 173.500916 	 1.000000 
8243.379883 	 61554.984375 	 34505.449219 	 80.079590 	 -71.176582 	 82.131416 	 1.000000 
8660.327148 	 60807.527344 	 34408.175781 	 39.629028 	 -98.454552 	 162.383896 	 1.000000 
8418.885742 	 61543.531250 	 34817.660156 	 65.381348 	 -55.426704 	 257.522461 	 1.000000 
7732.944824 	 62229.773438 	 34643.394531 	 60.541264 	 -164.382065 	 118.284584 	 1.000000 
7824.083008 	 62038.027344 	 34459.203125 	 57.406712 	 -167.301453 	 179.849487 	 1.000000 
8347.549805 	 61357.304688 	 34619.160156 	 64.868645 	 -93.891518 	 58.483547 	 1.000000 
7254.482910 	 61266.593750 	 35009.527344 	 11.789768 	 -174.791672 	 64.681396 	 1.000000 
7067.205078 	 60918.347656 	 35296.082031 	 8.347321 	 -186.693832 	 75.314545 	 1.000000 
9401.106445 	 60097.984375 	 35526.539062 	 -85.519249 	 -223.171051 	 226.251083 	 1.000000 
7951.998047 	 61972.570312 	 34752.667969 	 43.336704 	 -114.171654 	 281.466736 	 1.000000 
8241.501953 	 62060.890625 	 34812.925781 	 31.282858 	 -224.827911 	 283.656067 	 1.000000 
8633.445312 	 63006.070312 	 34553.585938 	 -25.210407 	 -129.064957 	 284.099701 	 1.000000 
8645.022461 	 62123.152344 	 34912.316406 	 -98.304550 	 -322.665924 	 121.280884 	 1.000000 
9555.141602 	 60589.652344 	 35377.230469 	 -121.103401 	 -183.957870 	 247.698181 	 1.000000 
10159.979492 	 61496.902344 	 34990.363281 	 -85.392204 	 -199.355942 	 52.269791 	 1.000000 
10017.940430 	 60544.859375 	 35068.066406 	 -96.111610 	 -210.708481 	 136.624725 	 1.000000 
7478.025391 	 61967.777344 	 34264.222656 	 71.818100 	 -132.081650 	 111.090027 	 1.000000 
8753.014648 	 61123.898438 	 34683.226562 	 47.411964 	 -79.509689 	 235.860443 	 1.000000 
8363.183594 	 60309.851562 	 34527.582031 	 30.924246 	 -132.081436 	 236.305740 	 1.000000 
8151.541016 	 61377.351562 	 34973.937500 	 45.466248 	 -89.557228 	 234.461304 	 1.000000 
7988.008789 	 62218.269531 	 34638.644531 	 80.072487 	 -176.849548 	 121.326752 	 1.000000 
6976.253418 	 61287.964844 	 34675.609375 	 13.989878 	 -155.281296 	 76.476578 	 1.000000 
7653.046875 	 62139.152344 	 33980.093750 	 46.513271 	 -131.931854 	 157.650787 	 1.000000 
9289.259766 	 61125.628906 	 34848.839844 	 -57.603657 	 -35.835564 	 109.347984 	 1.000000 
9248.059570 	 60916.757812 	 35616.082031 	 -29.119513 	 -128.149841 	 195.832870 	 1.000000 
8964.570312 	 61469.500000 	 35286.847656 	 -136.814606 	 -72.095367 	 153.678009 	 1.000000 
9772.620117 	 62328.929688 	 35239.449219 	 -66.981491 	 -188.858398 	 9.707218 	 1.000000 
9094.482422 	 61185.445312 	 34644.140625 	 -144.940216 	 -107.584206 	 175.856674 	 1.000000 
8748.711914 	 61608.671875 	 34818.164062 	 -60.527935 	 -52.915371 	 179.623169 	 1.000000 
8849.874023 	 62908.679688 	 34839.046875 	 -134.065552 	 -197.246613 	 153.888824 	 1.000000 
8864.624023 	 62057.812500 	 34993.371094 	 -16.178267 	 -319.070038 	 99.649872 	 1.000000 
8714.599609 	 62758.820312 	 36383.054688 	 22.665787 	 -178.015594 	 21.104170 	 1.000000 
6979.923828 	 62244.496094 	 34326.839844 	 0.051469 	 -167.257736 	 64.193092 	 1.000000 
9027.941406 	 63623.808594 	 34631.511719 	 -67.039436 	 -238.972168 	 119.240219 	 1.000000 
8380.878906 	 61459.414062 	 34550.542969 	 74.728088 	 -82.731117 	 59.549999 	 1.000000 
8534.173828 	 59632.457031 	 34787.988281 	 16.274591 	 -175.968414 	 250.177185 	 1.000000 
8445.977539 	 61958.320312 	 34460.699219 	 65.051994 	 -262.991669 	 233.230896 	 1.000000 
8087.151367 	 61827.453125 	 34226.199219 	 87.710251 	 -105.761314 	 129.524139 	 1.000000 
9622.393555 	 61510.683594 	 34599.730469 	 27.751896 	 -134.005325 	 208.239990 	 1.000000 
8671.891602 	 62191.546875 	 32862.625000 	 -66.095604 	 -105.298943 	 242.201584 	 3.000000 
8728.544922 	 63317.304688 	 34486.738281 	 26.345081 	 -112.567574 	 287.627899 	 1.000000 
9760.161133 	 60929.703125 	 35113.000000 	 -10.350665 	 -113.305649 	 152.803207 	 1.000000 
9223.597656 	 61486.925781 	 35157.816406 	 -9.673849 	 -152.988281 	 66.487808 	 1.000000 
9285.366211 	 61555.085938 	 34949.976562 	 -53.052132 	 -178.946823 	 297.430481 	 1.000000 
9296.304688 	 63619.343750 	 34694.761719 	 -108.760017 	 -150.770905 	 181.473068 	 1.000000 
8788.726562 	 62121.542969 	 34700.910156 	 -19.298702 	 -178.090683 	 359.390686 	 1.000000 
9764.999023 	 61444.082031 	 35321.824219 	 -150.599716 	 -209.596146 	 117.686356 	 1.000000 
9189.802734 	 61258.328125 	 34752.609375 	 -213.629532 	 -46.879505 	 200.402176 	 1.000000 
9113.139648 	 62505.500000 	 34789.246094 	 47.837158 	 -275.079712 	 152.408112 	 1.000000 
8317.125000 	 62774.101562 	 34618.859375 	 31.771193 	 -195.923813 	 151.139145 	 1.000000 
8163.837891 	 62147.964844 	 34756.261719 	 52.165302 	 -239.157562 	 179.371948 	 1.000000 
7861.423828 	 61782.679688 	 34469.605469 	 44.709370 	 -165.897812 	 206.873001 	 1.000000 
7893.571777 	 62122.054688 	 34235.925781 	 63.734283 	 -184.467834 	 139.243912 	 1.000000 
8691.895508 	 60066.753906 	 34350.964844 	 40.063210 	 -149.600433 	 196.103317 	 1.000000 
9036.866211 	 61101.503906 	 34808.898438 	 46.288616 	 -52.993969 	 232.241608 	 1.000000 
9288.476562 	 60459.371094 	 34655.769531 	 33.040989 	 -135.946762 	 236.140900 	 1.000000 
8284.873047 	 59810.878906 	 34943.734375 	 23.463446 	 -163.812698 	 107.179146 	 1.000000 
8726.640625 	 60817.156250 	 33580.679688 	 -58.831429 	 -139.777359 	 284.550598 	 2.000000 
8655.991211 	 61788.234375 	 33114.210938 	 -64.055679 	 -118.834946 	 259.657074 	 3.000000 
9049.783203 	 62702.058594 	 33243.425781 	 -85.810829 	 -104.854019 	 248.448410 	 3.000000 
8637.988281 	 61017.492188 	 34557.035156 	 -27.735872 	 -113.623131 	 308.247284 	 1.000000 
8281.706055 	 61475.113281 	 34653.621094 	 67.396301 	 -97.626129 	 45.992458 	 1.000000 
8862.163086 	 62709.308594 	 35058.480469 	 -133.241577 	 -220.514832 	 162.126755 	 1.000000 
9845.886719 	 62829.109375 	 33576.839844 	 -86.785744 	 -112.126328 	 243.105774 	 0.000000 
9458.820312 	 60207.195312 	 35532.199219 	 -83.192726 	 -217.775452 	 153.568420 	 1.000000 
8769.981445 	 61885.890625 	 34881.101562 	 -49.835873 	 -312.948395 	 99.487442 	 1.000000 
9557.255859 	 60162.011719 	 34377.855469 	 -54.285950 	 -189.738083 	 218.498703 	 1.000000 
10341.978516 	 61161.843750 	 34909.453125 	 -90.068336 	 -207.060028 	 91.331535 	 1.000000 
10291.264648 	 60437.816406 	 35340.886719 	 -73.169968 	 -244.170151 	 147.107437 	 1.000000 
9525.541016 	 62291.328125 	 35796.835938 	 -5.455397 	 -175.595444 	 40.871120 	 1.000000 
8647.335938 	 63211.097656 	 34543.179688 	 -101.258133 	 -106.114357 	 116.705338 	 1.000000 
10598.498047 	 61805.824219 	 35431.003906 	 -97.388535 	 -205.575562 	 91.274979 	 1.000000 
8495.430664 	 60089.058594 	 34501.406250 	 33.715710 	 -139.015350 	 146.343628 	 1.000000 
9533.966797 	 60237.812500 	 35277.074219 	 54.121628 	 -177.320038 	 195.828842 	 1.000000 
8696.651367 	 61755.851562 	 34326.234375 	 7.774132 	 -67.864296 	 127.781227 	 1.000000 
7028.371094 	 61523.929688 	 34475.207031 	 12.499222 	 -148.493118 	 79.262428 	 1.000000 
7881.492188 	 61172.085938 	 35325.746094 	 24.414602 	 -173.407303 	 56.923290 	 1.000000 
8723.716797 	 60937.613281 	 33548.859375 	 -59.289028 	 -136.949783 	 284.225006 	 2.000000 
8671.105469 	 63000.632812 	 34663.519531 	 -28.447699 	 -126.208778 	 280.510559 	 1.000000 
9353.688477 	 60991.023438 	 35288.656250 	 23.196239 	 -100.880020 	 142.555084 	 1.000000 
9011.672852 	 60786.050781 	 35102.265625 	 -71.070900 	 -124.966736 	 113.899185 	 1.000000 
9663.538086 	 60141.210938 	 34660.093750 	 30.585188 	 -196.200623 	 88.586258 	 1.000000 
9850.400391 	 62021.812500 	 36427.953125 	 -51.075775 	 -143.825470 	 16.727058 	 1.000000 
9275.949219 	 63568.078125 	 34573.957031 	 1.118189 	 -221.228226 	 90.419922 	 1.000000 
8811.655273 	 63135.632812 	 34725.640625 	 17.284857 	 -119.181732 	 218.566284 	 1.000000 
8891.625977 	 62780.527344 	 34852.308594 	 24.956118 	 -205.640640 	 11.362661 	 1.000000 
8004.225098 	 62891.839844 	 34251.718750 	 -0.760372 	 -177.938843 	 162.801651 	 1.000000 
9625.269531 	 59902.621094 	 34907.824219 	 36.996449 	 -191.118637 	 290.447052 	 1.000000 
8111.227539 	 62089.667969 	 34757.453125 	 60.372623 	 -218.672409 	 229.851517 	 1.000000 
7921.751465 	 62257.390625 	 34674.734375 	 52.335125 	 -199.769058 	 201.229721 	 1.000000 
7837.899902 	 62622.082031 	 34286.957031 	 -11.796023 	 -163.682419 	 248.012756 	 1.000000 
7469.625000 	 61346.984375 	 34561.855469 	 21.101877 	 -146.555359 	 59.374821 	 1.000000 
7218.353027 	 61277.265625 	 35048.902344 	 12.211579 	 -176.260803 	 63.089928 	 1.000000 
7540.993164 	 60901.773438 	 34998.988281 	 8.397354 	 -151.310928 	 83.180534 	 1.000000 
9250.605469 	 61769.660156 	 36207.300781 	 8.375233 	 -172.370651 	 37.435555 	 1.000000 
8486.081055 	 59907.617188 	 34839.464844 	 29.691923 	 -160.865662 	 120.265480 	 1.000000 
8735.841797 	 62543.882812 	 33145.562500 	 -68.479019 	 -95.314774 	 255.022171 	 3.000000 
8350.656250 	 61851.484375 	 33608.972656 	 -44.377594 	 -122.357452 	 278.115234 	 0.000000 
9613.297852 	 59946.339844 	 35597.210938 	 40.188652 	 -219.824646 	 214.245850 	 1.000000 
8420.388672 	 62068.527344 	 34885.417969 	 56.087185 	 -150.436890 	 71.561447 	 1.000000 
9461.927734 	 61903.417969 	 34627.246094 	 -170.212173 	 -155.611908 	 312.702911 	 1.000000 
8867.589844 	 61897.847656 	 34733.121094 	 -24.313665 	 -172.615845 	 53.857616 	 1.000000 
8694.588867 	 61774.386719 	 34831.980469 	 -44.437054 	 -177.000977 	 25.458578 	 1.000000 
8536.488281 	 61590.320312 	 35104.679688 	 -96.687347 	 -190.423767 	 79.483795 	 1.000000 
9335.211914 	 60936.378906 	 35050.253906 	 -115.983864 	 -123.880363 	 94.488205 	 1.000000 
8946.530273 	 61632.511719 	 34410.996094 	 55.958275 	 -70.064827 	 105.382256 	 1.000000 
9789.608398 	 61341.160156 	 34575.023438 	 -135.401260 	 -179.680771 	 87.348251 	 1.000000 
8168.786621 	 62037.578125 	 34145.925781 	 85.629761 	 -120.750816 	 163.482529 	 1.000000 
8465.036133 	 61747.472656 	 34295.105469 	 107.920441 	 -56.883389 	 159.090790 	 1.000000 
6913.596680 	 61567.824219 	 34363.347656 	 8.179563 	 -146.346237 	 77.611824 	 1.000000 
8522.902344 	 61458.812500 	 34645.753906 	 49.361919 	 -119.067726 	 6.320323 	 1.000000 
9425.115234 	 62215.980469 	 34499.761719 	 -140.634674 	 -262.413147 	 16.504782 	 1.000000 
9047.565430 	 60337.226562 	 34540.355469 	 42.746281 	 -132.854080 	 133.557327 	 1.000000 
