62815.957031 	 13978.264648 	 67560.578125 	 25.859694 	 44.381481 	 -25.560251 	 1.000000 
62848.730469 	 13940.378906 	 67655.687500 	 77.172714 	 88.080711 	 -19.845566 	 1.000000 
62751.394531 	 13867.524414 	 67632.062500 	 -44.735500 	 -18.634134 	 -42.115948 	 1.000000 
62812.406250 	 14006.944336 	 67487.578125 	 -26.645954 	 -120.142525 	 -0.333404 	 1.000000 
62777.339844 	 13898.399414 	 67633.789062 	 -47.545349 	 37.069233 	 -44.852188 	 1.000000 
62832.914062 	 14090.331055 	 67497.859375 	 45.599380 	 34.269958 	 77.295303 	 1.000000 
62865.687500 	 14154.536133 	 67625.210938 	 36.043404 	 74.885933 	 -149.337097 	 1.000000 
62944.347656 	 13992.485352 	 67515.382812 	 -149.549118 	 183.508286 	 32.374943 	 1.000000 
62787.199219 	 13812.318359 	 67574.085938 	 -80.510727 	 169.014648 	 -108.554848 	 1.000000 
62791.460938 	 13975.768555 	 67571.007812 	 -152.243225 	 -164.550308 	 22.827160 	 1.000000 
62831.367188 	 13986.557617 	 67395.945312 	 -11.346599 	 12.026067 	 -42.959644 	 1.000000 
62826.308594 	 13884.826172 	 67725.593750 	 -110.549210 	 -9.692207 	 -17.026621 	 1.000000 
62798.480469 	 14068.182617 	 67588.367188 	 42.276730 	 -0.198859 	 -201.160019 	 1.000000 
62880.296875 	 13923.319336 	 67452.265625 	 73.322014 	 -46.517826 	 62.477707 	 1.000000 
62841.769531 	 13841.484375 	 67678.671875 	 -13.480350 	 -134.315826 	 -4.704708 	 1.000000 
62826.929688 	 13927.794922 	 67556.375000 	 -6.851042 	 212.283020 	 -120.336075 	 1.000000 
62732.035156 	 13981.584961 	 67540.148438 	 -45.969166 	 230.191650 	 85.500282 	 1.000000 
62933.242188 	 14076.869141 	 67641.148438 	 19.174112 	 97.255836 	 -158.438904 	 1.000000 
62755.144531 	 14067.901367 	 67438.890625 	 -51.610653 	 -31.050613 	 -155.721207 	 1.000000 
62750.125000 	 13891.465820 	 67720.000000 	 -64.094963 	 148.462158 	 -14.586142 	 1.000000 
62660.597656 	 13946.629883 	 67632.984375 	 -91.682762 	 -0.840198 	 29.973076 	 1.000000 
62911.921875 	 14118.923828 	 67582.617188 	 14.850809 	 12.235744 	 70.383415 	 1.000000 
62741.722656 	 13960.436523 	 67363.859375 	 -34.122845 	 54.420242 	 -71.876816 	 1.000000 
62914.835938 	 13988.862305 	 67649.726562 	 119.310883 	 -78.344032 	 -114.279091 	 1.000000 
62746.875000 	 14050.415039 	 67611.632812 	 -195.624191 	 66.028770 	 -108.600197 	 1.000000 
62897.375000 	 13971.374023 	 67604.398438 	 -14.936905 	 -85.873184 	 55.372849 	 1.000000 
62837.414062 	 13920.346680 	 67592.375000 	 36.099613 	 78.076447 	 105.918243 	 1.000000 
62758.574219 	 13988.095703 	 67474.140625 	 -111.561073 	 124.637779 	 7.970950 	 1.000000 
62802.625000 	 14145.911133 	 67481.421875 	 -34.242691 	 44.618931 	 -100.689110 	 1.000000 
62788.042969 	 13967.297852 	 67499.054688 	 -14.970002 	 -82.748100 	 37.608963 	 1.000000 
62837.058594 	 13900.170898 	 67577.703125 	 -97.027596 	 235.456573 	 -30.026779 	 1.000000 
62832.085938 	 14086.365234 	 67406.539062 	 34.040409 	 89.692963 	 45.613163 	 1.000000 
62678.917969 	 14003.210938 	 67606.578125 	 102.716797 	 91.376808 	 -81.002144 	 1.000000 
62829.253906 	 14061.151367 	 67395.414062 	 58.100449 	 176.847702 	 -59.902172 	 1.000000 
63111.023438 	 14505.067383 	 67546.117188 	 45.880424 	 -35.808720 	 62.665329 	 1.000000 
63056.492188 	 14459.331055 	 67480.375000 	 -5.104993 	 23.578279 	 152.686172 	 1.000000 
63158.832031 	 14504.511719 	 67630.046875 	 86.760468 	 116.353218 	 66.251938 	 1.000000 
63160.777344 	 14516.898438 	 67579.804688 	 5.153206 	 -159.465881 	 114.793282 	 1.000000 
63205.562500 	 14699.653320 	 67544.414062 	 -20.659723 	 -94.631645 	 65.878258 	 1.000000 
63111.144531 	 14373.860352 	 67611.171875 	 119.348907 	 33.736221 	 152.903442 	 1.000000 
63174.003906 	 14422.403320 	 67633.765625 	 38.270817 	 -77.821068 	 -31.885384 	 1.000000 
63174.238281 	 14615.201172 	 67577.562500 	 77.501236 	 -60.259899 	 138.969269 	 1.000000 
63042.695312 	 14519.552734 	 67564.007812 	 13.493722 	 42.794048 	 195.932297 	 1.000000 
63180.074219 	 14674.324219 	 67461.476562 	 43.937550 	 -38.674023 	 16.386112 	 1.000000 
63002.972656 	 14475.482422 	 67469.414062 	 -53.021793 	 -19.437517 	 30.336203 	 1.000000 
63119.140625 	 14437.607422 	 67593.593750 	 151.316422 	 -6.940717 	 -106.604401 	 1.000000 
63127.359375 	 14499.618164 	 67618.710938 	 125.546432 	 -54.354801 	 197.393036 	 1.000000 
63134.656250 	 14551.374023 	 67603.398438 	 -41.171562 	 -162.698822 	 -27.039721 	 1.000000 
63261.218750 	 14497.968750 	 67552.109375 	 59.434113 	 -83.771034 	 10.180386 	 1.000000 
63149.464844 	 14463.355469 	 67528.914062 	 101.676277 	 77.529816 	 -121.618492 	 1.000000 
62513.769531 	 13728.224609 	 67483.218750 	 -36.389488 	 152.363495 	 26.584370 	 1.000000 
62372.753906 	 13580.440430 	 67527.640625 	 140.900055 	 -16.859741 	 -35.955112 	 1.000000 
62567.031250 	 13665.191406 	 67487.515625 	 -125.442101 	 204.018051 	 56.093552 	 1.000000 
62468.132812 	 13638.757812 	 67499.765625 	 -5.287685 	 128.161392 	 -22.108583 	 1.000000 
62483.546875 	 13762.165039 	 67487.460938 	 -104.211472 	 202.186981 	 -55.866848 	 1.000000 
62601.570312 	 13629.799805 	 67438.242188 	 -105.360054 	 215.269821 	 49.382294 	 1.000000 
62555.402344 	 13755.207031 	 67504.312500 	 21.854427 	 221.567825 	 66.572166 	 1.000000 
62601.554688 	 13735.291992 	 67437.085938 	 -9.542535 	 95.497047 	 9.674491 	 1.000000 
62336.941406 	 13528.048828 	 67571.445312 	 180.928085 	 40.415337 	 -76.084846 	 1.000000 
62559.328125 	 13716.067383 	 67481.398438 	 -22.873674 	 228.734161 	 -19.342880 	 1.000000 
62541.992188 	 13678.922852 	 67481.171875 	 -58.649933 	 50.325092 	 -4.559405 	 1.000000 
62315.828125 	 13631.317383 	 67586.867188 	 79.200668 	 61.191181 	 -11.802853 	 1.000000 
62579.449219 	 13617.867188 	 67463.585938 	 -89.597740 	 194.406433 	 66.899109 	 1.000000 
62529.433594 	 13815.407227 	 67517.195312 	 -75.508987 	 135.118393 	 -14.200811 	 1.000000 
62463.394531 	 13730.374023 	 67433.062500 	 83.687141 	 153.165237 	 -90.272690 	 1.000000 
62543.996094 	 13728.714844 	 67490.578125 	 3.576802 	 41.075867 	 -60.607605 	 1.000000 
62448.914062 	 13683.595703 	 67407.007812 	 -110.680626 	 177.859283 	 47.000278 	 1.000000 
62534.375000 	 13752.207031 	 67511.421875 	 89.135864 	 109.715538 	 -170.386993 	 1.000000 
62446.527344 	 13685.905273 	 67440.398438 	 4.465757 	 145.525208 	 53.621773 	 1.000000 
62493.734375 	 13762.308594 	 67402.117188 	 88.225662 	 137.059189 	 -67.122185 	 1.000000 
61953.925781 	 13050.908203 	 66978.250000 	 -4.778517 	 50.915791 	 -16.324697 	 1.000000 
61944.718750 	 13098.123047 	 66928.882812 	 29.835737 	 -23.712160 	 -77.234833 	 1.000000 
61925.597656 	 12969.151367 	 66940.531250 	 -5.250481 	 44.659290 	 43.300877 	 1.000000 
63915.843750 	 13911.722656 	 68254.398438 	 -0.813664 	 121.397163 	 22.896942 	 1.000000 
63925.218750 	 13849.083008 	 68243.117188 	 -7.358963 	 91.675240 	 65.442635 	 1.000000 
63879.675781 	 13894.180664 	 68177.476562 	 10.038969 	 104.148994 	 72.977356 	 1.000000 
62409.539062 	 13232.470703 	 67461.632812 	 34.523579 	 71.591583 	 -14.625889 	 1.000000 
62398.191406 	 13213.254883 	 67440.640625 	 -16.301010 	 93.676010 	 -33.757591 	 1.000000 
62394.609375 	 13249.313477 	 67474.007812 	 92.300385 	 30.370424 	 14.991199 	 1.000000 
62454.000000 	 13212.731445 	 67491.734375 	 -86.892082 	 149.721756 	 30.611673 	 1.000000 
62349.976562 	 13190.891602 	 67468.726562 	 57.413509 	 74.389664 	 16.091072 	 1.000000 
64180.734375 	 15077.292969 	 69044.093750 	 85.909744 	 150.872574 	 44.661190 	 1.000000 
62319.355469 	 13284.761719 	 67262.875000 	 29.412798 	 36.451233 	 -2.651248 	 1.000000 
62303.101562 	 13295.850586 	 67234.398438 	 77.176308 	 37.615265 	 7.044328 	 1.000000 
62326.417969 	 13321.039062 	 67291.460938 	 62.991257 	 -30.759729 	 19.452360 	 1.000000 
62315.050781 	 13267.224609 	 67227.164062 	 -5.593956 	 49.546589 	 -14.925504 	 1.000000 
63992.980469 	 13224.873047 	 67606.210938 	 -19.498177 	 109.466339 	 35.930466 	 1.000000 
63530.785156 	 14960.862305 	 67741.453125 	 42.390694 	 -25.644140 	 42.149849 	 1.000000 
63520.261719 	 14949.802734 	 67704.328125 	 40.114357 	 -1.975233 	 38.444836 	 1.000000 
63514.246094 	 14971.757812 	 67704.617188 	 30.279324 	 -21.646523 	 97.899445 	 1.000000 
63547.953125 	 14915.807617 	 67788.367188 	 24.836531 	 26.942068 	 0.677955 	 1.000000 
63723.593750 	 15359.000000 	 67720.914062 	 66.444725 	 0.097243 	 41.767693 	 1.000000 
63781.031250 	 15318.420898 	 67688.195312 	 49.756699 	 -8.516586 	 62.004513 	 1.000000 
63728.058594 	 15326.950195 	 67663.328125 	 56.505363 	 -14.991283 	 23.990372 	 1.000000 
64822.539062 	 13640.222656 	 68159.554688 	 6.984477 	 111.747284 	 57.118347 	 1.000000 
62271.894531 	 14290.710938 	 65639.210938 	 29.476099 	 -25.880440 	 22.419775 	 1.000000 
62129.414062 	 12921.093750 	 66530.929688 	 42.920395 	 18.588932 	 -45.927517 	 1.000000 
61651.437500 	 13210.769531 	 67133.703125 	 -78.231102 	 52.846119 	 18.821663 	 1.000000 
61610.527344 	 13588.838867 	 67625.593750 	 87.735100 	 -19.181389 	 -37.928112 	 1.000000 
61603.019531 	 13600.622070 	 67628.132812 	 77.961288 	 -23.600550 	 -53.108028 	 1.000000 
61605.558594 	 13605.521484 	 67614.523438 	 107.085190 	 -25.934345 	 -3.569952 	 1.000000 
62079.460938 	 13457.081055 	 66720.148438 	 7.363239 	 70.289787 	 -64.434258 	 1.000000 
62094.152344 	 13422.298828 	 66756.992188 	 22.496323 	 78.861206 	 -59.636364 	 1.000000 
62063.445312 	 13452.487305 	 66651.984375 	 31.150669 	 97.918076 	 -28.971634 	 1.000000 
63829.160156 	 14612.544922 	 68390.523438 	 37.826435 	 36.200985 	 34.547653 	 1.000000 
63795.566406 	 14610.264648 	 68342.828125 	 36.338249 	 30.412086 	 45.468567 	 1.000000 
63804.296875 	 14608.416016 	 68384.820312 	 57.343418 	 16.270172 	 26.704390 	 1.000000 
63802.347656 	 14608.430664 	 68422.273438 	 34.072678 	 13.863362 	 22.279917 	 1.000000 
62636.550781 	 13729.465820 	 67704.234375 	 165.025742 	 -35.157848 	 -65.003136 	 1.000000 
61029.847656 	 13645.585938 	 68042.992188 	 67.104034 	 -43.546211 	 -13.832001 	 1.000000 
62264.042969 	 13618.243164 	 66905.812500 	 27.303974 	 106.015320 	 -50.304710 	 1.000000 
62215.339844 	 13608.575195 	 66916.585938 	 21.411997 	 125.166634 	 -47.928101 	 1.000000 
62189.976562 	 13608.696289 	 66906.187500 	 49.679615 	 115.086914 	 -82.929031 	 1.000000 
62338.644531 	 13527.665039 	 67212.546875 	 81.338341 	 8.437557 	 7.959018 	 1.000000 
63711.277344 	 15128.780273 	 67902.843750 	 50.016079 	 -6.423700 	 41.151814 	 1.000000 
63720.644531 	 15117.032227 	 67921.203125 	 56.357349 	 -43.287109 	 42.868069 	 1.000000 
62070.394531 	 13858.614258 	 66726.421875 	 38.707314 	 -20.780928 	 53.828720 	 1.000000 
63443.316406 	 14392.742188 	 68203.898438 	 91.358826 	 49.255497 	 -65.878670 	 1.000000 
63600.312500 	 14871.448242 	 67664.789062 	 107.732933 	 -33.300404 	 20.084391 	 1.000000 
61678.121094 	 13218.746094 	 66992.234375 	 -68.399910 	 115.901070 	 53.093670 	 1.000000 
61674.691406 	 13218.299805 	 66974.015625 	 -52.958988 	 111.633675 	 48.466599 	 1.000000 
63577.589844 	 14587.901367 	 68056.265625 	 42.820450 	 72.613014 	 -61.576630 	 1.000000 
63585.460938 	 14577.607422 	 68070.757812 	 41.918221 	 86.695122 	 -52.703922 	 1.000000 
63587.089844 	 14565.318359 	 68065.484375 	 50.262791 	 66.018234 	 -34.187607 	 1.000000 
64222.839844 	 14122.864258 	 68254.375000 	 15.375854 	 120.559219 	 -3.878847 	 1.000000 
64572.996094 	 14097.745117 	 68845.226562 	 18.536457 	 128.843216 	 54.458260 	 1.000000 
63705.863281 	 14258.063477 	 68263.906250 	 32.116463 	 45.249172 	 -17.716572 	 1.000000 
64048.941406 	 13871.358398 	 69196.867188 	 57.784348 	 131.921356 	 -0.310631 	 1.000000 
62759.386719 	 14833.180664 	 69298.976562 	 107.416878 	 44.263893 	 9.205846 	 1.000000 
62752.003906 	 14809.705078 	 69292.406250 	 96.143181 	 49.316513 	 13.457372 	 1.000000 
63903.734375 	 14806.334961 	 68775.156250 	 99.304688 	 76.243011 	 -30.812555 	 1.000000 
61419.917969 	 13388.784180 	 67637.625000 	 84.142006 	 -34.122124 	 -12.965033 	 1.000000 
63884.214844 	 14981.306641 	 67601.710938 	 65.805901 	 -3.310275 	 42.846355 	 1.000000 
61162.082031 	 13495.991211 	 67801.234375 	 83.346428 	 -50.385098 	 -7.149045 	 1.000000 
61209.511719 	 13506.656250 	 67804.156250 	 76.800072 	 -29.026041 	 -17.248262 	 1.000000 
61243.304688 	 13522.101562 	 67822.679688 	 70.910507 	 -29.686607 	 -25.393295 	 1.000000 
62182.765625 	 14315.683594 	 66529.132812 	 18.000652 	 -13.415977 	 62.487331 	 1.000000 
62065.398438 	 13894.970703 	 65758.601562 	 17.702045 	 -23.490097 	 27.087523 	 1.000000 
62142.097656 	 13363.333984 	 67099.593750 	 -56.595440 	 25.153021 	 94.023254 	 1.000000 
63645.148438 	 14221.678711 	 68191.296875 	 77.450798 	 34.268841 	 -41.721775 	 1.000000 
63995.734375 	 12620.174805 	 67000.585938 	 -14.942666 	 94.088608 	 22.956066 	 1.000000 
64182.683594 	 13627.203125 	 68191.820312 	 -12.877761 	 98.224045 	 68.694504 	 1.000000 
64185.996094 	 13615.458008 	 68190.515625 	 -17.708061 	 99.786705 	 70.585884 	 1.000000 
63957.109375 	 12546.911133 	 66871.820312 	 -12.996850 	 95.825729 	 23.901638 	 1.000000 
62862.417969 	 14972.500977 	 69400.070312 	 110.156143 	 52.551895 	 8.553102 	 1.000000 
62684.089844 	 14134.161133 	 67842.632812 	 146.077057 	 -72.374252 	 -32.511181 	 1.000000 
62636.515625 	 13707.475586 	 67011.343750 	 52.578522 	 68.010803 	 6.371723 	 1.000000 
63387.335938 	 15186.982422 	 69345.718750 	 113.246483 	 59.516193 	 13.387307 	 1.000000 
62033.550781 	 13200.899414 	 66862.695312 	 -2.967037 	 5.061404 	 50.559658 	 1.000000 
61141.613281 	 13366.992188 	 67584.140625 	 78.494705 	 -49.393337 	 -7.505145 	 1.000000 
61136.820312 	 13368.013672 	 67572.718750 	 66.560043 	 -55.922607 	 -2.205572 	 1.000000 
64645.558594 	 14265.363281 	 68679.867188 	 55.600056 	 116.730659 	 25.449228 	 1.000000 
62982.222656 	 13663.439453 	 67630.351562 	 96.190361 	 83.609024 	 27.205418 	 1.000000 
62190.664062 	 13292.293945 	 67157.531250 	 56.429867 	 -11.107535 	 21.485109 	 1.000000 
61761.593750 	 13183.822266 	 67084.242188 	 -58.561535 	 137.204041 	 -44.386879 	 1.000000 
62667.601562 	 14620.008789 	 68843.398438 	 109.470253 	 24.130850 	 -7.365497 	 1.000000 
61278.535156 	 13718.566406 	 67818.578125 	 67.201263 	 -18.575970 	 -46.517143 	 1.000000 
63898.343750 	 14740.099609 	 68813.773438 	 113.188950 	 78.750908 	 -24.813156 	 1.000000 
63874.261719 	 14740.415039 	 68805.890625 	 117.434418 	 83.538322 	 -29.536163 	 1.000000 
62520.179688 	 14361.675781 	 67395.492188 	 88.689751 	 -23.356646 	 89.896248 	 1.000000 
62533.140625 	 14367.055664 	 67397.671875 	 94.653526 	 -26.995758 	 68.608765 	 1.000000 
62188.296875 	 13076.038086 	 67134.109375 	 1.129158 	 8.655920 	 19.044750 	 1.000000 
64052.675781 	 13854.382812 	 68217.437500 	 -39.729519 	 107.482658 	 13.687116 	 1.000000 
63978.066406 	 15172.975586 	 68665.062500 	 60.204868 	 100.861038 	 15.737990 	 1.000000 
63898.636719 	 14076.942383 	 68031.406250 	 16.279911 	 135.761963 	 31.401207 	 1.000000 
63043.761719 	 14150.957031 	 68081.148438 	 15.592450 	 17.262495 	 -69.772842 	 1.000000 
61504.843750 	 13241.673828 	 66994.210938 	 -39.291313 	 106.879570 	 -35.976791 	 1.000000 
62667.046875 	 14704.947266 	 66957.109375 	 34.029888 	 -25.161013 	 93.197548 	 1.000000 
62156.339844 	 13114.799805 	 66972.859375 	 26.435139 	 -22.644064 	 -2.254291 	 1.000000 
63619.968750 	 14952.425781 	 68839.601562 	 63.810238 	 61.722443 	 12.323115 	 1.000000 
63018.425781 	 14354.880859 	 67403.359375 	 -11.164639 	 59.249977 	 -49.260777 	 1.000000 
63952.425781 	 16047.549805 	 67872.101562 	 75.681900 	 28.869471 	 96.913887 	 1.000000 
61706.324219 	 13791.966797 	 65987.601562 	 8.926857 	 -22.415472 	 30.878965 	 1.000000 
61702.406250 	 13817.608398 	 65991.421875 	 -3.207449 	 -34.638996 	 33.548779 	 1.000000 
62630.355469 	 14594.562500 	 66856.250000 	 5.624115 	 7.380113 	 92.647308 	 1.000000 
62017.871094 	 13806.305664 	 67635.265625 	 119.494576 	 -32.158272 	 -50.809937 	 1.000000 
64278.511719 	 14011.413086 	 68323.796875 	 7.261142 	 101.917007 	 8.537084 	 1.000000 
63937.652344 	 14911.185547 	 68724.632812 	 82.558060 	 100.498222 	 -23.101187 	 1.000000 
62655.359375 	 13771.275391 	 67175.656250 	 89.978584 	 96.887573 	 -45.702259 	 1.000000 
62680.617188 	 14109.300781 	 67615.273438 	 73.933670 	 199.486542 	 -28.466579 	 1.000000 
62194.488281 	 14893.665039 	 69337.109375 	 96.613518 	 40.086967 	 4.798307 	 1.000000 
62723.816406 	 14667.257812 	 68958.210938 	 104.314636 	 25.655754 	 -4.124069 	 1.000000 
62071.050781 	 14351.083008 	 65998.632812 	 31.042788 	 -30.401396 	 30.566631 	 1.000000 
62206.906250 	 12740.168945 	 67316.140625 	 -30.904783 	 148.781006 	 -55.486317 	 1.000000 
62946.363281 	 13708.541992 	 67919.671875 	 23.397964 	 93.438385 	 31.836559 	 1.000000 
61852.789062 	 13590.218750 	 65972.210938 	 -42.533459 	 2.256684 	 40.883377 	 1.000000 
63876.320312 	 13815.213867 	 68142.125000 	 -23.464748 	 111.023689 	 52.994453 	 1.000000 
63643.101562 	 13233.396484 	 67563.062500 	 -24.279596 	 119.454712 	 34.553562 	 1.000000 
63896.191406 	 15217.497070 	 69081.273438 	 67.913757 	 101.905235 	 31.908337 	 1.000000 
62936.531250 	 13933.460938 	 67787.742188 	 45.492908 	 164.209061 	 -37.587677 	 1.000000 
63511.652344 	 15082.145508 	 68113.507812 	 75.494194 	 -30.315580 	 55.529850 	 1.000000 
61863.765625 	 13300.338867 	 67250.320312 	 13.028268 	 63.475010 	 4.653691 	 1.000000 
61715.992188 	 13414.709961 	 67045.359375 	 -24.280092 	 57.321465 	 -34.684101 	 1.000000 
62091.863281 	 14131.063477 	 66775.406250 	 34.644806 	 -20.918644 	 64.316620 	 1.000000 
64766.828125 	 13617.320312 	 67093.992188 	 9.666466 	 79.918770 	 52.443508 	 0.000000 
62262.746094 	 12891.365234 	 66720.585938 	 27.532026 	 3.762027 	 -23.519314 	 1.000000 
64420.632812 	 12978.304688 	 67016.898438 	 -7.414993 	 79.617157 	 46.956245 	 1.000000 
63180.062500 	 13493.929688 	 68602.539062 	 30.862623 	 125.022079 	 -40.085743 	 1.000000 
61711.078125 	 13528.991211 	 66978.179688 	 5.094756 	 67.948570 	 -14.967834 	 1.000000 
63164.875000 	 14362.756836 	 68342.804688 	 106.000313 	 32.128448 	 -56.963451 	 1.000000 
62446.957031 	 15097.335938 	 68490.882812 	 108.202911 	 -10.463658 	 10.653899 	 1.000000 
62297.281250 	 13594.374023 	 67425.343750 	 128.548950 	 19.057659 	 -14.751260 	 1.000000 
63109.488281 	 14771.554688 	 67799.359375 	 121.075157 	 -66.761833 	 -5.319154 	 1.000000 
61770.820312 	 13138.041992 	 67265.062500 	 -77.070168 	 51.129734 	 8.840116 	 1.000000 
62115.277344 	 13563.971680 	 67481.453125 	 151.844437 	 -14.143493 	 -42.831860 	 1.000000 
63179.082031 	 14044.301758 	 68638.937500 	 66.498329 	 109.311447 	 -63.644836 	 1.000000 
62883.550781 	 13583.567383 	 67534.132812 	 112.514870 	 41.988834 	 -5.470017 	 1.000000 
63523.253906 	 14374.627930 	 68241.765625 	 28.738426 	 15.829587 	 23.312258 	 1.000000 
62935.730469 	 12842.403320 	 68816.156250 	 33.464436 	 112.711967 	 -27.090273 	 1.000000 
63099.703125 	 14339.340820 	 66280.218750 	 -13.827991 	 38.779644 	 61.245056 	 1.000000 
63947.628906 	 14804.129883 	 68422.609375 	 51.805542 	 25.970877 	 44.664204 	 1.000000 
62524.234375 	 14371.869141 	 66012.343750 	 31.122225 	 -38.388676 	 34.677193 	 1.000000 
62547.808594 	 14352.906250 	 66012.968750 	 21.988222 	 -27.581570 	 42.300400 	 1.000000 
62161.644531 	 15542.611328 	 68591.593750 	 103.603912 	 -1.559293 	 30.856056 	 1.000000 
63717.875000 	 14968.453125 	 68409.617188 	 40.874153 	 74.070007 	 -4.564440 	 1.000000 
63593.292969 	 15087.443359 	 68374.109375 	 111.166862 	 -1.833205 	 9.834805 	 1.000000 
63764.410156 	 15135.433594 	 68256.289062 	 104.632164 	 3.492908 	 13.576839 	 1.000000 
62875.230469 	 13725.984375 	 67813.609375 	 106.823128 	 102.247536 	 14.318558 	 1.000000 
63065.089844 	 14309.647461 	 68113.898438 	 -2.051692 	 21.387327 	 -37.089256 	 1.000000 
63845.707031 	 13475.126953 	 67523.835938 	 -21.419165 	 111.439911 	 29.911480 	 1.000000 
63320.167969 	 12709.500000 	 68323.085938 	 5.430694 	 131.934143 	 -11.061060 	 5.000000 
62578.085938 	 15057.622070 	 69230.570312 	 109.820747 	 40.261505 	 8.263435 	 1.000000 
62873.500000 	 13050.938477 	 68389.164062 	 29.734951 	 124.765129 	 -44.783588 	 1.000000 
64037.089844 	 15624.503906 	 68020.343750 	 75.564476 	 10.502287 	 82.179131 	 1.000000 
62451.320312 	 14129.354492 	 66610.515625 	 50.689957 	 -19.159367 	 61.096306 	 1.000000 
62446.972656 	 14146.238281 	 66605.539062 	 51.391884 	 -33.409641 	 63.777672 	 1.000000 
63079.835938 	 14739.023438 	 69073.031250 	 99.542923 	 38.865147 	 -2.793069 	 1.000000 
62563.117188 	 13566.478516 	 67775.929688 	 24.093174 	 161.542389 	 -98.646141 	 1.000000 
62893.253906 	 14207.652344 	 67637.390625 	 -37.627037 	 80.403503 	 -166.045593 	 1.000000 
62397.250000 	 13828.361328 	 68758.500000 	 72.305771 	 81.916893 	 -59.026047 	 1.000000 
63644.816406 	 14913.865234 	 67712.789062 	 53.384178 	 -41.675503 	 63.161781 	 1.000000 
61856.468750 	 13161.937500 	 67033.859375 	 -28.906580 	 -30.412163 	 82.946358 	 1.000000 
64448.097656 	 13995.953125 	 68761.429688 	 7.248928 	 135.943726 	 52.481495 	 1.000000 
62720.980469 	 14285.524414 	 67874.007812 	 132.002243 	 -68.704086 	 -18.596949 	 1.000000 
62274.523438 	 13308.880859 	 67523.562500 	 -29.422451 	 162.245407 	 1.528381 	 1.000000 
62565.722656 	 13136.711914 	 67452.132812 	 78.404976 	 85.949318 	 0.110505 	 1.000000 
61694.968750 	 13215.234375 	 67069.695312 	 -60.126934 	 77.327866 	 66.403877 	 1.000000 
61714.253906 	 13247.165039 	 67065.492188 	 -35.279854 	 99.990433 	 46.575058 	 1.000000 
61971.718750 	 13860.685547 	 66679.390625 	 34.471676 	 -26.730837 	 67.016365 	 1.000000 
61972.117188 	 13855.716797 	 66692.195312 	 44.317616 	 -28.714670 	 50.119938 	 1.000000 
62937.511719 	 13408.490234 	 68335.296875 	 24.073910 	 127.834084 	 -52.396103 	 1.000000 
63855.738281 	 14206.487305 	 68309.453125 	 49.928047 	 36.628155 	 -26.265385 	 1.000000 
62915.304688 	 14342.670898 	 67066.929688 	 54.674629 	 -29.867016 	 114.754539 	 1.000000 
61909.863281 	 14117.697266 	 66037.070312 	 -1.298820 	 -14.811114 	 38.927864 	 1.000000 
62065.367188 	 13608.565430 	 67477.976562 	 -19.872284 	 90.157021 	 49.868858 	 1.000000 
63645.847656 	 15155.074219 	 67566.273438 	 67.889442 	 -20.927559 	 57.115025 	 1.000000 
63306.882812 	 14415.759766 	 68362.867188 	 27.693462 	 47.823063 	 -32.324379 	 1.000000 
62302.441406 	 13196.234375 	 67061.750000 	 9.203138 	 -11.071142 	 84.956703 	 1.000000 
64097.464844 	 12785.828125 	 66910.320312 	 -14.775843 	 107.236786 	 6.195318 	 1.000000 
62798.148438 	 14687.142578 	 68997.617188 	 93.889175 	 30.597824 	 -4.120088 	 1.000000 
61629.207031 	 13964.983398 	 69150.625000 	 60.837273 	 60.695747 	 -27.530752 	 1.000000 
63024.921875 	 14743.045898 	 67834.960938 	 130.130371 	 -59.431244 	 -5.479607 	 1.000000 
62598.828125 	 12448.208984 	 68265.554688 	 5.421849 	 125.241310 	 -34.319660 	 1.000000 
61682.234375 	 13460.125000 	 67036.664062 	 -35.199383 	 57.378834 	 -34.129623 	 1.000000 
63443.015625 	 14467.583984 	 68660.406250 	 105.134964 	 21.159765 	 -19.328199 	 1.000000 
63004.281250 	 14132.844727 	 67894.164062 	 88.214485 	 46.271473 	 -139.491058 	 1.000000 
62696.519531 	 14433.514648 	 66635.695312 	 -5.543851 	 24.714529 	 78.535774 	 1.000000 
63958.023438 	 15255.095703 	 67490.585938 	 60.458359 	 4.551649 	 37.096001 	 1.000000 
63944.558594 	 15235.518555 	 67512.187500 	 59.146320 	 1.096777 	 20.005398 	 1.000000 
61732.792969 	 14106.245117 	 68087.273438 	 87.474113 	 -6.985111 	 -33.601822 	 1.000000 
61384.886719 	 13318.485352 	 67164.562500 	 66.984825 	 14.011869 	 -85.221657 	 1.000000 
63463.605469 	 13129.029297 	 67042.820312 	 -34.814671 	 124.133438 	 15.008862 	 1.000000 
61607.457031 	 13219.979492 	 66979.765625 	 -50.605873 	 127.887482 	 13.698293 	 1.000000 
62494.113281 	 14353.807617 	 65997.585938 	 39.074619 	 -32.775692 	 40.531097 	 1.000000 
64456.832031 	 13458.437500 	 67886.257812 	 -4.259516 	 93.292671 	 61.350193 	 1.000000 
61799.519531 	 13232.429688 	 67049.867188 	 -115.699402 	 89.162567 	 12.047500 	 1.000000 
61788.921875 	 13239.591797 	 67041.257812 	 -34.807629 	 129.728134 	 -44.593296 	 1.000000 
61935.640625 	 13192.464844 	 67264.242188 	 -64.248451 	 25.967319 	 61.640610 	 1.000000 
61964.957031 	 14010.483398 	 65795.968750 	 32.501572 	 -36.653690 	 21.530441 	 1.000000 
63105.382812 	 13423.645508 	 68302.007812 	 22.309635 	 126.263611 	 -50.220211 	 1.000000 
62514.789062 	 13499.353516 	 67058.343750 	 27.725319 	 -8.318478 	 96.415245 	 1.000000 
62627.742188 	 14767.930664 	 68049.859375 	 119.176788 	 -35.330112 	 7.481551 	 1.000000 
64009.117188 	 15001.391602 	 68955.804688 	 110.428604 	 120.027069 	 -31.523556 	 1.000000 
62657.414062 	 13919.297852 	 67431.992188 	 88.440712 	 173.155640 	 -67.963753 	 1.000000 
62421.695312 	 13308.887695 	 67288.835938 	 11.808574 	 23.723524 	 17.157385 	 1.000000 
63507.882812 	 14993.333984 	 68231.921875 	 13.010887 	 43.797005 	 53.835430 	 1.000000 
62893.273438 	 12763.080078 	 68941.437500 	 37.758877 	 111.382912 	 -24.103367 	 1.000000 
63945.085938 	 13726.591797 	 68423.976562 	 -31.965996 	 135.213287 	 38.176613 	 1.000000 
61974.957031 	 13355.679688 	 66784.742188 	 -37.910793 	 -4.834237 	 83.355621 	 1.000000 
63359.921875 	 14923.877930 	 69212.664062 	 110.096443 	 50.515396 	 6.019094 	 1.000000 
61990.828125 	 12811.698242 	 66895.351562 	 95.335228 	 1.346628 	 -69.216324 	 1.000000 
62270.765625 	 13345.109375 	 67471.929688 	 -31.522070 	 152.639999 	 -24.498837 	 1.000000 
64099.746094 	 14635.498047 	 68567.820312 	 70.591415 	 59.560940 	 0.534866 	 1.000000 
62993.648438 	 13883.621094 	 67839.125000 	 99.979172 	 128.496979 	 27.367546 	 1.000000 
63771.550781 	 15847.332031 	 67950.007812 	 75.533775 	 13.368240 	 94.277763 	 1.000000 
62439.398438 	 13569.136719 	 68008.515625 	 68.671761 	 108.599670 	 -101.228539 	 1.000000 
63428.625000 	 14299.625000 	 68647.734375 	 26.650736 	 63.024048 	 -12.498024 	 1.000000 
62713.265625 	 13996.498047 	 67842.039062 	 145.109314 	 -39.135406 	 -97.596832 	 1.000000 
63807.414062 	 14632.455078 	 68529.054688 	 92.208801 	 75.663239 	 -40.587631 	 1.000000 
61615.699219 	 13422.326172 	 66781.398438 	 -9.888371 	 77.479294 	 -47.881546 	 1.000000 
61813.398438 	 13383.042969 	 66509.671875 	 0.631859 	 54.936687 	 -33.113750 	 1.000000 
62982.656250 	 14669.833984 	 68608.953125 	 107.769798 	 34.462708 	 -30.084051 	 1.000000 
63477.363281 	 14874.517578 	 67696.046875 	 121.933357 	 -55.537529 	 9.034503 	 1.000000 
64403.476562 	 13708.833984 	 68131.171875 	 -4.453468 	 82.175034 	 72.031662 	 1.000000 
64367.832031 	 14056.136719 	 68971.625000 	 50.577286 	 146.867783 	 5.022622 	 1.000000 
62831.570312 	 13345.418945 	 68416.070312 	 27.039310 	 132.141769 	 -51.637321 	 1.000000 
63144.359375 	 14171.530273 	 67802.898438 	 -67.029053 	 110.768532 	 -38.850353 	 1.000000 
64158.562500 	 15230.096680 	 68757.906250 	 80.499908 	 39.770405 	 60.371243 	 1.000000 
62048.878906 	 13989.099609 	 68395.890625 	 82.913017 	 54.336739 	 -61.918163 	 1.000000 
64110.105469 	 15050.706055 	 68937.765625 	 89.147629 	 118.836586 	 -1.958882 	 1.000000 
62470.292969 	 14598.885742 	 65922.367188 	 1.987266 	 -1.126407 	 46.994816 	 1.000000 
63077.820312 	 12826.937500 	 69017.078125 	 34.510464 	 109.853554 	 -21.265079 	 1.000000 
61845.066406 	 13649.055664 	 65893.757812 	 19.581516 	 -28.632343 	 24.702900 	 1.000000 
62148.691406 	 14441.663086 	 65674.320312 	 35.958019 	 -49.055046 	 18.639162 	 1.000000 
61754.339844 	 13094.991211 	 67171.531250 	 -50.001816 	 117.523315 	 -26.817415 	 1.000000 
61948.171875 	 13762.871094 	 66120.914062 	 23.692638 	 -28.558428 	 29.583277 	 1.000000 
64648.136719 	 13515.643555 	 67993.265625 	 1.447236 	 100.228340 	 66.224022 	 1.000000 
63355.234375 	 13558.016602 	 68726.148438 	 35.330353 	 126.074875 	 -31.011154 	 1.000000 
63499.074219 	 14870.407227 	 69120.593750 	 101.660927 	 47.580578 	 0.010925 	 1.000000 
61074.898438 	 13945.242188 	 68019.695312 	 52.886993 	 -5.514824 	 -37.992355 	 1.000000 
62212.687500 	 13331.758789 	 66784.890625 	 60.216309 	 60.852913 	 -99.392853 	 1.000000 
62731.113281 	 14901.066406 	 68051.671875 	 117.019745 	 -40.784431 	 13.240965 	 1.000000 
63866.812500 	 14881.683594 	 68756.304688 	 100.061127 	 98.794388 	 -39.342957 	 1.000000 
62013.718750 	 13393.275391 	 66707.968750 	 25.958025 	 52.416874 	 -3.304566 	 1.000000 
62448.703125 	 13751.676758 	 66979.585938 	 36.141674 	 38.829121 	 17.910131 	 1.000000 
63402.292969 	 15083.202148 	 67604.703125 	 49.063000 	 -35.641727 	 54.009384 	 1.000000 
63623.945312 	 14777.378906 	 68494.351562 	 30.996593 	 56.683022 	 17.181881 	 1.000000 
62565.628906 	 14937.343750 	 68321.804688 	 108.048790 	 -16.558323 	 3.531625 	 1.000000 
63313.722656 	 15191.615234 	 66370.593750 	 16.296608 	 28.322367 	 59.938877 	 1.000000 
63805.750000 	 13973.237305 	 68317.757812 	 7.465564 	 148.938843 	 -6.067924 	 1.000000 
62922.667969 	 13262.228516 	 68249.867188 	 25.664679 	 130.687729 	 -51.870216 	 1.000000 
61847.472656 	 13922.553711 	 65965.007812 	 22.000425 	 -39.269650 	 26.612183 	 1.000000 
62495.781250 	 13748.308594 	 67081.945312 	 32.186699 	 36.188156 	 30.162275 	 1.000000 
62124.539062 	 13906.511719 	 66115.609375 	 30.749508 	 -30.408199 	 33.561836 	 1.000000 
62419.359375 	 14448.657227 	 66447.195312 	 49.430367 	 -36.396053 	 52.650631 	 1.000000 
63901.847656 	 13733.214844 	 68422.789062 	 -30.954409 	 130.994217 	 39.000031 	 1.000000 
62833.527344 	 13782.639648 	 67834.757812 	 98.835548 	 102.623032 	 59.316189 	 1.000000 
62759.734375 	 14816.215820 	 68190.257812 	 110.709831 	 -26.907249 	 -3.085896 	 1.000000 
62791.082031 	 13676.611328 	 67665.664062 	 49.554306 	 45.173431 	 -122.554337 	 1.000000 
63084.835938 	 14043.898438 	 67872.359375 	 91.684425 	 132.761459 	 -13.384675 	 1.000000 
62872.265625 	 14061.813477 	 67747.125000 	 -30.629240 	 -46.790600 	 -130.357681 	 1.000000 
63823.574219 	 13960.938477 	 68381.671875 	 -4.686803 	 150.655548 	 -3.897825 	 1.000000 
64954.726562 	 14096.398438 	 67199.078125 	 23.317520 	 78.566025 	 60.456135 	 0.000000 
64067.171875 	 14984.585938 	 68976.109375 	 103.003326 	 133.782349 	 -28.747229 	 1.000000 
63399.417969 	 15100.704102 	 69185.062500 	 111.576385 	 63.262577 	 1.991552 	 1.000000 
61952.656250 	 13990.760742 	 68604.656250 	 77.838020 	 56.753105 	 -54.754639 	 1.000000 
64015.636719 	 15777.085938 	 67906.078125 	 84.881386 	 32.236530 	 40.965946 	 1.000000 
62955.550781 	 13140.061523 	 67459.125000 	 -65.356720 	 111.976532 	 47.677685 	 1.000000 
62488.312500 	 14508.384766 	 67441.234375 	 65.664513 	 -13.494862 	 87.513252 	 1.000000 
62592.703125 	 14839.601562 	 68060.296875 	 118.624420 	 -38.027340 	 8.440737 	 1.000000 
62281.007812 	 13364.788086 	 66439.328125 	 23.865078 	 -24.254360 	 51.589306 	 1.000000 
63277.171875 	 14565.576172 	 67989.750000 	 40.626217 	 -10.343028 	 -9.965446 	 1.000000 
62777.242188 	 15602.708008 	 68229.351562 	 114.743416 	 -9.481564 	 33.990482 	 1.000000 
62069.296875 	 13086.285156 	 67158.929688 	 -29.682905 	 97.702530 	 -32.818405 	 1.000000 
62577.390625 	 12809.406250 	 66918.632812 	 -66.898300 	 81.927406 	 45.892170 	 1.000000 
62791.960938 	 13857.722656 	 67801.453125 	 -21.078184 	 144.735214 	 27.087435 	 1.000000 
62696.984375 	 13194.729492 	 67505.117188 	 -74.755829 	 130.924042 	 45.766285 	 1.000000 
63390.554688 	 14941.478516 	 69007.773438 	 113.277542 	 58.301189 	 -8.121336 	 1.000000 
63144.746094 	 14694.980469 	 68658.046875 	 105.500587 	 39.810234 	 -29.349573 	 1.000000 
61709.062500 	 13142.808594 	 66838.882812 	 87.242065 	 -2.331094 	 -93.350296 	 1.000000 
61737.890625 	 13033.402344 	 66527.398438 	 -8.701673 	 107.019211 	 -105.499542 	 1.000000 
63517.175781 	 14901.129883 	 67859.250000 	 48.573868 	 -49.380142 	 52.115688 	 1.000000 
62153.480469 	 13455.633789 	 67650.554688 	 145.342392 	 -5.586739 	 -40.392715 	 1.000000 
62611.695312 	 13912.644531 	 68379.882812 	 80.619873 	 85.118652 	 -83.293037 	 1.000000 
64366.093750 	 12993.496094 	 67063.937500 	 -3.245296 	 83.559608 	 42.165558 	 1.000000 
64385.808594 	 13003.518555 	 67085.218750 	 -8.964741 	 74.754532 	 39.312004 	 1.000000 
61719.312500 	 13815.708008 	 66254.257812 	 13.260943 	 -19.587160 	 38.045307 	 1.000000 
61710.394531 	 13828.382812 	 66266.312500 	 14.075976 	 -28.723383 	 31.108513 	 1.000000 
62036.812500 	 13269.258789 	 67199.445312 	 -61.113033 	 30.178389 	 80.954979 	 1.000000 
64380.777344 	 13714.672852 	 68246.648438 	 -9.742951 	 96.110222 	 64.447395 	 1.000000 
62287.152344 	 13646.529297 	 67004.140625 	 59.000107 	 99.976326 	 -76.356598 	 1.000000 
62145.546875 	 13689.335938 	 69159.703125 	 63.674282 	 78.447197 	 -42.769318 	 1.000000 
62799.828125 	 13767.579102 	 67493.757812 	 -98.654144 	 164.221893 	 36.885769 	 1.000000 
61543.746094 	 13669.395508 	 67708.429688 	 89.788185 	 -33.205185 	 -27.844482 	 1.000000 
63098.531250 	 14836.652344 	 69035.312500 	 105.423126 	 40.222523 	 -4.144781 	 1.000000 
62553.953125 	 14576.981445 	 66924.742188 	 17.873165 	 5.138631 	 91.929832 	 1.000000 
61670.792969 	 12841.691406 	 66832.820312 	 15.122944 	 -30.643507 	 -25.498995 	 1.000000 
62175.644531 	 13900.949219 	 68008.414062 	 98.243469 	 49.306469 	 -81.213600 	 1.000000 
62620.292969 	 14392.538086 	 67337.937500 	 94.610313 	 -21.659286 	 92.402901 	 1.000000 
63954.417969 	 14568.746094 	 68503.632812 	 61.474018 	 56.094097 	 -6.958503 	 1.000000 
63777.066406 	 14213.539062 	 68180.734375 	 14.060453 	 110.641304 	 -16.251835 	 1.000000 
64033.636719 	 15205.672852 	 67553.125000 	 74.115494 	 3.827172 	 22.661228 	 1.000000 
62231.683594 	 14201.007812 	 68135.890625 	 108.213280 	 -7.620480 	 -38.124203 	 1.000000 
63331.742188 	 14502.047852 	 68303.382812 	 104.728958 	 45.634304 	 -72.144981 	 1.000000 
63118.433594 	 13848.053711 	 67591.265625 	 -91.295822 	 127.845901 	 8.912849 	 1.000000 
63269.625000 	 15156.986328 	 65856.390625 	 19.037943 	 28.580366 	 43.327480 	 1.000000 
63393.367188 	 15058.860352 	 69407.562500 	 96.374184 	 61.199940 	 18.069326 	 1.000000 
63809.203125 	 15351.989258 	 67630.812500 	 42.359760 	 7.563414 	 62.286232 	 1.000000 
61690.074219 	 12935.020508 	 66645.796875 	 -17.779430 	 28.755533 	 -39.768829 	 1.000000 
64456.921875 	 13330.030273 	 66597.460938 	 2.996299 	 70.295067 	 44.977985 	 3.000000 
62358.171875 	 13573.715820 	 67629.937500 	 141.151062 	 0.205181 	 -41.769688 	 1.000000 
62404.437500 	 13355.208008 	 66834.531250 	 17.672758 	 -18.428310 	 76.605072 	 1.000000 
61911.226562 	 13257.880859 	 66922.023438 	 -36.139702 	 -15.385699 	 88.676216 	 1.000000 
62487.093750 	 13685.422852 	 67055.554688 	 32.038055 	 70.731178 	 10.886799 	 1.000000 
62160.675781 	 13347.258789 	 67158.882812 	 10.798574 	 24.627077 	 -33.110714 	 1.000000 
62412.785156 	 13817.608398 	 67102.773438 	 44.085804 	 89.361702 	 -44.373768 	 1.000000 
63175.867188 	 14304.295898 	 67509.484375 	 -35.558525 	 56.454247 	 -89.220367 	 1.000000 
63378.152344 	 14705.712891 	 69013.882812 	 30.798563 	 72.163376 	 36.340950 	 1.000000 
63324.007812 	 13263.988281 	 68775.273438 	 36.147602 	 122.230957 	 -30.434978 	 1.000000 
62370.218750 	 12605.668945 	 67601.250000 	 -15.532635 	 138.445496 	 -51.737938 	 1.000000 
62293.328125 	 14240.236328 	 65686.570312 	 17.109690 	 -35.988533 	 7.665260 	 1.000000 
63437.285156 	 15150.774414 	 68480.648438 	 118.292213 	 -4.892303 	 12.233055 	 1.000000 
61642.578125 	 13207.789062 	 66934.585938 	 -63.250038 	 68.861412 	 62.441875 	 1.000000 
62765.921875 	 12756.951172 	 66725.804688 	 -61.216492 	 73.888824 	 43.987423 	 1.000000 
62738.324219 	 12813.610352 	 67694.007812 	 -19.170744 	 146.849106 	 -37.032604 	 1.000000 
62890.460938 	 14035.069336 	 67736.406250 	 102.972855 	 37.002987 	 -197.320923 	 1.000000 
63886.558594 	 15510.096680 	 67828.703125 	 61.093105 	 -2.504989 	 75.471329 	 1.000000 
63779.152344 	 15221.620117 	 67755.031250 	 84.148445 	 -12.068039 	 31.285526 	 1.000000 
63450.191406 	 15401.050781 	 67769.273438 	 79.188194 	 -8.543202 	 34.433552 	 1.000000 
61503.039062 	 13751.814453 	 67724.460938 	 77.848480 	 -28.869068 	 -47.805988 	 1.000000 
63295.207031 	 14515.325195 	 68245.632812 	 101.156357 	 55.090199 	 -73.459450 	 1.000000 
62694.308594 	 13684.160156 	 67270.804688 	 -89.540016 	 150.839310 	 62.155819 	 1.000000 
63389.101562 	 14125.877930 	 67699.742188 	 -2.758572 	 52.485493 	 -79.006592 	 1.000000 
62364.660156 	 14454.280273 	 66082.375000 	 43.563171 	 -46.663120 	 38.184494 	 1.000000 
63718.507812 	 13927.632812 	 67965.117188 	 -11.990126 	 116.370651 	 38.417694 	 1.000000 
62321.878906 	 12596.869141 	 68250.031250 	 20.524664 	 117.155716 	 -50.905422 	 1.000000 
62882.515625 	 15001.825195 	 66991.429688 	 31.297472 	 -17.313805 	 89.555717 	 1.000000 
63040.554688 	 14623.380859 	 67379.335938 	 47.608070 	 0.811598 	 58.373646 	 1.000000 
62605.589844 	 14328.744141 	 66325.742188 	 36.108421 	 -18.405571 	 54.785938 	 1.000000 
63955.777344 	 13979.095703 	 68465.789062 	 -23.869308 	 127.673653 	 5.352568 	 1.000000 
64048.816406 	 12928.655273 	 67383.390625 	 -14.379515 	 98.431412 	 41.487110 	 1.000000 
63695.910156 	 14732.608398 	 68721.375000 	 57.460346 	 50.361691 	 18.248629 	 1.000000 
62571.796875 	 14739.649414 	 66324.125000 	 14.987072 	 -5.003682 	 61.230644 	 1.000000 
61660.152344 	 14530.679688 	 68580.851562 	 78.522629 	 25.140974 	 -22.199873 	 2.000000 
64668.968750 	 13703.043945 	 68133.914062 	 7.258369 	 88.785393 	 70.835686 	 1.000000 
63457.449219 	 14003.684570 	 67472.453125 	 -0.970279 	 60.285259 	 -43.929554 	 1.000000 
62911.132812 	 12919.661133 	 68672.335938 	 34.927612 	 115.591362 	 -31.990427 	 1.000000 
61717.140625 	 13607.103516 	 66372.320312 	 12.457725 	 -27.164915 	 40.308552 	 1.000000 
63604.464844 	 15107.122070 	 67552.273438 	 57.940716 	 -22.571169 	 60.278397 	 1.000000 
63745.757812 	 15386.662109 	 67740.875000 	 32.585892 	 -7.370584 	 18.593056 	 1.000000 
61352.687500 	 13477.513672 	 67778.726562 	 76.323059 	 -22.488209 	 -30.842134 	 1.000000 
61407.882812 	 13678.210938 	 67655.773438 	 87.162415 	 -24.737400 	 -25.267841 	 1.000000 
61204.910156 	 13669.884766 	 67871.898438 	 79.244377 	 -57.343704 	 -4.111217 	 1.000000 
62122.550781 	 12994.881836 	 66476.218750 	 57.639450 	 -6.386487 	 -59.369209 	 1.000000 
63032.230469 	 13355.312500 	 68298.460938 	 22.389484 	 132.833145 	 -51.153748 	 1.000000 
62372.917969 	 13714.770508 	 67237.406250 	 50.989166 	 124.841278 	 -73.370911 	 1.000000 
63997.476562 	 15558.820312 	 67849.445312 	 83.063477 	 -5.298777 	 72.856949 	 1.000000 
63746.800781 	 15169.951172 	 68384.101562 	 20.505667 	 55.052845 	 67.524933 	 1.000000 
62435.515625 	 14503.463867 	 67408.843750 	 56.910385 	 -2.948888 	 88.938560 	 1.000000 
62336.179688 	 13598.225586 	 67033.734375 	 5.241759 	 113.402878 	 -81.944603 	 1.000000 
62288.937500 	 14230.819336 	 67057.117188 	 54.617107 	 -17.076532 	 79.294350 	 1.000000 
62386.058594 	 14541.021484 	 65587.234375 	 -6.799741 	 -0.699769 	 37.606033 	 1.000000 
63012.312500 	 13750.769531 	 67770.703125 	 38.364956 	 118.805908 	 37.574795 	 1.000000 
61365.460938 	 13722.062500 	 67641.242188 	 79.008255 	 -35.512928 	 -36.140030 	 1.000000 
62902.917969 	 14011.280273 	 67708.078125 	 89.923050 	 -44.138996 	 -133.605209 	 1.000000 
63461.316406 	 14765.736328 	 68189.523438 	 28.136452 	 51.485882 	 -23.157160 	 1.000000 
61856.601562 	 13466.591797 	 67151.281250 	 -24.348177 	 61.382965 	 -15.383965 	 1.000000 
62932.812500 	 13367.730469 	 68532.281250 	 25.038746 	 130.149612 	 -43.152870 	 1.000000 
61952.535156 	 13812.027344 	 66392.171875 	 28.224007 	 -30.957838 	 44.898300 	 1.000000 
62238.167969 	 14275.091797 	 65591.312500 	 41.311672 	 -33.451340 	 37.190777 	 1.000000 
61511.605469 	 13567.352539 	 67575.140625 	 94.288338 	 -32.035820 	 -36.584370 	 1.000000 
62349.367188 	 13466.694336 	 67592.281250 	 91.057892 	 24.883572 	 32.742989 	 1.000000 
61190.582031 	 13289.033203 	 67487.187500 	 74.404114 	 -37.392029 	 -12.881592 	 1.000000 
62362.464844 	 13716.575195 	 66968.304688 	 43.691761 	 116.291428 	 -46.171337 	 1.000000 
64025.601562 	 13647.509766 	 68195.796875 	 -16.176842 	 118.744392 	 67.943741 	 1.000000 
64192.171875 	 14105.691406 	 68296.351562 	 -0.672682 	 124.887383 	 12.096490 	 1.000000 
61440.269531 	 13059.075195 	 66991.296875 	 -53.605721 	 26.012276 	 8.369718 	 1.000000 
62506.066406 	 14556.113281 	 66964.843750 	 25.407984 	 3.408726 	 89.246704 	 1.000000 
63767.277344 	 15335.353516 	 67954.023438 	 45.106098 	 -5.445382 	 68.816406 	 1.000000 
62420.816406 	 14508.332031 	 67901.335938 	 127.363899 	 -47.009228 	 9.895082 	 1.000000 
62152.003906 	 13071.884766 	 67134.148438 	 89.772217 	 -18.756254 	 -50.974213 	 1.000000 
62526.304688 	 13671.481445 	 66758.539062 	 41.669941 	 58.797775 	 -48.599907 	 1.000000 
64449.054688 	 14040.947266 	 68649.640625 	 23.616251 	 137.457489 	 26.262835 	 1.000000 
62234.109375 	 13572.433594 	 67254.625000 	 -28.264393 	 79.176819 	 56.776138 	 1.000000 
63478.609375 	 14339.562500 	 68730.945312 	 21.930149 	 56.220104 	 9.045746 	 1.000000 
62443.531250 	 14540.240234 	 68534.609375 	 109.453484 	 -11.941009 	 -8.204796 	 1.000000 
62562.054688 	 13096.400391 	 67479.765625 	 -70.858322 	 129.162582 	 44.103065 	 1.000000 
61938.648438 	 13395.108398 	 67147.148438 	 -80.402817 	 122.886353 	 14.439140 	 1.000000 
62358.003906 	 12535.645508 	 67844.585938 	 -4.600178 	 130.232849 	 -51.607094 	 1.000000 
62481.648438 	 13635.958984 	 67689.539062 	 80.921715 	 123.092819 	 -129.766083 	 1.000000 
62481.582031 	 14499.128906 	 68629.656250 	 107.637436 	 15.410741 	 -19.725086 	 1.000000 
61798.832031 	 12813.789062 	 67028.312500 	 -7.789116 	 62.202538 	 -70.997871 	 1.000000 
62125.304688 	 13717.980469 	 67221.375000 	 77.279472 	 29.703604 	 -15.187581 	 1.000000 
62296.105469 	 14285.959961 	 67115.406250 	 60.304798 	 -23.355160 	 80.223671 	 1.000000 
63417.199219 	 14324.494141 	 67837.671875 	 3.200083 	 3.189285 	 1.206291 	 1.000000 
61419.292969 	 13720.273438 	 67688.109375 	 85.984299 	 -22.521776 	 -31.868208 	 1.000000 
61942.906250 	 13171.106445 	 67302.835938 	 -68.155937 	 131.397781 	 -12.427939 	 1.000000 
63423.886719 	 14673.864258 	 68658.890625 	 108.136314 	 50.754570 	 -38.380249 	 1.000000 
63018.277344 	 14126.338867 	 67402.515625 	 45.799015 	 114.527893 	 73.054062 	 1.000000 
62745.191406 	 13038.146484 	 68146.734375 	 29.719309 	 129.755600 	 -56.816936 	 1.000000 
62537.660156 	 12368.242188 	 68254.851562 	 5.409173 	 131.389969 	 -33.920673 	 1.000000 
63253.097656 	 14215.373047 	 68019.609375 	 73.365456 	 -22.061117 	 -45.754513 	 1.000000 
62399.757812 	 13738.770508 	 67032.484375 	 35.307178 	 98.072792 	 -24.507076 	 1.000000 
64040.996094 	 12677.673828 	 67068.539062 	 -16.617281 	 91.625298 	 16.151997 	 1.000000 
61685.007812 	 12971.660156 	 67184.546875 	 -14.969110 	 3.665013 	 58.188091 	 1.000000 
63113.753906 	 14092.163086 	 67492.359375 	 -69.630173 	 48.524487 	 -81.107780 	 1.000000 
62882.437500 	 13392.233398 	 68318.671875 	 30.058073 	 132.529922 	 -50.117737 	 1.000000 
62164.390625 	 13499.222656 	 66782.257812 	 -46.229511 	 12.203959 	 83.427597 	 1.000000 
63776.910156 	 14882.682617 	 66447.890625 	 10.701920 	 46.195641 	 61.918667 	 1.000000 
63426.960938 	 14456.267578 	 68254.750000 	 104.445564 	 39.083237 	 -70.422745 	 1.000000 
63153.355469 	 14497.519531 	 68435.500000 	 106.802155 	 30.269091 	 -47.579884 	 1.000000 
62512.781250 	 13878.422852 	 68557.414062 	 77.110565 	 83.224541 	 -71.626694 	 1.000000 
62777.273438 	 13702.104492 	 67740.796875 	 14.494637 	 133.867004 	 11.156016 	 1.000000 
61648.980469 	 13445.390625 	 66816.671875 	 -9.277097 	 67.645882 	 -27.834009 	 1.000000 
64109.785156 	 14711.563477 	 68667.406250 	 77.436539 	 61.129719 	 1.729334 	 1.000000 
61969.640625 	 13734.622070 	 67323.703125 	 22.002844 	 34.498783 	 31.452108 	 1.000000 
62694.371094 	 13585.083984 	 67699.273438 	 30.973566 	 101.986465 	 4.143890 	 1.000000 
62604.074219 	 13558.958984 	 67416.859375 	 -86.825699 	 199.923157 	 33.668037 	 1.000000 
63062.792969 	 13815.009766 	 67504.843750 	 -86.752060 	 185.085693 	 8.878957 	 1.000000 
62394.324219 	 13399.663086 	 66894.960938 	 -69.455482 	 132.338898 	 34.518246 	 1.000000 
62617.015625 	 14622.624023 	 66961.468750 	 7.462881 	 2.769836 	 90.959366 	 1.000000 
63787.199219 	 14406.502930 	 68350.359375 	 35.610840 	 29.232824 	 20.176069 	 1.000000 
63164.171875 	 14303.637695 	 67807.617188 	 -32.673546 	 39.087639 	 -65.230919 	 1.000000 
62178.867188 	 14152.546875 	 68242.546875 	 96.797226 	 35.922779 	 -60.269207 	 1.000000 
61533.378906 	 13259.770508 	 67239.023438 	 -28.051802 	 29.277943 	 16.398985 	 1.000000 
63183.128906 	 15835.118164 	 68207.617188 	 121.261032 	 -3.416453 	 42.914192 	 1.000000 
62844.800781 	 14068.354492 	 67350.304688 	 82.058014 	 50.524258 	 107.369438 	 1.000000 
62109.832031 	 12702.688477 	 66821.031250 	 -90.304405 	 103.424156 	 29.672806 	 1.000000 
61970.445312 	 13198.714844 	 66902.859375 	 72.809402 	 45.944706 	 -123.962311 	 1.000000 
61553.859375 	 13195.475586 	 66937.148438 	 -15.983010 	 -8.657744 	 4.038351 	 1.000000 
63246.925781 	 12649.205078 	 66562.601562 	 -34.661709 	 108.787064 	 -6.464166 	 4.000000 
64008.785156 	 14952.374023 	 69035.710938 	 95.861740 	 110.379150 	 -26.538219 	 1.000000 
63241.917969 	 12535.905273 	 68131.164062 	 -5.789431 	 137.808945 	 -9.953334 	 5.000000 
62305.000000 	 14015.652344 	 66891.773438 	 52.184441 	 -24.481609 	 71.265633 	 1.000000 
62754.253906 	 14458.429688 	 66604.117188 	 -13.237909 	 24.151167 	 79.353958 	 1.000000 
61347.011719 	 13598.416992 	 67714.640625 	 82.231674 	 -10.054742 	 -33.785778 	 1.000000 
62883.515625 	 14388.224609 	 67420.601562 	 112.226151 	 -9.611613 	 127.599831 	 1.000000 
63930.332031 	 12859.562500 	 67196.343750 	 -13.659336 	 86.123878 	 43.663651 	 1.000000 
63198.984375 	 15092.074219 	 66392.257812 	 14.124979 	 25.576569 	 62.461800 	 1.000000 
63179.187500 	 14194.848633 	 67996.718750 	 82.427063 	 -30.100435 	 -54.171188 	 1.000000 
64029.148438 	 15020.236328 	 69122.140625 	 72.431633 	 94.198715 	 26.867538 	 1.000000 
64076.500000 	 15802.487305 	 67917.890625 	 71.012825 	 44.502808 	 49.624325 	 1.000000 
62168.308594 	 13107.753906 	 67173.500000 	 107.700943 	 -12.442879 	 -57.732609 	 1.000000 
62636.371094 	 13801.152344 	 67518.117188 	 -98.968559 	 183.213623 	 0.879452 	 1.000000 
62256.527344 	 15171.590820 	 68405.953125 	 108.624916 	 -13.081469 	 21.480295 	 1.000000 
62811.644531 	 13945.533203 	 67785.960938 	 -110.169609 	 4.105888 	 10.299406 	 1.000000 
62227.343750 	 13539.319336 	 66129.976562 	 20.453547 	 -23.838690 	 36.667221 	 1.000000 
63319.718750 	 14341.041992 	 68391.703125 	 26.868172 	 38.346004 	 -24.883072 	 1.000000 
62386.292969 	 13525.452148 	 67255.179688 	 59.250168 	 27.196360 	 -7.872566 	 1.000000 
64269.820312 	 13947.427734 	 68628.507812 	 -6.612249 	 131.356247 	 39.117332 	 1.000000 
63903.617188 	 14893.645508 	 68567.914062 	 77.053635 	 88.157822 	 -24.054596 	 1.000000 
64691.503906 	 14269.007812 	 68713.632812 	 51.064198 	 112.617386 	 22.447426 	 1.000000 
62310.589844 	 13662.956055 	 67088.906250 	 44.254265 	 105.136581 	 -81.673080 	 1.000000 
64231.492188 	 14146.436523 	 68714.945312 	 50.387123 	 126.693367 	 -8.306978 	 1.000000 
63357.785156 	 14476.153320 	 66452.000000 	 -11.406862 	 47.442337 	 61.824635 	 1.000000 
62894.507812 	 14018.069336 	 67781.210938 	 98.055168 	 52.694485 	 -186.151550 	 1.000000 
63324.039062 	 14681.930664 	 68127.343750 	 102.135895 	 -22.981665 	 -15.167953 	 1.000000 
63988.718750 	 12880.983398 	 67250.742188 	 -15.604782 	 90.923332 	 40.044106 	 1.000000 
64623.769531 	 13790.158203 	 68336.031250 	 5.284645 	 94.515221 	 64.576286 	 1.000000 
62733.464844 	 14701.665039 	 67628.484375 	 94.166084 	 -2.566980 	 88.319145 	 1.000000 
64323.125000 	 14212.449219 	 68696.687500 	 51.860653 	 125.891663 	 -4.445667 	 1.000000 
64313.085938 	 14009.932617 	 68538.023438 	 5.578437 	 111.477264 	 26.814968 	 1.000000 
62550.117188 	 15140.289062 	 68640.343750 	 104.319733 	 -3.228160 	 11.270758 	 1.000000 
62513.210938 	 13581.545898 	 67655.351562 	 22.357370 	 171.312332 	 -103.618172 	 1.000000 
61852.324219 	 12615.590820 	 67010.156250 	 -14.198793 	 64.800606 	 -46.681419 	 1.000000 
63038.507812 	 14895.571289 	 68971.351562 	 108.011215 	 43.684792 	 -4.634821 	 1.000000 
61804.949219 	 13125.199219 	 68137.804688 	 52.661732 	 80.946358 	 -78.786827 	 0.000000 
62650.480469 	 13504.125000 	 68836.632812 	 60.719151 	 96.395233 	 -54.329182 	 1.000000 
61731.726562 	 13894.387695 	 65961.968750 	 -2.873066 	 -22.893951 	 30.812670 	 1.000000 
62266.773438 	 13130.961914 	 67198.187500 	 0.485836 	 -2.924445 	 83.435646 	 1.000000 
63699.425781 	 14006.904297 	 67864.609375 	 -16.167490 	 120.883598 	 31.629747 	 1.000000 
63143.488281 	 13113.854492 	 68609.210938 	 31.533150 	 121.575439 	 -35.664871 	 1.000000 
62112.878906 	 14555.869141 	 65659.828125 	 39.738655 	 -42.960728 	 18.112579 	 1.000000 
62391.226562 	 15000.785156 	 68694.703125 	 106.585587 	 -1.305061 	 9.845778 	 1.000000 
61321.589844 	 13513.226562 	 67760.195312 	 79.100304 	 -15.951117 	 -40.107567 	 1.000000 
61716.234375 	 13338.392578 	 66987.554688 	 -20.737797 	 102.549828 	 -41.333675 	 1.000000 
63015.074219 	 14665.100586 	 68405.382812 	 17.584360 	 57.993336 	 -25.705114 	 1.000000 
63273.527344 	 14017.497070 	 67741.828125 	 -57.837772 	 116.496422 	 -12.436389 	 1.000000 
62388.886719 	 13703.978516 	 67204.007812 	 38.361626 	 116.580589 	 -64.105339 	 1.000000 
61247.832031 	 13752.184570 	 67880.109375 	 80.281052 	 -59.783161 	 -2.327444 	 1.000000 
62369.347656 	 13679.490234 	 67484.945312 	 109.670128 	 -36.061604 	 -3.731505 	 1.000000 
63334.390625 	 12546.615234 	 66490.507812 	 -35.503979 	 71.903496 	 30.147610 	 4.000000 
64758.148438 	 13826.536133 	 68338.585938 	 9.796299 	 90.746506 	 69.097450 	 1.000000 
64143.667969 	 15070.729492 	 68509.476562 	 65.183662 	 36.453728 	 54.433464 	 1.000000 
62299.769531 	 13939.030273 	 66245.171875 	 23.654610 	 -15.178521 	 46.175411 	 1.000000 
61259.871094 	 14687.913086 	 68569.671875 	 82.468513 	 -19.514269 	 17.726307 	 2.000000 
62677.558594 	 14020.588867 	 67749.945312 	 157.832947 	 -56.712769 	 -85.634537 	 1.000000 
62700.402344 	 14431.280273 	 68333.406250 	 105.806000 	 26.276108 	 -51.987583 	 1.000000 
61561.031250 	 12979.893555 	 67093.289062 	 49.662533 	 72.735313 	 -125.351257 	 1.000000 
64556.832031 	 14119.297852 	 68817.046875 	 59.022160 	 110.188911 	 28.583708 	 1.000000 
64338.445312 	 14097.902344 	 68657.000000 	 40.775928 	 149.974884 	 -5.237081 	 1.000000 
62518.335938 	 13607.409180 	 67353.726562 	 69.995804 	 76.111671 	 17.391075 	 1.000000 
63417.773438 	 14151.439453 	 68456.281250 	 45.731995 	 18.878027 	 1.505476 	 1.000000 
63633.027344 	 13339.364258 	 69094.914062 	 47.911633 	 122.288437 	 -13.846925 	 1.000000 
62305.546875 	 13418.750977 	 66754.031250 	 26.182747 	 -23.903027 	 72.577652 	 1.000000 
61850.988281 	 14868.916992 	 69003.375000 	 87.100662 	 29.419950 	 -5.021689 	 1.000000 
63608.847656 	 13907.292969 	 67820.187500 	 -36.727619 	 145.337311 	 31.289886 	 1.000000 
64060.976562 	 14985.719727 	 68933.656250 	 101.905479 	 115.442154 	 -22.164135 	 1.000000 
62357.550781 	 13633.827148 	 66940.273438 	 17.121777 	 74.458885 	 -61.450191 	 1.000000 
63198.652344 	 14400.456055 	 66320.460938 	 -15.729449 	 42.847641 	 57.357052 	 1.000000 
63516.492188 	 14673.808594 	 66449.265625 	 -1.775221 	 45.582737 	 64.286499 	 1.000000 
62273.222656 	 14198.058594 	 66064.312500 	 43.123756 	 -29.624647 	 30.743286 	 1.000000 
62780.207031 	 14509.394531 	 67530.179688 	 101.116302 	 -59.014320 	 118.681519 	 1.000000 
63858.074219 	 15287.142578 	 67574.531250 	 47.757389 	 5.003079 	 51.341618 	 1.000000 
62935.046875 	 14404.489258 	 67325.445312 	 0.134124 	 -37.826893 	 81.683098 	 1.000000 
62757.687500 	 14651.971680 	 68951.578125 	 99.398888 	 3.388516 	 9.084456 	 1.000000 
62093.585938 	 14769.176758 	 69161.679688 	 93.382431 	 35.707294 	 2.215694 	 1.000000 
62325.601562 	 14576.379883 	 67884.593750 	 123.088165 	 -44.656883 	 13.947280 	 1.000000 
62667.277344 	 13116.226562 	 67443.507812 	 -70.562515 	 109.653923 	 61.138264 	 1.000000 
62459.511719 	 13583.487305 	 67355.507812 	 55.153316 	 92.022980 	 -12.308583 	 1.000000 
63468.726562 	 14363.818359 	 68005.312500 	 3.500068 	 51.205208 	 -30.347933 	 1.000000 
63003.828125 	 14552.738281 	 66500.390625 	 -7.482417 	 28.356400 	 70.656670 	 1.000000 
62470.722656 	 14680.627930 	 65899.726562 	 16.527073 	 -17.816031 	 47.506973 	 1.000000 
63458.667969 	 14217.410156 	 67940.085938 	 65.218773 	 53.506145 	 -82.909050 	 1.000000 
62686.488281 	 14129.468750 	 67102.289062 	 55.174454 	 -10.472222 	 108.212891 	 1.000000 
61590.925781 	 12994.726562 	 67678.281250 	 38.878555 	 88.835243 	 -96.306938 	 1.000000 
62886.726562 	 13601.734375 	 67233.750000 	 -74.639641 	 157.364273 	 48.095657 	 1.000000 
61564.523438 	 13212.499023 	 67233.234375 	 -38.280933 	 33.074520 	 9.493868 	 1.000000 
63407.125000 	 14556.262695 	 68531.125000 	 43.609138 	 31.449038 	 -4.185847 	 1.000000 
63006.093750 	 14578.086914 	 68216.406250 	 20.808380 	 29.013449 	 -29.867720 	 1.000000 
63778.175781 	 14826.737305 	 68682.765625 	 17.686686 	 115.738449 	 17.699646 	 1.000000 
62715.761719 	 14004.020508 	 67697.742188 	 179.015076 	 -65.915573 	 -96.950142 	 1.000000 
62830.859375 	 14275.969727 	 67116.062500 	 69.391396 	 -18.976620 	 113.162094 	 1.000000 
62661.152344 	 13483.927734 	 67238.781250 	 24.278393 	 10.422890 	 105.605309 	 1.000000 
62769.781250 	 13351.591797 	 67402.906250 	 96.267471 	 41.669170 	 6.274312 	 1.000000 
61822.117188 	 14839.423828 	 68997.414062 	 85.239632 	 36.038067 	 -2.950140 	 1.000000 
61680.097656 	 12960.798828 	 67094.070312 	 -19.352285 	 -5.130505 	 68.053284 	 1.000000 
64588.773438 	 14139.482422 	 68765.156250 	 38.107311 	 115.392052 	 47.379623 	 1.000000 
63244.824219 	 13088.188477 	 67432.195312 	 -49.041691 	 99.893188 	 45.121750 	 1.000000 
62167.417969 	 13167.257812 	 67331.960938 	 51.678249 	 21.766552 	 0.074039 	 1.000000 
63398.992188 	 14010.776367 	 68387.585938 	 30.789719 	 128.645218 	 -52.992840 	 1.000000 
63469.390625 	 14522.321289 	 68670.765625 	 99.401932 	 26.979088 	 -27.585241 	 1.000000 
63114.476562 	 14815.298828 	 66439.531250 	 61.928104 	 -32.614101 	 57.492218 	 1.000000 
62631.500000 	 14315.024414 	 68220.070312 	 110.419006 	 21.353750 	 -57.648178 	 1.000000 
61857.042969 	 12960.906250 	 66906.179688 	 8.460708 	 107.709496 	 -23.585730 	 1.000000 
62594.605469 	 13773.946289 	 67397.445312 	 -39.779629 	 108.756889 	 49.010910 	 1.000000 
63879.527344 	 14721.526367 	 68886.117188 	 49.499676 	 93.206207 	 5.995039 	 1.000000 
63497.910156 	 15640.583984 	 68093.960938 	 67.449753 	 2.113943 	 68.262619 	 1.000000 
62038.542969 	 14928.067383 	 65907.273438 	 72.143272 	 -40.196095 	 7.003728 	 1.000000 
62001.136719 	 12933.550781 	 66984.617188 	 14.175436 	 73.977913 	 23.297976 	 1.000000 
61969.429688 	 12933.191406 	 66936.804688 	 33.086895 	 46.495495 	 8.985970 	 1.000000 
62135.601562 	 14951.833008 	 69131.429688 	 96.583275 	 35.315331 	 5.758513 	 1.000000 
62599.140625 	 13751.348633 	 67336.210938 	 116.198326 	 90.437546 	 -57.516899 	 1.000000 
62154.250000 	 13406.859375 	 66885.953125 	 -80.276657 	 118.466064 	 40.865147 	 1.000000 
64234.144531 	 13958.234375 	 68342.367188 	 -8.766168 	 122.509888 	 11.006361 	 1.000000 
61990.488281 	 13231.100586 	 67214.343750 	 -60.957779 	 24.769724 	 73.669128 	 1.000000 
61863.253906 	 12906.334961 	 66806.812500 	 -35.667683 	 10.693429 	 37.144447 	 1.000000 
62619.765625 	 13943.204102 	 67914.414062 	 14.602832 	 49.085651 	 -128.542709 	 1.000000 
63360.312500 	 14373.074219 	 68559.062500 	 56.304371 	 10.543812 	 5.302473 	 1.000000 
62879.968750 	 12781.655273 	 67804.570312 	 -13.577096 	 142.645874 	 -32.047005 	 1.000000 
62805.097656 	 12868.540039 	 67668.859375 	 -24.210085 	 150.504471 	 -27.957106 	 1.000000 
61729.433594 	 13989.725586 	 65910.046875 	 -0.605532 	 -20.262365 	 31.385408 	 1.000000 
62463.632812 	 14654.372070 	 65965.875000 	 17.492123 	 -18.925617 	 45.723740 	 1.000000 
63491.125000 	 14491.954102 	 68630.468750 	 94.950653 	 34.560097 	 -27.246944 	 1.000000 
63446.382812 	 15149.982422 	 67571.554688 	 53.256153 	 -16.732687 	 63.966095 	 1.000000 
62943.308594 	 14021.936523 	 67804.664062 	 -36.473576 	 4.781315 	 -126.771652 	 1.000000 
63786.031250 	 14979.103516 	 67585.281250 	 84.826538 	 -0.633687 	 19.827171 	 1.000000 
63533.457031 	 15003.419922 	 68310.054688 	 110.015701 	 -3.637530 	 6.577646 	 1.000000 
62679.105469 	 14567.054688 	 65760.257812 	 43.238499 	 -38.809460 	 30.949532 	 1.000000 
61832.062500 	 13068.405273 	 66730.742188 	 84.959419 	 -5.300001 	 -86.355484 	 1.000000 
62653.972656 	 13800.137695 	 66948.867188 	 41.863346 	 66.839127 	 -11.927579 	 1.000000 
64296.769531 	 14087.001953 	 68280.257812 	 23.718849 	 106.996613 	 -15.488111 	 1.000000 
63736.910156 	 14044.994141 	 67892.304688 	 -7.019855 	 129.393738 	 21.731096 	 1.000000 
61880.882812 	 13681.171875 	 65961.968750 	 17.544676 	 -28.979397 	 24.726002 	 1.000000 
63315.644531 	 13899.561523 	 68120.289062 	 -0.060355 	 20.359476 	 -21.095898 	 1.000000 
63182.195312 	 14341.800781 	 67551.375000 	 -44.810345 	 83.103592 	 -95.691887 	 1.000000 
62657.328125 	 14250.641602 	 68192.937500 	 110.847633 	 24.690878 	 -63.359669 	 1.000000 
63642.242188 	 13861.690430 	 68076.132812 	 2.502610 	 129.638275 	 24.413887 	 1.000000 
63159.414062 	 14308.393555 	 68430.093750 	 22.796993 	 64.055901 	 -41.563301 	 1.000000 
64399.078125 	 14074.746094 	 68391.226562 	 22.180731 	 105.229271 	 8.579604 	 1.000000 
62536.003906 	 13289.492188 	 67672.523438 	 20.292841 	 153.484467 	 -92.938644 	 1.000000 
63300.839844 	 15445.857422 	 66004.828125 	 38.239193 	 15.071573 	 50.113087 	 1.000000 
62382.289062 	 13503.100586 	 67615.890625 	 125.065704 	 8.745164 	 -13.225261 	 1.000000 
62279.273438 	 14870.684570 	 69053.328125 	 96.265923 	 37.646664 	 0.634051 	 1.000000 
63577.867188 	 14375.455078 	 68397.406250 	 92.577522 	 28.310728 	 -40.394238 	 1.000000 
62046.832031 	 12927.532227 	 66936.750000 	 -6.131801 	 78.086517 	 -43.547794 	 1.000000 
63138.890625 	 12974.769531 	 67266.132812 	 -47.296509 	 123.504478 	 27.001791 	 1.000000 
63967.445312 	 13852.701172 	 69083.804688 	 60.690311 	 133.378723 	 -1.592667 	 1.000000 
62274.828125 	 12667.682617 	 68146.515625 	 17.961948 	 117.323586 	 -54.156170 	 1.000000 
62649.734375 	 12801.784180 	 67600.851562 	 -20.396456 	 148.454376 	 -36.428322 	 1.000000 
62527.945312 	 13666.715820 	 67227.023438 	 46.309475 	 155.935501 	 -68.433205 	 1.000000 
62573.199219 	 14628.833984 	 65961.140625 	 0.405483 	 -2.718038 	 50.384888 	 1.000000 
63548.195312 	 15069.030273 	 68072.226562 	 78.126823 	 -20.981524 	 54.871101 	 1.000000 
61228.093750 	 13550.920898 	 67812.929688 	 66.948517 	 -25.877295 	 -46.995899 	 1.000000 
61177.636719 	 13618.131836 	 67885.468750 	 77.729858 	 -53.775223 	 -3.981706 	 1.000000 
61799.937500 	 14845.073242 	 68954.921875 	 88.610481 	 30.809200 	 -2.792926 	 1.000000 
62640.351562 	 13226.869141 	 67488.390625 	 -73.195595 	 136.074753 	 46.045212 	 1.000000 
63975.097656 	 14989.167969 	 68825.734375 	 57.873993 	 131.696716 	 -11.386481 	 1.000000 
63754.558594 	 14309.677734 	 68138.132812 	 45.247242 	 41.111378 	 -25.101864 	 1.000000 
63846.871094 	 15221.524414 	 68827.632812 	 50.420513 	 106.301414 	 27.996975 	 1.000000 
63677.175781 	 13368.743164 	 69153.726562 	 48.451702 	 121.726288 	 -13.085689 	 1.000000 
62683.503906 	 12740.674805 	 68235.414062 	 6.189530 	 129.752899 	 -36.898014 	 1.000000 
61485.406250 	 13310.016602 	 66454.296875 	 -35.668282 	 36.728146 	 -43.576740 	 1.000000 
64180.488281 	 15180.605469 	 68514.320312 	 71.135880 	 40.044754 	 52.368027 	 1.000000 
62623.171875 	 14070.656250 	 66947.515625 	 48.420181 	 -11.631584 	 93.886261 	 1.000000 
61456.625000 	 13607.174805 	 67684.898438 	 89.060814 	 -13.676058 	 -40.609039 	 1.000000 
63020.328125 	 13920.484375 	 67632.742188 	 -122.090698 	 146.065735 	 5.740658 	 1.000000 
62815.023438 	 14241.948242 	 68123.031250 	 111.594780 	 16.527514 	 -74.922043 	 1.000000 
62292.132812 	 14991.850586 	 69195.085938 	 98.966240 	 37.594715 	 7.128050 	 1.000000 
64217.773438 	 13263.443359 	 67812.914062 	 -17.106049 	 94.200790 	 47.881195 	 1.000000 
64097.171875 	 12881.272461 	 67173.046875 	 -14.695175 	 80.928848 	 46.301056 	 1.000000 
62014.035156 	 13310.966797 	 66742.679688 	 -13.580838 	 100.544456 	 -108.358688 	 1.000000 
62316.859375 	 13751.232422 	 66979.421875 	 40.991463 	 127.287781 	 -49.330654 	 1.000000 
62320.500000 	 13628.331055 	 66946.007812 	 31.924332 	 58.930759 	 -57.853912 	 1.000000 
62903.652344 	 12791.480469 	 68622.945312 	 36.400372 	 119.257004 	 -31.764452 	 1.000000 
63405.562500 	 13709.822266 	 66478.226562 	 -23.410761 	 51.700298 	 55.912193 	 0.000000 
63946.019531 	 15980.408203 	 67369.140625 	 72.133484 	 27.073452 	 86.531944 	 0.000000 
62018.656250 	 15240.097656 	 68524.718750 	 104.532463 	 -5.219769 	 21.606583 	 1.000000 
63403.855469 	 14796.615234 	 68196.703125 	 105.596878 	 -16.986061 	 -5.342251 	 1.000000 
63234.152344 	 14382.816406 	 67375.179688 	 -29.102602 	 -71.667679 	 37.662159 	 1.000000 
62655.601562 	 14381.029297 	 68259.828125 	 105.369698 	 29.458141 	 -63.068062 	 1.000000 
61814.054688 	 14005.896484 	 68808.656250 	 72.097458 	 57.763264 	 -44.720646 	 1.000000 
62462.031250 	 13784.330078 	 66941.500000 	 47.431942 	 70.476242 	 -10.714823 	 1.000000 
63111.199219 	 13117.678711 	 66966.085938 	 -46.511425 	 126.047340 	 20.932104 	 1.000000 
62317.031250 	 13356.703125 	 67371.343750 	 -73.185509 	 71.960747 	 91.213966 	 1.000000 
63418.960938 	 14876.025391 	 67976.500000 	 -15.379876 	 46.760509 	 51.756020 	 1.000000 
62355.484375 	 14290.461914 	 67361.085938 	 54.226273 	 -0.944412 	 83.464516 	 1.000000 
63196.070312 	 14396.067383 	 67980.023438 	 -13.156471 	 34.808575 	 -40.770264 	 1.000000 
62039.125000 	 13320.960938 	 66592.539062 	 35.518436 	 46.164177 	 -60.756618 	 1.000000 
62144.316406 	 13839.472656 	 66386.109375 	 28.452332 	 -27.140591 	 47.559841 	 1.000000 
64068.640625 	 15378.481445 	 68119.703125 	 103.308319 	 18.858669 	 18.429226 	 1.000000 
63458.656250 	 14504.049805 	 68678.593750 	 100.751434 	 25.086493 	 -26.258091 	 1.000000 
62085.695312 	 15086.116211 	 68424.726562 	 107.218925 	 -12.063600 	 20.076042 	 1.000000 
62726.390625 	 13358.628906 	 67358.648438 	 -71.994507 	 160.728333 	 44.027588 	 1.000000 
62293.015625 	 13037.999023 	 66619.968750 	 42.066662 	 -1.143290 	 -43.193947 	 1.000000 
63111.859375 	 14467.888672 	 66178.296875 	 -4.735516 	 31.216238 	 60.952831 	 1.000000 
63625.761719 	 14894.579102 	 68090.187500 	 88.554161 	 -1.050265 	 -0.424191 	 1.000000 
63735.082031 	 14168.375000 	 68323.929688 	 46.897350 	 20.864229 	 -9.602417 	 1.000000 
62600.824219 	 14394.243164 	 66212.539062 	 37.345188 	 -33.744438 	 46.417496 	 1.000000 
63770.832031 	 15928.483398 	 68249.031250 	 79.128754 	 47.891766 	 51.813301 	 1.000000 
61318.851562 	 14761.859375 	 67453.406250 	 83.868462 	 -36.220238 	 12.735008 	 0.000000 
61147.636719 	 13292.579102 	 67486.390625 	 72.948044 	 -53.575737 	 2.072570 	 1.000000 
62098.929688 	 14871.293945 	 65949.773438 	 70.383682 	 -39.122620 	 9.588799 	 1.000000 
62065.496094 	 13512.940430 	 66152.093750 	 17.097416 	 -22.181662 	 35.431820 	 1.000000 
63409.789062 	 14809.703125 	 68752.500000 	 111.982422 	 66.434959 	 -37.976254 	 1.000000 
62557.312500 	 14336.334961 	 68233.250000 	 107.603966 	 33.728378 	 -65.001198 	 1.000000 
63022.500000 	 14171.121094 	 67734.492188 	 -57.985474 	 64.881203 	 -9.178912 	 1.000000 
62592.511719 	 13512.494141 	 66936.054688 	 65.675461 	 61.413776 	 -65.353813 	 1.000000 
64682.882812 	 14386.267578 	 68745.812500 	 47.052322 	 135.592957 	 29.840549 	 1.000000 
63193.382812 	 14857.485352 	 67299.578125 	 85.262901 	 -21.003023 	 48.753944 	 1.000000 
64325.285156 	 14138.854492 	 68508.671875 	 35.206589 	 143.565460 	 -9.938556 	 1.000000 
63699.269531 	 13766.041016 	 68904.257812 	 46.752625 	 130.486618 	 -17.683641 	 1.000000 
62937.871094 	 12886.562500 	 68728.078125 	 32.695492 	 118.672531 	 -25.248138 	 1.000000 
62481.257812 	 12612.379883 	 67715.937500 	 -14.263879 	 136.474289 	 -48.066116 	 1.000000 
63257.734375 	 13637.064453 	 68354.671875 	 26.890617 	 127.044189 	 -50.618206 	 1.000000 
61763.199219 	 13784.768555 	 66292.250000 	 14.360368 	 -18.044029 	 34.899883 	 1.000000 
64470.929688 	 13349.836914 	 66627.007812 	 0.863209 	 70.630806 	 38.698975 	 3.000000 
63385.382812 	 15479.296875 	 67035.757812 	 38.749107 	 11.706507 	 82.317238 	 0.000000 
62243.757812 	 14038.291992 	 66231.468750 	 38.467075 	 -30.347017 	 43.340057 	 1.000000 
63807.480469 	 15472.402344 	 68201.843750 	 89.933067 	 -8.653198 	 66.734779 	 1.000000 
61364.882812 	 13231.079102 	 67509.914062 	 76.950752 	 -39.109951 	 -10.548817 	 1.000000 
62141.042969 	 13327.790039 	 66063.195312 	 20.087122 	 -28.997721 	 32.285572 	 1.000000 
61991.742188 	 13518.041016 	 65882.953125 	 12.337924 	 -21.151064 	 28.962580 	 1.000000 
62520.597656 	 14237.724609 	 68188.164062 	 111.448578 	 21.994827 	 -57.630516 	 1.000000 
61850.960938 	 13143.501953 	 67097.210938 	 45.538288 	 -11.258146 	 -29.666988 	 1.000000 
63983.234375 	 13989.934570 	 68499.968750 	 -17.811737 	 129.658981 	 6.751441 	 1.000000 
64088.140625 	 13720.543945 	 68344.585938 	 -30.137468 	 117.367912 	 59.324471 	 1.000000 
62598.253906 	 14388.585938 	 67802.093750 	 5.235528 	 44.483212 	 -100.279755 	 1.000000 
62562.894531 	 14403.263672 	 67325.750000 	 98.200745 	 -29.724184 	 85.756653 	 1.000000 
64035.800781 	 15132.790039 	 68808.921875 	 56.950493 	 74.747589 	 56.802742 	 1.000000 
64022.867188 	 13929.149414 	 69147.757812 	 52.375263 	 124.686501 	 8.841184 	 1.000000 
62683.890625 	 14610.343750 	 66746.132812 	 -5.360281 	 14.179756 	 88.180145 	 1.000000 
