32486.306641 	 58457.695312 	 41962.945312 	 -122.885406 	 110.920120 	 236.282623 	 7.000000 
32375.705078 	 58363.898438 	 41791.609375 	 -25.774902 	 228.057098 	 258.793213 	 7.000000 
32500.025391 	 58555.414062 	 42020.925781 	 -50.353466 	 123.978088 	 84.188080 	 7.000000 
32456.160156 	 58474.191406 	 41983.484375 	 64.252075 	 337.205963 	 130.672043 	 7.000000 
32572.398438 	 58428.398438 	 42008.195312 	 -197.919205 	 -18.012081 	 350.019745 	 7.000000 
32301.232422 	 58366.250000 	 41731.648438 	 -25.798126 	 281.292755 	 232.577332 	 7.000000 
32496.205078 	 58477.894531 	 41962.914062 	 -143.944778 	 10.747151 	 186.036179 	 7.000000 
32410.970703 	 58441.074219 	 42015.988281 	 -101.516090 	 -16.507980 	 70.344521 	 7.000000 
32528.162109 	 58469.750000 	 41960.316406 	 -128.755341 	 154.107010 	 456.429779 	 7.000000 
32342.095703 	 58411.988281 	 41901.125000 	 -47.538532 	 158.158951 	 163.549866 	 7.000000 
32376.333984 	 58395.847656 	 41789.582031 	 -66.269020 	 260.792786 	 194.090118 	 7.000000 
31301.281250 	 56853.339844 	 42989.933594 	 -51.895084 	 -26.005745 	 53.118458 	 4.000000 
31287.914062 	 56926.437500 	 42817.832031 	 -85.295120 	 -30.151943 	 184.342773 	 4.000000 
31237.312500 	 56831.156250 	 43038.078125 	 -127.874992 	 3.246779 	 158.224960 	 4.000000 
31041.179688 	 57227.492188 	 42604.554688 	 9.986305 	 -5.262506 	 169.871872 	 4.000000 
30947.447266 	 57278.011719 	 42506.125000 	 143.274094 	 9.222569 	 236.151093 	 4.000000 
31032.429688 	 57357.347656 	 42514.429688 	 83.788307 	 -236.910980 	 85.138443 	 4.000000 
30970.031250 	 57256.621094 	 42599.609375 	 -16.651222 	 -6.732648 	 176.275848 	 4.000000 
30931.933594 	 57254.359375 	 42586.902344 	 -86.063759 	 18.567434 	 177.240616 	 4.000000 
31053.769531 	 57200.679688 	 42593.328125 	 -82.771591 	 124.090462 	 301.949982 	 4.000000 
30959.333984 	 57229.457031 	 42512.066406 	 -14.068149 	 103.488426 	 104.157608 	 4.000000 
32687.562500 	 58496.609375 	 43121.730469 	 -24.295609 	 47.599148 	 149.779556 	 4.000000 
32725.121094 	 58477.121094 	 43210.582031 	 -166.801361 	 13.615267 	 66.400711 	 4.000000 
32684.732422 	 58488.796875 	 43191.746094 	 -25.269606 	 -99.582787 	 88.903778 	 4.000000 
32567.011719 	 58364.222656 	 43015.070312 	 24.679790 	 73.929306 	 217.018890 	 4.000000 
32599.757812 	 58389.886719 	 43071.707031 	 38.522190 	 88.703377 	 110.203857 	 4.000000 
32657.935547 	 58492.824219 	 43064.113281 	 -26.330589 	 186.716415 	 166.051758 	 4.000000 
32727.433594 	 58524.835938 	 43189.867188 	 -57.149036 	 -28.451277 	 174.357635 	 4.000000 
32634.615234 	 58446.484375 	 43077.277344 	 68.604866 	 11.288453 	 139.718491 	 4.000000 
31475.486328 	 57134.457031 	 42490.031250 	 -51.368885 	 -32.583553 	 227.184906 	 4.000000 
31457.257812 	 57156.660156 	 42460.289062 	 -112.078484 	 -188.841690 	 193.253143 	 4.000000 
31480.626953 	 57147.066406 	 42471.378906 	 -189.294327 	 59.923771 	 251.717285 	 4.000000 
31264.828125 	 58450.234375 	 41834.449219 	 93.203888 	 -144.811096 	 94.821144 	 6.000000 
31445.544922 	 58463.703125 	 41780.910156 	 82.020935 	 -203.918655 	 160.635666 	 6.000000 
31404.453125 	 58629.910156 	 41827.820312 	 111.964561 	 -225.782227 	 169.767380 	 6.000000 
31430.496094 	 58583.566406 	 41887.851562 	 4.720648 	 -128.410614 	 113.910553 	 6.000000 
31916.046875 	 57923.468750 	 42991.582031 	 -62.210854 	 52.335972 	 119.340195 	 4.000000 
31913.773438 	 58054.351562 	 42986.906250 	 0.942366 	 84.857094 	 106.182518 	 4.000000 
31894.861328 	 57893.226562 	 43100.882812 	 17.105106 	 49.085457 	 77.617561 	 4.000000 
31792.648438 	 57862.937500 	 42939.222656 	 -36.232723 	 23.240740 	 107.418907 	 4.000000 
31877.496094 	 57872.046875 	 43002.867188 	 81.433762 	 -9.610993 	 80.571236 	 4.000000 
31890.818359 	 57889.601562 	 43023.875000 	 -170.094528 	 207.415939 	 94.611977 	 4.000000 
31720.542969 	 57736.351562 	 43313.785156 	 -135.446762 	 157.438705 	 73.486374 	 4.000000 
31685.058594 	 57691.445312 	 43445.707031 	 -110.475548 	 80.370262 	 39.547146 	 4.000000 
31765.855469 	 57644.207031 	 43140.656250 	 -16.364180 	 -39.119038 	 225.554947 	 4.000000 
31734.814453 	 57734.441406 	 43300.164062 	 -270.514313 	 236.262360 	 -1.457398 	 4.000000 
30732.759766 	 56627.882812 	 43185.777344 	 -96.431526 	 101.016418 	 134.621124 	 4.000000 
32688.785156 	 57872.812500 	 43612.000000 	 15.319995 	 9.008598 	 15.463703 	 4.000000 
30948.009766 	 56412.160156 	 43139.996094 	 -8.728087 	 -38.316994 	 47.187088 	 4.000000 
31632.734375 	 57699.472656 	 42820.867188 	 -31.934248 	 -35.042522 	 184.489258 	 4.000000 
32248.613281 	 58281.832031 	 43493.101562 	 -130.563461 	 133.842133 	 85.659698 	 4.000000 
29795.802734 	 57099.113281 	 41389.750000 	 -95.273285 	 -51.031548 	 161.941818 	 2.000000 
32052.664062 	 57777.339844 	 43400.156250 	 -157.814911 	 180.700668 	 55.985897 	 4.000000 
32068.232422 	 57749.957031 	 43361.449219 	 -166.200180 	 132.972397 	 52.222668 	 4.000000 
32041.607422 	 57749.664062 	 43409.941406 	 -229.072861 	 171.529144 	 75.558624 	 4.000000 
31631.003906 	 56535.570312 	 41736.574219 	 -216.902695 	 139.502167 	 247.798676 	 5.000000 
31403.833984 	 56130.265625 	 41883.066406 	 -210.774673 	 125.280067 	 231.962830 	 5.000000 
32759.652344 	 58289.277344 	 41828.351562 	 61.691059 	 48.537392 	 128.523849 	 7.000000 
32232.455078 	 57819.242188 	 41938.546875 	 41.009182 	 -51.598038 	 186.771774 	 4.000000 
32041.277344 	 56908.085938 	 44339.410156 	 -175.834900 	 134.225815 	 91.451187 	 0.000000 
31724.695312 	 58836.718750 	 41806.714844 	 71.657303 	 -140.039154 	 70.601227 	 6.000000 
30214.511719 	 57860.121094 	 41706.660156 	 77.620804 	 -203.351761 	 104.836983 	 0.000000 
31677.390625 	 57797.765625 	 41901.812500 	 -137.743103 	 167.439148 	 236.977997 	 4.000000 
31080.367188 	 57088.851562 	 43064.234375 	 -27.342543 	 84.020035 	 43.664711 	 4.000000 
29872.792969 	 56605.351562 	 42628.886719 	 -61.948132 	 -2.480628 	 168.126740 	 3.000000 
30970.078125 	 55414.687500 	 42939.203125 	 -271.731323 	 110.723358 	 169.816483 	 0.000000 
30347.667969 	 57732.312500 	 40823.089844 	 -93.917953 	 -73.697266 	 203.692444 	 0.000000 
32238.144531 	 57853.277344 	 43756.351562 	 -194.920959 	 204.360397 	 94.894646 	 4.000000 
31828.587891 	 57500.585938 	 41714.058594 	 26.232147 	 -93.658875 	 197.296463 	 4.000000 
32059.082031 	 57568.992188 	 43708.488281 	 -152.783157 	 172.959488 	 42.463722 	 4.000000 
31834.988281 	 57702.628906 	 41882.984375 	 -181.418945 	 189.383713 	 260.051636 	 4.000000 
30929.898438 	 57023.121094 	 43143.183594 	 -75.404251 	 98.045052 	 105.041428 	 4.000000 
30840.666016 	 57411.871094 	 41004.656250 	 -132.730026 	 31.786228 	 214.127136 	 1.000000 
30988.119141 	 56981.449219 	 41853.777344 	 -18.109793 	 -58.023472 	 216.951385 	 0.000000 
30921.980469 	 57521.609375 	 40717.875000 	 -160.551788 	 80.830864 	 239.424225 	 1.000000 
30418.923828 	 57116.539062 	 41953.695312 	 -62.680058 	 -67.293503 	 226.494080 	 2.000000 
30921.601562 	 58120.890625 	 41923.277344 	 112.467163 	 -151.995483 	 99.324425 	 6.000000 
32376.089844 	 57445.636719 	 43580.656250 	 -216.398178 	 204.153946 	 141.324493 	 4.000000 
31125.777344 	 57000.472656 	 42430.578125 	 -72.069580 	 51.415516 	 206.998474 	 4.000000 
32465.189453 	 58105.273438 	 43370.558594 	 -8.591257 	 48.582855 	 199.242981 	 4.000000 
30565.062500 	 57117.656250 	 42207.300781 	 61.768311 	 -153.084045 	 117.220856 	 2.000000 
30052.847656 	 56637.773438 	 42321.421875 	 -42.412773 	 4.954537 	 181.874039 	 3.000000 
30689.201172 	 56188.269531 	 42558.644531 	 -163.047577 	 91.383041 	 224.582794 	 0.000000 
31698.751953 	 57333.304688 	 43162.859375 	 -164.575684 	 178.518234 	 52.675838 	 4.000000 
31589.462891 	 57720.421875 	 43095.285156 	 -2.133337 	 -69.781952 	 195.709641 	 4.000000 
30603.296875 	 55922.332031 	 43149.589844 	 -117.245346 	 47.026604 	 101.062828 	 0.000000 
31359.837891 	 57195.832031 	 43295.679688 	 5.740744 	 -2.931156 	 98.414886 	 4.000000 
32233.562500 	 57111.144531 	 43136.128906 	 -69.157631 	 19.894419 	 88.176033 	 0.000000 
31035.570312 	 55432.042969 	 42137.480469 	 -236.623535 	 82.946609 	 244.435989 	 0.000000 
30058.144531 	 57223.476562 	 41666.554688 	 -88.169937 	 -58.008659 	 170.389847 	 2.000000 
29899.835938 	 56753.644531 	 41194.402344 	 -107.711670 	 -85.291626 	 133.743042 	 2.000000 
29988.958984 	 56827.843750 	 41732.593750 	 -63.873615 	 -7.561513 	 152.427963 	 2.000000 
32178.556641 	 58011.878906 	 43604.683594 	 -124.197815 	 137.023331 	 114.155243 	 4.000000 
30889.771484 	 56765.218750 	 44073.304688 	 -27.997454 	 -81.870354 	 53.893436 	 0.000000 
31165.728516 	 57219.183594 	 42428.742188 	 -71.487923 	 -69.789993 	 205.571594 	 4.000000 
31876.810547 	 56367.847656 	 43353.757812 	 -238.467850 	 160.023788 	 168.340439 	 0.000000 
31168.757812 	 57078.734375 	 43359.347656 	 -43.799416 	 -4.004525 	 147.106262 	 4.000000 
33114.328125 	 57665.421875 	 43005.496094 	 -24.106775 	 51.055595 	 97.382782 	 4.000000 
32706.449219 	 58244.476562 	 42023.574219 	 -89.808441 	 214.762466 	 248.907715 	 7.000000 
31883.472656 	 58013.289062 	 41707.226562 	 -74.566811 	 138.925995 	 288.581573 	 4.000000 
30453.685547 	 57371.656250 	 41958.867188 	 -44.677971 	 -53.121578 	 197.956009 	 2.000000 
32753.683594 	 57978.972656 	 43054.785156 	 -10.602097 	 24.830462 	 234.667007 	 4.000000 
31594.923828 	 57546.054688 	 42216.675781 	 -37.811668 	 -72.677635 	 161.859253 	 4.000000 
31549.003906 	 57169.718750 	 41889.289062 	 -177.480438 	 160.019882 	 242.156342 	 4.000000 
30463.287109 	 56752.976562 	 43276.488281 	 -174.985062 	 34.446800 	 96.743019 	 4.000000 
31930.298828 	 57596.730469 	 43807.113281 	 -133.444565 	 165.529221 	 51.903740 	 4.000000 
