21830.435547 	 28971.333984 	 56560.644531 	 -39.601040 	 -35.957748 	 -225.989761 	 3.000000 
21971.109375 	 28952.041016 	 56569.734375 	 9.090821 	 10.563304 	 -316.185455 	 3.000000 
21768.058594 	 28947.876953 	 56531.074219 	 -26.442579 	 -200.359863 	 -178.625000 	 3.000000 
21993.896484 	 28941.093750 	 56459.144531 	 -85.529709 	 -32.572311 	 -193.841797 	 3.000000 
22642.007812 	 27767.958984 	 56230.449219 	 42.213139 	 -5.724609 	 -241.786011 	 3.000000 
22500.396484 	 27666.792969 	 56313.296875 	 56.043930 	 -29.942116 	 -123.089211 	 3.000000 
22612.714844 	 27812.994141 	 56273.902344 	 23.300766 	 -104.838974 	 -76.679977 	 3.000000 
22514.257812 	 27829.828125 	 56144.640625 	 34.701660 	 -61.139706 	 -272.398010 	 3.000000 
22687.675781 	 27914.072266 	 56260.472656 	 -1.419323 	 -26.477989 	 -315.768768 	 3.000000 
22602.076172 	 27766.708984 	 56172.835938 	 73.824028 	 -86.990181 	 -198.558548 	 3.000000 
21235.896484 	 29293.537109 	 56923.386719 	 42.324478 	 35.012318 	 -200.979095 	 3.000000 
21161.431641 	 29275.625000 	 56865.867188 	 113.076424 	 87.540955 	 -297.544403 	 3.000000 
21143.876953 	 29209.451172 	 56954.468750 	 99.030663 	 62.594479 	 -192.797440 	 3.000000 
21235.099609 	 29305.439453 	 56931.210938 	 16.294004 	 -46.703209 	 -55.564957 	 3.000000 
21316.343750 	 29380.013672 	 56936.003906 	 10.119222 	 63.339088 	 -100.755814 	 3.000000 
21274.601562 	 29270.087891 	 56884.812500 	 86.478035 	 170.346863 	 -295.712219 	 3.000000 
22070.113281 	 28574.886719 	 56440.636719 	 -65.702370 	 14.991228 	 -210.999786 	 3.000000 
21973.947266 	 28478.787109 	 56387.683594 	 -40.942287 	 79.536362 	 -158.226196 	 3.000000 
21968.878906 	 28608.748047 	 56507.671875 	 123.118065 	 80.662270 	 -231.683792 	 3.000000 
22174.314453 	 28565.662109 	 56364.503906 	 -80.479866 	 -46.673195 	 -233.141907 	 3.000000 
22064.505859 	 28619.072266 	 56418.417969 	 -80.171013 	 -82.670670 	 -105.278557 	 3.000000 
22080.396484 	 28574.736328 	 56450.144531 	 -41.661945 	 -130.800552 	 -230.798645 	 3.000000 
20230.476562 	 27650.869141 	 56069.128906 	 45.485138 	 32.457703 	 -199.164200 	 1.000000 
20275.349609 	 27619.140625 	 56128.050781 	 6.218343 	 -27.039946 	 -206.772232 	 1.000000 
20324.693359 	 27705.580078 	 56093.601562 	 64.731003 	 10.457808 	 -154.870316 	 1.000000 
21825.363281 	 28476.193359 	 58123.089844 	 -66.002365 	 31.423801 	 -295.395966 	 2.000000 
21208.033203 	 30729.548828 	 57217.242188 	 -65.822266 	 30.915443 	 -219.599335 	 0.000000 
22855.253906 	 27845.908203 	 56037.261719 	 -78.564232 	 -116.502434 	 -167.423752 	 3.000000 
20145.585938 	 29014.431641 	 56889.703125 	 24.253332 	 61.954643 	 -191.052872 	 4.000000 
21148.564453 	 30022.164062 	 56731.519531 	 -16.444908 	 27.447561 	 -265.037476 	 5.000000 
23253.292969 	 29221.636719 	 56591.089844 	 -118.655144 	 0.129044 	 -308.122864 	 0.000000 
21549.785156 	 29488.535156 	 56288.894531 	 -21.715601 	 -59.618439 	 -228.797180 	 3.000000 
20574.212891 	 30007.041016 	 57344.644531 	 -2.111936 	 24.596846 	 -169.679321 	 0.000000 
22680.062500 	 29049.550781 	 56465.445312 	 -110.560005 	 -24.418463 	 -308.837097 	 0.000000 
19955.732422 	 27912.699219 	 56175.980469 	 48.670235 	 -1.759438 	 -211.708130 	 1.000000 
20623.275391 	 30652.642578 	 57274.230469 	 -40.526951 	 64.596367 	 -229.375793 	 0.000000 
20852.142578 	 27292.406250 	 56270.488281 	 69.721916 	 46.252388 	 -200.760513 	 1.000000 
21990.285156 	 28112.585938 	 56410.566406 	 95.869232 	 45.626411 	 -209.122101 	 3.000000 
22026.503906 	 28653.687500 	 56238.816406 	 -60.287712 	 -37.195610 	 -334.012329 	 3.000000 
22900.511719 	 29253.572266 	 58301.308594 	 -104.172401 	 38.368004 	 -294.121613 	 0.000000 
22230.484375 	 29956.244141 	 56761.339844 	 -44.552372 	 -15.156865 	 -144.286087 	 0.000000 
20950.177734 	 28875.587891 	 57077.332031 	 61.115002 	 83.079041 	 -149.464783 	 3.000000 
22341.966797 	 28373.181641 	 56361.398438 	 -93.841759 	 10.538218 	 -235.476517 	 3.000000 
22125.396484 	 28322.414062 	 57250.625000 	 -62.880840 	 21.953535 	 -332.319489 	 2.000000 
21640.949219 	 29067.582031 	 56376.398438 	 77.087158 	 65.664711 	 -170.983826 	 3.000000 
22109.992188 	 29122.156250 	 56638.925781 	 -109.939255 	 10.633556 	 -304.038025 	 3.000000 
21988.417969 	 28308.541016 	 57692.832031 	 -58.331585 	 20.757532 	 -307.145782 	 2.000000 
22588.068359 	 27755.236328 	 56513.476562 	 -48.358582 	 -17.805424 	 -389.205353 	 3.000000 
19815.410156 	 28999.320312 	 56642.812500 	 23.608498 	 56.328156 	 -178.237045 	 4.000000 
22340.671875 	 28220.259766 	 56277.875000 	 -83.716919 	 -69.482208 	 -221.873016 	 3.000000 
21556.558594 	 29321.984375 	 56267.847656 	 -16.616573 	 -61.790356 	 -227.481277 	 3.000000 
20508.748047 	 27436.410156 	 56320.433594 	 39.932739 	 62.972305 	 -205.787643 	 1.000000 
21733.300781 	 29695.626953 	 56617.722656 	 -22.557129 	 -44.584602 	 -253.562912 	 3.000000 
21375.535156 	 30040.591797 	 56833.011719 	 -32.083736 	 1.731321 	 -252.617279 	 5.000000 
22734.638672 	 27903.576172 	 56374.535156 	 33.638569 	 42.057343 	 -272.502380 	 3.000000 
22081.738281 	 29214.960938 	 56445.738281 	 -71.159256 	 -56.631588 	 -299.527191 	 3.000000 
22215.152344 	 28173.107422 	 56089.890625 	 -8.339539 	 -67.691742 	 -189.471817 	 3.000000 
20389.013672 	 27579.699219 	 56211.070312 	 7.605460 	 -19.206451 	 -201.984451 	 1.000000 
21469.449219 	 29125.501953 	 56783.164062 	 -39.286343 	 -50.931553 	 -203.924179 	 3.000000 
22873.630859 	 27685.587891 	 56113.398438 	 25.549622 	 -4.195484 	 -230.253052 	 3.000000 
21443.417969 	 29357.263672 	 56763.722656 	 6.778456 	 38.250481 	 -166.127960 	 3.000000 
