27838.566406 	 70922.265625 	 59114.066406 	 65.707298 	 -86.667297 	 -0.104002 	 1.000000 
27778.687500 	 70878.640625 	 58940.347656 	 -55.487022 	 27.105362 	 -9.443796 	 1.000000 
27862.957031 	 70898.375000 	 58911.296875 	 -125.849686 	 79.475281 	 -17.811058 	 1.000000 
27808.896484 	 70927.281250 	 59138.382812 	 18.905703 	 20.458727 	 -115.118538 	 1.000000 
27806.791016 	 70927.273438 	 59090.300781 	 -61.400635 	 139.897339 	 -117.359329 	 1.000000 
27843.980469 	 70926.531250 	 59015.070312 	 27.501940 	 -173.080948 	 -113.211426 	 1.000000 
27727.908203 	 70799.546875 	 58949.484375 	 -29.636047 	 -55.579838 	 -35.106037 	 1.000000 
27879.398438 	 70888.070312 	 58923.062500 	 -143.122620 	 63.580982 	 -30.578020 	 1.000000 
27786.339844 	 71009.546875 	 59235.179688 	 -23.375130 	 -10.115986 	 -151.588699 	 1.000000 
27803.125000 	 70901.406250 	 58982.667969 	 -9.620852 	 -42.314903 	 14.286182 	 1.000000 
27803.125000 	 70976.226562 	 58882.253906 	 -54.361725 	 -131.623505 	 64.884827 	 1.000000 
27683.375000 	 71032.468750 	 58937.957031 	 -96.701920 	 -105.801041 	 28.936262 	 1.000000 
27753.566406 	 70935.992188 	 58936.007812 	 -8.896359 	 -153.397629 	 88.916649 	 1.000000 
27651.984375 	 70917.382812 	 59037.968750 	 47.110058 	 -154.260254 	 95.025536 	 1.000000 
27733.406250 	 71018.546875 	 59037.871094 	 128.727905 	 -38.784462 	 -135.076126 	 1.000000 
27815.601562 	 70928.320312 	 58887.296875 	 -90.759270 	 -57.294308 	 -30.980009 	 1.000000 
27846.117188 	 70882.687500 	 59022.777344 	 -106.078827 	 39.803108 	 59.118610 	 1.000000 
27743.250000 	 70809.843750 	 58872.800781 	 -70.063599 	 -48.984222 	 0.824758 	 1.000000 
27773.628906 	 70972.421875 	 58899.941406 	 -38.982929 	 -141.793808 	 65.445335 	 1.000000 
27863.017578 	 70995.187500 	 59164.789062 	 13.764068 	 -163.248947 	 -116.220840 	 1.000000 
27858.628906 	 70926.992188 	 59069.394531 	 78.174370 	 116.648918 	 -23.012177 	 1.000000 
27804.066406 	 70844.257812 	 59035.613281 	 10.313480 	 -38.641094 	 -42.761112 	 1.000000 
27700.208984 	 70881.453125 	 59100.953125 	 69.413521 	 -179.573303 	 110.403687 	 1.000000 
27834.410156 	 70998.640625 	 59069.902344 	 113.951836 	 109.904427 	 -87.630486 	 1.000000 
27902.763672 	 70858.593750 	 58986.839844 	 127.092857 	 34.938900 	 -5.314208 	 1.000000 
27740.400391 	 70844.953125 	 59222.972656 	 134.648056 	 -78.288551 	 -68.265991 	 1.000000 
27839.560547 	 70875.914062 	 58904.339844 	 -95.445511 	 31.897182 	 46.101048 	 1.000000 
27722.298828 	 70762.085938 	 58909.773438 	 -112.318176 	 41.086868 	 -66.164330 	 1.000000 
27716.320312 	 71023.460938 	 59152.136719 	 -44.686829 	 -4.227590 	 -172.818832 	 1.000000 
27808.099609 	 70988.109375 	 59159.132812 	 -42.310226 	 -53.710522 	 -190.365295 	 1.000000 
27777.126953 	 70764.187500 	 58903.468750 	 12.857349 	 105.442268 	 -29.555737 	 1.000000 
27697.951172 	 71033.023438 	 58959.343750 	 -92.506889 	 -92.788742 	 38.234852 	 1.000000 
27858.037109 	 70906.875000 	 59013.187500 	 -129.044022 	 37.513809 	 25.507643 	 1.000000 
27811.664062 	 70779.359375 	 58820.015625 	 -33.443722 	 -73.110405 	 47.486706 	 1.000000 
27878.328125 	 70928.453125 	 59090.031250 	 52.512672 	 -254.709396 	 144.877945 	 1.000000 
27868.277344 	 70894.757812 	 59071.390625 	 -93.450058 	 -116.484222 	 -63.272896 	 1.000000 
27720.320312 	 70941.257812 	 58941.460938 	 -3.796279 	 73.544197 	 -11.774902 	 1.000000 
27840.267578 	 70914.117188 	 58943.523438 	 -73.649597 	 -58.853916 	 36.640522 	 1.000000 
27821.083984 	 70781.101562 	 59108.511719 	 141.282227 	 5.730059 	 -46.805927 	 1.000000 
27816.492188 	 70922.523438 	 59155.554688 	 161.659714 	 74.309441 	 65.151962 	 1.000000 
27793.101562 	 70984.460938 	 59111.960938 	 60.045586 	 -70.211159 	 162.745270 	 1.000000 
27701.226562 	 70986.593750 	 58985.167969 	 -97.249222 	 -107.739777 	 58.841167 	 1.000000 
27755.101562 	 70822.289062 	 59250.054688 	 -72.935165 	 59.485245 	 -127.542641 	 1.000000 
27964.054688 	 70567.523438 	 58633.761719 	 44.948116 	 -29.755306 	 56.924603 	 1.000000 
27958.525391 	 70621.421875 	 58662.917969 	 -74.385864 	 -136.915726 	 126.307190 	 1.000000 
28013.193359 	 70622.617188 	 58632.941406 	 102.843651 	 44.735516 	 -71.137444 	 1.000000 
27995.875000 	 70622.750000 	 58782.722656 	 -8.542943 	 25.001394 	 90.477798 	 1.000000 
27998.425781 	 70491.156250 	 58530.035156 	 -11.731374 	 -61.579678 	 140.268402 	 1.000000 
27999.394531 	 70534.500000 	 58699.730469 	 138.524719 	 -59.556900 	 -102.865807 	 1.000000 
28006.933594 	 70668.390625 	 58635.648438 	 63.641624 	 -107.104858 	 -12.375957 	 1.000000 
27990.132812 	 70678.656250 	 58777.726562 	 -65.913795 	 17.637396 	 -12.623057 	 1.000000 
27805.107422 	 70549.023438 	 58651.058594 	 137.806580 	 27.506628 	 115.010384 	 1.000000 
27909.527344 	 70649.835938 	 58659.902344 	 -68.283180 	 -77.036377 	 -14.320562 	 1.000000 
27923.212891 	 70663.890625 	 58549.058594 	 -88.467453 	 -141.866104 	 8.728993 	 1.000000 
28077.880859 	 70635.234375 	 58563.546875 	 58.956276 	 -45.357212 	 0.169384 	 1.000000 
27843.882812 	 70463.648438 	 58648.765625 	 33.930191 	 0.277772 	 84.248283 	 1.000000 
27903.216797 	 70672.898438 	 58773.437500 	 109.334671 	 1.211252 	 56.943459 	 1.000000 
27947.320312 	 70441.335938 	 58649.957031 	 30.226637 	 98.002785 	 -46.900661 	 1.000000 
27881.132812 	 70640.468750 	 58567.902344 	 56.614609 	 142.427017 	 12.933236 	 1.000000 
27934.810547 	 70537.593750 	 58572.140625 	 113.514603 	 24.221632 	 38.700268 	 1.000000 
27998.136719 	 70654.703125 	 58544.734375 	 121.767555 	 -66.377205 	 -51.803379 	 1.000000 
27514.250000 	 71950.500000 	 59950.074219 	 50.364750 	 -49.303852 	 65.707832 	 1.000000 
27377.816406 	 72062.914062 	 60200.160156 	 44.443439 	 -150.809982 	 58.647652 	 1.000000 
27499.599609 	 72003.734375 	 60078.726562 	 135.358170 	 -18.173664 	 66.665848 	 1.000000 
27444.757812 	 71914.015625 	 59979.980469 	 103.122902 	 -84.286148 	 100.854218 	 1.000000 
27480.277344 	 71999.578125 	 59794.675781 	 76.543869 	 -54.156422 	 133.274429 	 1.000000 
27364.048828 	 71970.062500 	 59985.308594 	 -0.168050 	 -18.910524 	 4.247623 	 1.000000 
27480.441406 	 71959.000000 	 60065.773438 	 92.225761 	 45.209518 	 50.257172 	 1.000000 
27444.656250 	 71809.492188 	 60031.277344 	 -4.220491 	 -51.642479 	 94.750229 	 1.000000 
27424.582031 	 72051.804688 	 60141.968750 	 -29.288500 	 -144.004913 	 3.848558 	 1.000000 
27408.337891 	 71939.023438 	 60076.886719 	 146.639145 	 -123.326637 	 61.718693 	 1.000000 
27457.652344 	 72045.054688 	 60074.320312 	 167.830093 	 3.350982 	 54.916576 	 1.000000 
27518.441406 	 71952.484375 	 59970.464844 	 155.607056 	 191.917587 	 -14.362888 	 1.000000 
27562.189453 	 71917.242188 	 59965.906250 	 -86.768501 	 -21.692099 	 110.222961 	 1.000000 
27312.162109 	 71898.093750 	 59918.550781 	 37.655102 	 5.717708 	 105.771202 	 1.000000 
27417.156250 	 71883.312500 	 59990.238281 	 92.247253 	 -58.207275 	 -68.371727 	 1.000000 
27548.896484 	 71979.265625 	 60050.636719 	 -42.130035 	 -138.521774 	 153.746643 	 1.000000 
27506.957031 	 71943.984375 	 59889.746094 	 34.805828 	 -98.929298 	 5.026371 	 1.000000 
27490.861328 	 71984.656250 	 59926.050781 	 -51.658680 	 -121.179703 	 186.061356 	 1.000000 
27602.935547 	 71888.367188 	 60014.605469 	 66.553528 	 54.140778 	 -20.177139 	 1.000000 
27682.630859 	 71898.414062 	 59996.792969 	 19.328182 	 -121.131294 	 201.808823 	 1.000000 
27490.558594 	 71958.453125 	 59908.894531 	 -44.937511 	 -169.282425 	 40.215366 	 1.000000 
27548.628906 	 71995.343750 	 59849.972656 	 3.052158 	 -175.144333 	 122.908691 	 1.000000 
27472.195312 	 71984.765625 	 60033.457031 	 163.363144 	 -11.634775 	 -90.550331 	 1.000000 
27592.392578 	 71913.203125 	 59883.984375 	 7.458629 	 14.165847 	 214.067398 	 1.000000 
27536.978516 	 71868.703125 	 60020.191406 	 184.860138 	 -63.595745 	 14.506042 	 1.000000 
27490.359375 	 71891.617188 	 60111.296875 	 105.595581 	 -83.097092 	 97.447266 	 1.000000 
27622.037109 	 71959.882812 	 59859.277344 	 24.463652 	 -0.177711 	 56.276711 	 1.000000 
27564.210938 	 71863.117188 	 59866.656250 	 -36.969551 	 -63.328697 	 158.754059 	 1.000000 
27664.337891 	 71887.148438 	 60017.964844 	 11.554831 	 -83.209694 	 -59.556332 	 1.000000 
27567.244141 	 72093.031250 	 60029.859375 	 105.755814 	 -142.528412 	 3.782701 	 1.000000 
27630.484375 	 71981.203125 	 59919.757812 	 89.889565 	 20.190531 	 14.301702 	 1.000000 
27472.802734 	 71915.617188 	 59805.597656 	 -61.039673 	 -18.057077 	 1.337260 	 1.000000 
27567.546875 	 71967.906250 	 59934.535156 	 101.165993 	 112.014755 	 -38.895302 	 1.000000 
27522.869141 	 72078.609375 	 60035.101562 	 135.650650 	 -168.915085 	 21.994257 	 1.000000 
27484.498047 	 72015.617188 	 59921.511719 	 90.353722 	 -70.977905 	 227.184921 	 1.000000 
27512.191406 	 72016.468750 	 59924.226562 	 -107.960335 	 -76.358200 	 -24.260260 	 1.000000 
27490.691406 	 71953.531250 	 60048.324219 	 16.389307 	 -129.615524 	 -74.122322 	 1.000000 
27608.009766 	 71941.070312 	 59923.765625 	 -43.706482 	 -131.182434 	 -35.989754 	 1.000000 
27501.041016 	 72025.085938 	 59818.917969 	 51.275288 	 33.413616 	 32.626511 	 1.000000 
28648.222656 	 71909.468750 	 59714.371094 	 -53.338963 	 -52.856853 	 38.597424 	 1.000000 
28632.935547 	 72088.710938 	 59732.207031 	 -56.571136 	 -65.288330 	 -43.893341 	 1.000000 
28577.798828 	 72125.414062 	 59610.070312 	 24.656853 	 -10.273072 	 4.302621 	 1.000000 
28619.650391 	 72233.054688 	 59753.769531 	 -125.744392 	 -93.240761 	 -36.262554 	 1.000000 
28630.875000 	 72179.718750 	 59648.460938 	 -136.654373 	 -48.654987 	 46.252663 	 1.000000 
28625.753906 	 71898.867188 	 59644.050781 	 -111.504044 	 -33.818916 	 -88.562500 	 1.000000 
28648.673828 	 72201.156250 	 59647.417969 	 -142.735138 	 -58.888306 	 17.379641 	 1.000000 
28639.580078 	 72107.179688 	 59785.550781 	 -81.611214 	 -108.200264 	 109.673759 	 1.000000 
28546.033203 	 72136.906250 	 59674.531250 	 -108.108406 	 -24.512671 	 71.287918 	 1.000000 
28618.501953 	 71951.585938 	 59735.953125 	 -108.200142 	 -97.672241 	 -127.000298 	 1.000000 
28676.330078 	 72136.265625 	 59741.156250 	 -72.285904 	 -44.742146 	 111.787247 	 1.000000 
28647.591797 	 72060.234375 	 59879.734375 	 -29.714523 	 -31.949366 	 77.129913 	 1.000000 
28553.917969 	 72129.492188 	 59579.492188 	 -31.719904 	 -13.805111 	 73.748619 	 1.000000 
28626.623047 	 72107.382812 	 59752.480469 	 -42.637394 	 -85.828773 	 -3.235356 	 1.000000 
28672.605469 	 72097.187500 	 59740.945312 	 -84.513161 	 -60.359188 	 -121.846291 	 1.000000 
28606.986328 	 71935.632812 	 59667.160156 	 -12.451185 	 -88.941231 	 137.747726 	 1.000000 
28545.347656 	 72075.742188 	 59645.968750 	 -117.473068 	 -12.137182 	 19.735895 	 1.000000 
28539.517578 	 71940.062500 	 59733.296875 	 -14.844762 	 -77.328865 	 11.220805 	 1.000000 
28664.023438 	 72041.593750 	 59717.953125 	 -187.541260 	 -0.721343 	 -7.807673 	 1.000000 
28731.908203 	 71949.335938 	 59662.855469 	 -162.266129 	 -7.072224 	 32.834179 	 1.000000 
28605.888672 	 71851.843750 	 59629.175781 	 -126.981773 	 -12.505873 	 20.736034 	 1.000000 
28641.941406 	 71925.460938 	 59678.644531 	 -51.965462 	 54.513721 	 -13.561090 	 1.000000 
28623.304688 	 72157.328125 	 59805.988281 	 -57.143742 	 -97.173714 	 -7.929204 	 1.000000 
28580.439453 	 72016.164062 	 59691.839844 	 -139.738602 	 -11.669374 	 -50.990089 	 1.000000 
28637.150391 	 72156.656250 	 59790.507812 	 -20.544819 	 -90.527145 	 90.065697 	 1.000000 
28645.667969 	 72042.031250 	 59752.789062 	 -0.504790 	 -30.399960 	 -114.223114 	 1.000000 
28612.345703 	 71931.796875 	 59745.285156 	 -162.340179 	 -71.506706 	 59.301029 	 1.000000 
28630.808594 	 72098.601562 	 59730.851562 	 -54.095760 	 -2.083424 	 -12.559924 	 1.000000 
28602.974609 	 71836.953125 	 59745.171875 	 -93.462830 	 -38.672890 	 99.539825 	 1.000000 
28612.250000 	 71909.632812 	 59745.882812 	 -40.411362 	 -154.866577 	 -7.476311 	 1.000000 
28644.634766 	 72072.625000 	 59845.730469 	 11.114169 	 -41.949337 	 78.021454 	 1.000000 
27691.476562 	 70692.632812 	 59171.167969 	 141.962204 	 23.875626 	 -16.778597 	 1.000000 
27757.574219 	 70680.992188 	 59140.195312 	 99.283119 	 10.332819 	 -58.973938 	 1.000000 
27715.033203 	 70764.992188 	 59255.984375 	 116.706169 	 -113.858162 	 -41.113987 	 1.000000 
28438.335938 	 70982.031250 	 58325.648438 	 3.909901 	 -87.583862 	 22.178511 	 1.000000 
28425.771484 	 71057.007812 	 58300.546875 	 -91.936348 	 -64.406601 	 -54.244095 	 1.000000 
28472.083984 	 70873.335938 	 58305.160156 	 -1.473570 	 -49.641888 	 50.315029 	 1.000000 
28461.697266 	 70980.445312 	 58320.398438 	 -22.747766 	 -34.367771 	 -16.766972 	 1.000000 
28478.865234 	 70976.968750 	 58321.140625 	 -113.779083 	 -103.723045 	 38.632645 	 1.000000 
28447.015625 	 71007.968750 	 58372.281250 	 -102.897987 	 -8.039232 	 -57.641640 	 1.000000 
29249.121094 	 71305.085938 	 57369.187500 	 31.620129 	 -140.333862 	 8.304085 	 1.000000 
27698.466797 	 72181.515625 	 60023.656250 	 24.776894 	 -115.343674 	 0.536881 	 1.000000 
27704.695312 	 72160.484375 	 60023.464844 	 69.215240 	 -81.881149 	 9.937707 	 1.000000 
27717.679688 	 72200.625000 	 60012.835938 	 -35.620663 	 -165.627548 	 -53.586666 	 1.000000 
27707.636719 	 72200.179688 	 60028.566406 	 -53.837414 	 -165.003021 	 81.206146 	 1.000000 
27752.599609 	 68868.328125 	 58251.437500 	 -14.908541 	 -45.724487 	 -81.760223 	 1.000000 
27751.859375 	 68780.093750 	 58269.597656 	 -28.590733 	 4.697208 	 -75.918526 	 1.000000 
27775.783203 	 68890.632812 	 58274.746094 	 -32.136417 	 -111.371475 	 -78.760475 	 1.000000 
27797.919922 	 68826.437500 	 58267.757812 	 -28.785076 	 -66.086494 	 -26.975657 	 1.000000 
27695.796875 	 68880.343750 	 58273.359375 	 -7.711761 	 -15.489854 	 -35.126827 	 1.000000 
27115.226562 	 69717.062500 	 58799.664062 	 85.047546 	 -45.590012 	 -3.351955 	 1.000000 
27071.257812 	 69734.921875 	 58840.402344 	 104.330704 	 -106.627373 	 -4.816856 	 1.000000 
29075.242188 	 72276.054688 	 59688.523438 	 -99.139687 	 -29.226568 	 -15.772556 	 1.000000 
28537.861328 	 71669.125000 	 58874.695312 	 -39.237545 	 -81.573471 	 5.889203 	 1.000000 
28912.541016 	 71559.359375 	 58181.480469 	 -30.949148 	 -116.558739 	 -7.356164 	 1.000000 
27810.517578 	 71207.945312 	 59289.546875 	 89.633110 	 -57.941689 	 -53.163403 	 1.000000 
27776.044922 	 71229.093750 	 59256.976562 	 68.126862 	 -100.476654 	 -32.995255 	 1.000000 
29073.228516 	 70710.078125 	 57442.996094 	 21.379309 	 -86.282982 	 -27.773012 	 1.000000 
29025.125000 	 70690.585938 	 57405.828125 	 37.975060 	 -113.583954 	 -8.563983 	 1.000000 
29058.570312 	 70719.242188 	 57466.203125 	 20.530565 	 -145.942047 	 -27.237438 	 1.000000 
27871.539062 	 70322.914062 	 58731.539062 	 -8.871993 	 59.970287 	 -62.799740 	 1.000000 
27879.078125 	 70314.093750 	 58727.359375 	 -16.205425 	 72.751167 	 -3.621097 	 1.000000 
27853.457031 	 70366.117188 	 58748.214844 	 -27.860931 	 69.632858 	 -43.118275 	 1.000000 
27769.599609 	 71424.250000 	 59387.726562 	 117.475166 	 -42.321598 	 -0.139530 	 1.000000 
27830.080078 	 71415.976562 	 59465.175781 	 17.059711 	 -79.000748 	 25.935865 	 1.000000 
28645.039062 	 71443.843750 	 58698.820312 	 -27.107988 	 -65.651688 	 6.860924 	 1.000000 
28676.416016 	 71485.671875 	 58671.449219 	 -17.842777 	 -96.030090 	 -21.935555 	 1.000000 
28687.492188 	 71782.734375 	 59327.285156 	 -9.216240 	 -69.906570 	 35.678040 	 1.000000 
28703.962891 	 71806.523438 	 59339.046875 	 -4.710008 	 -57.259922 	 29.133171 	 1.000000 
28675.373047 	 71783.351562 	 59343.089844 	 -14.482162 	 -63.625233 	 -33.578712 	 1.000000 
28705.666016 	 71769.156250 	 59364.574219 	 1.089243 	 -84.998817 	 17.081196 	 1.000000 
28704.162109 	 71735.093750 	 59337.382812 	 9.396544 	 -35.414722 	 37.813911 	 1.000000 
27066.386719 	 71654.398438 	 59991.285156 	 86.679085 	 16.937124 	 17.798046 	 1.000000 
27080.023438 	 71662.953125 	 59965.304688 	 31.328915 	 69.152298 	 22.482128 	 1.000000 
28067.361328 	 70750.093750 	 58418.125000 	 -67.816330 	 -73.274193 	 13.616475 	 1.000000 
28123.085938 	 70747.765625 	 58430.609375 	 -65.371979 	 -55.864639 	 -5.545290 	 1.000000 
28044.173828 	 70733.140625 	 58408.484375 	 -20.508574 	 -84.665428 	 35.118332 	 1.000000 
27000.144531 	 71717.960938 	 59256.613281 	 152.540924 	 -85.721695 	 79.671333 	 1.000000 
26442.482422 	 69751.031250 	 59137.496094 	 120.028168 	 -101.983292 	 11.156639 	 1.000000 
27732.070312 	 70439.578125 	 59072.500000 	 -10.871695 	 51.933628 	 -81.066391 	 1.000000 
27770.906250 	 70423.382812 	 59061.289062 	 -33.121384 	 46.089588 	 -114.432495 	 1.000000 
27764.421875 	 70441.671875 	 59042.035156 	 -38.692860 	 59.613045 	 -47.351925 	 1.000000 
29115.802734 	 71192.242188 	 57287.355469 	 28.762621 	 -86.790535 	 -23.851215 	 1.000000 
29167.255859 	 70848.992188 	 57528.457031 	 1.898883 	 -103.583481 	 -38.876915 	 1.000000 
29292.595703 	 71454.875000 	 58433.140625 	 -82.762352 	 -29.485493 	 -47.671909 	 1.000000 
28000.712891 	 69543.164062 	 58553.261719 	 -64.877388 	 -5.491755 	 -72.378319 	 1.000000 
27790.998047 	 71142.890625 	 59778.792969 	 -51.480957 	 11.396477 	 -50.603737 	 1.000000 
28521.253906 	 71208.078125 	 58467.785156 	 -11.687296 	 -98.523415 	 -3.192621 	 1.000000 
27249.628906 	 71775.531250 	 59723.964844 	 6.295065 	 -40.557465 	 123.643074 	 1.000000 
28627.539062 	 70847.554688 	 58072.125000 	 -10.667405 	 -82.405281 	 16.721346 	 1.000000 
28661.480469 	 70846.156250 	 58047.035156 	 -21.853558 	 -87.611893 	 26.965593 	 1.000000 
28598.832031 	 70857.992188 	 58095.835938 	 18.168358 	 -71.607300 	 23.671913 	 1.000000 
28665.732422 	 70863.742188 	 58038.660156 	 -19.789671 	 -88.442795 	 0.350629 	 1.000000 
28802.511719 	 70470.023438 	 57339.621094 	 -37.648945 	 -49.989693 	 -79.799644 	 1.000000 
27805.152344 	 71820.820312 	 59970.781250 	 90.577469 	 -128.774139 	 10.572285 	 1.000000 
28614.771484 	 72087.546875 	 60125.257812 	 -48.219467 	 -79.402695 	 -29.421652 	 1.000000 
28261.718750 	 70352.898438 	 57955.324219 	 58.388008 	 -28.705641 	 28.400768 	 1.000000 
27819.628906 	 71214.234375 	 59793.835938 	 -25.839396 	 1.489102 	 -61.058239 	 1.000000 
28606.734375 	 71533.710938 	 58653.203125 	 -105.173851 	 -38.374226 	 -30.559826 	 1.000000 
28237.363281 	 71233.984375 	 58727.132812 	 -72.687401 	 -38.748791 	 -32.538723 	 1.000000 
27263.933594 	 71484.609375 	 60358.535156 	 81.029068 	 5.106547 	 29.694717 	 1.000000 
29449.207031 	 72106.085938 	 58583.957031 	 -40.773403 	 -113.106773 	 2.229942 	 1.000000 
27369.416016 	 71995.546875 	 60381.101562 	 193.280563 	 -59.453949 	 63.426285 	 1.000000 
26769.677734 	 71547.140625 	 58979.035156 	 153.587509 	 -82.001747 	 74.850090 	 1.000000 
26761.435547 	 71543.070312 	 58979.257812 	 181.175354 	 -101.658005 	 49.587528 	 1.000000 
26776.847656 	 71555.609375 	 59006.562500 	 161.768723 	 -54.446510 	 66.052429 	 1.000000 
27430.724609 	 71031.460938 	 59138.515625 	 64.494675 	 -120.650230 	 32.499405 	 1.000000 
27942.849609 	 70778.664062 	 59072.929688 	 18.989597 	 28.135439 	 9.446028 	 1.000000 
28799.285156 	 71548.445312 	 58592.332031 	 -64.752815 	 -110.472557 	 -3.791593 	 1.000000 
28749.654297 	 71546.773438 	 58559.796875 	 8.515446 	 -122.698029 	 34.284283 	 1.000000 
26815.787109 	 69506.078125 	 58781.449219 	 51.883064 	 -33.607735 	 -43.723591 	 1.000000 
29019.705078 	 71526.460938 	 57962.320312 	 -26.407076 	 -108.114204 	 1.124301 	 1.000000 
27751.078125 	 71386.890625 	 60457.203125 	 -41.989185 	 19.743082 	 -18.066963 	 1.000000 
28485.365234 	 70658.046875 	 57839.320312 	 -63.426144 	 -13.123302 	 -64.434708 	 1.000000 
28457.390625 	 70663.421875 	 57916.332031 	 -78.760452 	 -4.473067 	 -79.005898 	 1.000000 
28470.617188 	 70657.390625 	 57877.500000 	 -57.259434 	 -13.324926 	 -72.576157 	 1.000000 
28310.251953 	 71960.632812 	 59577.109375 	 -30.887758 	 10.534205 	 -20.045862 	 1.000000 
26804.140625 	 72299.898438 	 58485.863281 	 141.160141 	 -81.749290 	 64.679474 	 1.000000 
26620.875000 	 69942.765625 	 59636.101562 	 84.120605 	 -36.010036 	 -15.038157 	 1.000000 
27244.949219 	 72403.578125 	 59934.246094 	 45.648117 	 -109.090820 	 88.944283 	 1.000000 
28524.457031 	 70594.062500 	 57759.757812 	 -18.337767 	 -21.228140 	 -41.554283 	 1.000000 
28549.580078 	 72417.179688 	 59927.640625 	 -42.618908 	 -131.888763 	 39.869690 	 1.000000 
28542.181641 	 72413.976562 	 59936.750000 	 -40.799915 	 -134.898468 	 14.091857 	 1.000000 
28561.865234 	 72400.476562 	 59947.820312 	 -36.619843 	 -132.988449 	 43.480873 	 1.000000 
27599.414062 	 69121.492188 	 59428.890625 	 -9.741397 	 -18.528378 	 -48.321873 	 1.000000 
27029.798828 	 70297.992188 	 59281.785156 	 103.878036 	 -28.488121 	 -8.579562 	 1.000000 
27969.630859 	 71086.828125 	 58957.507812 	 -81.842827 	 -103.682228 	 -16.753153 	 1.000000 
27952.472656 	 71104.656250 	 58946.527344 	 -124.674995 	 -54.678608 	 -15.038743 	 1.000000 
28443.408203 	 71428.937500 	 58453.167969 	 -26.850126 	 -85.062233 	 22.955355 	 1.000000 
26805.455078 	 70158.976562 	 59351.550781 	 99.211647 	 -35.700569 	 -12.553709 	 1.000000 
26831.787109 	 70177.906250 	 59329.519531 	 81.142052 	 -29.047253 	 -20.189812 	 1.000000 
29130.019531 	 72011.835938 	 59460.863281 	 -96.871262 	 -17.605551 	 5.197409 	 1.000000 
28570.232422 	 71483.492188 	 58793.324219 	 -7.972851 	 -82.785622 	 30.057533 	 1.000000 
28574.019531 	 71490.960938 	 58778.179688 	 -13.431681 	 -82.720184 	 -0.999281 	 1.000000 
29001.664062 	 71300.078125 	 58236.078125 	 -75.476364 	 -26.453995 	 -50.403519 	 1.000000 
27602.412109 	 71408.304688 	 59030.312500 	 106.461136 	 -48.170483 	 11.634363 	 1.000000 
28502.160156 	 72364.179688 	 59937.957031 	 -79.089760 	 -44.010975 	 -42.637959 	 1.000000 
28479.214844 	 72366.734375 	 59940.675781 	 -79.142418 	 -30.396631 	 -40.719368 	 1.000000 
28447.611328 	 71141.187500 	 58369.109375 	 12.957679 	 -118.190231 	 -10.139493 	 1.000000 
27790.107422 	 69114.343750 	 58643.253906 	 -6.994887 	 -30.733232 	 -81.663406 	 1.000000 
27689.314453 	 71819.718750 	 59951.757812 	 -18.932222 	 -47.331833 	 115.454239 	 1.000000 
29165.197266 	 71907.414062 	 59286.695312 	 -92.928589 	 -17.200102 	 -5.302783 	 1.000000 
27189.509766 	 71143.507812 	 60458.125000 	 144.794220 	 -12.024159 	 68.727539 	 1.000000 
27201.789062 	 71108.773438 	 60440.398438 	 144.975082 	 -25.338385 	 59.309952 	 1.000000 
27228.923828 	 71119.007812 	 60453.464844 	 138.679077 	 -10.736402 	 62.960464 	 1.000000 
28075.591797 	 70674.671875 	 58683.480469 	 101.560974 	 -57.533932 	 -22.963882 	 1.000000 
26561.320312 	 69736.140625 	 59545.625000 	 78.178841 	 -35.141548 	 -18.800587 	 1.000000 
29012.019531 	 70832.351562 	 57849.050781 	 -63.811005 	 -40.277382 	 -71.530296 	 1.000000 
27192.556641 	 69567.890625 	 58631.539062 	 95.827538 	 -85.276970 	 39.020832 	 1.000000 
27512.746094 	 69695.070312 	 59976.234375 	 -16.154673 	 -11.871467 	 -31.618774 	 1.000000 
28243.539062 	 71722.976562 	 59345.417969 	 -56.021946 	 -3.430945 	 -20.326023 	 1.000000 
28244.980469 	 71719.289062 	 59357.000000 	 -42.527069 	 6.536287 	 -19.730736 	 1.000000 
27241.589844 	 69658.617188 	 60251.007812 	 16.217327 	 -17.618988 	 -11.644749 	 1.000000 
27608.472656 	 71320.007812 	 59090.285156 	 137.174164 	 -57.957012 	 17.806404 	 1.000000 
27627.886719 	 71313.859375 	 59073.632812 	 111.607460 	 -77.254326 	 3.586710 	 1.000000 
28179.958984 	 70142.320312 	 57987.089844 	 57.150230 	 -40.198334 	 42.566353 	 1.000000 
27156.519531 	 71804.515625 	 58396.742188 	 119.839577 	 -84.205452 	 72.593735 	 1.000000 
27154.062500 	 71814.789062 	 58396.085938 	 127.193130 	 -108.839798 	 83.204781 	 1.000000 
27520.171875 	 69166.156250 	 58843.207031 	 -24.966307 	 -18.459644 	 -73.467804 	 1.000000 
27595.656250 	 71836.195312 	 60153.359375 	 -14.689909 	 -112.197952 	 143.402542 	 1.000000 
27585.585938 	 71077.718750 	 59501.816406 	 25.413054 	 11.066577 	 -72.643845 	 1.000000 
27586.451172 	 71070.609375 	 59496.742188 	 23.396955 	 15.309325 	 -69.618629 	 1.000000 
29555.880859 	 70856.664062 	 57688.839844 	 -65.234016 	 -44.364216 	 -89.521164 	 1.000000 
27711.027344 	 71188.742188 	 59036.621094 	 122.885315 	 -108.116302 	 15.454136 	 1.000000 
27067.599609 	 71537.796875 	 60020.812500 	 71.598145 	 19.125771 	 13.705861 	 1.000000 
27527.214844 	 71663.515625 	 59441.496094 	 104.055443 	 1.802362 	 30.659836 	 1.000000 
27621.207031 	 70544.296875 	 59255.957031 	 160.662552 	 14.829203 	 -42.266254 	 1.000000 
27624.539062 	 70558.492188 	 59228.593750 	 170.422150 	 17.061636 	 -47.160809 	 1.000000 
28144.677734 	 70691.070312 	 58259.167969 	 -69.179428 	 -19.683172 	 -2.802341 	 1.000000 
27306.955078 	 72376.625000 	 58550.457031 	 116.650848 	 -73.997765 	 77.501167 	 1.000000 
29607.845703 	 71465.710938 	 58269.582031 	 -80.299004 	 -32.729195 	 -60.624706 	 1.000000 
28305.439453 	 71593.562500 	 59556.187500 	 -29.801205 	 -13.024125 	 -18.615971 	 1.000000 
28527.818359 	 69456.578125 	 57669.476562 	 59.767982 	 -78.235512 	 -10.713804 	 1.000000 
27757.705078 	 69993.578125 	 59837.070312 	 -65.132896 	 4.963452 	 -54.323162 	 1.000000 
27745.232422 	 69990.906250 	 59828.273438 	 -55.618935 	 5.743371 	 -37.310062 	 1.000000 
27952.082031 	 70173.882812 	 57951.843750 	 38.645245 	 -62.469017 	 43.554016 	 1.000000 
28473.625000 	 71760.718750 	 59704.578125 	 -15.987906 	 11.009716 	 -32.617706 	 1.000000 
26739.949219 	 70505.734375 	 60362.859375 	 143.195816 	 -46.145218 	 39.661137 	 1.000000 
26528.322266 	 70180.601562 	 59758.246094 	 144.283157 	 -69.311340 	 18.061319 	 1.000000 
29207.335938 	 71747.945312 	 59024.835938 	 -88.923317 	 -16.062674 	 -22.820429 	 1.000000 
27965.675781 	 69562.101562 	 58808.289062 	 -61.739677 	 -6.024337 	 -79.303680 	 1.000000 
27973.765625 	 69597.796875 	 58825.074219 	 -53.868580 	 -9.096515 	 -86.506836 	 1.000000 
27969.191406 	 69566.242188 	 58799.730469 	 -57.055557 	 -2.272615 	 -71.340225 	 1.000000 
28359.330078 	 69785.164062 	 57955.828125 	 -64.571770 	 -14.748683 	 -83.831589 	 1.000000 
26865.099609 	 71667.234375 	 59100.167969 	 149.529053 	 -91.670189 	 87.026054 	 1.000000 
26759.296875 	 69178.156250 	 58481.621094 	 44.376892 	 -52.925209 	 -44.701214 	 1.000000 
26900.203125 	 68982.851562 	 58443.054688 	 64.997314 	 -72.116776 	 -20.683146 	 1.000000 
28365.353516 	 70756.648438 	 58347.457031 	 -1.935736 	 -73.871246 	 32.701813 	 1.000000 
27625.826172 	 71980.453125 	 59767.347656 	 131.740723 	 -137.399048 	 75.242020 	 1.000000 
27617.517578 	 71965.585938 	 59763.246094 	 39.396557 	 -115.338043 	 57.073769 	 1.000000 
27630.447266 	 71939.117188 	 59764.050781 	 21.960449 	 -117.112625 	 86.798462 	 1.000000 
28606.535156 	 72001.507812 	 60053.679688 	 -73.975113 	 -119.556396 	 -16.843618 	 1.000000 
27788.052734 	 71337.281250 	 60075.785156 	 -36.858738 	 17.889462 	 -39.705288 	 1.000000 
28999.839844 	 72258.234375 	 59788.703125 	 -101.681595 	 -59.522457 	 -9.203756 	 1.000000 
27618.998047 	 71875.960938 	 59771.351562 	 148.704178 	 -66.075310 	 182.326523 	 1.000000 
28007.904297 	 70064.367188 	 57961.367188 	 22.447186 	 -81.620667 	 42.352558 	 1.000000 
28016.708984 	 70328.453125 	 58756.847656 	 -17.630941 	 35.082630 	 42.530918 	 1.000000 
27849.587891 	 70594.742188 	 58480.441406 	 -11.646994 	 -105.010635 	 125.155449 	 1.000000 
27519.085938 	 71871.906250 	 59699.593750 	 -35.610580 	 -61.907455 	 98.567444 	 1.000000 
27233.412109 	 70204.703125 	 59414.195312 	 122.082809 	 -35.720627 	 -5.558585 	 1.000000 
27291.693359 	 72055.460938 	 59910.472656 	 97.965401 	 -143.963699 	 96.274406 	 1.000000 
26279.041016 	 70925.023438 	 59086.410156 	 131.463867 	 -90.216652 	 50.629185 	 1.000000 
28007.021484 	 70875.929688 	 58607.144531 	 -49.682243 	 -102.832207 	 7.477688 	 1.000000 
28065.953125 	 71136.062500 	 58927.406250 	 107.121361 	 -78.674057 	 24.037388 	 1.000000 
27793.601562 	 72415.007812 	 59638.855469 	 38.816765 	 -90.107681 	 131.280365 	 1.000000 
28679.281250 	 72163.257812 	 59837.519531 	 -6.225889 	 -54.308369 	 -39.093845 	 1.000000 
27779.427734 	 71176.273438 	 59555.941406 	 -30.192074 	 19.793840 	 -73.944557 	 1.000000 
27960.580078 	 70624.085938 	 58894.167969 	 54.180759 	 24.945860 	 79.437950 	 1.000000 
26318.248047 	 70998.492188 	 58892.304688 	 137.189865 	 -96.995277 	 56.261860 	 1.000000 
27001.716797 	 69502.554688 	 59757.207031 	 29.830526 	 -19.490753 	 -22.856236 	 1.000000 
27159.462891 	 70571.046875 	 59929.886719 	 34.098488 	 16.555723 	 -22.139683 	 1.000000 
27308.273438 	 71515.593750 	 60348.527344 	 78.687363 	 19.556787 	 13.818649 	 1.000000 
27471.750000 	 70471.187500 	 59127.625000 	 126.182465 	 7.598695 	 29.803150 	 1.000000 
28240.445312 	 69941.117188 	 57906.542969 	 40.714993 	 -47.329575 	 21.621283 	 1.000000 
28228.203125 	 69933.992188 	 57935.988281 	 37.462788 	 -41.735012 	 15.091872 	 1.000000 
27540.597656 	 71730.851562 	 60192.148438 	 -3.814549 	 -98.121521 	 87.045937 	 1.000000 
27968.400391 	 71829.804688 	 60478.632812 	 -65.669563 	 14.770903 	 -11.696722 	 1.000000 
28952.498047 	 71302.882812 	 57524.546875 	 15.553017 	 -93.467445 	 -34.975948 	 1.000000 
29244.173828 	 70807.570312 	 57360.148438 	 -59.473595 	 -47.072826 	 -90.869766 	 1.000000 
29264.550781 	 70824.664062 	 57372.078125 	 -66.103569 	 -55.422184 	 -90.156578 	 1.000000 
26812.082031 	 71652.992188 	 58460.914062 	 132.927216 	 -87.116699 	 71.666367 	 1.000000 
27377.802734 	 71377.406250 	 60776.304688 	 142.975159 	 -2.375167 	 82.294235 	 1.000000 
28180.646484 	 70701.554688 	 58142.109375 	 -47.425491 	 -7.259423 	 -2.975476 	 1.000000 
26983.382812 	 71539.343750 	 59966.109375 	 91.454590 	 17.833059 	 4.628613 	 1.000000 
29291.455078 	 71715.851562 	 59167.281250 	 -90.389091 	 -38.447880 	 -6.095083 	 1.000000 
27830.554688 	 71275.281250 	 59041.261719 	 -24.049360 	 -135.450699 	 35.043629 	 1.000000 
27806.330078 	 71289.210938 	 59046.042969 	 98.657356 	 -101.524483 	 30.054893 	 1.000000 
26976.671875 	 70891.109375 	 60176.746094 	 158.850098 	 -42.103024 	 46.528248 	 1.000000 
27913.146484 	 70657.617188 	 58900.750000 	 52.436928 	 28.796892 	 107.288406 	 1.000000 
27823.574219 	 72146.500000 	 60157.375000 	 138.441422 	 -100.902908 	 19.815332 	 1.000000 
28495.324219 	 71823.835938 	 59752.113281 	 -12.705206 	 9.375131 	 -43.112953 	 1.000000 
28079.439453 	 69725.804688 	 58490.234375 	 -68.427933 	 -14.068675 	 -69.826881 	 1.000000 
27897.115234 	 70952.031250 	 59238.820312 	 -71.238182 	 31.019880 	 -144.422241 	 1.000000 
27452.904297 	 71155.679688 	 59135.328125 	 100.659775 	 -105.029022 	 39.334961 	 1.000000 
27968.656250 	 70175.695312 	 58836.503906 	 -18.267170 	 58.060520 	 -40.518303 	 1.000000 
27382.769531 	 71898.335938 	 59694.304688 	 179.644531 	 -81.656898 	 130.541946 	 1.000000 
27380.054688 	 71898.070312 	 59713.125000 	 136.094376 	 15.852890 	 45.098923 	 1.000000 
29007.794922 	 71326.992188 	 58284.863281 	 -84.372002 	 -35.748779 	 -61.880981 	 1.000000 
27167.679688 	 70780.882812 	 59881.652344 	 38.787151 	 14.995248 	 -23.107159 	 1.000000 
27175.630859 	 71833.265625 	 59747.433594 	 191.282089 	 -75.862991 	 89.293434 	 1.000000 
28500.160156 	 70918.148438 	 58198.953125 	 -79.686638 	 -45.178909 	 -11.294961 	 1.000000 
28123.531250 	 70152.640625 	 58067.601562 	 35.952709 	 -27.373793 	 26.092941 	 1.000000 
28604.925781 	 70773.648438 	 57806.984375 	 -49.792171 	 -43.552227 	 -47.522648 	 1.000000 
28546.802734 	 71619.617188 	 59111.203125 	 -78.808487 	 -92.532631 	 12.473847 	 1.000000 
29124.380859 	 72089.773438 	 59609.906250 	 -107.000328 	 37.676365 	 -29.285267 	 1.000000 
26486.964844 	 71179.820312 	 58976.789062 	 143.206833 	 -89.945717 	 58.378143 	 1.000000 
28036.847656 	 69624.062500 	 58513.246094 	 -68.249519 	 -20.273022 	 -62.910152 	 1.000000 
29107.001953 	 70616.804688 	 57563.570312 	 18.275179 	 -62.359440 	 -42.451473 	 1.000000 
28404.755859 	 71594.406250 	 59615.546875 	 -27.602777 	 -14.031478 	 -16.830475 	 1.000000 
27794.558594 	 69048.515625 	 58401.382812 	 -15.773204 	 -61.191498 	 -80.990852 	 1.000000 
28718.876953 	 71726.546875 	 58635.437500 	 18.790733 	 -127.094292 	 44.654320 	 1.000000 
28936.806641 	 70383.703125 	 57315.714844 	 13.616445 	 -22.265224 	 -66.084465 	 1.000000 
26586.607422 	 71473.070312 	 58722.148438 	 149.511795 	 -93.383476 	 72.596245 	 1.000000 
29442.548828 	 72122.921875 	 58755.089844 	 -50.835503 	 -107.622345 	 -10.723983 	 1.000000 
26436.595703 	 69452.968750 	 59048.082031 	 81.644386 	 -90.428864 	 5.101673 	 1.000000 
27534.726562 	 72224.078125 	 59287.324219 	 118.472069 	 -87.402229 	 114.481087 	 1.000000 
28296.101562 	 71414.750000 	 58759.507812 	 -2.168592 	 -92.172554 	 2.564465 	 1.000000 
27613.335938 	 71341.968750 	 59555.937500 	 143.360519 	 5.521060 	 -6.430759 	 1.000000 
26974.330078 	 70539.546875 	 57767.988281 	 120.490196 	 -114.983040 	 36.756348 	 0.000000 
28657.900391 	 70634.367188 	 57441.109375 	 -33.645557 	 -22.905516 	 -86.277382 	 1.000000 
29065.453125 	 70919.273438 	 58065.738281 	 -77.679169 	 -40.484928 	 -63.156456 	 1.000000 
26667.912109 	 71060.726562 	 59763.230469 	 151.269424 	 -66.917809 	 53.024265 	 1.000000 
26512.656250 	 69799.531250 	 59515.593750 	 87.732338 	 -45.301697 	 -10.308441 	 1.000000 
26819.384766 	 71526.570312 	 59307.398438 	 162.737457 	 -75.763237 	 64.414024 	 1.000000 
27647.982422 	 69360.773438 	 57442.031250 	 98.806404 	 -125.453255 	 -0.216849 	 1.000000 
27195.900391 	 71907.328125 	 60251.191406 	 201.525101 	 -54.438499 	 77.491585 	 1.000000 
27082.699219 	 69616.140625 	 58902.246094 	 45.553619 	 -65.428062 	 16.978632 	 1.000000 
27087.771484 	 69607.546875 	 58920.832031 	 55.574032 	 -55.488712 	 14.609734 	 1.000000 
27460.369141 	 69483.257812 	 60202.902344 	 -16.549501 	 -13.057763 	 -22.426460 	 1.000000 
27569.828125 	 71142.656250 	 59735.746094 	 13.576283 	 19.094913 	 -55.814545 	 1.000000 
27346.824219 	 72222.570312 	 59963.179688 	 -5.179231 	 -108.854591 	 87.397171 	 1.000000 
27973.869141 	 70702.804688 	 58458.167969 	 12.712433 	 -76.478539 	 31.585581 	 1.000000 
28631.601562 	 71855.921875 	 59515.210938 	 -57.613823 	 -91.818542 	 -34.643715 	 1.000000 
28394.005859 	 70582.664062 	 57855.304688 	 -32.092117 	 -35.347221 	 -40.752426 	 1.000000 
27985.568359 	 71843.601562 	 59987.601562 	 -81.251518 	 25.745953 	 -31.990837 	 1.000000 
26828.835938 	 71672.726562 	 58964.687500 	 146.767334 	 -99.176842 	 86.826195 	 1.000000 
27347.029297 	 70352.984375 	 59440.046875 	 120.236214 	 -21.635603 	 -14.254624 	 1.000000 
26953.033203 	 71548.078125 	 60241.667969 	 181.823608 	 -50.643459 	 72.298203 	 1.000000 
27854.671875 	 70731.125000 	 59252.453125 	 98.936668 	 -128.936981 	 53.972862 	 1.000000 
26773.746094 	 71288.234375 	 59600.253906 	 161.851868 	 -72.781532 	 60.588982 	 1.000000 
28558.962891 	 71979.335938 	 59562.527344 	 -39.016006 	 38.044849 	 46.942497 	 1.000000 
27796.808594 	 70706.820312 	 58535.179688 	 9.771671 	 -43.960808 	 -63.373230 	 1.000000 
27133.607422 	 71329.664062 	 60652.492188 	 115.027847 	 31.610794 	 60.738590 	 1.000000 
28849.658203 	 70586.507812 	 57277.363281 	 -18.941744 	 -52.444038 	 -69.809151 	 1.000000 
27828.316406 	 70560.257812 	 58459.843750 	 104.959480 	 -110.972404 	 31.619877 	 1.000000 
27197.294922 	 71496.445312 	 60316.625000 	 114.095299 	 0.951599 	 37.903419 	 1.000000 
28170.490234 	 69398.601562 	 58130.968750 	 -61.435085 	 -19.787437 	 -78.996880 	 1.000000 
28341.419922 	 69983.812500 	 57083.328125 	 27.529993 	 -77.768890 	 -44.781242 	 1.000000 
29010.318359 	 71093.351562 	 57941.343750 	 -69.561607 	 -39.545734 	 -62.561272 	 1.000000 
26738.355469 	 71513.796875 	 57632.820312 	 136.732895 	 -97.072647 	 45.520245 	 1.000000 
28317.033203 	 71682.390625 	 59965.031250 	 -33.873798 	 -3.239520 	 -26.340183 	 1.000000 
27558.562500 	 71881.859375 	 59652.542969 	 -6.837415 	 -106.301979 	 61.889973 	 1.000000 
26785.958984 	 70525.726562 	 59741.484375 	 132.153290 	 -59.807373 	 35.564022 	 1.000000 
26810.296875 	 70527.601562 	 59772.738281 	 136.094269 	 -67.718475 	 32.396343 	 1.000000 
27635.693359 	 71227.039062 	 59322.953125 	 102.903786 	 -58.981552 	 85.877274 	 1.000000 
27512.689453 	 71780.484375 	 60143.457031 	 -9.413306 	 -108.082176 	 113.400620 	 1.000000 
27042.660156 	 69403.234375 	 58301.480469 	 95.525650 	 -105.800194 	 21.256128 	 1.000000 
26699.250000 	 70439.062500 	 60117.023438 	 148.852875 	 -56.586315 	 33.830193 	 1.000000 
28045.371094 	 69679.890625 	 57686.199219 	 6.747451 	 -32.315517 	 -50.629230 	 1.000000 
28316.480469 	 72111.968750 	 59666.402344 	 -111.489311 	 -64.387878 	 39.400467 	 1.000000 
28302.847656 	 72115.820312 	 59648.082031 	 -34.591228 	 7.688136 	 -35.967407 	 1.000000 
28896.507812 	 71589.078125 	 58087.414062 	 -19.891884 	 -93.703651 	 10.739023 	 1.000000 
28845.521484 	 70585.390625 	 57379.734375 	 13.420583 	 -33.816582 	 -65.061821 	 1.000000 
27988.785156 	 70254.718750 	 57619.785156 	 7.665657 	 -61.755177 	 -1.121928 	 1.000000 
27874.916016 	 70757.203125 	 59039.132812 	 50.684715 	 -70.787003 	 -82.726768 	 1.000000 
28360.167969 	 69827.765625 	 57739.597656 	 14.148211 	 -77.094398 	 -1.445556 	 1.000000 
27869.994141 	 70720.132812 	 58911.457031 	 -43.861176 	 -108.297157 	 84.005821 	 1.000000 
27816.552734 	 70694.625000 	 58792.964844 	 56.261967 	 6.387529 	 77.793564 	 1.000000 
26856.785156 	 70195.179688 	 59342.675781 	 82.279228 	 -29.380627 	 -6.634102 	 1.000000 
28307.384766 	 69855.734375 	 57748.429688 	 22.164740 	 -84.746536 	 8.593203 	 1.000000 
29477.048828 	 69945.281250 	 59251.257812 	 -76.756981 	 -7.138230 	 -62.292843 	 0.000000 
27916.775391 	 71047.835938 	 58805.765625 	 -25.296263 	 -132.981491 	 52.344086 	 1.000000 
28744.400391 	 71679.250000 	 58944.152344 	 -21.078022 	 -82.486824 	 -13.563297 	 1.000000 
26165.640625 	 70419.867188 	 59195.367188 	 124.228806 	 -96.158508 	 29.066294 	 1.000000 
27925.646484 	 70331.554688 	 57954.144531 	 9.417494 	 -8.968097 	 -7.688655 	 1.000000 
27311.148438 	 71655.773438 	 59969.664062 	 31.316793 	 -65.243927 	 0.504025 	 1.000000 
27310.892578 	 71652.070312 	 59958.386719 	 122.562996 	 -94.065384 	 85.743530 	 1.000000 
29236.583984 	 71194.445312 	 57509.695312 	 11.606888 	 -91.329781 	 -56.110931 	 1.000000 
26378.353516 	 69478.992188 	 59292.429688 	 71.727196 	 -52.943642 	 -16.707018 	 1.000000 
27898.841797 	 69205.789062 	 57684.136719 	 16.407413 	 -55.896305 	 -61.424301 	 1.000000 
27548.515625 	 70628.148438 	 59391.480469 	 -6.831131 	 35.178696 	 -88.067062 	 1.000000 
27428.980469 	 71851.320312 	 59822.023438 	 -46.695435 	 -24.340204 	 87.852394 	 1.000000 
27170.888672 	 72391.156250 	 59895.140625 	 41.187172 	 -94.840591 	 64.875763 	 1.000000 
27775.666016 	 69764.062500 	 59435.042969 	 -59.660774 	 0.620525 	 -58.119820 	 1.000000 
28692.798828 	 70306.710938 	 57470.562500 	 14.625579 	 -36.628223 	 -49.960781 	 1.000000 
29052.580078 	 71601.617188 	 58715.609375 	 -89.053223 	 2.916194 	 -54.123116 	 1.000000 
27985.763672 	 70219.015625 	 58854.128906 	 -41.420631 	 33.673164 	 -47.647121 	 1.000000 
26815.886719 	 72012.460938 	 58254.320312 	 137.860779 	 -86.195404 	 65.322159 	 1.000000 
26497.712891 	 70351.945312 	 60373.796875 	 90.120003 	 -23.239164 	 27.646019 	 1.000000 
28768.576172 	 70411.109375 	 57342.636719 	 7.404798 	 -37.342834 	 -68.073280 	 1.000000 
27383.492188 	 69165.640625 	 58038.148438 	 65.324593 	 -73.864059 	 -27.963179 	 1.000000 
28771.328125 	 71178.382812 	 58542.359375 	 -28.361038 	 -97.047562 	 19.436014 	 1.000000 
28518.660156 	 69901.960938 	 57218.347656 	 35.828442 	 -97.899887 	 -26.785063 	 1.000000 
27654.169922 	 69209.437500 	 60141.781250 	 -64.752769 	 -12.146194 	 -29.341333 	 1.000000 
26667.833984 	 69762.921875 	 59054.375000 	 79.563110 	 -43.973236 	 -19.467154 	 1.000000 
29010.964844 	 71680.937500 	 58817.500000 	 -88.146622 	 4.887642 	 -46.355030 	 1.000000 
29009.794922 	 71697.984375 	 58829.144531 	 -86.042305 	 -4.304781 	 -50.982941 	 1.000000 
28316.121094 	 71331.125000 	 58527.015625 	 -8.098169 	 -83.416458 	 -6.293198 	 1.000000 
28530.189453 	 71320.117188 	 58521.562500 	 -86.913155 	 -23.408606 	 -40.815201 	 1.000000 
27265.404297 	 70356.203125 	 58851.875000 	 119.744453 	 -26.872173 	 3.354603 	 1.000000 
27959.630859 	 68726.742188 	 58838.656250 	 -65.879089 	 -27.957491 	 -75.684097 	 1.000000 
27396.535156 	 71490.242188 	 60267.632812 	 87.810379 	 21.897955 	 29.072960 	 1.000000 
26616.744141 	 70227.531250 	 59597.656250 	 132.545029 	 -80.622406 	 28.968985 	 1.000000 
27949.400391 	 69542.703125 	 58110.593750 	 23.909281 	 -28.882288 	 -49.257332 	 1.000000 
28012.123047 	 70828.828125 	 59011.988281 	 6.937435 	 28.014128 	 61.414608 	 1.000000 
28289.224609 	 70633.695312 	 57977.027344 	 -44.880814 	 -31.797575 	 -28.008017 	 1.000000 
27772.654297 	 69613.484375 	 59250.539062 	 -58.316208 	 1.875444 	 -65.755081 	 1.000000 
26680.660156 	 71361.625000 	 59364.933594 	 155.921448 	 -76.917664 	 62.458652 	 1.000000 
27550.822266 	 71641.781250 	 60166.382812 	 44.256981 	 -22.466042 	 46.908554 	 1.000000 
27830.259766 	 72662.257812 	 59143.093750 	 -1.663542 	 -80.585953 	 75.270752 	 1.000000 
29190.986328 	 72093.906250 	 59575.394531 	 -101.342285 	 -0.895563 	 7.678240 	 1.000000 
28396.308594 	 69687.726562 	 57907.718750 	 44.670582 	 -59.077946 	 -2.955625 	 1.000000 
28911.953125 	 70021.781250 	 60006.101562 	 -80.562218 	 0.962965 	 -37.725140 	 0.000000 
26826.195312 	 71909.226562 	 58694.488281 	 144.100891 	 -93.678375 	 74.873543 	 1.000000 
28493.417969 	 69599.492188 	 57917.171875 	 47.643169 	 -70.594109 	 4.843706 	 1.000000 
27697.154297 	 71514.250000 	 59569.855469 	 135.032867 	 10.536055 	 -3.752257 	 1.000000 
27330.326172 	 71457.984375 	 59400.058594 	 104.274109 	 -0.788665 	 -12.350107 	 1.000000 
27338.478516 	 71960.007812 	 59872.441406 	 55.944122 	 -38.336769 	 38.353600 	 1.000000 
28135.769531 	 70596.593750 	 58410.113281 	 -28.676218 	 -92.291351 	 84.584198 	 1.000000 
27381.166016 	 71852.937500 	 59227.027344 	 130.001083 	 -86.628891 	 110.605629 	 1.000000 
27639.416016 	 70755.085938 	 59296.425781 	 120.045738 	 -63.780407 	 2.706305 	 1.000000 
27282.203125 	 71576.125000 	 60268.363281 	 93.561714 	 -5.328078 	 26.603189 	 1.000000 
28219.937500 	 71365.289062 	 58931.789062 	 -32.269386 	 -75.253517 	 -13.929821 	 1.000000 
28264.531250 	 70971.421875 	 58273.460938 	 -0.890009 	 -56.884365 	 12.473835 	 1.000000 
26393.310547 	 70529.320312 	 59371.945312 	 133.020889 	 -86.113594 	 34.863304 	 1.000000 
27554.097656 	 71530.453125 	 59312.113281 	 102.113663 	 -23.711611 	 30.137140 	 1.000000 
27023.375000 	 69240.820312 	 58535.687500 	 54.128284 	 -61.259762 	 -8.181400 	 1.000000 
28769.312500 	 71855.304688 	 58813.929688 	 -76.729233 	 -112.790024 	 8.000991 	 1.000000 
28724.101562 	 70606.164062 	 57360.074219 	 -18.923306 	 -30.962852 	 -85.326492 	 1.000000 
25919.699219 	 70215.679688 	 59060.320312 	 100.651649 	 -107.490852 	 10.986481 	 1.000000 
28704.035156 	 72031.054688 	 58344.804688 	 23.698790 	 -111.461029 	 31.598362 	 1.000000 
28425.169922 	 72234.742188 	 60202.867188 	 -39.013580 	 2.970299 	 -23.311220 	 1.000000 
27072.695312 	 69984.585938 	 59851.273438 	 31.823994 	 -8.287945 	 -23.944580 	 1.000000 
28146.625000 	 71346.046875 	 58921.167969 	 -71.345276 	 -44.037121 	 -37.401279 	 1.000000 
27624.189453 	 69869.078125 	 60387.289062 	 -53.693008 	 -1.917239 	 -22.050976 	 1.000000 
27027.599609 	 70784.750000 	 60069.203125 	 114.566414 	 -8.616451 	 23.232265 	 1.000000 
28041.232422 	 70556.179688 	 58494.054688 	 -76.055595 	 -68.147873 	 112.299240 	 1.000000 
27407.400391 	 70206.414062 	 58986.531250 	 114.057922 	 -21.796473 	 7.114339 	 1.000000 
26417.208984 	 69892.820312 	 59519.906250 	 133.953415 	 -73.504364 	 2.350148 	 1.000000 
27614.654297 	 70961.664062 	 59291.042969 	 172.273788 	 -19.236837 	 -37.291992 	 1.000000 
29165.576172 	 71661.531250 	 58744.960938 	 -89.280914 	 -31.817791 	 -29.427141 	 1.000000 
26547.271484 	 71022.429688 	 59454.046875 	 148.579147 	 -79.622849 	 51.922466 	 1.000000 
27972.658203 	 70731.164062 	 58892.714844 	 40.871838 	 32.440807 	 70.733231 	 1.000000 
27316.501953 	 70212.953125 	 58948.515625 	 100.568001 	 -25.475624 	 23.343071 	 1.000000 
29279.437500 	 71818.937500 	 59019.378906 	 -82.602982 	 -25.070745 	 -20.089899 	 1.000000 
28075.296875 	 70469.906250 	 58718.152344 	 105.689011 	 4.234729 	 13.974651 	 1.000000 
27314.160156 	 71251.468750 	 60623.308594 	 140.774521 	 -6.417609 	 72.228508 	 1.000000 
27669.767578 	 71234.578125 	 60521.558594 	 -10.180202 	 18.281109 	 -10.574247 	 1.000000 
28147.076172 	 69997.234375 	 57980.800781 	 -25.997974 	 -9.186867 	 -49.516239 	 1.000000 
27577.976562 	 68931.968750 	 58526.789062 	 -16.990507 	 -21.833513 	 -92.950272 	 1.000000 
28341.433594 	 72010.945312 	 59655.214844 	 -92.844299 	 -81.846306 	 34.114342 	 1.000000 
27813.228516 	 70997.742188 	 59686.703125 	 -55.036793 	 -8.395169 	 -51.806927 	 1.000000 
27679.376953 	 70839.867188 	 59121.617188 	 99.384369 	 -165.783936 	 81.214378 	 1.000000 
27977.373047 	 69562.671875 	 58697.093750 	 -60.913483 	 -1.641400 	 -81.824005 	 1.000000 
29145.470703 	 70695.703125 	 57242.019531 	 35.962940 	 -96.620834 	 -25.250362 	 1.000000 
27667.861328 	 70274.351562 	 60290.667969 	 -17.820122 	 4.862913 	 -24.697252 	 1.000000 
27624.076172 	 71010.781250 	 59278.570312 	 44.893475 	 6.613623 	 -103.433792 	 1.000000 
26903.025391 	 69086.578125 	 58527.382812 	 62.552406 	 -71.340401 	 -16.435520 	 1.000000 
28922.970703 	 69651.617188 	 57432.296875 	 -55.428005 	 -23.554684 	 -118.749481 	 1.000000 
28807.218750 	 71589.320312 	 58572.046875 	 13.354527 	 -126.293091 	 42.617912 	 1.000000 
27178.910156 	 71817.828125 	 59666.640625 	 187.533813 	 -77.597946 	 93.840523 	 1.000000 
26459.162109 	 69480.773438 	 59000.562500 	 115.781143 	 -113.268524 	 8.886342 	 1.000000 
27605.349609 	 71156.140625 	 59569.687500 	 19.406902 	 12.634806 	 -70.116913 	 1.000000 
26961.855469 	 71580.062500 	 60035.585938 	 90.744835 	 16.185978 	 -5.247839 	 1.000000 
26976.316406 	 71020.070312 	 60402.828125 	 117.431473 	 8.407502 	 38.064632 	 1.000000 
26261.861328 	 69772.945312 	 58908.945312 	 135.394623 	 -102.875526 	 -0.642671 	 1.000000 
27842.345703 	 70217.429688 	 58770.976562 	 -19.974922 	 47.886459 	 -75.850677 	 1.000000 
27954.765625 	 70246.664062 	 58248.675781 	 1.714788 	 25.546524 	 -14.665598 	 1.000000 
27148.072266 	 71451.281250 	 59797.679688 	 59.236084 	 43.196510 	 -7.905243 	 1.000000 
27142.244141 	 72291.226562 	 60070.695312 	 60.469677 	 -132.159897 	 41.426311 	 1.000000 
27553.787109 	 71766.234375 	 59911.250000 	 98.701065 	 68.121452 	 3.482656 	 1.000000 
27007.062500 	 69424.984375 	 58449.929688 	 58.327415 	 -57.063995 	 -6.531493 	 1.000000 
27650.937500 	 71961.796875 	 60023.136719 	 -9.578990 	 51.097004 	 23.069660 	 1.000000 
27548.074219 	 72074.382812 	 59605.332031 	 -17.182394 	 -114.569046 	 126.112373 	 1.000000 
26776.058594 	 69365.289062 	 58648.800781 	 74.720222 	 -52.073063 	 -30.134464 	 1.000000 
28899.863281 	 70539.554688 	 57799.156250 	 15.424155 	 -67.513634 	 -19.766434 	 1.000000 
28609.591797 	 71540.500000 	 58734.476562 	 -22.300011 	 -89.857086 	 44.424690 	 1.000000 
27851.593750 	 70573.921875 	 58328.105469 	 3.541282 	 47.196285 	 50.368725 	 1.000000 
27763.832031 	 69974.687500 	 58656.304688 	 2.425529 	 25.667725 	 -50.318790 	 1.000000 
27805.996094 	 70232.703125 	 58402.437500 	 17.429859 	 -18.421921 	 74.516090 	 1.000000 
29223.859375 	 71521.703125 	 58753.710938 	 -89.186806 	 -23.439226 	 -41.150497 	 1.000000 
27679.341797 	 71854.765625 	 60003.289062 	 18.555450 	 -91.812424 	 -50.322807 	 1.000000 
26633.804688 	 69170.187500 	 58401.542969 	 92.951416 	 -118.912186 	 15.388673 	 1.000000 
28746.744141 	 71757.570312 	 59237.015625 	 -13.231128 	 -98.958832 	 35.660480 	 1.000000 
28888.117188 	 70453.148438 	 57385.007812 	 9.592393 	 -12.277376 	 -74.299797 	 1.000000 
26901.765625 	 69119.937500 	 58298.085938 	 48.496281 	 -70.529510 	 -30.225718 	 1.000000 
28111.185547 	 69780.750000 	 57912.863281 	 36.884720 	 -51.667496 	 7.663180 	 1.000000 
26997.265625 	 69593.843750 	 59791.070312 	 29.691780 	 -22.773396 	 -23.188856 	 1.000000 
27592.798828 	 70679.195312 	 59167.683594 	 208.972092 	 -16.117575 	 -25.239735 	 1.000000 
27791.171875 	 70200.406250 	 58643.296875 	 -12.989357 	 48.652859 	 -20.116467 	 1.000000 
27397.509766 	 70598.054688 	 59212.039062 	 155.168289 	 -16.635370 	 -11.443006 	 1.000000 
27597.082031 	 72164.031250 	 60050.691406 	 45.270851 	 -101.987335 	 86.275734 	 1.000000 
27869.033203 	 71417.546875 	 59547.152344 	 108.148239 	 -13.337677 	 -35.745193 	 1.000000 
28519.921875 	 71084.164062 	 57925.347656 	 -25.441818 	 -90.785698 	 -1.553629 	 1.000000 
26863.968750 	 68990.046875 	 58509.550781 	 66.345604 	 -77.070526 	 -19.331194 	 1.000000 
26551.298828 	 69403.093750 	 59499.089844 	 71.696342 	 -51.182892 	 -16.042227 	 1.000000 
27667.707031 	 70871.187500 	 58776.785156 	 -9.283454 	 -21.249548 	 24.623692 	 1.000000 
29212.056641 	 71978.546875 	 58286.132812 	 -58.003403 	 -96.411926 	 -18.966621 	 1.000000 
28542.666016 	 71048.625000 	 57877.929688 	 -22.856894 	 -90.564598 	 3.428119 	 1.000000 
27131.625000 	 70635.937500 	 59892.468750 	 41.023319 	 11.780118 	 -25.016697 	 1.000000 
27475.318359 	 70514.562500 	 59113.511719 	 153.683334 	 2.170792 	 -9.077947 	 1.000000 
27733.537109 	 69709.757812 	 58607.632812 	 -3.671146 	 -1.216475 	 -56.637547 	 1.000000 
26823.816406 	 70098.382812 	 59443.886719 	 85.895721 	 -27.141033 	 -21.777565 	 1.000000 
27712.849609 	 71457.328125 	 59769.675781 	 106.171227 	 4.236497 	 -1.589662 	 1.000000 
28163.755859 	 69454.132812 	 57774.410156 	 65.979233 	 -55.748775 	 -34.943863 	 1.000000 
28580.906250 	 71626.695312 	 58810.828125 	 -96.848305 	 -4.431942 	 -38.226105 	 1.000000 
27919.314453 	 71915.250000 	 60500.785156 	 -69.733025 	 18.827194 	 -9.387399 	 1.000000 
27829.658203 	 70197.968750 	 60628.199219 	 -71.314995 	 7.800959 	 -14.160394 	 1.000000 
27795.755859 	 71241.031250 	 59553.718750 	 57.873516 	 -80.696381 	 52.956917 	 1.000000 
27133.878906 	 69640.382812 	 58794.671875 	 113.639244 	 -28.240793 	 31.675684 	 1.000000 
27463.634766 	 69496.476562 	 59695.554688 	 -34.843128 	 -9.901005 	 -43.389240 	 1.000000 
29264.478516 	 71752.421875 	 58848.113281 	 -83.252945 	 -22.165068 	 -26.686117 	 1.000000 
28157.173828 	 71129.273438 	 58646.585938 	 -7.889765 	 -105.200119 	 18.173147 	 1.000000 
28950.197266 	 72060.132812 	 59733.914062 	 -105.914879 	 -8.594400 	 -8.789008 	 1.000000 
28469.056641 	 70582.195312 	 59655.835938 	 -88.566696 	 13.037364 	 -51.548195 	 2.000000 
27784.013672 	 70735.289062 	 59089.289062 	 134.015839 	 -133.378967 	 -34.730392 	 1.000000 
27991.492188 	 69821.445312 	 57963.382812 	 13.917800 	 -17.331652 	 -43.215736 	 1.000000 
27504.904297 	 71875.937500 	 59428.300781 	 132.747910 	 -88.490883 	 127.896812 	 1.000000 
28166.281250 	 71514.734375 	 58929.164062 	 -6.851774 	 -96.315620 	 11.090845 	 1.000000 
26296.423828 	 70487.492188 	 59841.820312 	 159.515488 	 -68.071701 	 20.825153 	 1.000000 
27826.369141 	 70899.781250 	 58836.585938 	 -120.106453 	 38.408752 	 -64.641258 	 1.000000 
28148.431641 	 70115.851562 	 58026.785156 	 69.084839 	 -29.863888 	 32.681229 	 1.000000 
26543.775391 	 69765.265625 	 59429.402344 	 55.187809 	 -29.454338 	 -23.768314 	 1.000000 
27707.246094 	 69817.664062 	 58521.410156 	 79.216217 	 -22.462177 	 -2.065996 	 1.000000 
27952.408203 	 70812.867188 	 59306.046875 	 -46.750423 	 42.636307 	 -107.134521 	 1.000000 
27749.343750 	 70973.929688 	 59439.945312 	 -17.981218 	 35.672073 	 -99.769508 	 1.000000 
28017.228516 	 69712.625000 	 57778.695312 	 10.774572 	 -28.366346 	 -50.266781 	 1.000000 
27800.718750 	 71009.281250 	 59467.777344 	 51.781784 	 -96.121323 	 16.848732 	 1.000000 
27756.841797 	 72245.632812 	 60254.289062 	 147.218857 	 -131.717163 	 69.502014 	 1.000000 
28282.830078 	 69823.046875 	 57140.316406 	 40.564651 	 -86.681412 	 -27.962576 	 1.000000 
28114.779297 	 70108.734375 	 57440.109375 	 42.765385 	 -71.937241 	 2.043975 	 1.000000 
27387.992188 	 71573.421875 	 59329.300781 	 105.350563 	 -2.717808 	 -12.441409 	 1.000000 
27342.380859 	 72231.617188 	 59799.144531 	 116.468460 	 -69.405762 	 4.443831 	 1.000000 
27147.869141 	 71345.023438 	 58735.687500 	 134.873154 	 -88.200264 	 79.258171 	 1.000000 
27318.482422 	 72041.976562 	 60277.769531 	 67.537750 	 -105.262627 	 15.472502 	 1.000000 
28462.464844 	 71694.414062 	 59690.496094 	 -23.010952 	 10.490082 	 -21.507133 	 1.000000 
26138.994141 	 70425.773438 	 59193.269531 	 120.160522 	 -96.394524 	 43.974621 	 1.000000 
27574.777344 	 71915.140625 	 59787.191406 	 126.534210 	 29.179590 	 53.832321 	 1.000000 
27920.714844 	 71423.000000 	 59276.746094 	 -95.076752 	 -15.585189 	 -49.996284 	 1.000000 
29635.144531 	 70996.070312 	 57976.242188 	 -72.000534 	 -9.355420 	 -97.487885 	 1.000000 
26515.972656 	 71146.375000 	 59370.007812 	 146.091904 	 -81.396095 	 57.904510 	 1.000000 
27946.904297 	 70304.882812 	 58674.128906 	 7.653449 	 42.500309 	 -46.338837 	 1.000000 
28432.214844 	 71803.437500 	 59237.359375 	 2.364764 	 -55.524250 	 4.196857 	 1.000000 
28460.445312 	 71471.273438 	 58617.152344 	 0.881478 	 -67.702347 	 -7.421178 	 1.000000 
28870.449219 	 70885.953125 	 57389.031250 	 19.917789 	 -76.019844 	 -49.505688 	 1.000000 
28826.070312 	 70501.085938 	 57445.542969 	 0.605611 	 -71.683144 	 -68.614578 	 1.000000 
27096.570312 	 71835.242188 	 60166.738281 	 195.532196 	 -58.683788 	 82.746628 	 1.000000 
26626.267578 	 70248.968750 	 59988.976562 	 146.510132 	 -58.878864 	 22.899250 	 1.000000 
27022.429688 	 70065.531250 	 59689.156250 	 43.535782 	 -6.475224 	 -24.675430 	 1.000000 
27429.531250 	 71870.132812 	 59512.574219 	 99.448647 	 33.814690 	 57.507362 	 1.000000 
27929.939453 	 70785.453125 	 59151.765625 	 -28.329622 	 -103.236809 	 57.558941 	 1.000000 
27803.628906 	 70747.460938 	 58986.199219 	 -135.448486 	 6.467493 	 -72.633766 	 1.000000 
27211.857422 	 69952.492188 	 58807.199219 	 98.833961 	 -52.411587 	 -24.413879 	 1.000000 
27387.541016 	 69981.210938 	 58287.136719 	 121.681862 	 -97.653847 	 43.899860 	 1.000000 
27979.626953 	 69059.890625 	 57994.292969 	 13.055410 	 -57.009014 	 -57.457939 	 1.000000 
28684.867188 	 71708.203125 	 58992.117188 	 -29.928429 	 -63.434624 	 -14.280089 	 1.000000 
28187.841797 	 71953.734375 	 59656.410156 	 -13.319523 	 -89.098297 	 28.613907 	 1.000000 
27597.724609 	 70756.460938 	 59278.347656 	 128.294174 	 -76.641388 	 -29.976822 	 1.000000 
27964.882812 	 70738.867188 	 58385.453125 	 -83.854088 	 -17.254622 	 20.222666 	 1.000000 
27671.125000 	 69359.421875 	 58566.183594 	 -6.288283 	 -30.753750 	 -61.546600 	 1.000000 
28320.306641 	 71343.460938 	 58599.996094 	 -86.897942 	 -13.494581 	 -53.179604 	 1.000000 
27391.130859 	 69562.531250 	 60439.121094 	 -43.624416 	 -11.125215 	 -20.261150 	 1.000000 
27170.968750 	 71461.554688 	 60633.964844 	 85.835182 	 4.323232 	 66.482910 	 1.000000 
28098.218750 	 70777.945312 	 59139.414062 	 92.303970 	 41.337093 	 -8.431482 	 1.000000 
27329.134766 	 70458.554688 	 59151.160156 	 133.445877 	 -7.309358 	 -10.532267 	 1.000000 
27946.021484 	 68861.320312 	 58689.238281 	 -68.669487 	 -22.032431 	 -82.777428 	 1.000000 
27546.685547 	 71701.789062 	 59488.355469 	 111.886612 	 16.457973 	 30.655313 	 1.000000 
27568.681641 	 71833.164062 	 60177.812500 	 -10.316504 	 -136.165878 	 57.626945 	 1.000000 
27596.380859 	 71866.648438 	 60205.882812 	 8.364814 	 -75.528496 	 137.215195 	 1.000000 
26808.296875 	 70064.023438 	 59310.656250 	 89.394028 	 -23.896376 	 -13.105354 	 1.000000 
28867.259766 	 71392.765625 	 58399.406250 	 -81.213585 	 -21.593008 	 -50.398590 	 1.000000 
27820.306641 	 71037.250000 	 60301.941406 	 -23.283552 	 28.602489 	 -28.903727 	 1.000000 
27745.107422 	 70983.539062 	 59256.515625 	 44.649628 	 -44.259418 	 -66.632561 	 1.000000 
27818.943359 	 70703.429688 	 58702.292969 	 -73.727463 	 -39.998535 	 -43.135799 	 1.000000 
27612.314453 	 70564.828125 	 58594.312500 	 113.670410 	 16.804728 	 -5.560180 	 1.000000 
28328.613281 	 69861.265625 	 57159.500000 	 38.235462 	 -85.462372 	 -29.990828 	 1.000000 
28411.183594 	 70580.187500 	 57969.464844 	 -34.166401 	 -19.191170 	 -36.555618 	 1.000000 
28006.023438 	 70779.664062 	 58837.113281 	 42.683708 	 -45.206890 	 47.180809 	 1.000000 
27176.765625 	 70603.132812 	 59883.289062 	 114.267799 	 -17.649303 	 11.845390 	 1.000000 
27546.449219 	 71338.500000 	 59413.898438 	 127.981071 	 -27.987665 	 13.197136 	 1.000000 
27506.636719 	 71126.789062 	 59943.367188 	 9.061108 	 10.036043 	 -38.789738 	 1.000000 
26832.857422 	 69973.585938 	 59096.703125 	 88.874977 	 -39.371368 	 -13.405716 	 1.000000 
27973.865234 	 68696.992188 	 58876.632812 	 -64.276115 	 -25.120195 	 -79.779053 	 1.000000 
26817.052734 	 71735.195312 	 58837.246094 	 143.890747 	 -99.710464 	 81.362930 	 1.000000 
26802.136719 	 71529.679688 	 58095.683594 	 131.728668 	 -90.361221 	 60.864487 	 1.000000 
27386.990234 	 72707.476562 	 58615.011719 	 109.104240 	 -65.836624 	 78.164841 	 1.000000 
26866.042969 	 69283.484375 	 59360.601562 	 29.141470 	 -31.870888 	 -37.318966 	 1.000000 
28836.621094 	 70825.601562 	 57699.289062 	 -55.856365 	 -47.214245 	 -71.094917 	 1.000000 
28481.021484 	 69605.757812 	 59636.945312 	 -77.949928 	 -3.946436 	 -50.413353 	 3.000000 
27153.083984 	 71041.914062 	 60348.230469 	 158.300964 	 -29.522556 	 60.379002 	 1.000000 
28063.660156 	 70059.429688 	 58701.242188 	 -11.072369 	 29.146978 	 -32.638664 	 1.000000 
27299.234375 	 72176.140625 	 59848.593750 	 120.283226 	 -64.242172 	 -7.182736 	 1.000000 
27298.775391 	 70470.382812 	 59579.453125 	 126.099571 	 -24.567558 	 -9.668298 	 1.000000 
27966.259766 	 69162.531250 	 57837.328125 	 -1.184169 	 -55.161385 	 -60.532604 	 1.000000 
27543.095703 	 69247.406250 	 59155.214844 	 -45.632069 	 -13.267547 	 -63.810299 	 1.000000 
28747.240234 	 70582.664062 	 57348.207031 	 -22.678633 	 -40.081188 	 -90.070175 	 1.000000 
29164.673828 	 71294.882812 	 57355.492188 	 18.172211 	 -149.345901 	 -69.265404 	 1.000000 
29281.175781 	 71439.984375 	 58713.140625 	 -74.630569 	 -23.387432 	 -43.069904 	 1.000000 
28523.128906 	 71945.023438 	 59323.152344 	 -85.019630 	 1.451324 	 36.792770 	 1.000000 
28518.304688 	 72215.859375 	 59689.960938 	 -97.006584 	 -92.817154 	 -0.813328 	 1.000000 
28384.437500 	 71972.210938 	 59461.785156 	 -30.120686 	 6.235898 	 0.635476 	 1.000000 
26745.697266 	 71507.453125 	 58828.105469 	 136.181656 	 -77.434578 	 82.668869 	 1.000000 
26831.857422 	 70733.562500 	 60061.187500 	 155.771667 	 -49.025723 	 39.616299 	 1.000000 
26569.414062 	 71230.640625 	 60370.175781 	 172.834213 	 -44.815598 	 54.155758 	 1.000000 
26111.730469 	 69797.039062 	 59390.644531 	 161.090073 	 -89.791992 	 -7.520405 	 1.000000 
27392.269531 	 71805.195312 	 59723.476562 	 -1.134751 	 -44.197762 	 48.259212 	 1.000000 
29198.546875 	 70787.171875 	 57605.425781 	 0.698557 	 -88.985229 	 -59.450127 	 1.000000 
27959.220703 	 69148.101562 	 57776.414062 	 4.118620 	 -55.148808 	 -58.914574 	 1.000000 
28630.304688 	 71688.390625 	 59062.687500 	 -30.041420 	 -74.918884 	 -4.204334 	 1.000000 
28759.253906 	 70637.585938 	 57474.449219 	 -41.851097 	 -60.736149 	 -76.164726 	 1.000000 
29157.173828 	 71750.320312 	 59526.777344 	 -97.551491 	 28.698975 	 -37.324802 	 1.000000 
28128.890625 	 70148.734375 	 57388.671875 	 18.677292 	 -55.669659 	 -25.399672 	 1.000000 
28169.587891 	 70559.296875 	 58783.265625 	 2.508158 	 -70.997665 	 86.147827 	 1.000000 
27352.164062 	 71213.179688 	 59421.062500 	 75.993958 	 21.332794 	 -39.641258 	 1.000000 
26779.093750 	 71546.765625 	 60251.933594 	 56.678005 	 -9.260318 	 19.939363 	 1.000000 
27014.718750 	 71562.625000 	 59834.378906 	 83.133560 	 14.974945 	 3.584206 	 1.000000 
27600.445312 	 72246.351562 	 60196.234375 	 43.121128 	 -93.526192 	 129.265182 	 1.000000 
27923.757812 	 68897.304688 	 58203.964844 	 -20.221821 	 -65.927315 	 -45.708412 	 1.000000 
27731.169922 	 69004.687500 	 59062.304688 	 -54.571068 	 -15.431659 	 -70.044685 	 1.000000 
27535.214844 	 68839.234375 	 58735.781250 	 -25.837994 	 -22.866163 	 -80.972084 	 1.000000 
29027.511719 	 71856.320312 	 59520.312500 	 -94.616501 	 -22.977196 	 14.022951 	 1.000000 
28430.705078 	 71154.914062 	 58120.101562 	 -36.625603 	 -97.074043 	 19.619551 	 1.000000 
28841.898438 	 72126.359375 	 60004.769531 	 -38.267593 	 -40.574638 	 -46.419018 	 1.000000 
28911.109375 	 70822.992188 	 57736.761719 	 4.584527 	 -108.484146 	 -23.946568 	 1.000000 
27822.171875 	 69666.851562 	 59283.492188 	 -63.011074 	 -4.180617 	 -65.181183 	 1.000000 
28458.943359 	 70547.648438 	 59805.437500 	 -84.858337 	 14.144677 	 -47.165989 	 2.000000 
27649.562500 	 70362.671875 	 58615.816406 	 79.437134 	 33.399998 	 -28.173553 	 1.000000 
27669.265625 	 71410.507812 	 59151.875000 	 92.896599 	 -97.268707 	 43.479877 	 1.000000 
27542.820312 	 71567.062500 	 59658.843750 	 90.287613 	 -97.164597 	 64.940384 	 1.000000 
27493.835938 	 72753.429688 	 59017.132812 	 107.277260 	 -66.519226 	 96.015816 	 1.000000 
28542.083984 	 71116.500000 	 57897.429688 	 -27.781401 	 -88.388390 	 -2.168616 	 1.000000 
27484.652344 	 69421.000000 	 59947.476562 	 -46.866020 	 -6.379159 	 -37.093517 	 1.000000 
26014.476562 	 70802.914062 	 58778.394531 	 124.474411 	 -109.896782 	 48.614220 	 1.000000 
28019.353516 	 70410.937500 	 58527.484375 	 95.752121 	 7.277587 	 -16.365135 	 1.000000 
27832.533203 	 70662.210938 	 58491.781250 	 41.599846 	 -67.682274 	 -56.984203 	 1.000000 
27660.345703 	 72153.164062 	 60176.945312 	 48.115822 	 -159.180527 	 127.416100 	 1.000000 
27558.472656 	 71612.265625 	 60339.191406 	 78.964134 	 -8.130580 	 12.250348 	 1.000000 
26535.494141 	 69521.640625 	 59314.742188 	 69.239349 	 -46.365795 	 -19.163437 	 1.000000 
27977.279297 	 69162.406250 	 58416.968750 	 -19.877829 	 -42.313396 	 -75.808189 	 1.000000 
27930.097656 	 69534.515625 	 58910.398438 	 -55.181877 	 -5.088320 	 -79.302544 	 1.000000 
28677.144531 	 69810.398438 	 57561.367188 	 -54.735363 	 -22.284046 	 -100.675697 	 1.000000 
28167.494141 	 71236.546875 	 58841.050781 	 -82.594627 	 -41.241920 	 -47.594967 	 1.000000 
26895.048828 	 71668.289062 	 58872.304688 	 147.526581 	 -97.403381 	 85.813034 	 1.000000 
28062.232422 	 70006.750000 	 58600.652344 	 1.772737 	 19.031073 	 -31.602278 	 1.000000 
27743.531250 	 70873.968750 	 59251.218750 	 84.448776 	 -40.946747 	 18.517982 	 1.000000 
27158.146484 	 72079.390625 	 59847.710938 	 71.196327 	 -120.030510 	 74.492973 	 1.000000 
27325.035156 	 71596.445312 	 59897.531250 	 53.986897 	 -11.019374 	 100.358131 	 1.000000 
28592.707031 	 70937.039062 	 58160.394531 	 -28.708958 	 -84.798477 	 17.353312 	 1.000000 
28085.667969 	 69570.929688 	 58021.738281 	 71.404533 	 -44.100040 	 -23.068363 	 1.000000 
28037.884766 	 70291.101562 	 58195.773438 	 29.532400 	 -8.778033 	 43.973862 	 1.000000 
28497.580078 	 70602.726562 	 57822.558594 	 -67.944374 	 6.360888 	 -75.935631 	 1.000000 
28769.324219 	 71668.539062 	 58609.136719 	 14.666553 	 -124.477524 	 41.830772 	 1.000000 
28305.910156 	 72177.328125 	 58894.011719 	 11.402246 	 -104.883873 	 54.805088 	 1.000000 
28152.091797 	 70020.046875 	 58483.195312 	 21.635479 	 -19.425755 	 39.592030 	 1.000000 
28136.474609 	 69905.242188 	 57522.039062 	 63.574486 	 -59.293724 	 1.198404 	 1.000000 
28594.824219 	 72056.843750 	 60072.296875 	 -42.027855 	 -54.805561 	 -38.478920 	 1.000000 
28430.652344 	 71355.843750 	 58551.996094 	 -40.299484 	 -97.140427 	 23.282904 	 1.000000 
28179.853516 	 71390.687500 	 59329.386719 	 -48.305828 	 -39.235878 	 -26.688339 	 1.000000 
28615.986328 	 71094.648438 	 58457.945312 	 -96.650131 	 -35.726639 	 -46.143696 	 1.000000 
27112.650391 	 71743.679688 	 60449.843750 	 182.910553 	 -46.975098 	 79.533539 	 1.000000 
27302.458984 	 69587.640625 	 60287.222656 	 -17.071888 	 -16.806011 	 -21.015030 	 1.000000 
27266.685547 	 69581.140625 	 60453.503906 	 -18.316078 	 -21.502022 	 -14.336479 	 1.000000 
27501.177734 	 71967.890625 	 60215.738281 	 7.327838 	 -100.611824 	 52.141697 	 1.000000 
28637.935547 	 71649.015625 	 58703.914062 	 -53.088776 	 -88.424286 	 -10.555768 	 1.000000 
27033.113281 	 69732.867188 	 58789.613281 	 100.632797 	 -50.322689 	 51.872940 	 1.000000 
26719.656250 	 69704.968750 	 59286.632812 	 75.063065 	 -37.969086 	 -20.427729 	 1.000000 
27470.759766 	 72313.617188 	 59031.636719 	 116.458588 	 -80.871994 	 99.197388 	 1.000000 
28187.306641 	 70078.429688 	 58008.710938 	 45.196007 	 -27.882553 	 26.459290 	 1.000000 
28620.689453 	 69809.523438 	 57616.410156 	 -55.671814 	 -20.258663 	 -98.937157 	 1.000000 
29043.775391 	 70742.812500 	 57586.867188 	 -64.448647 	 -13.666377 	 -109.281578 	 1.000000 
28915.353516 	 70334.875000 	 57101.929688 	 13.905087 	 -50.616043 	 -82.983688 	 1.000000 
27378.787109 	 72015.343750 	 60281.414062 	 109.201836 	 -20.005575 	 81.688042 	 1.000000 
27839.466797 	 70597.218750 	 58416.476562 	 -30.192953 	 -95.451836 	 100.630943 	 1.000000 
28050.349609 	 70009.781250 	 57430.128906 	 46.179764 	 -68.842560 	 -0.586588 	 1.000000 
27545.277344 	 70889.796875 	 59094.460938 	 70.184906 	 -153.865570 	 45.819111 	 1.000000 
27383.867188 	 71653.484375 	 59956.203125 	 56.295673 	 -44.792946 	 62.982948 	 1.000000 
27243.271484 	 70522.375000 	 59566.558594 	 129.322327 	 -28.600464 	 -1.523590 	 1.000000 
27644.068359 	 72283.132812 	 59707.792969 	 99.385544 	 -103.094582 	 150.394135 	 1.000000 
27517.921875 	 69235.906250 	 59054.460938 	 -26.447136 	 -23.706486 	 -65.953239 	 1.000000 
27787.984375 	 70868.601562 	 58617.417969 	 -78.637840 	 -73.055473 	 -1.831079 	 1.000000 
28286.847656 	 71307.031250 	 58835.652344 	 -79.769524 	 -33.301155 	 -44.829853 	 1.000000 
26890.302734 	 70552.218750 	 59808.250000 	 139.352066 	 -66.104393 	 39.416206 	 1.000000 
27455.562500 	 71614.218750 	 59356.128906 	 113.319214 	 8.583953 	 -3.279893 	 1.000000 
27246.738281 	 72150.968750 	 60057.007812 	 -43.696205 	 -150.178574 	 60.545563 	 1.000000 
26830.642578 	 69298.679688 	 58441.675781 	 57.183426 	 -61.050251 	 -25.026445 	 1.000000 
28199.257812 	 70734.031250 	 58424.472656 	 28.051714 	 -3.036336 	 99.246613 	 1.000000 
27658.714844 	 72397.765625 	 59696.542969 	 94.959290 	 -96.406670 	 141.021286 	 1.000000 
29069.287109 	 71759.343750 	 58894.988281 	 -95.097252 	 -29.076954 	 -21.397533 	 1.000000 
28698.539062 	 71976.078125 	 59835.171875 	 4.050435 	 -16.300056 	 -1.673841 	 1.000000 
27405.744141 	 69596.187500 	 60094.167969 	 -36.373569 	 -9.238564 	 -30.941338 	 1.000000 
27165.667969 	 71790.945312 	 59571.578125 	 180.206436 	 -70.904587 	 87.918556 	 1.000000 
26825.371094 	 71905.429688 	 58774.628906 	 133.166748 	 -94.618713 	 74.255600 	 1.000000 
27957.458984 	 69884.179688 	 58565.386719 	 -1.004446 	 8.384491 	 -31.682762 	 1.000000 
26832.695312 	 69629.585938 	 58865.453125 	 55.004654 	 -38.175732 	 -49.763515 	 1.000000 
27778.021484 	 71340.390625 	 59018.460938 	 120.857468 	 -53.210320 	 2.210217 	 1.000000 
27807.748047 	 69820.265625 	 59509.085938 	 -61.853050 	 2.992361 	 -60.564175 	 1.000000 
28503.923828 	 70530.796875 	 57717.992188 	 -21.210621 	 -15.288915 	 -53.088093 	 1.000000 
28449.017578 	 70011.453125 	 57495.859375 	 -4.013154 	 -32.874195 	 -59.632179 	 1.000000 
27671.265625 	 71482.304688 	 60469.695312 	 -26.072813 	 30.104008 	 -21.198668 	 1.000000 
28441.302734 	 69597.468750 	 60177.332031 	 -77.374802 	 -5.359520 	 -34.344299 	 3.000000 
25856.929688 	 70303.187500 	 58974.507812 	 159.440216 	 -136.435577 	 6.016343 	 1.000000 
26787.044922 	 71505.429688 	 59390.648438 	 152.761215 	 -67.535370 	 63.837097 	 1.000000 
26160.820312 	 71421.781250 	 58208.273438 	 138.246445 	 -104.753242 	 59.677078 	 0.000000 
27913.457031 	 70925.000000 	 59492.664062 	 -40.157455 	 30.159821 	 -88.985916 	 1.000000 
27981.869141 	 71838.960938 	 60633.011719 	 -26.457884 	 -9.940207 	 6.070415 	 1.000000 
27886.550781 	 72092.562500 	 59903.410156 	 -12.385102 	 -4.155782 	 48.752361 	 1.000000 
28853.250000 	 71829.984375 	 58681.820312 	 -75.102455 	 -110.701279 	 2.221768 	 1.000000 
28496.062500 	 71754.007812 	 59312.847656 	 5.493286 	 -118.476868 	 49.277004 	 1.000000 
28931.402344 	 71459.046875 	 58442.828125 	 -50.781540 	 -124.932861 	 -16.133703 	 1.000000 
28613.935547 	 70618.179688 	 57702.218750 	 -14.221617 	 -26.012106 	 -37.728813 	 1.000000 
27355.386719 	 72050.296875 	 60314.578125 	 212.010559 	 -85.658600 	 69.952011 	 1.000000 
27249.574219 	 72135.648438 	 60146.417969 	 39.534153 	 -39.582825 	 66.093933 	 1.000000 
27486.101562 	 71479.882812 	 60105.839844 	 91.109726 	 14.006753 	 24.146820 	 1.000000 
26880.089844 	 69327.898438 	 58468.531250 	 57.966087 	 -53.351803 	 -29.525932 	 1.000000 
28207.240234 	 69878.710938 	 57905.718750 	 54.625553 	 -42.823212 	 21.698259 	 1.000000 
28193.478516 	 69699.953125 	 57263.531250 	 67.389030 	 -77.101814 	 -17.035364 	 1.000000 
26765.240234 	 69105.664062 	 58984.105469 	 37.214180 	 -43.847637 	 -49.233013 	 1.000000 
29198.074219 	 72220.421875 	 59426.339844 	 -113.230766 	 7.587024 	 -10.365374 	 1.000000 
27381.900391 	 69581.351562 	 60154.871094 	 -39.568153 	 -12.388524 	 -31.500635 	 1.000000 
26032.712891 	 70790.390625 	 58711.839844 	 121.874756 	 -110.022301 	 50.709747 	 1.000000 
27580.708984 	 71555.492188 	 59076.820312 	 111.082466 	 -31.934040 	 -15.881175 	 1.000000 
28399.970703 	 71804.296875 	 58853.117188 	 15.858701 	 -122.843918 	 44.945850 	 1.000000 
28562.750000 	 70920.773438 	 58461.191406 	 -38.895222 	 -43.405594 	 2.496481 	 1.000000 
28858.318359 	 71557.914062 	 58519.175781 	 11.438105 	 -113.529236 	 34.541355 	 1.000000 
26971.281250 	 69309.015625 	 59952.855469 	 25.482201 	 -24.302933 	 -20.100929 	 1.000000 
28559.404297 	 70459.265625 	 57710.289062 	 -61.788799 	 -1.313151 	 -82.411552 	 1.000000 
28644.744141 	 69674.421875 	 57831.363281 	 -66.918358 	 -16.235060 	 -99.402863 	 1.000000 
29500.708984 	 71036.117188 	 57779.937500 	 -68.854080 	 -22.300987 	 -97.839630 	 1.000000 
28572.533203 	 71619.960938 	 59045.886719 	 -39.342125 	 -84.409561 	 58.403103 	 1.000000 
28569.003906 	 72256.132812 	 59673.277344 	 -112.690445 	 -79.648514 	 3.462314 	 1.000000 
26760.759766 	 71106.109375 	 60408.761719 	 170.691116 	 -41.160339 	 56.556187 	 1.000000 
27840.419922 	 71158.796875 	 60354.015625 	 -29.827419 	 30.570204 	 -26.019527 	 1.000000 
27806.951172 	 70752.226562 	 58770.429688 	 -1.907131 	 -45.104294 	 5.540794 	 1.000000 
27043.742188 	 70146.687500 	 59689.082031 	 46.934719 	 -7.298211 	 -28.135090 	 1.000000 
27403.287109 	 71555.179688 	 60118.347656 	 62.553505 	 -54.336819 	 59.407818 	 1.000000 
28134.835938 	 70055.828125 	 57970.617188 	 65.928604 	 -31.851833 	 28.808125 	 1.000000 
28515.025391 	 70912.000000 	 58174.886719 	 -74.345825 	 -45.494324 	 -4.232316 	 1.000000 
27514.175781 	 69406.687500 	 59469.308594 	 -30.289858 	 -10.106567 	 -51.119164 	 1.000000 
28761.031250 	 71789.132812 	 58705.304688 	 -74.549026 	 -114.845520 	 5.940653 	 1.000000 
28641.646484 	 71677.070312 	 58986.402344 	 9.451386 	 -76.381859 	 -16.337427 	 1.000000 
28585.781250 	 71295.625000 	 58419.496094 	 -5.684300 	 -104.514114 	 5.423974 	 1.000000 
28215.181641 	 71382.484375 	 59129.484375 	 -42.771584 	 -56.405846 	 -22.438723 	 1.000000 
28815.449219 	 70740.687500 	 57555.710938 	 -51.184227 	 -54.072998 	 -77.425598 	 1.000000 
27618.527344 	 69856.156250 	 60740.488281 	 -62.470039 	 -0.993274 	 -10.752866 	 1.000000 
26789.703125 	 71744.195312 	 58468.535156 	 137.980515 	 -92.427582 	 71.504890 	 1.000000 
27168.917969 	 72300.953125 	 60034.160156 	 18.429022 	 -127.099983 	 66.246101 	 1.000000 
27587.166016 	 72074.562500 	 60267.085938 	 93.209038 	 -35.293629 	 43.462265 	 1.000000 
27077.986328 	 69890.000000 	 58767.722656 	 94.933907 	 -79.729637 	 8.088078 	 1.000000 
26679.697266 	 69710.445312 	 59147.667969 	 97.645294 	 -69.557686 	 0.079831 	 1.000000 
28853.757812 	 72119.414062 	 58028.183594 	 26.453842 	 -106.201630 	 15.382510 	 1.000000 
29265.144531 	 71391.468750 	 57696.148438 	 -56.418179 	 -68.458069 	 -61.656921 	 1.000000 
29173.064453 	 70964.703125 	 57610.437500 	 -64.403015 	 -45.690727 	 -86.336174 	 1.000000 
29839.755859 	 71160.093750 	 58267.730469 	 -73.322304 	 -6.310462 	 -85.702805 	 1.000000 
28859.978516 	 70307.109375 	 57348.453125 	 -6.155486 	 -42.543415 	 -77.903526 	 1.000000 
27970.064453 	 70190.820312 	 57791.925781 	 9.659846 	 -13.776340 	 -17.256996 	 1.000000 
27747.574219 	 70450.250000 	 58765.902344 	 30.857256 	 61.507565 	 -81.378998 	 1.000000 
28094.916016 	 71059.015625 	 59157.632812 	 -16.669394 	 -147.321655 	 65.399849 	 1.000000 
27734.912109 	 71152.617188 	 59019.367188 	 -8.206307 	 -159.597610 	 52.752834 	 1.000000 
26957.111328 	 69782.156250 	 59301.382812 	 108.732727 	 -68.874718 	 11.080217 	 1.000000 
28286.232422 	 69727.125000 	 57799.843750 	 38.271500 	 -51.601505 	 -0.015513 	 1.000000 
28533.607422 	 71999.078125 	 59595.937500 	 -41.544926 	 -51.820053 	 -73.374626 	 1.000000 
28829.865234 	 70677.507812 	 57621.039062 	 -58.402515 	 -45.791805 	 -78.941963 	 1.000000 
28293.605469 	 71328.437500 	 58916.703125 	 -84.007439 	 -27.810196 	 -43.679722 	 1.000000 
27734.978516 	 69960.148438 	 60070.304688 	 -59.137180 	 2.580913 	 -38.247047 	 1.000000 
26863.888672 	 71641.523438 	 58953.218750 	 126.134605 	 -81.000259 	 88.618538 	 1.000000 
26581.355469 	 70189.242188 	 60034.687500 	 88.435585 	 -27.680492 	 7.247752 	 1.000000 
27645.003906 	 71118.507812 	 59276.179688 	 42.352261 	 8.645590 	 -100.201286 	 1.000000 
27988.000000 	 69790.789062 	 58326.195312 	 22.941525 	 -7.603685 	 -40.263607 	 1.000000 
27895.080078 	 71364.570312 	 59836.503906 	 133.927216 	 -34.090439 	 35.449333 	 1.000000 
28015.972656 	 71924.781250 	 60003.078125 	 -79.888451 	 13.941702 	 -31.027523 	 1.000000 
27963.435547 	 71843.328125 	 59877.281250 	 49.355934 	 13.305418 	 26.261408 	 1.000000 
27603.718750 	 72467.796875 	 59328.812500 	 102.231171 	 -81.447327 	 117.899040 	 1.000000 
27985.427734 	 69959.820312 	 58712.628906 	 21.591600 	 -26.419409 	 49.822792 	 1.000000 
27722.445312 	 69070.125000 	 58460.550781 	 -1.665314 	 -53.932079 	 -75.376724 	 1.000000 
27418.917969 	 69726.562500 	 59928.277344 	 -30.579838 	 -5.194067 	 -27.129528 	 1.000000 
28104.283203 	 70048.804688 	 58338.609375 	 -74.957275 	 6.025772 	 -65.851532 	 1.000000 
27838.697266 	 69589.851562 	 59177.144531 	 -60.875076 	 -5.179806 	 -65.653236 	 1.000000 
28869.128906 	 71493.164062 	 58427.011719 	 10.407588 	 -113.389526 	 18.776155 	 1.000000 
28630.695312 	 72098.671875 	 59314.476562 	 -104.075951 	 -14.720123 	 21.476591 	 1.000000 
28513.761719 	 72093.789062 	 59690.449219 	 -66.775337 	 -27.270023 	 1.992532 	 1.000000 
28341.796875 	 71330.992188 	 58540.187500 	 -84.216682 	 -13.043557 	 -52.418098 	 1.000000 
28674.494141 	 71596.445312 	 58866.585938 	 -85.327324 	 -110.959351 	 9.432999 	 1.000000 
28628.035156 	 71820.890625 	 59340.902344 	 35.263664 	 -93.583069 	 29.987648 	 1.000000 
28257.429688 	 71463.984375 	 59201.351562 	 -67.480301 	 -11.099487 	 -38.565136 	 1.000000 
27996.806641 	 71890.742188 	 60435.968750 	 -60.109619 	 2.510759 	 -9.029474 	 1.000000 
27735.257812 	 70565.242188 	 58422.210938 	 18.091524 	 -102.802734 	 -28.610439 	 1.000000 
28443.414062 	 69604.796875 	 60020.503906 	 -75.915657 	 -4.216787 	 -36.815392 	 3.000000 
26824.744141 	 71641.234375 	 59015.628906 	 158.807266 	 -89.483574 	 64.898567 	 1.000000 
26796.875000 	 70815.328125 	 59970.011719 	 158.285263 	 -60.327606 	 44.929504 	 1.000000 
27056.878906 	 71769.703125 	 59318.800781 	 122.490753 	 -90.534302 	 88.655373 	 1.000000 
26290.341797 	 69822.640625 	 59402.535156 	 145.583939 	 -83.966690 	 -4.069035 	 1.000000 
27288.017578 	 70651.890625 	 58978.781250 	 123.392372 	 4.837016 	 -9.675518 	 1.000000 
27014.654297 	 71730.507812 	 60157.332031 	 74.038773 	 42.164162 	 -4.586218 	 1.000000 
28041.830078 	 71394.898438 	 59378.371094 	 33.690720 	 -74.197762 	 23.266575 	 1.000000 
27332.455078 	 70446.914062 	 59504.660156 	 131.008408 	 -29.648590 	 -9.031052 	 1.000000 
27128.101562 	 70806.734375 	 60186.281250 	 107.016945 	 -4.929609 	 24.864958 	 1.000000 
28394.958984 	 69591.976562 	 58057.496094 	 52.737125 	 -86.243080 	 22.762613 	 1.000000 
28282.625000 	 70549.203125 	 58656.109375 	 -1.227826 	 -134.348206 	 64.667641 	 1.000000 
28182.220703 	 70042.968750 	 58166.320312 	 27.145458 	 -19.568933 	 13.779429 	 1.000000 
28415.332031 	 71220.000000 	 58334.472656 	 -96.200439 	 -33.611343 	 -63.429367 	 1.000000 
27650.138672 	 69171.007812 	 60186.488281 	 -65.144394 	 -11.334289 	 -32.490749 	 1.000000 
27674.673828 	 70187.734375 	 60234.664062 	 -17.401232 	 4.854425 	 -25.452309 	 1.000000 
27866.773438 	 70436.679688 	 58124.179688 	 2.599050 	 12.494023 	 13.355392 	 1.000000 
27722.705078 	 71300.625000 	 59150.070312 	 157.233490 	 -39.599808 	 0.712376 	 1.000000 
27047.373047 	 69835.570312 	 59832.546875 	 30.439228 	 -12.325073 	 -24.202665 	 1.000000 
28022.345703 	 70921.312500 	 58679.402344 	 -51.071377 	 -102.159485 	 9.254473 	 1.000000 
27629.509766 	 71167.773438 	 59127.050781 	 105.082886 	 -49.771069 	 35.792809 	 1.000000 
27559.113281 	 72217.640625 	 59948.199219 	 48.489151 	 -2.254787 	 80.761192 	 1.000000 
27397.199219 	 71821.664062 	 59768.292969 	 7.927231 	 -29.512161 	 84.196686 	 1.000000 
27785.486328 	 71201.593750 	 59690.292969 	 -22.743845 	 17.122383 	 -49.980801 	 1.000000 
28017.039062 	 69963.671875 	 58099.382812 	 8.620373 	 -51.702213 	 21.745667 	 1.000000 
28453.056641 	 69399.210938 	 57409.089844 	 56.955872 	 -78.173912 	 -27.540649 	 1.000000 
27687.953125 	 70076.781250 	 59559.500000 	 -15.598543 	 12.123722 	 -54.696686 	 1.000000 
29154.771484 	 71793.437500 	 59354.589844 	 -100.836349 	 -16.252464 	 0.834145 	 1.000000 
28943.650391 	 71466.453125 	 58244.167969 	 -58.261341 	 -105.317238 	 -42.219749 	 1.000000 
28360.478516 	 71695.804688 	 59339.195312 	 -14.634043 	 -44.962215 	 -2.445651 	 1.000000 
27602.597656 	 69836.593750 	 60483.328125 	 -50.848961 	 -0.452532 	 -20.968328 	 1.000000 
27502.029297 	 70182.015625 	 60855.093750 	 -20.699888 	 2.826415 	 2.446000 	 1.000000 
27966.832031 	 71100.804688 	 58870.117188 	 135.313980 	 -83.323532 	 17.552927 	 1.000000 
27145.283203 	 70697.257812 	 59933.449219 	 33.988205 	 14.557249 	 -22.422991 	 1.000000 
27330.041016 	 71987.539062 	 59810.152344 	 19.263817 	 -23.032196 	 76.985924 	 1.000000 
27306.970703 	 71871.703125 	 59530.355469 	 70.323624 	 -32.087551 	 96.572113 	 1.000000 
28234.919922 	 70738.765625 	 58381.582031 	 3.299155 	 -116.397942 	 51.049461 	 1.000000 
27617.521484 	 72111.046875 	 60060.785156 	 45.080940 	 -152.036362 	 -33.899864 	 1.000000 
27765.160156 	 71725.273438 	 59864.843750 	 45.761814 	 -83.924736 	 98.135422 	 1.000000 
27555.699219 	 70896.187500 	 59344.941406 	 83.947495 	 -137.608826 	 23.213305 	 1.000000 
26379.097656 	 69938.226562 	 59294.757812 	 111.950020 	 -92.328751 	 4.840379 	 1.000000 
26706.937500 	 69043.960938 	 58660.589844 	 80.375473 	 -82.272301 	 -5.711991 	 1.000000 
27336.281250 	 71834.929688 	 59705.312500 	 42.320385 	 -0.534654 	 33.107967 	 1.000000 
29250.248047 	 71326.562500 	 57915.761719 	 10.649695 	 -101.051041 	 -14.424121 	 1.000000 
28509.708984 	 69883.851562 	 57297.273438 	 -12.785056 	 -34.257576 	 -81.258705 	 1.000000 
27617.699219 	 70153.031250 	 58715.863281 	 1.333782 	 39.973045 	 -63.750343 	 1.000000 
28617.369141 	 71930.656250 	 59452.617188 	 22.445541 	 -45.411369 	 29.199429 	 1.000000 
29007.365234 	 70839.500000 	 57214.210938 	 42.518799 	 -92.357544 	 -35.546253 	 1.000000 
28659.386719 	 70429.687500 	 57582.601562 	 -16.230751 	 -28.995974 	 -63.368317 	 1.000000 
27562.238281 	 71062.484375 	 59395.542969 	 157.150574 	 -12.974247 	 -21.840948 	 1.000000 
28274.394531 	 69884.195312 	 57114.597656 	 50.800373 	 -79.277237 	 -29.567513 	 1.000000 
26973.152344 	 70070.320312 	 58804.371094 	 74.129341 	 -38.058006 	 -26.185434 	 1.000000 
27245.925781 	 71344.429688 	 60743.464844 	 56.809566 	 -5.068403 	 61.368362 	 1.000000 
27858.335938 	 70199.656250 	 58420.265625 	 20.120003 	 0.029980 	 59.230106 	 1.000000 
28260.242188 	 69787.914062 	 58294.628906 	 32.181171 	 -52.702766 	 26.698725 	 1.000000 
27810.441406 	 69205.140625 	 58551.687500 	 -54.965260 	 -21.319998 	 -80.725975 	 1.000000 
28239.046875 	 70026.812500 	 58159.753906 	 -73.428558 	 -3.353472 	 -72.565552 	 1.000000 
29024.355469 	 71497.921875 	 58247.335938 	 -23.237848 	 -135.111176 	 -37.984795 	 1.000000 
29100.162109 	 71817.765625 	 59237.265625 	 -98.008888 	 -13.071181 	 -7.029168 	 1.000000 
28618.363281 	 71651.296875 	 58633.699219 	 -44.141666 	 -126.980553 	 19.957651 	 1.000000 
28987.396484 	 70984.195312 	 57768.699219 	 -67.467743 	 -44.923550 	 -71.439064 	 1.000000 
28913.914062 	 71474.195312 	 58553.507812 	 -55.660736 	 -131.233383 	 -5.135720 	 1.000000 
28636.980469 	 70493.546875 	 57805.335938 	 -10.809978 	 -22.190550 	 -35.261230 	 1.000000 
28449.152344 	 69603.945312 	 60084.722656 	 -75.438591 	 -4.972035 	 -35.967270 	 3.000000 
26576.667969 	 70074.960938 	 59436.742188 	 126.255646 	 -88.009285 	 20.048285 	 1.000000 
27623.775391 	 70765.617188 	 58906.578125 	 176.410629 	 -9.113131 	 -1.484711 	 1.000000 
27987.314453 	 70773.960938 	 59154.199219 	 -35.099525 	 -59.200882 	 -3.702774 	 1.000000 
27726.017578 	 70705.890625 	 59059.433594 	 126.835587 	 46.557232 	 51.015366 	 1.000000 
27439.941406 	 72619.601562 	 58981.351562 	 108.803986 	 -72.190331 	 95.475288 	 1.000000 
29303.324219 	 71669.007812 	 59041.972656 	 -88.564774 	 -38.759331 	 -5.976499 	 1.000000 
28167.552734 	 71463.773438 	 58980.609375 	 -89.605034 	 -9.935592 	 -49.664360 	 1.000000 
28635.990234 	 70814.984375 	 57804.003906 	 -59.604031 	 -44.125843 	 -53.798943 	 1.000000 
27977.640625 	 71880.421875 	 60378.210938 	 -62.055038 	 6.097268 	 -7.919562 	 1.000000 
