42370.562500 	 11700.095703 	 46264.492188 	 37.485394 	 -65.497711 	 -45.740688 	 1.000000 
42265.195312 	 11591.173828 	 46240.320312 	 90.580605 	 31.559263 	 -78.756035 	 1.000000 
42319.000000 	 11641.025391 	 46055.394531 	 65.768730 	 -138.517761 	 -63.176373 	 1.000000 
42364.906250 	 11790.196289 	 46295.050781 	 -47.564575 	 48.547905 	 -233.136658 	 1.000000 
42433.222656 	 11710.374023 	 46372.070312 	 52.153561 	 -150.383163 	 -131.880753 	 1.000000 
42442.816406 	 11601.209961 	 46332.582031 	 -77.532227 	 120.261475 	 -41.968403 	 1.000000 
42281.203125 	 11708.034180 	 46361.359375 	 152.569107 	 -45.136765 	 -45.119911 	 1.000000 
42469.812500 	 11705.884766 	 46224.632812 	 45.247227 	 -201.089493 	 -161.243317 	 1.000000 
42346.613281 	 11538.285156 	 46255.648438 	 8.112007 	 67.682831 	 -40.743111 	 1.000000 
42347.746094 	 11770.158203 	 46256.968750 	 -230.796844 	 -3.126319 	 -62.037243 	 1.000000 
42297.550781 	 11759.408203 	 46285.500000 	 -157.133682 	 -28.494932 	 61.507610 	 1.000000 
42154.582031 	 11487.537109 	 46189.726562 	 -48.943127 	 -34.151382 	 -142.412949 	 1.000000 
42230.574219 	 11657.832031 	 46160.531250 	 133.049759 	 -112.571243 	 33.688175 	 1.000000 
42484.085938 	 11672.154297 	 46394.960938 	 -14.998707 	 129.848312 	 -57.111717 	 1.000000 
42362.515625 	 11842.446289 	 46272.171875 	 78.831848 	 117.708321 	 34.917912 	 1.000000 
42306.265625 	 11741.848633 	 46250.375000 	 -182.935974 	 -91.886604 	 -140.330017 	 1.000000 
42358.308594 	 11824.253906 	 46220.074219 	 -160.725128 	 -44.398956 	 -32.684872 	 1.000000 
42323.578125 	 11466.510742 	 46306.203125 	 23.369984 	 76.059296 	 -148.643829 	 1.000000 
42358.289062 	 11580.227539 	 46199.031250 	 49.895947 	 -32.683941 	 -255.977798 	 1.000000 
42316.218750 	 11690.772461 	 46375.203125 	 136.952026 	 -100.236488 	 -49.052357 	 1.000000 
42248.097656 	 11638.009766 	 46191.980469 	 -17.004269 	 119.033401 	 -110.581589 	 1.000000 
42357.183594 	 11779.627930 	 46115.707031 	 119.911461 	 -51.318222 	 -172.792282 	 1.000000 
42400.875000 	 11737.799805 	 46212.386719 	 -147.156448 	 120.803001 	 -36.099789 	 1.000000 
42325.937500 	 11690.220703 	 46160.234375 	 122.097069 	 -286.196411 	 -114.867577 	 1.000000 
42384.769531 	 11698.791016 	 46386.589844 	 -22.430084 	 125.795853 	 -184.257004 	 1.000000 
42287.785156 	 11739.707031 	 46234.175781 	 -162.426193 	 -72.190903 	 -137.560089 	 1.000000 
42503.246094 	 12045.269531 	 45546.445312 	 17.088423 	 -62.801010 	 32.147263 	 1.000000 
42594.289062 	 11908.574219 	 45637.531250 	 -39.246487 	 75.126572 	 6.468226 	 1.000000 
42672.621094 	 11915.211914 	 45606.507812 	 -14.450889 	 -71.523117 	 -38.367966 	 1.000000 
42519.808594 	 12049.181641 	 45541.089844 	 -25.902334 	 -174.450821 	 -130.716843 	 1.000000 
42584.500000 	 11975.965820 	 45698.296875 	 77.319870 	 -127.804466 	 -99.254936 	 1.000000 
42656.730469 	 11985.958008 	 45468.554688 	 48.222458 	 2.656122 	 -84.597359 	 1.000000 
42646.925781 	 12058.416992 	 45432.695312 	 39.916332 	 -195.987305 	 75.965012 	 1.000000 
42492.843750 	 12075.597656 	 45623.164062 	 110.585762 	 -27.077435 	 48.082981 	 1.000000 
42515.031250 	 12151.223633 	 45645.750000 	 153.141098 	 -72.498642 	 84.839539 	 1.000000 
42469.949219 	 12130.600586 	 45631.980469 	 10.203863 	 -21.212175 	 30.849554 	 1.000000 
42461.203125 	 11982.293945 	 45585.468750 	 -75.996750 	 23.271568 	 115.474739 	 1.000000 
42487.390625 	 12015.563477 	 45696.921875 	 -41.880520 	 -43.812649 	 99.249413 	 1.000000 
42529.851562 	 11964.153320 	 45484.335938 	 105.953430 	 -25.232727 	 12.485908 	 1.000000 
42607.007812 	 12062.279297 	 45646.496094 	 4.873521 	 -216.384064 	 -32.748672 	 1.000000 
42516.011719 	 12019.598633 	 45669.597656 	 67.736237 	 -1.999837 	 172.324860 	 1.000000 
42526.875000 	 12132.223633 	 45539.636719 	 -17.927376 	 -152.749146 	 -99.438416 	 1.000000 
42480.968750 	 12082.030273 	 45639.835938 	 3.939001 	 -178.484009 	 66.941879 	 1.000000 
42351.984375 	 12074.316406 	 45569.632812 	 154.877930 	 -47.233093 	 -26.892458 	 1.000000 
42578.050781 	 12049.465820 	 45629.558594 	 121.706406 	 -52.606293 	 23.464561 	 1.000000 
42602.812500 	 12164.772461 	 45611.988281 	 14.257923 	 -208.253799 	 8.992146 	 1.000000 
42504.597656 	 12098.886719 	 45548.031250 	 -117.281380 	 -111.526627 	 -170.752655 	 1.000000 
42584.894531 	 11995.076172 	 45694.835938 	 92.920723 	 -144.101395 	 -87.636482 	 1.000000 
42488.574219 	 11970.666992 	 45560.425781 	 13.434565 	 -74.904648 	 125.486160 	 1.000000 
42464.730469 	 12079.952148 	 45528.160156 	 50.488594 	 -197.358749 	 57.149696 	 1.000000 
42565.410156 	 11986.350586 	 45630.585938 	 -43.317860 	 -207.376083 	 -47.795887 	 1.000000 
42593.855469 	 11950.824219 	 45624.703125 	 22.268066 	 9.443981 	 116.446411 	 1.000000 
42591.269531 	 11874.360352 	 45580.726562 	 -1.875017 	 -140.050598 	 -77.361000 	 1.000000 
42590.980469 	 11914.090820 	 45663.343750 	 7.080681 	 65.969551 	 -55.664276 	 1.000000 
42516.726562 	 12113.590820 	 45432.242188 	 30.393984 	 -167.578140 	 -73.358459 	 1.000000 
43027.781250 	 13021.124023 	 44523.113281 	 1.517578 	 -60.755108 	 23.498098 	 1.000000 
43089.742188 	 12952.668945 	 44564.320312 	 15.151971 	 -12.797830 	 -46.456177 	 1.000000 
43081.210938 	 13165.437500 	 44531.292969 	 -54.614326 	 -139.580429 	 37.006863 	 1.000000 
43070.339844 	 12901.590820 	 44481.332031 	 55.238964 	 -81.132767 	 2.551317 	 1.000000 
43060.042969 	 13002.268555 	 44534.992188 	 58.679760 	 105.580780 	 -67.418518 	 1.000000 
43032.386719 	 13051.003906 	 44495.316406 	 -137.510117 	 -5.267011 	 82.515221 	 1.000000 
42961.437500 	 13052.934570 	 44574.703125 	 -50.180496 	 28.269846 	 58.017841 	 1.000000 
42988.226562 	 13126.141602 	 44504.449219 	 14.303706 	 -166.042053 	 71.749115 	 1.000000 
43049.937500 	 13036.826172 	 44650.078125 	 -16.571346 	 21.550198 	 -56.827480 	 1.000000 
43035.835938 	 13130.768555 	 44456.253906 	 -53.350842 	 -115.547073 	 49.534740 	 1.000000 
42986.562500 	 13108.673828 	 44409.261719 	 -48.314381 	 -6.878094 	 61.754570 	 1.000000 
43032.996094 	 12869.283203 	 44468.492188 	 -25.008047 	 -36.221375 	 72.874542 	 1.000000 
43031.128906 	 13115.782227 	 44522.171875 	 -29.807442 	 -40.399319 	 -75.169357 	 1.000000 
43120.750000 	 13105.403320 	 44543.574219 	 -73.534584 	 -142.123657 	 5.140711 	 1.000000 
42913.203125 	 10956.884766 	 47202.925781 	 7.477255 	 -84.022446 	 -71.276482 	 1.000000 
42944.546875 	 10913.761719 	 47194.898438 	 24.780983 	 -134.899521 	 -94.088402 	 1.000000 
42952.753906 	 10959.736328 	 47187.664062 	 54.008682 	 -150.379562 	 -98.570709 	 1.000000 
42927.429688 	 10952.418945 	 47245.230469 	 -17.590809 	 -82.745461 	 1.169928 	 1.000000 
42917.437500 	 10930.878906 	 47174.078125 	 19.153225 	 -144.310806 	 -5.429652 	 1.000000 
42428.351562 	 10089.901367 	 46837.699219 	 89.568939 	 -74.555618 	 -15.566192 	 1.000000 
42417.144531 	 10064.914062 	 46830.886719 	 92.240326 	 1.605599 	 -13.570149 	 1.000000 
42387.632812 	 10062.768555 	 46786.265625 	 94.272125 	 -42.057419 	 -45.848366 	 1.000000 
42376.175781 	 10038.639648 	 46796.925781 	 48.531181 	 -2.642449 	 -19.696575 	 1.000000 
42470.886719 	 10097.480469 	 46832.968750 	 54.201439 	 -57.883533 	 -20.464258 	 1.000000 
42440.882812 	 10099.808594 	 46802.589844 	 166.076538 	 -78.743759 	 -23.674112 	 1.000000 
42491.535156 	 10261.116211 	 47102.781250 	 60.332561 	 -72.788345 	 -45.132591 	 1.000000 
42510.925781 	 10218.793945 	 47194.789062 	 38.544601 	 -74.738182 	 -19.140860 	 1.000000 
42515.132812 	 10315.585938 	 47107.750000 	 46.577229 	 -104.102310 	 -81.240196 	 1.000000 
42910.093750 	 11028.175781 	 45518.121094 	 23.363407 	 -32.276958 	 10.350400 	 1.000000 
42034.242188 	 13082.997070 	 46805.433594 	 16.003319 	 -64.325218 	 -57.830265 	 1.000000 
42046.550781 	 13048.845703 	 46775.089844 	 -25.641329 	 -42.956436 	 -16.723022 	 1.000000 
42037.863281 	 13080.653320 	 46834.265625 	 31.285641 	 -112.445038 	 -78.830666 	 1.000000 
43236.542969 	 12169.993164 	 44423.214844 	 -6.918533 	 -46.085640 	 -4.481637 	 1.000000 
41970.851562 	 13325.234375 	 46815.589844 	 4.301954 	 -67.153877 	 -79.160667 	 1.000000 
42631.839844 	 13137.006836 	 44744.347656 	 40.271320 	 -71.238953 	 12.860060 	 1.000000 
42676.058594 	 13150.678711 	 44749.199219 	 9.609101 	 -80.290939 	 17.631775 	 1.000000 
42622.699219 	 13132.881836 	 44728.808594 	 31.812933 	 -79.560562 	 69.436264 	 1.000000 
41940.445312 	 12072.414062 	 43987.003906 	 58.077858 	 -41.143009 	 34.335167 	 1.000000 
41945.585938 	 12068.177734 	 44050.265625 	 19.154390 	 -68.674706 	 36.285320 	 1.000000 
42149.121094 	 12240.364258 	 46504.437500 	 31.452650 	 -126.626434 	 -89.832802 	 1.000000 
42167.417969 	 12228.000977 	 46489.777344 	 6.297754 	 -154.220947 	 -97.521217 	 1.000000 
42141.218750 	 12271.210938 	 46488.128906 	 3.777690 	 -160.154114 	 -107.969810 	 1.000000 
41886.937500 	 13154.675781 	 44597.812500 	 57.943085 	 0.950959 	 44.408554 	 1.000000 
41872.746094 	 13137.805664 	 44589.832031 	 27.993675 	 -1.615211 	 35.226936 	 1.000000 
42955.136719 	 12975.899414 	 44721.820312 	 21.944298 	 -11.863504 	 -41.161240 	 1.000000 
42559.445312 	 10367.467773 	 46329.925781 	 46.112957 	 -40.987152 	 -6.454214 	 1.000000 
42761.039062 	 10729.192383 	 46467.417969 	 43.164894 	 -28.419523 	 12.680709 	 1.000000 
42760.949219 	 10742.553711 	 46465.546875 	 50.881241 	 -35.206848 	 39.009747 	 1.000000 
42370.863281 	 13300.201172 	 44790.281250 	 24.753956 	 -73.192543 	 4.642782 	 1.000000 
42383.070312 	 13309.248047 	 44769.515625 	 32.684940 	 -61.536270 	 30.209810 	 1.000000 
42387.773438 	 13278.302734 	 44821.824219 	 71.618515 	 -16.985983 	 14.121897 	 1.000000 
42569.644531 	 10755.870117 	 46704.199219 	 36.463867 	 -45.540348 	 -73.637955 	 1.000000 
42589.894531 	 10766.237305 	 46719.890625 	 39.552711 	 -36.914822 	 -101.659767 	 1.000000 
42488.347656 	 12979.005859 	 44847.699219 	 43.598457 	 -60.323982 	 -0.059963 	 1.000000 
42372.507812 	 12675.496094 	 44708.753906 	 71.413620 	 -19.627079 	 47.049885 	 1.000000 
42363.652344 	 12688.667969 	 44717.308594 	 68.940727 	 -21.024714 	 50.740055 	 1.000000 
42062.828125 	 13284.591797 	 45040.796875 	 55.831470 	 -47.335903 	 -32.251427 	 1.000000 
42859.042969 	 10995.378906 	 46162.816406 	 36.271992 	 -20.958149 	 17.704430 	 1.000000 
42550.773438 	 12213.217773 	 45643.917969 	 33.857346 	 8.767981 	 -37.138672 	 1.000000 
42604.582031 	 12210.778320 	 45647.406250 	 23.340897 	 -185.603821 	 46.908085 	 1.000000 
42458.906250 	 12888.562500 	 44715.011719 	 -4.768156 	 -74.110680 	 -35.377460 	 1.000000 
42722.800781 	 11551.379883 	 45107.453125 	 -28.282568 	 -31.970707 	 20.251528 	 1.000000 
42708.367188 	 11579.155273 	 45073.968750 	 -40.504509 	 -38.192371 	 30.905052 	 1.000000 
42729.199219 	 11582.109375 	 45107.796875 	 -34.003143 	 -39.270794 	 28.109785 	 1.000000 
42705.843750 	 11573.482422 	 45093.023438 	 -30.464495 	 -51.396675 	 13.729062 	 1.000000 
43516.425781 	 12066.848633 	 44123.375000 	 2.684116 	 -51.100147 	 -9.299566 	 1.000000 
41913.664062 	 13531.071289 	 44985.839844 	 28.556669 	 -15.526335 	 30.917242 	 1.000000 
42567.917969 	 12789.418945 	 45229.796875 	 64.997314 	 -71.907242 	 17.612394 	 1.000000 
42576.425781 	 12788.814453 	 45229.351562 	 76.408264 	 -57.761044 	 23.078438 	 1.000000 
42576.488281 	 12801.501953 	 45236.777344 	 58.115250 	 -58.058323 	 3.274155 	 1.000000 
42287.902344 	 11809.914062 	 45752.710938 	 -26.957556 	 -47.752396 	 48.134480 	 1.000000 
42364.109375 	 11883.174805 	 46146.386719 	 -29.785406 	 -53.851128 	 91.957588 	 1.000000 
42675.300781 	 9954.174805 	 46213.972656 	 49.153282 	 -61.800152 	 -15.725062 	 1.000000 
42697.136719 	 9971.699219 	 46224.222656 	 56.298866 	 -62.503567 	 -26.426788 	 1.000000 
42832.589844 	 13137.338867 	 44658.128906 	 61.886158 	 -70.227989 	 11.442213 	 1.000000 
42630.652344 	 12616.810547 	 45182.421875 	 68.214088 	 -50.822296 	 53.319611 	 1.000000 
42456.714844 	 11865.130859 	 45468.261719 	 -39.056877 	 -31.422764 	 9.125293 	 1.000000 
42626.839844 	 12100.627930 	 45783.585938 	 -19.574783 	 -13.225451 	 50.376503 	 1.000000 
42695.742188 	 12327.348633 	 45184.562500 	 28.561827 	 -45.639038 	 92.014023 	 1.000000 
42791.683594 	 11917.320312 	 45625.578125 	 -53.447243 	 10.566113 	 -4.673662 	 1.000000 
42661.910156 	 11206.639648 	 46589.199219 	 18.308954 	 13.179665 	 -7.745995 	 1.000000 
42794.171875 	 10557.309570 	 45326.855469 	 9.658115 	 -58.915241 	 -1.109671 	 1.000000 
42511.980469 	 11910.547852 	 45349.777344 	 -22.190210 	 -44.821495 	 -63.039650 	 1.000000 
42159.246094 	 11460.099609 	 46363.492188 	 -54.016735 	 -114.789009 	 -83.175636 	 1.000000 
42154.960938 	 11459.370117 	 46383.621094 	 -56.255825 	 -102.449951 	 -83.050461 	 1.000000 
42213.843750 	 12301.277344 	 46897.734375 	 26.408648 	 -85.264328 	 -116.455299 	 1.000000 
42753.707031 	 12769.309570 	 44384.550781 	 40.858299 	 -52.739658 	 -3.227457 	 1.000000 
42597.398438 	 12430.050781 	 45420.089844 	 42.782181 	 -101.015053 	 69.827766 	 1.000000 
43219.292969 	 10089.026367 	 45292.183594 	 48.061062 	 -82.277191 	 -18.306599 	 1.000000 
42254.468750 	 12868.248047 	 45065.960938 	 72.112350 	 -67.136734 	 -9.834854 	 1.000000 
42397.277344 	 11113.513672 	 46595.519531 	 4.101624 	 -18.418911 	 -91.216469 	 1.000000 
42750.687500 	 12878.631836 	 44618.148438 	 24.175304 	 -10.259518 	 15.141244 	 1.000000 
41837.511719 	 11985.748047 	 46634.238281 	 107.757568 	 -56.348995 	 -50.712860 	 1.000000 
42211.628906 	 12622.513672 	 44928.835938 	 48.837223 	 -86.013878 	 -10.096599 	 1.000000 
42436.933594 	 11317.531250 	 46349.562500 	 -28.129351 	 -132.235718 	 -8.655828 	 1.000000 
42719.324219 	 11833.457031 	 43894.281250 	 56.309120 	 -61.066151 	 50.578972 	 1.000000 
42737.609375 	 11913.883789 	 43939.464844 	 47.176670 	 -63.938847 	 46.753185 	 1.000000 
42218.085938 	 11827.280273 	 45507.421875 	 63.276016 	 -93.393997 	 -43.531242 	 1.000000 
41945.554688 	 13461.620117 	 47010.746094 	 25.089340 	 -62.822617 	 -46.555973 	 1.000000 
42074.503906 	 12050.810547 	 47110.433594 	 31.612865 	 -77.304939 	 -112.014275 	 1.000000 
42531.445312 	 12230.354492 	 45599.839844 	 -24.372528 	 -24.219364 	 -27.532681 	 1.000000 
42524.515625 	 12278.444336 	 45562.832031 	 57.054703 	 -177.742279 	 38.091999 	 1.000000 
42217.535156 	 11925.655273 	 46061.203125 	 13.175531 	 -44.979839 	 -196.228745 	 1.000000 
41881.828125 	 13440.853516 	 44654.089844 	 16.252605 	 -35.783581 	 -27.794678 	 1.000000 
42442.246094 	 13394.008789 	 44768.921875 	 35.211967 	 -51.430580 	 21.954052 	 1.000000 
42276.957031 	 11985.658203 	 46047.765625 	 -6.326977 	 -54.717747 	 -185.362488 	 1.000000 
42362.066406 	 11450.522461 	 47122.750000 	 34.976635 	 -83.072136 	 -121.472252 	 1.000000 
41686.519531 	 12211.134766 	 47446.468750 	 21.985052 	 -71.642944 	 -91.293243 	 1.000000 
42000.765625 	 12414.959961 	 47210.304688 	 27.323961 	 -68.326469 	 -103.717384 	 1.000000 
43282.320312 	 13522.927734 	 45758.171875 	 -26.738209 	 -52.238068 	 -51.017666 	 7.000000 
42936.339844 	 11712.919922 	 45646.601562 	 0.386283 	 9.167525 	 -1.249825 	 1.000000 
43043.851562 	 10893.338867 	 45420.929688 	 65.566566 	 -36.046421 	 41.710003 	 1.000000 
41953.398438 	 12505.163086 	 44270.800781 	 57.291897 	 -28.057863 	 42.586834 	 1.000000 
43685.750000 	 11213.263672 	 44391.230469 	 9.882486 	 -76.426170 	 -23.015455 	 1.000000 
42777.648438 	 10537.667969 	 46473.742188 	 82.709816 	 -38.559574 	 -10.021282 	 1.000000 
41306.566406 	 11390.950195 	 47042.699219 	 55.254742 	 -38.738300 	 -45.144993 	 1.000000 
41306.945312 	 11400.578125 	 47026.910156 	 70.808769 	 -33.609249 	 -39.954052 	 1.000000 
41103.941406 	 11870.458984 	 46665.121094 	 58.120266 	 -56.828903 	 -22.162445 	 1.000000 
42540.597656 	 10770.290039 	 46904.835938 	 3.935113 	 -48.915661 	 -65.249802 	 1.000000 
42473.968750 	 12313.078125 	 45264.578125 	 107.163940 	 -118.698959 	 14.100520 	 1.000000 
42815.925781 	 10410.672852 	 46449.675781 	 73.212784 	 -47.661263 	 1.402866 	 1.000000 
42669.964844 	 11099.967773 	 46966.179688 	 10.986820 	 -67.888512 	 -69.576584 	 1.000000 
42681.914062 	 11084.646484 	 46979.027344 	 7.635320 	 -57.286659 	 -71.938461 	 1.000000 
42270.800781 	 11712.169922 	 47031.425781 	 31.710367 	 -81.494476 	 -125.433372 	 1.000000 
42431.472656 	 11517.717773 	 45841.785156 	 94.772774 	 -103.410210 	 -76.946915 	 1.000000 
42820.152344 	 9900.603516 	 46331.105469 	 51.139561 	 -66.033211 	 -14.539620 	 1.000000 
42238.394531 	 12156.481445 	 46655.781250 	 23.110119 	 -96.949547 	 -133.084427 	 1.000000 
42668.003906 	 12185.317383 	 45551.296875 	 10.864083 	 -190.345398 	 39.039570 	 1.000000 
43437.996094 	 11759.776367 	 44596.105469 	 -4.085630 	 -52.669132 	 -9.698164 	 1.000000 
42249.273438 	 11825.200195 	 46114.339844 	 119.927834 	 -78.450104 	 55.644302 	 1.000000 
41575.921875 	 12178.029297 	 47470.941406 	 24.553761 	 -71.766403 	 -88.343170 	 1.000000 
41574.605469 	 12153.816406 	 47491.828125 	 21.602871 	 -61.524914 	 -88.874847 	 1.000000 
41473.429688 	 11356.268555 	 46984.558594 	 65.020691 	 -37.154282 	 -45.541729 	 1.000000 
41858.296875 	 12073.856445 	 47336.062500 	 28.138548 	 -68.963684 	 -99.771698 	 1.000000 
43299.992188 	 12489.332031 	 44506.035156 	 31.807602 	 -33.627842 	 48.699566 	 1.000000 
42759.996094 	 12664.055664 	 44778.382812 	 27.575848 	 -42.680920 	 7.311269 	 1.000000 
43444.656250 	 12584.821289 	 47524.792969 	 -20.186964 	 -83.303085 	 -29.612749 	 9.000000 
42821.730469 	 12775.161133 	 44790.355469 	 62.356678 	 -24.134336 	 62.065361 	 1.000000 
42009.742188 	 12705.968750 	 46489.980469 	 22.419582 	 -86.250366 	 -74.076759 	 1.000000 
42610.988281 	 12212.777344 	 45734.914062 	 17.763073 	 -44.895672 	 -9.269252 	 1.000000 
43065.042969 	 11011.224609 	 47194.921875 	 -6.298410 	 -100.031235 	 -48.629944 	 1.000000 
42228.984375 	 11998.088867 	 46159.246094 	 51.029884 	 44.294079 	 -29.636320 	 1.000000 
42310.566406 	 12063.042969 	 45402.386719 	 8.374376 	 19.731039 	 120.200523 	 1.000000 
42574.503906 	 11364.318359 	 46682.550781 	 15.241324 	 -72.124153 	 -143.670044 	 1.000000 
42508.996094 	 10532.679688 	 46416.550781 	 45.882038 	 -38.893528 	 -15.883913 	 1.000000 
42296.015625 	 12092.968750 	 45077.210938 	 22.637310 	 -103.449326 	 42.687794 	 1.000000 
40867.539062 	 11816.586914 	 46890.824219 	 44.143215 	 -57.978764 	 -0.747873 	 1.000000 
42061.484375 	 13216.431641 	 47014.785156 	 36.324574 	 -60.994186 	 -66.501030 	 1.000000 
43227.621094 	 12691.559570 	 44641.652344 	 20.742794 	 -11.627637 	 47.899265 	 1.000000 
42470.101562 	 11186.587891 	 46452.070312 	 106.897102 	 21.003036 	 5.717174 	 1.000000 
42641.996094 	 12374.370117 	 45076.808594 	 45.291645 	 -36.648582 	 85.510773 	 1.000000 
42398.054688 	 12606.114258 	 44985.316406 	 65.828011 	 -30.935423 	 56.333317 	 1.000000 
42400.167969 	 12609.315430 	 44967.566406 	 62.073063 	 -37.276173 	 60.993519 	 1.000000 
43143.601562 	 12970.265625 	 44372.785156 	 5.259008 	 -27.182171 	 35.807453 	 1.000000 
42187.558594 	 12039.830078 	 46280.722656 	 142.056854 	 -138.329742 	 -32.802971 	 1.000000 
43669.035156 	 10856.668945 	 44570.792969 	 15.143641 	 -79.066414 	 -23.144142 	 1.000000 
42223.386719 	 13050.712891 	 46727.316406 	 5.088794 	 -55.928680 	 -56.370949 	 1.000000 
42327.144531 	 11911.069336 	 45523.980469 	 119.666023 	 -140.069000 	 -35.493160 	 1.000000 
41737.351562 	 13085.642578 	 44795.839844 	 56.697170 	 -15.980271 	 52.647949 	 1.000000 
43298.046875 	 12469.305664 	 44424.761719 	 31.452681 	 -33.734661 	 54.563503 	 1.000000 
42705.527344 	 11405.865234 	 44950.972656 	 -30.564095 	 -39.869366 	 6.036070 	 1.000000 
41994.843750 	 13511.449219 	 46878.523438 	 -29.913437 	 -63.918644 	 -35.472561 	 1.000000 
42894.464844 	 13151.712891 	 44936.746094 	 42.157383 	 -56.316189 	 10.553356 	 1.000000 
41122.574219 	 12363.361328 	 46929.425781 	 53.888454 	 -58.441700 	 -16.213543 	 1.000000 
42482.148438 	 10425.730469 	 46998.273438 	 97.198456 	 -86.697037 	 -52.923271 	 1.000000 
42425.066406 	 10922.333008 	 46453.136719 	 40.844296 	 -3.362287 	 3.627721 	 1.000000 
42338.542969 	 12017.564453 	 45783.660156 	 64.578705 	 16.625748 	 -115.553085 	 1.000000 
42566.164062 	 11914.072266 	 46000.503906 	 3.785287 	 -123.897797 	 -7.486955 	 1.000000 
42315.804688 	 11375.851562 	 46407.816406 	 -5.686984 	 13.815172 	 -150.416122 	 1.000000 
42591.433594 	 10682.416992 	 46702.222656 	 72.690041 	 -24.734152 	 -14.696298 	 1.000000 
42552.339844 	 11894.395508 	 45485.667969 	 8.446320 	 -44.093933 	 -109.166122 	 1.000000 
42963.460938 	 10582.224609 	 45605.417969 	 27.441675 	 -48.203495 	 12.172746 	 1.000000 
42388.289062 	 11698.245117 	 45086.816406 	 -24.176216 	 -11.443498 	 34.189171 	 1.000000 
43130.492188 	 12184.884766 	 44184.675781 	 47.888042 	 -51.033749 	 51.514893 	 1.000000 
42490.546875 	 10960.346680 	 46377.351562 	 54.576340 	 2.833611 	 -6.465645 	 1.000000 
43207.429688 	 11503.843750 	 44761.722656 	 -10.785219 	 -59.547924 	 -1.945019 	 1.000000 
42443.746094 	 11436.421875 	 46416.101562 	 110.077034 	 52.284149 	 -107.476036 	 1.000000 
42487.078125 	 12519.467773 	 45010.445312 	 58.819656 	 -36.455582 	 68.063866 	 1.000000 
42819.585938 	 11121.916992 	 45111.097656 	 -15.712028 	 -48.067204 	 1.587416 	 1.000000 
41860.492188 	 12150.872070 	 44100.113281 	 56.531239 	 -62.553288 	 48.198200 	 1.000000 
41276.875000 	 12879.250000 	 47209.562500 	 23.792187 	 -51.853424 	 -72.057076 	 1.000000 
42396.949219 	 11269.070312 	 46447.550781 	 -24.951818 	 -46.671051 	 -145.284119 	 1.000000 
42265.281250 	 11748.442383 	 47072.632812 	 39.515564 	 -84.855453 	 -127.001999 	 1.000000 
41768.414062 	 12073.680664 	 46701.800781 	 102.122200 	 -58.816917 	 -43.005665 	 1.000000 
42962.925781 	 12898.104492 	 44810.527344 	 72.298004 	 -16.571850 	 33.380497 	 1.000000 
42726.585938 	 10377.802734 	 46290.058594 	 36.910069 	 -41.724308 	 -13.473246 	 1.000000 
42772.675781 	 12164.189453 	 45052.769531 	 25.382978 	 -28.546633 	 83.803223 	 1.000000 
43080.996094 	 12971.300781 	 44685.253906 	 -14.022086 	 32.204849 	 -14.283834 	 1.000000 
42520.031250 	 12421.658203 	 44706.148438 	 6.243389 	 -63.418007 	 11.497499 	 1.000000 
41726.531250 	 12443.057617 	 46247.632812 	 90.849190 	 -78.585373 	 -13.014235 	 1.000000 
42230.152344 	 11148.080078 	 46729.597656 	 13.621533 	 -10.436057 	 -65.705933 	 1.000000 
41965.835938 	 13185.803711 	 44519.679688 	 35.565861 	 -6.822636 	 35.633095 	 1.000000 
42904.648438 	 11523.855469 	 45805.410156 	 -11.179825 	 -6.678313 	 19.791824 	 1.000000 
41754.644531 	 11844.266602 	 46363.941406 	 117.314926 	 -65.850555 	 -47.096504 	 1.000000 
42166.531250 	 11008.859375 	 47743.992188 	 34.032036 	 -93.746300 	 -85.655289 	 4.000000 
42934.097656 	 13006.811523 	 44900.511719 	 26.453251 	 -88.407616 	 -12.154058 	 1.000000 
42469.613281 	 12802.821289 	 44879.437500 	 48.716648 	 -55.951794 	 10.948901 	 1.000000 
41936.687500 	 13362.337891 	 46893.062500 	 -5.845200 	 -46.006401 	 -46.484501 	 1.000000 
42216.769531 	 11345.430664 	 46581.843750 	 117.128380 	 -5.140436 	 -87.009033 	 1.000000 
42243.265625 	 11468.483398 	 46636.398438 	 -44.282829 	 -84.875237 	 -137.330750 	 1.000000 
42244.000000 	 11975.383789 	 46213.453125 	 40.763870 	 51.812099 	 -4.760140 	 1.000000 
42970.125000 	 13145.986328 	 44673.757812 	 12.714828 	 -39.787823 	 0.553911 	 1.000000 
41789.312500 	 10259.490234 	 46444.683594 	 92.406761 	 -58.235348 	 3.993256 	 3.000000 
41366.640625 	 11102.649414 	 46196.578125 	 93.440605 	 -39.727741 	 9.581684 	 2.000000 
40835.976562 	 12162.499023 	 46854.003906 	 43.720654 	 -60.643753 	 -8.397228 	 1.000000 
42458.628906 	 12981.462891 	 44585.851562 	 22.780584 	 -84.900734 	 12.664073 	 1.000000 
41868.949219 	 12449.639648 	 44346.542969 	 51.075588 	 -40.349323 	 57.779083 	 1.000000 
42507.363281 	 10929.606445 	 46205.945312 	 30.705755 	 -12.063960 	 15.616845 	 1.000000 
42681.652344 	 11274.643555 	 46467.453125 	 8.266712 	 22.252470 	 -11.607012 	 1.000000 
42722.203125 	 11995.606445 	 43990.121094 	 51.398335 	 -64.942795 	 46.114517 	 1.000000 
42369.898438 	 12351.364258 	 44567.019531 	 71.780159 	 -19.678751 	 44.608776 	 1.000000 
42584.277344 	 11710.296875 	 46282.003906 	 -63.262287 	 49.086262 	 -104.088348 	 1.000000 
42526.332031 	 11397.621094 	 44415.042969 	 67.912582 	 -44.109200 	 23.191231 	 0.000000 
42457.582031 	 13491.736328 	 44794.839844 	 -13.902741 	 -71.872566 	 -53.321964 	 1.000000 
41830.695312 	 13185.868164 	 45776.144531 	 67.504349 	 -51.303257 	 -17.493427 	 5.000000 
43372.546875 	 13466.585938 	 45601.179688 	 -25.381180 	 -52.130901 	 -48.856056 	 7.000000 
42283.902344 	 12196.110352 	 46454.046875 	 131.699371 	 -101.924301 	 -25.747257 	 1.000000 
42610.273438 	 10839.204102 	 46697.687500 	 75.551399 	 -36.997612 	 -43.536583 	 1.000000 
42653.132812 	 10764.898438 	 46226.667969 	 46.150421 	 -19.148277 	 -14.677485 	 1.000000 
42257.125000 	 12601.528320 	 44821.671875 	 68.112091 	 -30.866779 	 42.276882 	 1.000000 
42441.035156 	 12676.296875 	 45207.886719 	 37.178631 	 -89.274872 	 5.617722 	 1.000000 
42601.980469 	 10433.841797 	 47161.035156 	 4.298683 	 -72.335358 	 -51.514793 	 1.000000 
42578.074219 	 11399.445312 	 46545.066406 	 -7.400269 	 36.436447 	 -28.526625 	 1.000000 
42203.734375 	 11529.575195 	 46498.218750 	 44.906124 	 31.580238 	 -134.078079 	 1.000000 
42394.746094 	 12408.420898 	 45553.839844 	 110.832230 	 -122.366264 	 -12.479140 	 1.000000 
42658.796875 	 11631.115234 	 46399.218750 	 -0.441259 	 59.110935 	 -58.460030 	 1.000000 
42970.085938 	 13160.271484 	 44415.761719 	 -32.289917 	 -93.104958 	 45.275856 	 1.000000 
42442.230469 	 11091.220703 	 46679.378906 	 14.406322 	 -24.184982 	 -95.334808 	 1.000000 
42138.488281 	 11837.222656 	 45722.058594 	 7.079460 	 -129.892563 	 -39.062008 	 1.000000 
42769.304688 	 12801.654297 	 44706.070312 	 16.850513 	 -13.756107 	 10.214817 	 1.000000 
42662.757812 	 12153.595703 	 44113.289062 	 52.864864 	 -58.009388 	 54.175835 	 1.000000 
43274.496094 	 10809.515625 	 45957.500000 	 -28.568186 	 -83.984123 	 -31.514055 	 1.000000 
41826.621094 	 12119.846680 	 46635.136719 	 101.869362 	 -61.062836 	 -39.090664 	 1.000000 
42729.511719 	 13073.222656 	 44955.273438 	 20.751320 	 -88.175255 	 6.728789 	 1.000000 
42297.589844 	 13778.565430 	 45695.312500 	 -15.717647 	 -49.597233 	 -45.974548 	 6.000000 
42043.796875 	 13314.752930 	 44465.925781 	 64.799385 	 -1.678698 	 2.413155 	 1.000000 
42201.726562 	 12473.217773 	 45537.148438 	 15.318836 	 -134.813431 	 -41.243031 	 1.000000 
42690.105469 	 11637.567383 	 46457.183594 	 8.258815 	 36.500618 	 -59.274441 	 1.000000 
42695.816406 	 11998.594727 	 45294.761719 	 52.245930 	 -50.429741 	 -35.833492 	 1.000000 
41800.488281 	 10203.066406 	 46455.269531 	 88.429138 	 -53.970699 	 2.114673 	 3.000000 
41899.234375 	 12373.011719 	 47272.851562 	 29.367147 	 -72.026047 	 -102.659210 	 1.000000 
41218.246094 	 11770.977539 	 47037.441406 	 51.989079 	 -24.868212 	 -25.758162 	 1.000000 
42249.183594 	 12566.799805 	 45695.281250 	 -19.357821 	 -124.746193 	 -50.594074 	 1.000000 
42620.851562 	 10785.289062 	 46755.417969 	 80.599609 	 -53.049553 	 -60.421696 	 1.000000 
42359.332031 	 12098.665039 	 45323.781250 	 -14.264593 	 -11.827087 	 15.233768 	 1.000000 
42403.480469 	 13382.071289 	 45008.558594 	 35.446030 	 -52.559666 	 15.383357 	 1.000000 
42426.351562 	 12266.485352 	 47050.683594 	 -26.722591 	 -97.496742 	 -79.262611 	 1.000000 
41358.406250 	 11419.004883 	 47148.121094 	 70.528503 	 -27.185053 	 -21.900347 	 1.000000 
42453.667969 	 13240.088867 	 44648.585938 	 -9.547199 	 -82.427444 	 -46.456898 	 1.000000 
42456.058594 	 11479.787109 	 46398.046875 	 96.517708 	 62.881729 	 -114.357758 	 1.000000 
42015.015625 	 12469.466797 	 47131.980469 	 25.813339 	 -79.661804 	 -99.298157 	 1.000000 
43158.792969 	 10455.649414 	 45327.214844 	 36.542320 	 -59.688339 	 -13.542797 	 1.000000 
42414.164062 	 11948.378906 	 46198.156250 	 64.850990 	 5.861228 	 25.472797 	 1.000000 
41033.554688 	 12670.518555 	 46630.917969 	 47.740231 	 -47.696716 	 -19.589821 	 1.000000 
42006.097656 	 12441.482422 	 47165.347656 	 23.032955 	 -73.027435 	 -96.172325 	 1.000000 
43127.609375 	 10692.869141 	 45609.246094 	 21.884066 	 -46.807434 	 12.364403 	 1.000000 
42001.835938 	 12728.085938 	 44396.988281 	 56.159889 	 -16.465769 	 42.190289 	 1.000000 
42545.992188 	 10141.061523 	 46346.593750 	 13.833231 	 -58.196346 	 -25.390333 	 1.000000 
43336.957031 	 11082.788086 	 44810.632812 	 0.202485 	 -62.737743 	 -12.228902 	 1.000000 
42171.546875 	 11942.909180 	 43878.285156 	 42.641270 	 -59.221035 	 48.889492 	 1.000000 
43118.394531 	 12891.142578 	 44529.425781 	 -56.292206 	 -55.546398 	 8.929245 	 1.000000 
43077.425781 	 10935.732422 	 45760.214844 	 54.757065 	 -26.347527 	 1.792933 	 1.000000 
42039.011719 	 11619.570312 	 46144.183594 	 74.351463 	 -117.172234 	 54.532703 	 1.000000 
42771.542969 	 11428.551758 	 45092.281250 	 -26.164742 	 -29.388029 	 3.020236 	 1.000000 
42933.976562 	 10322.894531 	 45297.355469 	 25.213648 	 -68.677086 	 -22.875360 	 1.000000 
42249.128906 	 12035.179688 	 45420.867188 	 8.973502 	 43.088360 	 57.399426 	 1.000000 
42544.097656 	 12432.841797 	 45056.433594 	 56.615253 	 -40.101276 	 78.160126 	 1.000000 
42853.515625 	 12929.893555 	 44876.710938 	 37.858097 	 -56.202976 	 -20.262415 	 1.000000 
42565.835938 	 12525.112305 	 44604.265625 	 11.461119 	 -57.868874 	 4.466009 	 1.000000 
42309.437500 	 12040.856445 	 44320.937500 	 65.626633 	 -31.470381 	 32.982216 	 1.000000 
42367.789062 	 11845.192383 	 45310.035156 	 -19.354435 	 -53.037319 	 6.486071 	 1.000000 
42654.164062 	 10936.395508 	 47273.257812 	 43.948570 	 -94.793938 	 -112.539612 	 1.000000 
42191.523438 	 11807.031250 	 46201.843750 	 94.263145 	 -81.275696 	 32.550209 	 1.000000 
42701.597656 	 11448.479492 	 44958.519531 	 -20.083618 	 -41.862240 	 8.452892 	 1.000000 
42457.839844 	 12894.662109 	 45464.171875 	 82.149712 	 -73.635834 	 -15.124298 	 1.000000 
43281.496094 	 13374.579102 	 46978.515625 	 -28.588303 	 -55.004395 	 -38.115051 	 0.000000 
42524.582031 	 11927.125977 	 45813.921875 	 -102.248878 	 -95.448151 	 -71.617294 	 1.000000 
42438.300781 	 11710.357422 	 45979.871094 	 61.068886 	 -78.109901 	 -111.098778 	 1.000000 
42471.953125 	 10806.663086 	 46830.019531 	 30.931362 	 -46.912460 	 -70.632935 	 1.000000 
42751.281250 	 12720.205078 	 44820.933594 	 57.178093 	 -26.396698 	 55.407410 	 1.000000 
42770.511719 	 12469.310547 	 44917.789062 	 23.703041 	 -67.917953 	 21.752499 	 1.000000 
42392.593750 	 11730.382812 	 45967.769531 	 -27.567276 	 -85.463333 	 -153.710678 	 1.000000 
42170.546875 	 10258.416016 	 46804.843750 	 111.268906 	 -60.435246 	 -20.100592 	 1.000000 
42725.003906 	 10867.580078 	 46508.019531 	 53.148098 	 -22.843901 	 8.651670 	 1.000000 
42309.531250 	 13712.535156 	 45511.203125 	 -12.940851 	 -53.807854 	 -45.080303 	 6.000000 
42266.433594 	 11599.035156 	 45883.074219 	 96.091522 	 -126.469971 	 -94.815231 	 1.000000 
42572.488281 	 10615.867188 	 46843.554688 	 77.003815 	 -44.489418 	 -38.143509 	 1.000000 
42997.750000 	 10125.468750 	 45314.410156 	 26.034048 	 -80.167587 	 -28.145041 	 1.000000 
41979.972656 	 10349.810547 	 46966.347656 	 102.379669 	 -58.970364 	 -16.963520 	 1.000000 
41902.851562 	 12184.921875 	 44135.957031 	 41.664337 	 -60.368103 	 47.773502 	 1.000000 
41012.332031 	 13125.834961 	 46357.863281 	 39.052601 	 -40.524700 	 -16.857492 	 1.000000 
42257.878906 	 12595.876953 	 45155.910156 	 90.519661 	 -82.101753 	 -12.175574 	 1.000000 
42317.195312 	 11418.219727 	 46299.750000 	 13.860934 	 50.008457 	 -157.440964 	 1.000000 
42393.285156 	 11592.417969 	 46489.832031 	 166.050781 	 -62.179176 	 -86.927269 	 1.000000 
42399.386719 	 10211.583984 	 47151.214844 	 77.801903 	 -83.505463 	 -62.071392 	 1.000000 
42974.101562 	 11134.509766 	 45633.375000 	 -2.650399 	 -25.421345 	 2.695580 	 1.000000 
42690.875000 	 11882.211914 	 45505.332031 	 53.953888 	 -12.085320 	 82.826385 	 1.000000 
41579.660156 	 12643.364258 	 46442.691406 	 73.643394 	 -63.185497 	 -28.074934 	 1.000000 
42713.601562 	 13272.503906 	 44369.222656 	 27.475470 	 -85.844986 	 -5.005732 	 1.000000 
43208.527344 	 12881.175781 	 44646.949219 	 -25.485374 	 4.202451 	 30.874916 	 1.000000 
42367.851562 	 13347.002930 	 44742.535156 	 41.012539 	 -62.582924 	 6.610199 	 1.000000 
42451.968750 	 13052.793945 	 45151.527344 	 83.736176 	 -54.793888 	 -8.671995 	 1.000000 
41479.261719 	 13614.262695 	 45662.964844 	 49.968243 	 -24.033453 	 -23.105894 	 5.000000 
43386.339844 	 12918.175781 	 47306.734375 	 -25.363722 	 -71.969368 	 -33.200085 	 9.000000 
43235.902344 	 10711.169922 	 46517.097656 	 -26.636467 	 -87.663055 	 -27.277956 	 1.000000 
42470.027344 	 12167.440430 	 45172.015625 	 51.846088 	 -104.596771 	 70.359009 	 1.000000 
41612.574219 	 12564.927734 	 46343.933594 	 78.537354 	 -67.208000 	 -21.848820 	 1.000000 
42622.785156 	 12046.059570 	 45265.011719 	 -5.553786 	 -47.708897 	 -32.950691 	 1.000000 
41607.757812 	 11861.393555 	 46818.070312 	 83.777039 	 -50.282482 	 -43.129070 	 1.000000 
42994.714844 	 12105.905273 	 44175.566406 	 48.316578 	 -62.847961 	 58.514435 	 1.000000 
42136.011719 	 11854.417969 	 46391.015625 	 8.697834 	 34.438316 	 16.796492 	 1.000000 
41356.468750 	 12144.851562 	 46594.425781 	 74.723679 	 -64.755577 	 -25.310467 	 1.000000 
42560.574219 	 11876.576172 	 45614.746094 	 -26.868267 	 -128.946762 	 124.183380 	 1.000000 
42754.605469 	 10411.844727 	 46473.433594 	 46.569286 	 -41.742970 	 23.209044 	 1.000000 
41931.707031 	 13002.806641 	 46565.871094 	 28.027817 	 -53.471966 	 -74.506744 	 1.000000 
42848.894531 	 12078.660156 	 47244.710938 	 8.318126 	 -90.850075 	 -94.497246 	 1.000000 
42582.562500 	 10796.737305 	 46971.855469 	 14.596413 	 -41.373775 	 -65.663780 	 1.000000 
43403.726562 	 11097.393555 	 44891.523438 	 26.749594 	 -65.780052 	 17.945120 	 1.000000 
42882.667969 	 10013.778320 	 46344.367188 	 49.815189 	 -69.018875 	 10.138260 	 1.000000 
42726.648438 	 11834.745117 	 45359.125000 	 26.629709 	 -111.695381 	 -41.122368 	 1.000000 
42990.128906 	 10942.028320 	 47288.835938 	 -12.065610 	 -66.529053 	 -118.811905 	 1.000000 
40931.363281 	 11982.737305 	 47205.507812 	 8.463002 	 -52.327045 	 -0.201236 	 1.000000 
41484.609375 	 12163.291016 	 46808.531250 	 74.905128 	 -37.216991 	 -31.555143 	 1.000000 
42282.789062 	 12205.795898 	 45005.417969 	 12.486917 	 -111.212830 	 13.369321 	 1.000000 
41982.261719 	 13182.203125 	 44454.691406 	 45.297718 	 -2.118274 	 46.084419 	 1.000000 
42096.531250 	 11893.943359 	 46540.902344 	 140.502136 	 -48.489452 	 -82.260239 	 1.000000 
42191.359375 	 13054.444336 	 46773.265625 	 26.478487 	 -90.778748 	 -53.345501 	 1.000000 
41406.375000 	 12196.953125 	 47580.886719 	 19.907719 	 -72.645607 	 -75.651291 	 1.000000 
42084.257812 	 11047.501953 	 47704.070312 	 35.988705 	 -97.177071 	 -89.220566 	 4.000000 
42379.804688 	 11962.321289 	 45173.222656 	 20.165434 	 -112.591003 	 67.238365 	 1.000000 
42577.386719 	 12441.787109 	 44423.511719 	 49.438461 	 -45.665993 	 66.064812 	 1.000000 
42686.882812 	 11365.832031 	 44946.683594 	 -34.018978 	 -48.870697 	 -10.253122 	 1.000000 
42305.480469 	 12216.048828 	 46379.429688 	 124.812607 	 -114.550766 	 -3.489807 	 1.000000 
42470.535156 	 11344.411133 	 46339.007812 	 8.862944 	 69.322586 	 -9.171288 	 1.000000 
42604.320312 	 11009.103516 	 46551.851562 	 73.689857 	 -7.886774 	 -54.225536 	 1.000000 
42532.734375 	 11371.483398 	 46463.183594 	 -1.307523 	 12.078239 	 -121.738350 	 1.000000 
42425.796875 	 11815.369141 	 45360.992188 	 -37.638359 	 -79.745766 	 -37.992222 	 1.000000 
42559.261719 	 13334.073242 	 44690.093750 	 -13.467179 	 -85.213913 	 -45.137493 	 1.000000 
42483.339844 	 13355.963867 	 44661.867188 	 -15.991462 	 -80.655609 	 -42.510647 	 1.000000 
42288.328125 	 11991.862305 	 45508.812500 	 103.042099 	 -164.604996 	 -31.031137 	 1.000000 
42940.800781 	 10853.823242 	 47215.031250 	 -58.897949 	 -92.565216 	 -89.539238 	 1.000000 
42263.574219 	 11493.089844 	 45975.835938 	 79.229698 	 -116.723923 	 -60.668598 	 1.000000 
42811.582031 	 11043.710938 	 47093.851562 	 40.288387 	 -67.814316 	 -54.033890 	 1.000000 
42250.738281 	 12127.294922 	 46229.792969 	 65.671242 	 -18.969786 	 -16.721640 	 1.000000 
42325.000000 	 12215.608398 	 44960.425781 	 4.897142 	 -98.898430 	 25.764927 	 1.000000 
42071.457031 	 10315.890625 	 46945.710938 	 103.062920 	 -61.137882 	 -18.375624 	 1.000000 
42361.085938 	 13559.406250 	 44849.042969 	 29.411133 	 -47.953876 	 2.634623 	 1.000000 
42320.570312 	 13004.647461 	 45055.187500 	 -8.373609 	 -89.093010 	 -51.478123 	 1.000000 
43169.000000 	 10770.776367 	 47482.824219 	 11.205967 	 -69.911781 	 -66.144562 	 1.000000 
43511.257812 	 11083.037109 	 44489.039062 	 8.939554 	 -71.339981 	 -21.800560 	 1.000000 
42704.925781 	 12157.405273 	 44248.835938 	 47.898697 	 -43.622353 	 46.778339 	 1.000000 
41968.667969 	 12228.992188 	 44123.148438 	 54.667984 	 -45.825748 	 28.332434 	 1.000000 
42514.414062 	 12803.773438 	 45156.640625 	 81.437866 	 -67.131775 	 19.786612 	 1.000000 
41613.617188 	 13511.592773 	 45736.824219 	 57.465664 	 -29.734823 	 -21.141014 	 5.000000 
42378.968750 	 12067.448242 	 45211.183594 	 79.876068 	 -136.270157 	 42.561619 	 1.000000 
43469.500000 	 13466.888672 	 45424.265625 	 -25.894938 	 -49.835262 	 -50.484562 	 7.000000 
41730.437500 	 11434.159180 	 45357.718750 	 94.348984 	 -33.195587 	 22.243515 	 0.000000 
42497.296875 	 10532.643555 	 46882.156250 	 -4.853297 	 -56.038170 	 -26.290779 	 1.000000 
41682.320312 	 11178.112305 	 46995.976562 	 76.600929 	 -36.317307 	 -53.568077 	 1.000000 
43608.414062 	 12814.450195 	 44452.597656 	 -10.054679 	 -59.360046 	 22.249525 	 1.000000 
42684.871094 	 12313.262695 	 45288.289062 	 7.300074 	 -61.413181 	 95.051865 	 1.000000 
43221.917969 	 12137.175781 	 44496.453125 	 10.720536 	 -51.381306 	 -31.031879 	 1.000000 
41672.046875 	 12793.731445 	 44427.371094 	 52.687569 	 -24.594673 	 55.663136 	 1.000000 
41242.175781 	 12839.185547 	 46472.992188 	 52.024105 	 -54.958351 	 -19.689215 	 1.000000 
42311.136719 	 11927.103516 	 46278.410156 	 -49.418404 	 -31.699856 	 -162.073334 	 1.000000 
42378.136719 	 11498.913086 	 46248.531250 	 -47.588860 	 12.069836 	 -212.056824 	 1.000000 
41575.714844 	 12477.585938 	 46600.429688 	 91.330139 	 -53.328510 	 -9.198093 	 1.000000 
42396.933594 	 10437.637695 	 47124.500000 	 64.814072 	 -98.876259 	 -84.107750 	 1.000000 
41499.449219 	 12144.732422 	 47507.265625 	 17.926693 	 -60.306797 	 -90.263977 	 1.000000 
42753.906250 	 11095.425781 	 46445.628906 	 47.914520 	 10.451706 	 -26.719076 	 1.000000 
41993.550781 	 10917.536133 	 46199.476562 	 105.178276 	 -25.566603 	 16.190905 	 1.000000 
42004.351562 	 13231.784180 	 44515.558594 	 39.660332 	 -9.206428 	 37.630322 	 1.000000 
41787.519531 	 12746.141602 	 46635.218750 	 19.655224 	 -75.751846 	 -74.245804 	 1.000000 
42053.058594 	 11832.015625 	 46188.621094 	 51.350658 	 -90.727257 	 -41.194424 	 1.000000 
42145.707031 	 12219.685547 	 46825.574219 	 -25.275536 	 -109.617943 	 -89.942482 	 1.000000 
42191.464844 	 12105.222656 	 46582.058594 	 29.730005 	 -105.573921 	 -136.074295 	 1.000000 
42573.164062 	 11309.081055 	 46979.503906 	 35.733650 	 -81.797035 	 -121.516647 	 1.000000 
43006.726562 	 10352.335938 	 45728.066406 	 77.239868 	 -54.847576 	 9.863184 	 1.000000 
41268.886719 	 12618.861328 	 47313.765625 	 22.556845 	 -60.352169 	 -75.239075 	 1.000000 
42223.515625 	 12076.343750 	 46452.781250 	 28.124454 	 -124.334999 	 -143.500061 	 1.000000 
41640.230469 	 11421.966797 	 46935.968750 	 82.721375 	 -30.473490 	 -36.180504 	 1.000000 
41858.492188 	 11258.845703 	 47726.632812 	 26.830772 	 -86.963585 	 -87.209991 	 4.000000 
42696.347656 	 11486.013672 	 45074.808594 	 -25.036062 	 -31.978519 	 26.713959 	 1.000000 
42289.472656 	 11908.475586 	 45316.507812 	 58.413982 	 -140.894318 	 56.495506 	 1.000000 
42317.726562 	 12634.892578 	 45158.988281 	 4.090484 	 -112.309883 	 -39.746841 	 1.000000 
42236.007812 	 11532.737305 	 46108.714844 	 72.180725 	 -96.069733 	 -5.917785 	 1.000000 
42512.269531 	 12023.308594 	 45209.113281 	 -33.054264 	 -56.116241 	 100.633820 	 1.000000 
42948.796875 	 10806.008789 	 45137.656250 	 -14.096155 	 -63.333378 	 -7.039970 	 1.000000 
42691.636719 	 12288.752930 	 45469.332031 	 -42.079403 	 -101.317657 	 80.925362 	 1.000000 
42593.789062 	 12408.230469 	 45052.437500 	 54.277176 	 -38.876011 	 79.552429 	 1.000000 
42545.785156 	 13109.116211 	 44956.296875 	 85.775162 	 -41.163628 	 -1.684433 	 1.000000 
42506.910156 	 13858.247070 	 46413.281250 	 -25.434500 	 -40.534187 	 -40.185196 	 8.000000 
42182.515625 	 11721.402344 	 45606.925781 	 74.117142 	 -60.443821 	 0.543980 	 1.000000 
42434.886719 	 12535.858398 	 44654.914062 	 9.276146 	 -70.401756 	 -3.980132 	 1.000000 
43059.511719 	 10538.438477 	 45439.015625 	 36.361641 	 -49.046772 	 3.812833 	 1.000000 
42577.070312 	 11286.437500 	 46652.441406 	 21.752344 	 20.054014 	 4.262536 	 1.000000 
41973.089844 	 12556.634766 	 44290.292969 	 64.219307 	 -34.116177 	 35.242577 	 1.000000 
42104.390625 	 13485.213867 	 44962.359375 	 23.642725 	 -33.233292 	 32.731289 	 1.000000 
43067.859375 	 12898.333984 	 44825.667969 	 46.573872 	 -49.390690 	 -3.219684 	 1.000000 
41932.632812 	 13634.357422 	 44928.207031 	 46.875862 	 -27.583672 	 -40.522163 	 1.000000 
42454.585938 	 11980.250977 	 45298.738281 	 102.743988 	 -129.913147 	 74.536720 	 1.000000 
42654.535156 	 11111.583984 	 46622.035156 	 18.232807 	 -16.723104 	 -75.608292 	 1.000000 
41794.832031 	 10941.352539 	 46993.789062 	 76.163040 	 -47.882683 	 -58.119396 	 1.000000 
42359.031250 	 10921.941406 	 47762.695312 	 24.496243 	 -103.868790 	 -98.696030 	 4.000000 
42655.597656 	 10856.375000 	 47346.296875 	 40.652103 	 -88.086090 	 -106.506248 	 1.000000 
42772.402344 	 11385.012695 	 45052.472656 	 -17.192598 	 -28.561438 	 4.267793 	 1.000000 
42275.144531 	 12297.898438 	 44959.339844 	 6.294445 	 -107.559830 	 2.143724 	 1.000000 
42418.390625 	 12590.716797 	 45333.632812 	 6.398409 	 -30.471096 	 -13.404752 	 1.000000 
42829.792969 	 10252.040039 	 46338.484375 	 51.766960 	 -47.053616 	 -22.060909 	 1.000000 
42294.519531 	 12722.959961 	 44688.351562 	 80.423782 	 -30.046143 	 48.944721 	 1.000000 
42028.484375 	 12704.082031 	 45031.648438 	 101.594780 	 -24.077997 	 14.143541 	 1.000000 
42007.320312 	 12987.316406 	 44730.597656 	 91.078804 	 -7.700629 	 5.098448 	 1.000000 
41964.226562 	 12108.395508 	 45608.285156 	 129.989990 	 -41.037785 	 25.815487 	 1.000000 
41923.199219 	 13029.292969 	 46612.492188 	 3.163213 	 -58.485027 	 -54.971443 	 1.000000 
42783.179688 	 10969.114258 	 46922.359375 	 -3.826027 	 -101.856529 	 -63.392384 	 1.000000 
42725.910156 	 9999.997070 	 46472.968750 	 11.285789 	 -71.240227 	 -28.768129 	 1.000000 
43313.152344 	 10154.208984 	 45180.234375 	 -0.933029 	 -101.001205 	 -23.889936 	 1.000000 
42768.468750 	 11298.855469 	 44901.121094 	 -30.225014 	 -49.171757 	 -4.247962 	 1.000000 
42725.757812 	 11341.866211 	 44942.054688 	 -43.489376 	 -54.812481 	 -9.307956 	 1.000000 
41835.968750 	 12433.477539 	 46385.363281 	 112.304321 	 -55.555676 	 3.024303 	 1.000000 
42288.679688 	 11837.063477 	 45471.839844 	 62.818424 	 -108.539330 	 -63.227535 	 1.000000 
42086.734375 	 11364.644531 	 46260.953125 	 -61.048752 	 -74.825424 	 -89.542740 	 1.000000 
42094.554688 	 12894.693359 	 46735.167969 	 -3.718064 	 -64.854210 	 -50.409149 	 1.000000 
41955.312500 	 10874.994141 	 46967.425781 	 81.164917 	 -48.735237 	 -58.518974 	 1.000000 
42646.085938 	 11082.521484 	 47169.191406 	 39.471073 	 -97.981606 	 -115.577393 	 1.000000 
43026.902344 	 11493.731445 	 45198.058594 	 -21.567820 	 -39.201145 	 23.997387 	 1.000000 
42698.171875 	 10935.570312 	 45527.582031 	 43.699375 	 -23.170410 	 -8.702617 	 1.000000 
41325.074219 	 11236.793945 	 46339.996094 	 93.785782 	 -37.851822 	 4.747124 	 2.000000 
42227.214844 	 12971.537109 	 44911.515625 	 48.187965 	 -39.963142 	 64.841637 	 1.000000 
42573.542969 	 12429.103516 	 44400.761719 	 47.426819 	 -41.890209 	 69.646309 	 1.000000 
42638.003906 	 13121.135742 	 44444.289062 	 28.637619 	 -90.952644 	 -1.219411 	 1.000000 
42287.734375 	 11763.854492 	 46620.492188 	 -0.662545 	 -114.698586 	 -164.531418 	 1.000000 
42123.972656 	 12917.860352 	 46789.429688 	 31.367483 	 -56.605919 	 -74.500664 	 1.000000 
42347.367188 	 11622.972656 	 46844.730469 	 22.812683 	 -87.340103 	 -143.755325 	 1.000000 
43592.007812 	 11252.667969 	 44463.910156 	 12.559182 	 -72.430351 	 -19.922703 	 1.000000 
43311.101562 	 11077.883789 	 44747.167969 	 1.516922 	 -61.080742 	 -12.648796 	 1.000000 
43035.097656 	 10617.561523 	 45141.695312 	 -8.449585 	 -73.235023 	 -11.260063 	 1.000000 
43070.902344 	 10223.401367 	 45504.683594 	 30.385035 	 -77.652184 	 9.549354 	 1.000000 
41868.140625 	 13279.091797 	 44492.019531 	 46.637638 	 -1.568094 	 24.924898 	 1.000000 
43102.730469 	 11905.758789 	 44028.042969 	 48.308517 	 -68.006638 	 48.747307 	 1.000000 
42507.410156 	 12720.486328 	 45584.007812 	 83.296730 	 -92.943588 	 -13.874925 	 1.000000 
41845.585938 	 13147.557617 	 45786.039062 	 65.480064 	 -47.105919 	 -18.602198 	 5.000000 
42602.218750 	 13569.437500 	 46392.640625 	 -29.581625 	 -52.184124 	 -42.908581 	 8.000000 
42162.539062 	 11816.759766 	 45564.195312 	 50.537704 	 -104.056129 	 -45.040161 	 1.000000 
41382.105469 	 11863.092773 	 46522.367188 	 78.518768 	 -59.705597 	 -34.206528 	 1.000000 
42626.476562 	 10799.279297 	 46691.289062 	 82.455070 	 -31.213661 	 -21.656763 	 1.000000 
43605.246094 	 10737.384766 	 44721.312500 	 39.086834 	 -79.677986 	 8.921831 	 1.000000 
42944.480469 	 12370.146484 	 44676.207031 	 -19.745441 	 -46.597416 	 2.665231 	 1.000000 
43154.800781 	 13111.738281 	 44639.984375 	 12.149970 	 -38.735889 	 -55.319710 	 1.000000 
42306.496094 	 13629.016602 	 44863.554688 	 27.427448 	 -42.261986 	 7.579554 	 1.000000 
42606.796875 	 13018.996094 	 44846.960938 	 43.328865 	 -68.443283 	 -19.541605 	 1.000000 
42460.671875 	 13055.950195 	 45091.566406 	 90.322510 	 -40.271339 	 0.647161 	 1.000000 
42191.570312 	 12797.808594 	 45055.964844 	 84.522568 	 -64.866211 	 -21.715317 	 1.000000 
42554.699219 	 12349.064453 	 45320.453125 	 96.651291 	 -130.505508 	 18.928627 	 1.000000 
42924.777344 	 10281.088867 	 47147.031250 	 12.477780 	 -75.635391 	 -42.653412 	 1.000000 
42541.468750 	 11251.208008 	 46474.656250 	 97.634842 	 30.825766 	 -3.367082 	 1.000000 
42502.652344 	 11052.397461 	 46330.812500 	 37.183517 	 11.845343 	 -4.935099 	 1.000000 
41463.890625 	 11572.087891 	 46986.457031 	 70.380661 	 -30.925177 	 -34.614208 	 1.000000 
42500.953125 	 10424.041992 	 46974.058594 	 86.796036 	 -83.820251 	 -51.358398 	 1.000000 
41167.039062 	 12214.837891 	 46912.820312 	 57.230412 	 -59.930748 	 -15.531328 	 1.000000 
42616.964844 	 12201.225586 	 45589.816406 	 -7.841416 	 -100.214371 	 67.035583 	 1.000000 
42697.441406 	 10396.119141 	 46426.050781 	 45.932819 	 -46.421490 	 17.984837 	 1.000000 
42875.902344 	 10000.385742 	 46402.386719 	 53.640968 	 -66.799911 	 12.639286 	 1.000000 
42267.414062 	 13236.324219 	 44859.769531 	 65.910530 	 -29.554916 	 7.949653 	 1.000000 
