56944.308594 	 54823.937500 	 41508.136719 	 110.948845 	 -30.030560 	 18.108919 	 1.000000 
57106.140625 	 54487.070312 	 41528.437500 	 214.483017 	 109.758011 	 -32.362259 	 1.000000 
57015.582031 	 54790.019531 	 41453.125000 	 131.010361 	 -46.292850 	 -21.127270 	 1.000000 
57143.171875 	 54724.734375 	 41418.746094 	 28.717537 	 -6.620569 	 -157.508789 	 1.000000 
56997.527344 	 54812.855469 	 41422.871094 	 -5.142382 	 13.937479 	 -8.853293 	 1.000000 
57039.628906 	 54679.242188 	 41534.050781 	 267.576355 	 -10.688987 	 -95.955940 	 1.000000 
57093.761719 	 54764.296875 	 41422.355469 	 293.204071 	 23.402817 	 101.980728 	 1.000000 
57057.089844 	 54719.378906 	 41520.804688 	 232.511932 	 273.376312 	 57.099682 	 1.000000 
57071.792969 	 54678.945312 	 41412.812500 	 -142.336288 	 238.806808 	 241.682327 	 1.000000 
57001.667969 	 54735.687500 	 41552.250000 	 115.552002 	 73.806274 	 152.327454 	 1.000000 
57118.906250 	 54471.332031 	 41507.328125 	 187.370514 	 377.904510 	 2.846096 	 1.000000 
57054.250000 	 54729.339844 	 41459.542969 	 298.284271 	 235.348251 	 112.125755 	 1.000000 
57281.382812 	 54479.054688 	 41292.863281 	 -178.937851 	 214.394775 	 140.036926 	 1.000000 
57036.328125 	 54494.304688 	 41506.722656 	 184.809387 	 66.285507 	 -19.320431 	 1.000000 
57080.632812 	 54574.167969 	 41518.113281 	 -75.355354 	 391.857605 	 114.147415 	 1.000000 
56945.742188 	 54824.792969 	 41528.589844 	 111.441696 	 -83.765366 	 16.034039 	 1.000000 
57149.429688 	 54717.265625 	 41339.691406 	 104.803802 	 135.289825 	 9.804214 	 1.000000 
56996.640625 	 54855.261719 	 41529.636719 	 75.654427 	 366.751770 	 138.636230 	 1.000000 
57072.636719 	 54747.472656 	 41463.886719 	 -104.391418 	 321.532074 	 -57.060558 	 1.000000 
56986.882812 	 54441.566406 	 41562.085938 	 182.750275 	 310.501923 	 -16.387011 	 1.000000 
56964.617188 	 54858.902344 	 41459.460938 	 96.128174 	 167.304596 	 171.523010 	 1.000000 
57261.062500 	 54431.179688 	 41423.003906 	 32.040340 	 249.900223 	 92.188606 	 1.000000 
57187.390625 	 54662.613281 	 41366.128906 	 214.479080 	 76.967461 	 69.952805 	 1.000000 
57098.019531 	 54504.464844 	 41496.007812 	 -78.241501 	 342.660828 	 -44.035263 	 1.000000 
56877.500000 	 54971.132812 	 41566.175781 	 136.141815 	 56.718864 	 -89.988922 	 1.000000 
57053.777344 	 54545.757812 	 41663.976562 	 88.286522 	 77.917145 	 21.790455 	 1.000000 
57010.609375 	 54740.175781 	 41531.019531 	 -13.730189 	 310.309418 	 251.141510 	 1.000000 
57104.949219 	 54773.093750 	 41456.515625 	 314.496124 	 211.368011 	 115.889030 	 1.000000 
57203.890625 	 54437.046875 	 41500.117188 	 -155.029358 	 334.473938 	 89.033951 	 1.000000 
57042.281250 	 54645.859375 	 41606.785156 	 99.038963 	 -44.685383 	 18.988592 	 1.000000 
57049.820312 	 54415.136719 	 41665.488281 	 97.377129 	 17.961285 	 -64.991486 	 1.000000 
54673.421875 	 54308.843750 	 41323.609375 	 66.603065 	 172.970154 	 61.494419 	 1.000000 
54687.703125 	 54350.949219 	 41670.226562 	 57.628304 	 189.135101 	 -49.941109 	 1.000000 
54441.707031 	 54423.585938 	 41279.726562 	 168.008148 	 146.162720 	 59.356945 	 1.000000 
54608.292969 	 54348.480469 	 41602.117188 	 152.617004 	 152.059586 	 -93.306641 	 1.000000 
54458.453125 	 54290.871094 	 41342.121094 	 106.113518 	 193.523422 	 63.669949 	 1.000000 
54664.410156 	 54335.574219 	 41412.832031 	 -34.969353 	 107.168991 	 21.323833 	 1.000000 
54747.214844 	 54318.027344 	 41344.246094 	 -106.659653 	 183.134659 	 79.764709 	 1.000000 
54544.136719 	 54403.113281 	 41699.511719 	 93.106735 	 198.300812 	 15.791666 	 1.000000 
54399.445312 	 54379.328125 	 41279.992188 	 223.853546 	 89.978996 	 17.981205 	 1.000000 
54779.371094 	 54284.328125 	 41302.035156 	 90.558441 	 279.512177 	 90.409462 	 1.000000 
54758.765625 	 54395.570312 	 41302.527344 	 -36.120354 	 233.364044 	 55.315365 	 1.000000 
54762.742188 	 54341.968750 	 41627.320312 	 0.981253 	 128.696808 	 -138.295013 	 1.000000 
54730.562500 	 54198.691406 	 41237.335938 	 177.141251 	 208.138489 	 62.296238 	 1.000000 
54666.414062 	 54376.835938 	 41305.476562 	 196.815887 	 78.088943 	 142.433914 	 1.000000 
54777.828125 	 54340.226562 	 41357.667969 	 -38.130020 	 131.442612 	 74.269005 	 1.000000 
54783.726562 	 54327.988281 	 41330.691406 	 81.253403 	 215.241409 	 -71.397720 	 1.000000 
54654.066406 	 54370.234375 	 41688.355469 	 -31.643911 	 284.470093 	 -152.950455 	 1.000000 
54794.457031 	 54311.230469 	 41629.351562 	 113.911331 	 259.107086 	 92.417381 	 1.000000 
54764.707031 	 54317.101562 	 41661.558594 	 113.489754 	 276.993103 	 35.323284 	 1.000000 
54464.316406 	 54490.312500 	 41279.519531 	 91.699036 	 110.110138 	 73.396088 	 1.000000 
54733.488281 	 54257.964844 	 41247.000000 	 78.421829 	 275.728973 	 -49.939701 	 1.000000 
54660.320312 	 54249.628906 	 41297.253906 	 21.599266 	 118.457062 	 138.171448 	 1.000000 
54572.636719 	 54281.648438 	 41375.589844 	 99.510208 	 100.270523 	 35.800209 	 1.000000 
54552.195312 	 54300.800781 	 41296.421875 	 145.160431 	 242.382278 	 63.643291 	 1.000000 
54643.433594 	 54306.976562 	 41243.425781 	 -71.084343 	 106.440376 	 151.757751 	 1.000000 
54736.093750 	 54438.734375 	 41720.503906 	 184.847748 	 102.239227 	 -63.226524 	 1.000000 
54719.367188 	 54384.523438 	 41653.378906 	 -22.745014 	 118.106300 	 143.259186 	 1.000000 
54681.324219 	 54267.761719 	 41284.187500 	 -30.960028 	 84.673958 	 67.666039 	 1.000000 
54768.789062 	 54388.656250 	 41566.250000 	 -9.414270 	 188.835770 	 118.277359 	 1.000000 
54719.566406 	 54381.144531 	 41693.769531 	 183.856720 	 196.577255 	 -96.398643 	 1.000000 
54696.281250 	 54424.132812 	 41287.441406 	 25.367304 	 278.633301 	 36.122044 	 1.000000 
54609.609375 	 54265.441406 	 41373.347656 	 -68.364029 	 147.249710 	 97.205795 	 1.000000 
54682.585938 	 54256.082031 	 41387.371094 	 126.565193 	 229.880264 	 155.337845 	 1.000000 
54647.695312 	 54285.074219 	 41314.714844 	 201.203873 	 263.997925 	 74.020554 	 1.000000 
54368.269531 	 54404.148438 	 41285.488281 	 78.890793 	 186.002380 	 -35.674206 	 1.000000 
54557.289062 	 54377.351562 	 41255.121094 	 31.280519 	 299.339600 	 52.015152 	 1.000000 
54829.761719 	 54295.937500 	 41709.292969 	 144.319260 	 256.570984 	 -2.206215 	 1.000000 
54785.316406 	 54236.179688 	 41405.578125 	 -48.197414 	 106.824173 	 -14.228111 	 1.000000 
54661.187500 	 54382.046875 	 41377.296875 	 12.542236 	 220.471298 	 131.214844 	 1.000000 
54571.000000 	 54394.351562 	 41308.738281 	 -13.445713 	 103.090172 	 35.056782 	 1.000000 
54663.117188 	 54404.031250 	 41470.226562 	 178.172226 	 136.096237 	 105.559105 	 1.000000 
54765.242188 	 54342.566406 	 41709.062500 	 80.149597 	 112.013855 	 -130.061554 	 1.000000 
54673.562500 	 54414.417969 	 41287.050781 	 -4.659345 	 90.511299 	 39.542271 	 1.000000 
54758.964844 	 54276.976562 	 41363.246094 	 117.377724 	 64.434677 	 152.531784 	 1.000000 
54594.113281 	 54415.097656 	 41535.742188 	 53.205734 	 212.612137 	 -28.922371 	 1.000000 
54704.429688 	 54348.355469 	 41408.253906 	 83.304611 	 40.399284 	 46.593491 	 1.000000 
54800.335938 	 54266.820312 	 41348.273438 	 -60.060799 	 88.337990 	 -4.214403 	 1.000000 
54704.187500 	 54411.101562 	 41385.800781 	 140.925812 	 116.259033 	 57.382160 	 1.000000 
54688.460938 	 54350.214844 	 41714.996094 	 131.370438 	 278.524048 	 145.512787 	 1.000000 
54749.417969 	 54327.347656 	 41190.531250 	 164.712585 	 116.916702 	 91.680481 	 1.000000 
55365.054688 	 54017.800781 	 40605.902344 	 88.401955 	 159.842133 	 52.425491 	 1.000000 
55326.507812 	 53893.484375 	 40685.621094 	 140.901825 	 70.545090 	 149.317322 	 1.000000 
55364.214844 	 53883.027344 	 40617.781250 	 209.633194 	 82.402054 	 118.255135 	 1.000000 
55473.644531 	 54122.363281 	 40604.511719 	 66.613754 	 92.251396 	 209.312332 	 1.000000 
55216.109375 	 53986.398438 	 40662.601562 	 224.554092 	 168.002258 	 10.383018 	 1.000000 
55274.296875 	 53943.347656 	 40651.671875 	 129.634018 	 182.325745 	 133.400208 	 1.000000 
55314.664062 	 53874.523438 	 40661.144531 	 46.919983 	 4.392641 	 -18.777542 	 1.000000 
55318.449219 	 54094.328125 	 40686.890625 	 26.820387 	 259.112579 	 19.568317 	 1.000000 
55516.199219 	 53945.421875 	 40576.328125 	 157.996216 	 71.715096 	 5.055053 	 1.000000 
55425.648438 	 54025.648438 	 40836.570312 	 186.434586 	 183.844131 	 70.877991 	 1.000000 
55488.937500 	 54037.644531 	 40608.621094 	 176.348358 	 107.776070 	 -19.959591 	 1.000000 
55474.769531 	 54070.343750 	 40666.968750 	 14.861075 	 179.060287 	 -81.748238 	 1.000000 
55382.152344 	 53862.648438 	 40626.394531 	 -3.191386 	 172.216034 	 25.952642 	 1.000000 
55388.023438 	 54060.433594 	 40616.851562 	 186.245209 	 -21.405272 	 225.772614 	 1.000000 
55250.578125 	 54064.953125 	 40677.183594 	 -16.224236 	 109.444695 	 -49.946144 	 1.000000 
55338.269531 	 53865.511719 	 40690.656250 	 147.791702 	 99.910759 	 106.986977 	 1.000000 
55427.285156 	 53967.765625 	 40650.484375 	 215.169388 	 257.535767 	 109.016891 	 1.000000 
55305.386719 	 53961.078125 	 40638.898438 	 107.162720 	 51.015938 	 229.332932 	 1.000000 
55229.800781 	 54036.394531 	 40637.476562 	 83.203094 	 252.473984 	 71.959221 	 1.000000 
55390.726562 	 54006.464844 	 40609.132812 	 -215.893311 	 154.578552 	 21.199291 	 1.000000 
55536.257812 	 54077.449219 	 40677.191406 	 24.767969 	 170.219086 	 168.622253 	 1.000000 
55549.859375 	 53780.585938 	 40380.347656 	 15.993038 	 204.070557 	 124.367249 	 1.000000 
55533.300781 	 53641.593750 	 40457.289062 	 86.704979 	 224.643585 	 187.605148 	 1.000000 
55460.371094 	 53835.484375 	 40393.601562 	 54.820255 	 263.781158 	 123.534103 	 1.000000 
55502.847656 	 53752.265625 	 40309.964844 	 121.133812 	 191.216034 	 144.410217 	 1.000000 
55601.136719 	 53773.113281 	 40378.183594 	 7.669420 	 294.166473 	 245.546356 	 1.000000 
55656.343750 	 53843.488281 	 40398.863281 	 -46.819607 	 177.412140 	 -10.904370 	 1.000000 
55448.582031 	 53739.152344 	 40356.285156 	 56.805832 	 135.801712 	 59.521690 	 1.000000 
55586.195312 	 53779.933594 	 40431.863281 	 -75.068657 	 125.459450 	 166.988785 	 1.000000 
55601.046875 	 53719.035156 	 40401.191406 	 35.003529 	 114.424446 	 77.463577 	 1.000000 
55439.023438 	 53733.074219 	 40450.078125 	 -92.744583 	 197.025818 	 36.703583 	 1.000000 
55546.089844 	 53879.128906 	 40451.339844 	 -109.834694 	 220.970108 	 144.262924 	 1.000000 
55391.812500 	 53935.265625 	 40413.179688 	 24.069757 	 151.685852 	 123.958374 	 1.000000 
55471.320312 	 53808.343750 	 40435.609375 	 46.450695 	 365.341278 	 166.232956 	 1.000000 
55602.343750 	 53831.089844 	 40311.300781 	 92.138008 	 230.589905 	 194.616821 	 1.000000 
55478.953125 	 53757.292969 	 40469.269531 	 5.971805 	 349.816223 	 82.513687 	 1.000000 
55651.820312 	 53811.886719 	 40512.445312 	 -51.500507 	 310.449097 	 114.459282 	 1.000000 
55614.335938 	 53853.089844 	 40498.480469 	 -80.139832 	 217.329315 	 121.288445 	 1.000000 
55559.707031 	 53749.593750 	 40384.144531 	 -119.739685 	 394.200989 	 94.322289 	 1.000000 
55543.160156 	 53812.851562 	 40331.863281 	 127.897949 	 286.793457 	 90.181870 	 1.000000 
55535.769531 	 53880.132812 	 40315.156250 	 -34.846592 	 127.927559 	 111.910126 	 1.000000 
55548.546875 	 53900.273438 	 40378.625000 	 108.045723 	 228.578613 	 115.630669 	 1.000000 
55409.636719 	 53831.519531 	 40327.097656 	 35.629398 	 200.485626 	 109.117966 	 1.000000 
55431.753906 	 53702.382812 	 40396.640625 	 -54.472961 	 97.124954 	 128.644958 	 1.000000 
55600.070312 	 53757.148438 	 40297.945312 	 -82.817978 	 242.104935 	 175.838272 	 1.000000 
55582.867188 	 53855.003906 	 40433.632812 	 -91.625961 	 234.757263 	 36.472977 	 1.000000 
55527.328125 	 53901.191406 	 40437.214844 	 108.700928 	 200.819611 	 95.666222 	 1.000000 
55539.785156 	 53821.523438 	 40404.722656 	 146.595261 	 171.333023 	 279.554169 	 1.000000 
55414.734375 	 53854.863281 	 40454.277344 	 56.446068 	 148.101959 	 225.810120 	 1.000000 
55543.285156 	 53700.957031 	 40255.855469 	 59.920216 	 163.306076 	 187.176376 	 1.000000 
55652.875000 	 53792.367188 	 40471.636719 	 35.669121 	 293.833191 	 24.951723 	 1.000000 
55667.074219 	 53798.164062 	 40393.738281 	 -19.456636 	 85.882454 	 114.453255 	 1.000000 
55596.378906 	 53792.949219 	 40481.457031 	 -3.704550 	 115.535469 	 166.024628 	 1.000000 
55509.304688 	 53790.503906 	 40359.250000 	 -1.503380 	 41.607166 	 215.363113 	 1.000000 
55648.378906 	 53751.703125 	 40364.011719 	 58.170792 	 298.630554 	 25.252403 	 1.000000 
55646.683594 	 53782.910156 	 40305.507812 	 52.158527 	 172.204010 	 3.822115 	 1.000000 
55544.121094 	 53883.265625 	 40492.550781 	 -80.553429 	 265.249908 	 42.459564 	 1.000000 
56718.960938 	 53700.351562 	 42026.003906 	 78.680542 	 235.989670 	 -12.186652 	 1.000000 
56633.167969 	 53746.316406 	 42019.843750 	 100.263115 	 230.492325 	 71.868103 	 1.000000 
56591.863281 	 53759.058594 	 42023.589844 	 70.264191 	 204.393082 	 44.588936 	 1.000000 
56709.078125 	 53644.527344 	 42032.730469 	 113.836731 	 214.102219 	 79.797165 	 1.000000 
56744.363281 	 53760.832031 	 42058.488281 	 100.105415 	 120.122002 	 -26.520449 	 1.000000 
56640.660156 	 53694.066406 	 42075.859375 	 84.736397 	 298.051086 	 59.379452 	 1.000000 
56720.968750 	 53677.722656 	 42004.382812 	 96.459198 	 201.742752 	 161.792542 	 1.000000 
56772.378906 	 53698.617188 	 41987.640625 	 142.716904 	 305.669006 	 55.996506 	 1.000000 
56720.968750 	 53581.835938 	 41980.324219 	 81.375031 	 192.605133 	 -51.300156 	 1.000000 
56730.332031 	 53750.019531 	 42010.550781 	 65.518654 	 115.729630 	 47.932354 	 1.000000 
56722.183594 	 53653.062500 	 42002.652344 	 -7.652748 	 284.946320 	 27.914505 	 1.000000 
56196.164062 	 52705.957031 	 39036.351562 	 28.488253 	 106.943405 	 13.496570 	 1.000000 
56202.949219 	 52730.578125 	 39073.343750 	 59.126308 	 115.762794 	 20.748438 	 1.000000 
56267.960938 	 52592.351562 	 39083.769531 	 78.432289 	 150.107956 	 95.379135 	 1.000000 
55585.199219 	 55817.433594 	 41298.996094 	 58.279728 	 113.835732 	 24.844723 	 1.000000 
55605.289062 	 55799.558594 	 41302.132812 	 76.960632 	 170.169342 	 159.672989 	 1.000000 
55917.109375 	 53312.691406 	 39410.367188 	 50.656113 	 180.974487 	 108.108009 	 1.000000 
55949.472656 	 53288.628906 	 39404.292969 	 45.129147 	 175.231522 	 187.460251 	 1.000000 
55861.687500 	 53299.808594 	 39363.492188 	 21.424797 	 264.474701 	 72.108292 	 1.000000 
55863.050781 	 53260.785156 	 39411.535156 	 31.921625 	 225.065536 	 81.534592 	 1.000000 
55831.464844 	 53311.062500 	 39457.222656 	 71.011681 	 132.722641 	 62.397057 	 1.000000 
56611.523438 	 54969.089844 	 41742.492188 	 146.477524 	 24.426960 	 114.517159 	 1.000000 
56645.523438 	 54949.953125 	 41724.804688 	 66.789955 	 2.879473 	 123.999290 	 1.000000 
56605.406250 	 54994.417969 	 41740.429688 	 198.155884 	 4.568367 	 126.189110 	 1.000000 
56569.218750 	 54922.906250 	 41775.148438 	 105.546959 	 69.939789 	 110.571396 	 1.000000 
56542.519531 	 54921.894531 	 41790.933594 	 127.399979 	 66.415054 	 120.228790 	 1.000000 
56660.039062 	 54995.296875 	 41796.839844 	 118.038208 	 14.233232 	 139.364670 	 1.000000 
56610.089844 	 54900.609375 	 41746.136719 	 97.736816 	 30.073566 	 119.923302 	 1.000000 
56673.796875 	 55010.164062 	 41744.921875 	 88.728943 	 -7.852922 	 172.116394 	 1.000000 
56697.730469 	 54988.597656 	 41711.113281 	 99.908035 	 -13.817364 	 115.989044 	 1.000000 
56553.742188 	 54885.250000 	 41764.992188 	 133.090820 	 14.402522 	 75.191338 	 1.000000 
56458.082031 	 53554.019531 	 42245.527344 	 61.702408 	 234.271973 	 -63.683804 	 1.000000 
56421.453125 	 53534.679688 	 42285.382812 	 56.644169 	 198.130890 	 -108.082756 	 1.000000 
56507.148438 	 53575.101562 	 42262.445312 	 104.412277 	 316.261688 	 -74.180145 	 1.000000 
55312.800781 	 53195.468750 	 39615.347656 	 83.499390 	 146.524185 	 129.586029 	 1.000000 
55646.296875 	 53871.160156 	 42476.917969 	 52.851261 	 213.496658 	 10.136704 	 1.000000 
55663.203125 	 53879.835938 	 42496.636719 	 -8.982283 	 221.907593 	 32.723000 	 1.000000 
56489.472656 	 53327.703125 	 39918.679688 	 27.663330 	 187.365372 	 92.994598 	 1.000000 
56527.457031 	 53382.882812 	 39923.382812 	 9.765483 	 148.438126 	 69.570251 	 1.000000 
56469.753906 	 53334.226562 	 39884.179688 	 18.816736 	 153.731079 	 97.267509 	 1.000000 
56439.835938 	 55424.710938 	 41498.695312 	 103.742119 	 60.559418 	 128.582169 	 1.000000 
55251.765625 	 53912.820312 	 40792.277344 	 38.476997 	 138.102539 	 16.542137 	 1.000000 
56374.867188 	 54217.105469 	 40471.925781 	 39.485550 	 203.973526 	 88.167252 	 1.000000 
53816.679688 	 53506.703125 	 40022.652344 	 57.857128 	 221.355347 	 60.276741 	 1.000000 
57297.289062 	 53240.656250 	 40341.023438 	 41.040710 	 130.510376 	 152.215240 	 1.000000 
54966.281250 	 53616.175781 	 40042.097656 	 101.179489 	 150.673416 	 134.702698 	 1.000000 
54926.109375 	 53581.968750 	 40007.871094 	 102.467484 	 178.129395 	 118.103836 	 1.000000 
54205.253906 	 53985.421875 	 39835.089844 	 69.145851 	 154.094803 	 104.596001 	 1.000000 
54199.871094 	 54007.585938 	 39842.898438 	 90.705246 	 130.801071 	 71.122406 	 1.000000 
54185.175781 	 54001.914062 	 39876.023438 	 109.338242 	 158.191132 	 100.964302 	 1.000000 
54625.484375 	 54313.441406 	 42226.984375 	 64.032341 	 212.989822 	 -47.505749 	 1.000000 
55444.460938 	 55735.406250 	 41066.097656 	 48.888638 	 126.206284 	 158.546539 	 1.000000 
55454.421875 	 55699.863281 	 41063.281250 	 68.788979 	 147.306442 	 175.788483 	 1.000000 
56829.183594 	 54696.312500 	 41843.703125 	 91.227684 	 27.959318 	 20.166737 	 1.000000 
56779.144531 	 54710.765625 	 41827.968750 	 176.005829 	 9.714488 	 46.651657 	 1.000000 
56868.136719 	 54720.828125 	 41810.093750 	 190.500961 	 32.793941 	 147.447876 	 1.000000 
56144.859375 	 52929.902344 	 38858.410156 	 87.276230 	 178.643265 	 77.829422 	 1.000000 
56370.074219 	 54187.667969 	 41057.187500 	 76.637123 	 182.163895 	 85.040939 	 1.000000 
56364.449219 	 54214.542969 	 41051.238281 	 83.126152 	 162.181488 	 67.223495 	 1.000000 
54047.125000 	 53123.664062 	 39934.527344 	 50.545208 	 234.170258 	 30.314146 	 1.000000 
56084.816406 	 54095.058594 	 40862.253906 	 48.117325 	 168.329758 	 66.965431 	 1.000000 
56075.691406 	 54135.691406 	 40837.128906 	 52.514858 	 151.069351 	 57.192333 	 1.000000 
55815.171875 	 53304.957031 	 39528.429688 	 52.325523 	 233.033554 	 74.830849 	 1.000000 
54798.031250 	 53119.386719 	 39121.523438 	 62.809734 	 126.516876 	 115.641998 	 1.000000 
54765.800781 	 53156.648438 	 39113.078125 	 91.830345 	 181.970703 	 74.142563 	 1.000000 
54981.968750 	 54166.519531 	 40362.492188 	 139.075272 	 193.168518 	 112.730988 	 1.000000 
55008.750000 	 54145.277344 	 40392.609375 	 147.199158 	 204.059509 	 111.076492 	 1.000000 
55043.156250 	 54130.828125 	 40390.976562 	 144.465927 	 182.263275 	 105.809715 	 1.000000 
54967.808594 	 54189.648438 	 40385.312500 	 140.990799 	 197.251434 	 116.246567 	 1.000000 
54333.203125 	 54235.781250 	 41254.019531 	 155.694122 	 115.928558 	 2.256526 	 1.000000 
54315.511719 	 54280.410156 	 41248.695312 	 128.636978 	 193.371292 	 68.684708 	 1.000000 
54361.031250 	 54262.085938 	 41267.765625 	 119.505043 	 155.619370 	 0.493164 	 1.000000 
54337.007812 	 54235.019531 	 41219.238281 	 95.892281 	 148.111908 	 39.282879 	 1.000000 
56873.414062 	 53516.484375 	 41618.851562 	 48.405247 	 257.860687 	 -38.334145 	 1.000000 
55909.664062 	 55440.339844 	 41437.144531 	 34.771336 	 65.797066 	 116.320625 	 1.000000 
53781.117188 	 54625.675781 	 41246.832031 	 97.578522 	 217.410355 	 17.910126 	 1.000000 
53795.476562 	 54577.675781 	 41238.906250 	 88.878685 	 215.502487 	 24.113316 	 1.000000 
53778.968750 	 54580.734375 	 41248.960938 	 99.592087 	 230.297592 	 -7.566974 	 1.000000 
54335.703125 	 54271.003906 	 42182.445312 	 107.360153 	 151.421707 	 -41.183792 	 1.000000 
54306.261719 	 54220.914062 	 42182.570312 	 97.774727 	 137.382004 	 -12.520950 	 1.000000 
54369.375000 	 54253.687500 	 42166.175781 	 95.037827 	 144.946198 	 -36.218136 	 1.000000 
54371.281250 	 54259.089844 	 42202.273438 	 101.715828 	 132.944733 	 -33.876675 	 1.000000 
54307.253906 	 54203.960938 	 42194.273438 	 114.035072 	 146.742020 	 -30.915424 	 1.000000 
55339.703125 	 53620.421875 	 40466.523438 	 135.922592 	 138.223831 	 178.370529 	 1.000000 
54277.152344 	 53819.085938 	 40157.777344 	 80.221489 	 224.161804 	 67.579834 	 1.000000 
55477.269531 	 53173.660156 	 40213.332031 	 73.799805 	 193.475250 	 142.678391 	 1.000000 
53928.472656 	 53648.113281 	 40142.398438 	 69.180321 	 207.138641 	 51.741928 	 1.000000 
53921.734375 	 53657.039062 	 40149.531250 	 70.769577 	 233.763046 	 65.114922 	 1.000000 
56832.320312 	 53279.625000 	 39990.585938 	 33.261890 	 190.546951 	 93.891106 	 1.000000 
56928.152344 	 54751.507812 	 41248.457031 	 194.747818 	 218.631699 	 138.914215 	 1.000000 
56918.367188 	 54746.222656 	 41257.007812 	 202.439163 	 241.554138 	 131.643311 	 1.000000 
55684.394531 	 52827.765625 	 39465.355469 	 73.890541 	 164.250702 	 113.143921 	 1.000000 
55690.992188 	 52813.371094 	 39468.734375 	 79.615967 	 185.479324 	 135.533829 	 1.000000 
56366.503906 	 52817.308594 	 38955.210938 	 7.082477 	 68.030136 	 127.344360 	 1.000000 
56355.031250 	 52822.359375 	 38959.519531 	 18.709997 	 62.821754 	 127.256271 	 1.000000 
55590.863281 	 53316.296875 	 39641.953125 	 41.272568 	 193.098328 	 94.436432 	 1.000000 
57294.328125 	 54387.585938 	 41215.890625 	 -1.110102 	 147.870987 	 -76.750732 	 1.000000 
57254.503906 	 54394.132812 	 41243.855469 	 121.374802 	 0.021012 	 59.565022 	 1.000000 
55567.828125 	 53728.496094 	 38459.296875 	 10.616742 	 85.183441 	 109.782059 	 1.000000 
54455.152344 	 53424.898438 	 39725.070312 	 70.614349 	 227.819611 	 56.566673 	 1.000000 
57024.093750 	 53262.785156 	 40016.019531 	 39.437012 	 196.197281 	 97.459732 	 1.000000 
57029.960938 	 54831.898438 	 41318.257812 	 250.996185 	 190.480896 	 97.052101 	 1.000000 
57075.679688 	 54822.824219 	 41330.210938 	 146.261337 	 136.364624 	 -64.502617 	 1.000000 
56394.308594 	 54660.886719 	 41378.027344 	 135.655060 	 206.159653 	 1.145069 	 1.000000 
55493.410156 	 54206.472656 	 41813.292969 	 41.263870 	 192.603607 	 -25.317341 	 1.000000 
54917.699219 	 54100.847656 	 40066.648438 	 53.997368 	 98.692490 	 156.846558 	 1.000000 
55530.878906 	 53291.292969 	 40341.609375 	 89.945747 	 187.274719 	 165.418900 	 1.000000 
56930.531250 	 54170.820312 	 40847.843750 	 70.097542 	 237.718491 	 126.055458 	 1.000000 
57192.648438 	 53245.023438 	 40237.105469 	 59.334877 	 126.212105 	 152.123337 	 1.000000 
54394.117188 	 54155.335938 	 42104.371094 	 104.181374 	 154.953705 	 -34.140007 	 1.000000 
56460.816406 	 55073.328125 	 41715.917969 	 153.714859 	 41.468071 	 138.218201 	 1.000000 
55197.750000 	 53830.804688 	 42322.164062 	 57.344341 	 217.529099 	 -1.620723 	 1.000000 
57151.222656 	 53161.425781 	 39997.648438 	 36.475658 	 103.836823 	 158.172867 	 1.000000 
56129.644531 	 52970.550781 	 38753.535156 	 16.204203 	 76.125504 	 132.473190 	 1.000000 
56164.121094 	 52974.687500 	 38776.468750 	 15.605391 	 74.669411 	 113.540512 	 1.000000 
55939.839844 	 52464.382812 	 39195.136719 	 60.760288 	 162.347092 	 79.649391 	 1.000000 
54736.468750 	 54255.296875 	 41036.976562 	 27.276844 	 128.224152 	 106.557777 	 1.000000 
54917.542969 	 54169.824219 	 40297.304688 	 141.386337 	 227.104675 	 107.419647 	 1.000000 
57066.843750 	 53439.671875 	 40419.625000 	 52.644104 	 196.583923 	 105.311050 	 1.000000 
56776.234375 	 54906.582031 	 41610.832031 	 143.301498 	 -30.760279 	 39.398369 	 1.000000 
56777.273438 	 54943.531250 	 41628.664062 	 129.257812 	 -48.933376 	 45.599751 	 1.000000 
56782.859375 	 54935.664062 	 41616.628906 	 131.928329 	 -36.801689 	 31.901232 	 1.000000 
55204.164062 	 55523.765625 	 40925.292969 	 52.877804 	 127.895279 	 128.641037 	 1.000000 
56624.917969 	 54431.546875 	 41458.835938 	 140.780640 	 243.507217 	 -8.516407 	 1.000000 
54876.621094 	 54213.183594 	 41131.718750 	 127.885384 	 187.970352 	 23.662487 	 1.000000 
55665.261719 	 53906.140625 	 40208.492188 	 -3.754881 	 254.474060 	 64.270393 	 1.000000 
55726.593750 	 53642.332031 	 40179.953125 	 47.475655 	 279.688934 	 79.108818 	 1.000000 
57302.488281 	 54006.656250 	 40890.019531 	 89.004692 	 267.461700 	 94.484390 	 1.000000 
57307.457031 	 53991.054688 	 40876.035156 	 87.336540 	 278.370880 	 87.960365 	 1.000000 
55672.386719 	 54655.625000 	 41032.558594 	 52.417736 	 91.510063 	 140.429916 	 1.000000 
55070.039062 	 53896.351562 	 40209.300781 	 72.557037 	 101.746574 	 180.523788 	 1.000000 
55062.953125 	 53888.117188 	 40204.941406 	 71.975105 	 93.517830 	 170.993073 	 1.000000 
55243.957031 	 53147.988281 	 39728.660156 	 77.371407 	 176.161072 	 90.199600 	 1.000000 
55895.730469 	 53282.640625 	 38632.773438 	 13.119739 	 80.602509 	 115.257912 	 1.000000 
55856.898438 	 53288.402344 	 38639.117188 	 22.399876 	 82.805916 	 119.516975 	 1.000000 
55879.203125 	 53283.453125 	 38610.453125 	 15.749935 	 76.408859 	 127.871552 	 1.000000 
54096.328125 	 54663.601562 	 41137.878906 	 130.735901 	 203.249481 	 3.487724 	 1.000000 
56882.160156 	 54597.683594 	 41140.562500 	 -131.405930 	 162.078125 	 2.549390 	 1.000000 
55219.515625 	 53847.636719 	 40582.601562 	 -1.947868 	 83.585991 	 -13.824086 	 1.000000 
54629.898438 	 54418.250000 	 41834.957031 	 43.605961 	 211.223312 	 -136.528778 	 1.000000 
57300.324219 	 53442.265625 	 40747.308594 	 53.649239 	 145.643600 	 162.236755 	 1.000000 
54013.890625 	 53915.757812 	 39600.011719 	 42.266785 	 136.901337 	 113.126465 	 1.000000 
55623.398438 	 53600.484375 	 40542.136719 	 -32.417145 	 243.860352 	 25.652355 	 1.000000 
54441.691406 	 54160.789062 	 41391.585938 	 139.048447 	 178.483475 	 35.369045 	 1.000000 
55099.585938 	 53649.546875 	 40228.312500 	 128.454468 	 171.353607 	 130.307449 	 1.000000 
54846.363281 	 53980.757812 	 40625.300781 	 148.827072 	 214.119827 	 96.010712 	 1.000000 
53912.320312 	 53995.320312 	 39389.070312 	 34.867004 	 139.663040 	 108.039261 	 1.000000 
56754.214844 	 54992.226562 	 41613.246094 	 119.968834 	 -55.355747 	 40.598572 	 1.000000 
56751.617188 	 54984.210938 	 41643.687500 	 -18.555735 	 260.327759 	 188.172363 	 1.000000 
55035.132812 	 53826.742188 	 40506.085938 	 161.283386 	 180.249176 	 115.626945 	 1.000000 
55017.527344 	 53806.925781 	 40493.464844 	 168.465225 	 190.292938 	 112.542152 	 1.000000 
55827.957031 	 55887.472656 	 40342.527344 	 13.107984 	 110.450935 	 155.683701 	 2.000000 
54518.144531 	 54949.562500 	 41416.707031 	 52.577648 	 93.174889 	 31.523155 	 1.000000 
54914.066406 	 55821.023438 	 40810.117188 	 34.306824 	 124.742088 	 129.329544 	 1.000000 
53704.148438 	 54376.226562 	 41294.093750 	 97.797249 	 149.879257 	 34.828384 	 1.000000 
55096.859375 	 54156.546875 	 40523.730469 	 74.406395 	 55.339691 	 174.817902 	 1.000000 
55529.816406 	 53378.144531 	 40455.851562 	 113.165657 	 198.194580 	 168.225220 	 1.000000 
55048.976562 	 53029.792969 	 39097.210938 	 63.661896 	 135.659088 	 120.603142 	 1.000000 
56272.519531 	 55369.820312 	 41612.250000 	 128.654984 	 80.116394 	 -17.250893 	 1.000000 
54442.226562 	 54565.328125 	 41307.261719 	 134.051193 	 142.775528 	 -40.402164 	 1.000000 
54221.699219 	 53885.070312 	 39891.800781 	 61.589188 	 163.161469 	 107.276573 	 1.000000 
53854.945312 	 54418.242188 	 41245.796875 	 105.036079 	 196.754013 	 92.681099 	 1.000000 
54251.023438 	 53809.039062 	 39859.027344 	 47.723213 	 137.996643 	 108.277573 	 1.000000 
55131.226562 	 53760.375000 	 40515.144531 	 156.971832 	 198.624344 	 134.446548 	 1.000000 
54082.953125 	 54569.132812 	 41324.171875 	 138.447556 	 198.338516 	 92.830963 	 1.000000 
55642.550781 	 53128.695312 	 39453.714844 	 57.082249 	 176.122574 	 86.558708 	 1.000000 
54730.644531 	 54471.589844 	 41461.507812 	 3.906317 	 168.121994 	 92.753586 	 1.000000 
56507.886719 	 55381.222656 	 41504.261719 	 109.227272 	 49.473000 	 87.807281 	 1.000000 
54504.367188 	 54570.992188 	 41161.679688 	 98.930710 	 102.773270 	 50.842915 	 1.000000 
54529.011719 	 54296.027344 	 42132.628906 	 126.992859 	 212.071182 	 -30.115166 	 1.000000 
55663.882812 	 53246.750000 	 39292.585938 	 65.060226 	 188.700272 	 85.641708 	 1.000000 
55425.964844 	 54244.070312 	 40618.136719 	 -0.651601 	 77.209229 	 14.279318 	 1.000000 
54484.851562 	 54168.359375 	 41264.839844 	 133.042297 	 125.771042 	 61.282932 	 1.000000 
55927.781250 	 53393.277344 	 40182.671875 	 46.793282 	 218.548340 	 143.634628 	 1.000000 
53563.347656 	 54006.023438 	 40643.355469 	 63.870106 	 201.754471 	 75.548065 	 1.000000 
53568.632812 	 53978.074219 	 40641.496094 	 55.664436 	 201.523468 	 82.115471 	 1.000000 
55503.191406 	 53489.113281 	 39589.640625 	 81.965530 	 186.378128 	 108.893044 	 1.000000 
56677.437500 	 53940.863281 	 41685.714844 	 104.126724 	 216.823074 	 11.024895 	 1.000000 
56855.500000 	 54881.589844 	 41638.546875 	 165.399200 	 -55.957188 	 21.896135 	 1.000000 
54578.574219 	 54407.347656 	 41047.628906 	 59.922531 	 215.916824 	 46.025051 	 1.000000 
53752.027344 	 53629.476562 	 40186.585938 	 72.472626 	 211.953125 	 51.495628 	 1.000000 
56910.355469 	 54178.550781 	 40758.062500 	 70.585083 	 223.888412 	 128.259064 	 1.000000 
54814.914062 	 54300.636719 	 41218.878906 	 50.850407 	 204.760162 	 129.034119 	 1.000000 
55076.714844 	 54149.527344 	 40717.472656 	 186.454285 	 188.701294 	 87.820389 	 1.000000 
56134.968750 	 53159.339844 	 39448.792969 	 69.944069 	 193.887375 	 73.905457 	 1.000000 
55948.687500 	 54547.980469 	 41421.628906 	 100.123260 	 127.321991 	 53.429447 	 1.000000 
54546.445312 	 54467.742188 	 41104.085938 	 48.813263 	 217.124084 	 61.988327 	 1.000000 
55214.804688 	 53916.386719 	 40535.125000 	 103.960915 	 75.440147 	 14.579655 	 1.000000 
54500.082031 	 53141.437500 	 39515.468750 	 62.201965 	 228.656342 	 40.774323 	 1.000000 
57259.464844 	 54474.597656 	 41217.332031 	 162.425995 	 26.145411 	 88.327805 	 1.000000 
53734.742188 	 54487.113281 	 41214.820312 	 108.065369 	 158.771133 	 42.951473 	 1.000000 
55815.527344 	 53309.078125 	 39610.144531 	 0.124425 	 169.605377 	 71.114502 	 1.000000 
55998.371094 	 53698.410156 	 40277.558594 	 21.126162 	 209.878784 	 162.550644 	 1.000000 
55953.289062 	 55303.296875 	 41512.468750 	 112.670135 	 107.026443 	 47.177273 	 1.000000 
54821.597656 	 54337.621094 	 39957.242188 	 42.033382 	 100.824135 	 141.593674 	 1.000000 
56824.687500 	 54726.488281 	 41422.175781 	 -85.963585 	 173.913284 	 172.473709 	 1.000000 
56839.250000 	 54727.789062 	 41425.328125 	 -76.181404 	 178.458115 	 171.339111 	 1.000000 
54651.113281 	 54497.019531 	 41463.851562 	 147.044037 	 118.843697 	 -19.051941 	 1.000000 
55921.578125 	 54457.960938 	 41503.855469 	 79.377480 	 200.185242 	 -9.086399 	 1.000000 
56376.105469 	 53789.199219 	 42293.187500 	 115.942307 	 212.746399 	 -7.681633 	 1.000000 
54612.132812 	 53461.578125 	 39289.921875 	 65.149414 	 128.303650 	 110.673492 	 1.000000 
55566.632812 	 53862.687500 	 42505.753906 	 52.856899 	 265.820587 	 -9.810966 	 1.000000 
55554.582031 	 53408.636719 	 40439.199219 	 106.928810 	 205.284363 	 161.460892 	 1.000000 
56285.203125 	 54532.875000 	 40933.257812 	 92.501625 	 187.340530 	 58.821915 	 1.000000 
54410.750000 	 54450.164062 	 39312.335938 	 23.605997 	 125.089066 	 121.151291 	 1.000000 
57277.398438 	 53327.250000 	 40516.589844 	 49.807766 	 131.686432 	 145.998764 	 1.000000 
56971.054688 	 53014.371094 	 39629.386719 	 32.020290 	 98.441727 	 139.604813 	 1.000000 
55842.324219 	 55357.875000 	 41525.101562 	 108.771141 	 127.582527 	 56.967133 	 1.000000 
56922.734375 	 54610.437500 	 41653.542969 	 116.868355 	 82.130699 	 -38.936943 	 1.000000 
56598.140625 	 53845.996094 	 41952.082031 	 97.012894 	 268.225769 	 19.212332 	 1.000000 
55051.148438 	 54344.234375 	 40632.714844 	 71.030960 	 67.382088 	 137.230911 	 1.000000 
57130.386719 	 53819.519531 	 41103.449219 	 52.592777 	 145.812149 	 205.465302 	 1.000000 
57010.566406 	 53661.136719 	 41631.359375 	 70.013184 	 228.829620 	 7.101743 	 1.000000 
54906.460938 	 54298.707031 	 41162.214844 	 141.733139 	 202.951126 	 39.024490 	 1.000000 
53803.058594 	 54234.226562 	 40978.183594 	 85.030846 	 204.887939 	 87.577415 	 1.000000 
55388.570312 	 53678.363281 	 40693.531250 	 82.275696 	 154.965790 	 152.843872 	 1.000000 
55222.777344 	 54427.398438 	 40866.265625 	 57.500805 	 63.477715 	 115.917618 	 1.000000 
57077.773438 	 54494.890625 	 41275.585938 	 -76.884766 	 23.745405 	 96.435356 	 1.000000 
54464.132812 	 54582.882812 	 42163.765625 	 58.666542 	 116.820511 	 -34.291344 	 1.000000 
54493.859375 	 54605.484375 	 41515.179688 	 11.104239 	 180.936096 	 -47.700428 	 1.000000 
55778.347656 	 55647.484375 	 41540.132812 	 17.169930 	 44.997162 	 105.636536 	 1.000000 
56061.492188 	 53272.355469 	 39229.453125 	 34.114395 	 188.184052 	 83.555908 	 1.000000 
54731.535156 	 54518.769531 	 41972.605469 	 116.133858 	 180.152130 	 -73.830261 	 1.000000 
55823.847656 	 54564.968750 	 41119.222656 	 56.126102 	 98.797195 	 138.284454 	 1.000000 
56836.488281 	 54879.144531 	 41567.507812 	 260.740143 	 83.553795 	 -3.457454 	 1.000000 
55680.273438 	 55671.851562 	 41169.800781 	 0.561414 	 89.707825 	 116.494904 	 1.000000 
55350.300781 	 53560.425781 	 40415.773438 	 155.798630 	 194.980087 	 145.546448 	 1.000000 
54592.832031 	 53021.453125 	 39397.207031 	 63.836788 	 224.240067 	 37.511238 	 1.000000 
56926.675781 	 54647.937500 	 41601.984375 	 54.008129 	 123.217400 	 -14.318731 	 1.000000 
56276.066406 	 55174.273438 	 41530.398438 	 107.861755 	 36.305214 	 98.455353 	 1.000000 
53693.964844 	 54336.554688 	 41277.687500 	 91.345444 	 187.248901 	 92.437431 	 1.000000 
55999.058594 	 53169.605469 	 39466.390625 	 16.943155 	 185.073532 	 112.954216 	 1.000000 
55662.281250 	 53540.476562 	 40378.617188 	 -39.321098 	 244.243362 	 41.113659 	 1.000000 
56847.511719 	 53755.894531 	 41953.246094 	 100.179466 	 225.326889 	 9.684973 	 1.000000 
54983.183594 	 53844.695312 	 40575.289062 	 147.471725 	 194.800735 	 128.778030 	 1.000000 
54994.117188 	 53838.207031 	 40551.035156 	 163.523483 	 164.683426 	 118.451920 	 1.000000 
57260.296875 	 54251.816406 	 40958.558594 	 96.831558 	 278.779053 	 105.720909 	 1.000000 
55924.160156 	 53798.773438 	 39737.753906 	 53.955418 	 171.363388 	 136.003586 	 1.000000 
55574.199219 	 54004.097656 	 40214.957031 	 -17.298027 	 292.150482 	 155.890366 	 1.000000 
55465.007812 	 53103.339844 	 40018.238281 	 79.418381 	 160.325531 	 132.721252 	 1.000000 
55384.964844 	 52863.210938 	 39570.785156 	 49.260418 	 132.518066 	 139.069168 	 1.000000 
54865.460938 	 54331.378906 	 41212.410156 	 80.906807 	 195.446991 	 64.563461 	 1.000000 
57049.019531 	 53173.542969 	 40090.378906 	 41.917786 	 201.509430 	 85.788757 	 1.000000 
54918.488281 	 54065.703125 	 41264.441406 	 -7.758439 	 136.205521 	 56.761753 	 1.000000 
53937.597656 	 52909.753906 	 39731.558594 	 49.492180 	 227.059296 	 38.086830 	 1.000000 
55933.871094 	 53164.367188 	 38619.503906 	 12.464297 	 84.221329 	 126.438927 	 1.000000 
55269.527344 	 54183.089844 	 40608.761719 	 63.313869 	 10.930902 	 166.560699 	 1.000000 
54844.843750 	 54356.570312 	 41332.152344 	 62.529182 	 264.319550 	 105.363365 	 1.000000 
57226.488281 	 53341.257812 	 39810.117188 	 43.264404 	 190.526047 	 95.471085 	 1.000000 
56184.230469 	 55281.828125 	 41600.679688 	 138.735458 	 101.438042 	 10.289592 	 1.000000 
56172.375000 	 55300.414062 	 41595.386719 	 140.558640 	 96.479675 	 7.856632 	 1.000000 
56406.183594 	 55094.382812 	 41520.378906 	 179.925964 	 97.474152 	 13.122902 	 1.000000 
56348.113281 	 53633.792969 	 42348.585938 	 123.987999 	 211.839279 	 -9.659956 	 1.000000 
53576.718750 	 53259.316406 	 39839.000000 	 51.247185 	 214.657364 	 54.636520 	 1.000000 
55522.742188 	 53671.636719 	 40262.019531 	 90.523361 	 321.192596 	 78.843338 	 1.000000 
57161.636719 	 53495.675781 	 40335.007812 	 49.660080 	 185.016205 	 106.804085 	 1.000000 
55249.394531 	 54141.371094 	 42239.726562 	 37.959492 	 211.003647 	 -1.452353 	 1.000000 
57262.703125 	 53387.496094 	 40349.125000 	 35.653179 	 95.283226 	 167.470505 	 1.000000 
57239.023438 	 53676.367188 	 41495.171875 	 93.923210 	 263.172974 	 -25.259573 	 1.000000 
53967.566406 	 53457.851562 	 40221.468750 	 51.335686 	 240.689606 	 27.865511 	 1.000000 
54120.351562 	 54550.425781 	 41307.953125 	 155.897644 	 179.713745 	 16.720736 	 1.000000 
54944.738281 	 54381.156250 	 42035.246094 	 9.619144 	 219.926849 	 -40.910328 	 1.000000 
55731.222656 	 55874.585938 	 40418.292969 	 20.294205 	 113.374519 	 150.225555 	 2.000000 
54231.945312 	 54352.984375 	 41112.519531 	 166.177917 	 145.784119 	 -3.502868 	 1.000000 
54287.769531 	 54297.289062 	 41154.023438 	 100.888000 	 147.752182 	 -1.946316 	 1.000000 
56172.921875 	 53566.984375 	 40145.468750 	 4.539292 	 190.944733 	 100.879646 	 1.000000 
55662.945312 	 54450.945312 	 41138.863281 	 54.151432 	 158.597702 	 14.140521 	 1.000000 
55556.921875 	 53485.199219 	 39428.355469 	 46.555771 	 202.213745 	 109.581894 	 1.000000 
54824.531250 	 54166.851562 	 41251.945312 	 49.639717 	 201.662994 	 83.392120 	 1.000000 
54635.859375 	 54541.050781 	 41531.906250 	 7.581889 	 201.431427 	 63.494923 	 1.000000 
55534.308594 	 53743.710938 	 42298.566406 	 52.554775 	 203.437912 	 19.874964 	 1.000000 
55328.187500 	 53942.859375 	 40383.136719 	 66.679672 	 238.526352 	 170.928345 	 1.000000 
56142.968750 	 54313.777344 	 41096.195312 	 86.395691 	 179.401154 	 38.349266 	 1.000000 
55757.171875 	 53370.046875 	 38582.968750 	 13.033532 	 79.372986 	 117.371925 	 1.000000 
56590.160156 	 53739.417969 	 40224.769531 	 26.542877 	 184.528809 	 105.722923 	 1.000000 
54622.242188 	 54118.441406 	 42018.875000 	 20.822063 	 214.736771 	 -67.538193 	 1.000000 
54545.718750 	 53100.183594 	 38948.996094 	 76.127686 	 178.237686 	 71.107803 	 1.000000 
54602.023438 	 55007.910156 	 41455.929688 	 47.774937 	 95.288002 	 29.441618 	 1.000000 
53675.863281 	 53607.785156 	 40363.144531 	 51.363075 	 235.613373 	 33.383282 	 1.000000 
54755.855469 	 53684.562500 	 39943.582031 	 97.891670 	 146.150299 	 123.343842 	 1.000000 
54785.296875 	 53993.054688 	 41337.652344 	 7.687733 	 168.906357 	 92.881371 	 1.000000 
56100.203125 	 53963.375000 	 40428.527344 	 -5.800872 	 191.765030 	 111.385185 	 1.000000 
55675.238281 	 52630.804688 	 39118.031250 	 69.583649 	 143.189575 	 101.263092 	 1.000000 
55606.347656 	 53354.378906 	 39941.394531 	 71.587555 	 190.291214 	 144.842133 	 1.000000 
54817.210938 	 54495.175781 	 41457.300781 	 14.290494 	 243.803894 	 -75.803909 	 1.000000 
55316.593750 	 53691.078125 	 40089.761719 	 18.403522 	 101.485069 	 110.481628 	 1.000000 
55946.007812 	 53618.449219 	 40026.472656 	 -12.557802 	 185.291016 	 121.956505 	 1.000000 
54950.390625 	 54451.308594 	 41284.957031 	 84.296997 	 198.749146 	 96.628960 	 1.000000 
54316.691406 	 54814.460938 	 40298.261719 	 48.196804 	 125.969002 	 114.463463 	 1.000000 
55726.609375 	 54218.769531 	 41791.414062 	 54.389957 	 188.598083 	 -28.362358 	 1.000000 
55870.304688 	 54308.730469 	 41703.125000 	 67.645721 	 190.442886 	 -24.396706 	 1.000000 
56014.921875 	 55288.937500 	 41296.851562 	 43.961086 	 49.592495 	 124.343964 	 1.000000 
54815.851562 	 54250.816406 	 41779.847656 	 83.331505 	 256.849030 	 22.753363 	 1.000000 
56398.554688 	 54589.425781 	 41021.390625 	 103.030098 	 200.833649 	 70.383682 	 1.000000 
55256.183594 	 53052.019531 	 39894.757812 	 45.271393 	 134.067444 	 128.503616 	 1.000000 
57072.238281 	 54541.292969 	 41237.992188 	 -100.938332 	 19.194824 	 78.519257 	 1.000000 
54327.550781 	 54007.382812 	 39906.722656 	 55.290871 	 155.881119 	 122.022964 	 1.000000 
55901.699219 	 55828.632812 	 40363.234375 	 10.336576 	 112.861275 	 156.036118 	 2.000000 
55735.441406 	 55919.535156 	 40352.460938 	 16.292620 	 106.380890 	 148.856277 	 2.000000 
56972.937500 	 54435.921875 	 41334.632812 	 -68.885002 	 53.434704 	 125.873230 	 1.000000 
56009.433594 	 54980.445312 	 41326.453125 	 83.040749 	 110.163284 	 152.751938 	 1.000000 
56411.312500 	 53680.363281 	 42120.492188 	 72.338730 	 232.833054 	 -28.791372 	 1.000000 
54783.894531 	 54480.296875 	 41874.890625 	 83.437035 	 172.088028 	 -83.009003 	 1.000000 
56992.605469 	 53724.160156 	 41631.156250 	 77.115532 	 233.835556 	 15.563573 	 1.000000 
54562.238281 	 53906.429688 	 40221.507812 	 99.531090 	 158.883835 	 113.865028 	 1.000000 
55923.316406 	 53749.429688 	 40555.648438 	 58.852787 	 261.181702 	 109.633133 	 1.000000 
55267.613281 	 53737.742188 	 40343.699219 	 110.386749 	 104.224236 	 204.372818 	 1.000000 
55415.875000 	 53958.886719 	 40831.492188 	 124.757812 	 227.111130 	 24.976892 	 1.000000 
54921.003906 	 55794.960938 	 40979.371094 	 47.842987 	 130.282150 	 110.307892 	 1.000000 
54203.070312 	 53219.304688 	 39804.546875 	 52.956486 	 231.296356 	 44.823452 	 1.000000 
55430.308594 	 54444.253906 	 41560.550781 	 36.172981 	 191.336746 	 -12.307225 	 1.000000 
55506.863281 	 52942.996094 	 39536.425781 	 70.627899 	 165.846375 	 123.736847 	 1.000000 
56601.890625 	 52907.855469 	 39297.640625 	 11.093302 	 168.495834 	 65.709557 	 1.000000 
56839.707031 	 54254.761719 	 40667.875000 	 74.732056 	 236.361816 	 104.539841 	 1.000000 
54864.691406 	 54390.292969 	 41163.617188 	 -32.511440 	 131.779297 	 46.484764 	 1.000000 
54571.097656 	 54318.109375 	 42095.441406 	 119.413025 	 172.764618 	 -56.094849 	 1.000000 
55559.910156 	 53348.250000 	 39922.617188 	 75.058388 	 170.808609 	 144.187134 	 1.000000 
54650.183594 	 54301.402344 	 41134.679688 	 -29.982588 	 174.390701 	 110.647675 	 1.000000 
56824.500000 	 54892.378906 	 41405.054688 	 225.230682 	 209.519180 	 37.467842 	 1.000000 
56913.453125 	 54636.515625 	 41790.132812 	 194.464005 	 19.641441 	 11.294546 	 1.000000 
54835.140625 	 54155.355469 	 41288.363281 	 155.863815 	 157.956207 	 67.408997 	 1.000000 
54848.152344 	 53636.066406 	 39483.457031 	 85.271164 	 150.832458 	 115.397713 	 1.000000 
55546.914062 	 53546.281250 	 40457.207031 	 138.787613 	 230.318085 	 190.084122 	 1.000000 
54373.609375 	 54763.207031 	 40311.242188 	 50.389118 	 129.949326 	 115.200668 	 1.000000 
53484.210938 	 54138.433594 	 40858.628906 	 64.579170 	 188.779984 	 91.655579 	 1.000000 
53894.207031 	 54553.996094 	 41373.238281 	 117.450668 	 222.985229 	 28.490513 	 1.000000 
56321.519531 	 54544.683594 	 42123.679688 	 93.574501 	 188.750793 	 -47.134113 	 1.000000 
54584.503906 	 52640.449219 	 39117.570312 	 64.975845 	 206.574768 	 35.270447 	 1.000000 
55855.742188 	 55441.644531 	 41540.777344 	 32.363956 	 60.664906 	 86.683777 	 1.000000 
55650.636719 	 53293.976562 	 39861.519531 	 21.644270 	 101.653366 	 157.514816 	 1.000000 
55319.816406 	 55243.339844 	 40736.351562 	 28.574333 	 110.031990 	 156.142715 	 1.000000 
56499.433594 	 54007.480469 	 41130.519531 	 57.496998 	 213.328812 	 123.315620 	 1.000000 
53767.972656 	 53650.992188 	 40243.921875 	 71.910660 	 205.558594 	 51.195362 	 1.000000 
54182.234375 	 53643.750000 	 39009.042969 	 41.155338 	 133.333527 	 97.524551 	 1.000000 
55848.117188 	 53235.089844 	 38591.324219 	 15.131201 	 88.178375 	 128.040176 	 1.000000 
56282.347656 	 55023.832031 	 41551.714844 	 117.522667 	 43.261696 	 132.730957 	 1.000000 
54267.089844 	 54339.433594 	 41268.894531 	 131.239838 	 52.478046 	 21.650400 	 1.000000 
55792.582031 	 53651.687500 	 40318.109375 	 60.090954 	 262.510406 	 52.949318 	 1.000000 
56723.621094 	 53764.429688 	 41904.402344 	 96.855217 	 168.431976 	 48.185669 	 1.000000 
55648.148438 	 53664.722656 	 40146.031250 	 35.747776 	 197.639343 	 209.969864 	 1.000000 
57314.218750 	 54069.777344 	 40923.886719 	 84.665962 	 276.128296 	 100.559929 	 1.000000 
57342.890625 	 53486.781250 	 40709.816406 	 39.608883 	 142.305206 	 167.520096 	 1.000000 
55185.828125 	 55201.460938 	 41564.242188 	 71.068001 	 116.443573 	 27.008970 	 1.000000 
54594.671875 	 54513.761719 	 41284.218750 	 55.274521 	 168.210266 	 123.224838 	 1.000000 
53913.488281 	 54875.679688 	 41520.046875 	 46.106762 	 119.889778 	 58.184494 	 1.000000 
55310.472656 	 54151.605469 	 41850.015625 	 28.743536 	 203.612610 	 -29.113180 	 1.000000 
54678.585938 	 54451.605469 	 42080.980469 	 112.458481 	 225.673553 	 -50.628273 	 1.000000 
55634.410156 	 53920.855469 	 42536.429688 	 54.754818 	 213.637894 	 45.351215 	 1.000000 
54390.484375 	 53387.351562 	 39653.128906 	 63.473980 	 238.349518 	 55.282059 	 1.000000 
54535.660156 	 54540.097656 	 39636.769531 	 24.525896 	 120.571472 	 130.398972 	 1.000000 
56375.648438 	 55447.316406 	 41457.675781 	 84.943588 	 5.407956 	 56.157810 	 1.000000 
54363.945312 	 54369.449219 	 41321.953125 	 14.931797 	 200.149658 	 67.778893 	 1.000000 
55910.949219 	 52879.062500 	 38866.226562 	 92.548996 	 151.970688 	 95.523697 	 1.000000 
57186.382812 	 53169.789062 	 40062.175781 	 37.193180 	 106.131020 	 148.554672 	 1.000000 
56737.750000 	 54995.820312 	 41691.738281 	 196.128906 	 122.469574 	 176.318283 	 1.000000 
55595.070312 	 53930.640625 	 42485.320312 	 53.624546 	 192.280045 	 -24.181515 	 1.000000 
54021.921875 	 54112.648438 	 39721.296875 	 69.918159 	 158.464493 	 103.514183 	 1.000000 
53644.019531 	 54318.996094 	 41390.687500 	 89.033363 	 205.987640 	 -13.137377 	 1.000000 
57015.773438 	 54186.125000 	 40778.015625 	 75.879272 	 260.486267 	 102.272888 	 1.000000 
57346.671875 	 53677.257812 	 41159.683594 	 61.213966 	 175.706314 	 182.221268 	 1.000000 
55630.074219 	 55267.839844 	 41664.351562 	 98.987328 	 124.570297 	 22.473555 	 1.000000 
53871.687500 	 54484.960938 	 41349.046875 	 118.155014 	 225.407730 	 26.072462 	 1.000000 
54856.953125 	 55758.617188 	 40469.363281 	 18.522089 	 124.360382 	 140.389435 	 1.000000 
56854.847656 	 54841.183594 	 41462.328125 	 254.642288 	 163.046188 	 65.739281 	 1.000000 
54553.632812 	 54346.468750 	 41033.324219 	 42.333202 	 230.479431 	 19.077259 	 1.000000 
55969.769531 	 53808.031250 	 39682.082031 	 75.145546 	 190.078262 	 126.816727 	 1.000000 
54769.980469 	 53770.968750 	 39720.347656 	 87.103699 	 154.287735 	 126.073441 	 1.000000 
54688.515625 	 53426.007812 	 39306.101562 	 64.639206 	 130.782944 	 111.510674 	 1.000000 
54263.187500 	 54619.750000 	 41334.812500 	 121.265686 	 175.462128 	 37.585705 	 1.000000 
56671.167969 	 53707.101562 	 42186.855469 	 94.268349 	 222.024170 	 24.959349 	 1.000000 
55094.539062 	 55760.699219 	 40819.378906 	 42.148094 	 120.716270 	 135.994125 	 1.000000 
54646.074219 	 54632.425781 	 39940.789062 	 36.478268 	 110.757751 	 125.961464 	 1.000000 
56761.734375 	 55153.085938 	 41512.558594 	 204.324478 	 40.787685 	 21.544220 	 1.000000 
55990.355469 	 55056.316406 	 41235.992188 	 86.442650 	 109.655708 	 145.292877 	 1.000000 
54049.828125 	 54661.656250 	 41266.187500 	 63.803543 	 92.031364 	 34.692394 	 1.000000 
54356.750000 	 54267.160156 	 42225.468750 	 103.580978 	 151.621246 	 -20.530891 	 1.000000 
54166.460938 	 54362.714844 	 41178.984375 	 149.475967 	 147.434052 	 -25.189070 	 1.000000 
55962.667969 	 53840.863281 	 39310.863281 	 15.259089 	 86.616898 	 143.027649 	 1.000000 
55065.515625 	 55695.097656 	 41150.070312 	 57.972988 	 124.129860 	 60.038315 	 1.000000 
55269.714844 	 54121.390625 	 40806.976562 	 186.845566 	 175.962708 	 61.095310 	 1.000000 
56091.589844 	 53467.242188 	 39207.824219 	 88.881653 	 177.670090 	 116.746681 	 1.000000 
57335.996094 	 53349.402344 	 40370.839844 	 28.275095 	 97.022903 	 166.126740 	 1.000000 
55659.488281 	 53671.933594 	 40502.503906 	 7.178524 	 144.094116 	 173.049789 	 1.000000 
55563.062500 	 53948.046875 	 38495.886719 	 8.606403 	 84.558739 	 110.371666 	 1.000000 
54621.929688 	 54235.570312 	 41751.796875 	 -26.415133 	 180.591812 	 -65.357986 	 1.000000 
54408.671875 	 54698.671875 	 40303.312500 	 50.943806 	 130.365860 	 117.720238 	 1.000000 
55684.808594 	 53896.992188 	 42051.312500 	 53.079910 	 195.464447 	 -14.831632 	 1.000000 
54554.554688 	 54134.488281 	 42280.031250 	 67.736031 	 218.362778 	 -36.733131 	 1.000000 
55299.035156 	 53337.562500 	 39479.792969 	 132.304886 	 183.179688 	 116.597214 	 1.000000 
54823.812500 	 54490.980469 	 41244.882812 	 32.613140 	 142.600754 	 64.792320 	 1.000000 
54643.664062 	 54556.171875 	 42206.753906 	 77.916702 	 239.519730 	 -29.700209 	 1.000000 
55658.707031 	 53951.531250 	 40404.496094 	 105.632095 	 252.936493 	 81.131447 	 1.000000 
54190.714844 	 54550.527344 	 39093.402344 	 19.804682 	 134.115997 	 112.810707 	 1.000000 
54959.730469 	 53806.855469 	 39902.335938 	 64.161079 	 109.313103 	 155.562500 	 1.000000 
56731.246094 	 54810.437500 	 40793.632812 	 46.288773 	 88.897377 	 207.904938 	 1.000000 
57016.722656 	 53534.675781 	 41525.183594 	 82.098839 	 261.546326 	 -16.289423 	 1.000000 
54538.714844 	 54156.648438 	 41321.363281 	 138.570145 	 109.322044 	 7.278582 	 1.000000 
53956.101562 	 54821.046875 	 41137.914062 	 79.111732 	 126.385956 	 37.537868 	 1.000000 
54556.707031 	 54120.593750 	 40687.875000 	 123.193253 	 206.970963 	 94.194405 	 1.000000 
53876.097656 	 54603.984375 	 41230.281250 	 100.149940 	 202.656677 	 2.315380 	 1.000000 
57209.160156 	 54296.226562 	 41577.800781 	 -43.890545 	 242.978516 	 85.408684 	 1.000000 
56418.402344 	 55021.324219 	 41445.042969 	 94.622726 	 26.810129 	 149.861771 	 1.000000 
56095.121094 	 55530.316406 	 41537.796875 	 73.105026 	 123.385941 	 163.910355 	 1.000000 
54489.781250 	 54474.699219 	 42226.847656 	 56.188198 	 122.252724 	 -41.916195 	 1.000000 
54328.609375 	 54366.039062 	 42172.789062 	 126.602997 	 160.231308 	 -15.321836 	 1.000000 
55257.609375 	 53012.273438 	 39716.839844 	 34.138123 	 153.109100 	 128.387329 	 1.000000 
57194.410156 	 53210.605469 	 40140.734375 	 35.243732 	 96.137436 	 161.863449 	 1.000000 
55891.792969 	 55413.500000 	 41517.234375 	 110.535873 	 110.719177 	 -3.676264 	 1.000000 
54132.789062 	 53195.121094 	 39891.042969 	 39.578793 	 228.553207 	 33.506908 	 1.000000 
53648.578125 	 54367.460938 	 41236.015625 	 97.545090 	 202.569153 	 -1.950257 	 1.000000 
55429.218750 	 54098.007812 	 41952.410156 	 41.340797 	 187.047775 	 -36.737923 	 1.000000 
54509.382812 	 54248.312500 	 42028.542969 	 115.367508 	 158.146042 	 -54.883411 	 1.000000 
56106.671875 	 53056.800781 	 39293.710938 	 8.629746 	 178.258163 	 56.726681 	 1.000000 
56522.808594 	 55091.785156 	 40410.285156 	 32.306458 	 95.032227 	 178.489609 	 1.000000 
54588.886719 	 54225.484375 	 41981.777344 	 34.718456 	 234.103821 	 -78.095650 	 1.000000 
54600.660156 	 54247.542969 	 42238.488281 	 111.874222 	 195.796677 	 -49.533951 	 1.000000 
56141.292969 	 53566.105469 	 39961.894531 	 65.654579 	 202.224258 	 131.697479 	 1.000000 
54528.242188 	 55371.925781 	 40498.464844 	 24.662464 	 127.000137 	 126.361496 	 0.000000 
57259.570312 	 53402.648438 	 40410.875000 	 49.153282 	 199.414505 	 103.823769 	 1.000000 
56679.042969 	 55131.925781 	 41591.152344 	 111.134979 	 -31.024197 	 17.779842 	 1.000000 
55174.804688 	 54235.402344 	 41468.398438 	 10.809190 	 155.193710 	 -27.532623 	 1.000000 
54915.750000 	 54196.601562 	 40945.546875 	 68.117332 	 117.725990 	 79.087151 	 1.000000 
56666.035156 	 53906.148438 	 42016.085938 	 37.810574 	 222.571793 	 -25.472931 	 1.000000 
55806.015625 	 53864.671875 	 40530.136719 	 17.550297 	 275.309967 	 89.076881 	 1.000000 
54318.902344 	 53360.011719 	 38815.031250 	 35.741276 	 125.741768 	 101.754211 	 1.000000 
54275.714844 	 55080.539062 	 39280.074219 	 -6.485889 	 150.015472 	 103.995720 	 0.000000 
55175.628906 	 54295.324219 	 40550.328125 	 63.995399 	 50.866966 	 152.586899 	 1.000000 
56516.496094 	 52595.300781 	 39344.000000 	 13.768254 	 174.584824 	 53.457401 	 1.000000 
55757.722656 	 55720.324219 	 41360.421875 	 40.220959 	 144.887070 	 172.217117 	 1.000000 
55400.148438 	 53884.367188 	 40771.921875 	 94.525787 	 120.912621 	 -6.312259 	 1.000000 
55563.957031 	 53890.523438 	 42476.625000 	 69.648300 	 254.844955 	 -3.096617 	 1.000000 
56742.609375 	 53625.566406 	 42118.746094 	 95.443207 	 187.918106 	 -49.049442 	 1.000000 
56169.628906 	 52877.417969 	 39209.222656 	 24.494249 	 145.911133 	 49.951363 	 1.000000 
55733.957031 	 53270.878906 	 39112.625000 	 31.288210 	 85.009872 	 138.849365 	 1.000000 
56901.015625 	 54753.148438 	 41430.660156 	 259.676208 	 178.377426 	 66.830734 	 1.000000 
56620.250000 	 55070.628906 	 40659.644531 	 39.311260 	 88.854614 	 188.887054 	 1.000000 
57281.425781 	 53236.121094 	 39762.453125 	 32.810772 	 94.037575 	 152.956818 	 1.000000 
56430.125000 	 53525.234375 	 42122.359375 	 64.778671 	 236.123047 	 -120.081810 	 1.000000 
55579.964844 	 53862.207031 	 40222.609375 	 -56.333366 	 234.011353 	 118.440269 	 1.000000 
55557.429688 	 54268.015625 	 41279.664062 	 56.012989 	 108.318825 	 54.808876 	 1.000000 
55079.277344 	 54424.542969 	 41669.109375 	 -10.715134 	 197.008194 	 -17.389341 	 1.000000 
55660.207031 	 53958.683594 	 40531.019531 	 96.165894 	 150.465302 	 137.732361 	 1.000000 
55116.308594 	 53281.632812 	 39328.042969 	 103.285683 	 190.426529 	 101.906052 	 1.000000 
54926.972656 	 53696.917969 	 39892.000000 	 94.772919 	 256.237640 	 67.178680 	 1.000000 
57243.660156 	 53452.554688 	 40037.660156 	 32.833572 	 91.465088 	 162.107956 	 1.000000 
55744.878906 	 55870.582031 	 41111.082031 	 86.276276 	 155.454025 	 124.472534 	 1.000000 
55042.953125 	 54327.816406 	 40754.531250 	 80.834656 	 68.597206 	 122.524643 	 1.000000 
55658.339844 	 55464.957031 	 41653.851562 	 101.167763 	 118.709976 	 11.037644 	 1.000000 
54347.597656 	 54269.031250 	 41194.207031 	 148.404099 	 73.450584 	 -13.177115 	 1.000000 
56059.375000 	 53938.562500 	 39620.273438 	 16.730652 	 86.534760 	 154.315018 	 1.000000 
55035.226562 	 54089.070312 	 40430.957031 	 68.862198 	 76.857033 	 174.162872 	 1.000000 
55602.734375 	 54872.207031 	 41107.335938 	 55.294350 	 97.071587 	 142.144562 	 1.000000 
55964.097656 	 53495.492188 	 40216.292969 	 -9.248563 	 112.396790 	 167.094315 	 1.000000 
55646.644531 	 55753.683594 	 41080.125000 	 97.835884 	 142.390533 	 87.884300 	 1.000000 
55635.660156 	 54367.371094 	 41051.917969 	 51.092255 	 85.514725 	 104.237648 	 1.000000 
54626.664062 	 54484.027344 	 41176.410156 	 64.994232 	 243.883881 	 87.617218 	 1.000000 
55519.289062 	 55561.925781 	 41685.289062 	 86.731194 	 122.879059 	 -6.543014 	 1.000000 
55831.675781 	 53744.886719 	 40196.199219 	 -2.365821 	 138.599442 	 81.889717 	 1.000000 
54841.812500 	 54438.781250 	 40976.042969 	 19.554602 	 114.755165 	 66.990555 	 1.000000 
53866.261719 	 53995.960938 	 39313.414062 	 34.939671 	 140.600006 	 111.917992 	 1.000000 
55925.671875 	 55385.699219 	 41330.015625 	 72.626328 	 123.267738 	 161.604340 	 1.000000 
55055.605469 	 52741.511719 	 38926.425781 	 73.994232 	 206.181870 	 40.275234 	 1.000000 
53558.957031 	 54369.851562 	 41125.246094 	 84.414528 	 189.104843 	 82.412895 	 1.000000 
55596.335938 	 53964.359375 	 40572.554688 	 -23.392233 	 272.640686 	 47.754070 	 1.000000 
56067.535156 	 53352.371094 	 39513.152344 	 61.341213 	 223.788162 	 98.501030 	 1.000000 
55343.628906 	 53712.972656 	 40728.667969 	 65.819992 	 168.293900 	 151.624084 	 1.000000 
55753.101562 	 55759.199219 	 41394.414062 	 34.725143 	 148.051559 	 163.567932 	 1.000000 
54623.917969 	 53933.363281 	 40781.281250 	 121.027702 	 168.013092 	 111.834579 	 1.000000 
55867.148438 	 53797.363281 	 40243.847656 	 8.320473 	 152.591873 	 66.710213 	 1.000000 
53685.070312 	 54450.871094 	 41341.796875 	 105.794495 	 207.342941 	 34.840996 	 1.000000 
56152.765625 	 53163.078125 	 39125.718750 	 48.648220 	 174.974350 	 84.440094 	 1.000000 
55228.027344 	 53036.359375 	 39765.437500 	 35.989784 	 147.766907 	 119.411201 	 1.000000 
53660.121094 	 54127.675781 	 39529.968750 	 51.204113 	 161.165848 	 87.780472 	 1.000000 
56010.257812 	 53887.273438 	 39425.039062 	 15.738788 	 85.875870 	 146.806290 	 1.000000 
56053.679688 	 53831.421875 	 40850.050781 	 18.362963 	 205.321686 	 86.260414 	 1.000000 
54896.972656 	 54477.929688 	 41313.855469 	 66.612083 	 97.675514 	 89.823380 	 1.000000 
55503.910156 	 54372.453125 	 41614.007812 	 39.656326 	 195.021103 	 -8.305138 	 1.000000 
56876.167969 	 54592.472656 	 41309.328125 	 182.287033 	 206.341919 	 157.446793 	 1.000000 
53843.468750 	 54012.109375 	 39497.695312 	 39.451447 	 133.752670 	 102.239296 	 1.000000 
54553.738281 	 54693.101562 	 40422.933594 	 51.047871 	 118.064667 	 127.122574 	 1.000000 
56709.437500 	 53782.171875 	 42133.675781 	 122.655022 	 265.857117 	 -2.161197 	 1.000000 
54573.054688 	 53582.019531 	 39781.171875 	 79.816368 	 225.998001 	 66.165504 	 1.000000 
54043.218750 	 54673.730469 	 41150.156250 	 122.384903 	 211.391342 	 -15.729743 	 1.000000 
56701.515625 	 54138.882812 	 40949.183594 	 64.194397 	 193.395432 	 149.587692 	 1.000000 
54674.730469 	 55794.183594 	 40150.308594 	 7.310939 	 130.263779 	 130.222260 	 1.000000 
55154.429688 	 54172.191406 	 40502.167969 	 164.924973 	 181.382584 	 136.810486 	 1.000000 
55249.132812 	 54202.703125 	 40793.644531 	 110.404747 	 202.239044 	 89.840446 	 1.000000 
54115.265625 	 54546.867188 	 41232.585938 	 125.488937 	 187.906387 	 70.673630 	 1.000000 
56191.589844 	 54140.261719 	 40892.386719 	 56.776878 	 146.619797 	 71.960632 	 1.000000 
55710.652344 	 52965.859375 	 39709.664062 	 75.929070 	 179.320374 	 108.993279 	 1.000000 
56209.179688 	 54882.945312 	 41360.886719 	 117.748489 	 115.423409 	 132.160202 	 1.000000 
55622.000000 	 53502.203125 	 40029.417969 	 99.691956 	 165.610657 	 169.096130 	 1.000000 
53490.214844 	 53978.703125 	 40664.320312 	 63.244305 	 206.642807 	 72.618446 	 1.000000 
56306.343750 	 53599.132812 	 39945.812500 	 15.021647 	 97.188179 	 159.870987 	 1.000000 
55211.613281 	 54235.250000 	 40971.933594 	 23.733677 	 152.788177 	 -18.237072 	 1.000000 
54503.117188 	 54746.492188 	 42119.242188 	 53.637024 	 116.947876 	 -24.703688 	 1.000000 
56795.082031 	 53637.347656 	 41934.476562 	 47.696632 	 187.917450 	 28.709496 	 1.000000 
56520.753906 	 54153.488281 	 41798.890625 	 95.768250 	 202.847412 	 -45.320511 	 1.000000 
54163.265625 	 53836.320312 	 40498.175781 	 92.052902 	 199.645721 	 85.619690 	 1.000000 
53642.335938 	 54533.625000 	 41324.515625 	 92.491447 	 149.108871 	 16.933796 	 1.000000 
55626.761719 	 53268.011719 	 39324.972656 	 40.229713 	 211.173248 	 84.403534 	 1.000000 
57099.992188 	 53526.785156 	 40658.156250 	 46.122238 	 121.506897 	 173.000061 	 1.000000 
55168.609375 	 54373.570312 	 40814.367188 	 69.594368 	 61.599632 	 116.554909 	 1.000000 
56060.226562 	 55655.433594 	 41314.976562 	 98.836334 	 131.753448 	 81.047585 	 1.000000 
55360.324219 	 54256.761719 	 41001.976562 	 114.277267 	 117.916840 	 54.528851 	 1.000000 
55859.367188 	 54483.125000 	 41194.589844 	 72.652145 	 164.252182 	 22.978123 	 1.000000 
55882.386719 	 53540.101562 	 39428.226562 	 22.376795 	 78.791382 	 146.147156 	 1.000000 
56378.667969 	 55090.957031 	 41688.527344 	 155.793808 	 65.400726 	 -7.748233 	 1.000000 
57088.667969 	 54885.574219 	 41134.976562 	 -98.927391 	 256.755920 	 9.676751 	 1.000000 
55069.492188 	 55799.031250 	 41291.703125 	 57.993034 	 126.163162 	 73.235558 	 1.000000 
53939.984375 	 55156.675781 	 41114.519531 	 55.783360 	 146.026779 	 43.032227 	 1.000000 
54737.933594 	 54142.921875 	 41501.019531 	 98.008110 	 181.259964 	 84.897240 	 1.000000 
55385.378906 	 53740.945312 	 42491.964844 	 46.440331 	 242.762985 	 4.602083 	 1.000000 
56298.894531 	 54580.937500 	 42197.445312 	 89.776810 	 187.886383 	 -55.740139 	 1.000000 
56632.992188 	 53604.640625 	 41973.304688 	 148.277832 	 271.761658 	 -27.712172 	 1.000000 
54375.167969 	 54348.078125 	 42195.312500 	 124.665077 	 156.642822 	 -8.582544 	 1.000000 
55190.695312 	 53429.082031 	 39500.679688 	 121.639610 	 182.263596 	 99.601517 	 1.000000 
57062.414062 	 53480.125000 	 39840.320312 	 44.858448 	 189.152603 	 96.576607 	 1.000000 
55658.101562 	 52863.468750 	 38872.625000 	 84.042770 	 137.568985 	 100.710617 	 1.000000 
53988.121094 	 53885.589844 	 39142.300781 	 44.249779 	 149.997910 	 96.940308 	 1.000000 
55370.605469 	 55739.546875 	 40992.781250 	 55.550037 	 103.133392 	 161.878418 	 1.000000 
54581.597656 	 54848.980469 	 40190.890625 	 33.585445 	 114.626801 	 127.154991 	 1.000000 
57176.218750 	 53421.480469 	 40367.871094 	 49.699375 	 201.939819 	 103.883667 	 1.000000 
57217.468750 	 54417.453125 	 41248.632812 	 90.488815 	 -17.506865 	 19.810284 	 1.000000 
56477.664062 	 55259.902344 	 41723.125000 	 130.531403 	 28.160976 	 112.668510 	 1.000000 
56059.085938 	 54376.054688 	 41928.546875 	 77.910469 	 193.801880 	 -37.369122 	 1.000000 
55967.320312 	 53488.195312 	 40908.328125 	 18.535542 	 176.716461 	 89.905563 	 1.000000 
53954.617188 	 54042.722656 	 39589.277344 	 46.165279 	 131.686768 	 101.730186 	 1.000000 
57089.664062 	 53668.722656 	 40836.824219 	 47.503067 	 131.406891 	 186.661407 	 1.000000 
56788.195312 	 53578.753906 	 41959.253906 	 94.984375 	 236.735397 	 -45.429470 	 1.000000 
55069.355469 	 54230.511719 	 41463.097656 	 -8.618588 	 163.743042 	 -21.603470 	 1.000000 
53485.644531 	 53869.925781 	 40473.269531 	 50.521553 	 227.608124 	 46.912865 	 1.000000 
54103.875000 	 53817.527344 	 40031.531250 	 74.625603 	 217.928543 	 74.912178 	 1.000000 
54410.218750 	 53749.125000 	 40374.507812 	 90.761299 	 222.727829 	 78.228180 	 1.000000 
54564.128906 	 54215.277344 	 41657.574219 	 69.309914 	 194.005447 	 82.543297 	 1.000000 
53943.093750 	 54001.589844 	 39477.378906 	 35.576653 	 132.311325 	 106.869461 	 1.000000 
54258.000000 	 53883.375000 	 39868.066406 	 55.529385 	 158.975372 	 110.091721 	 1.000000 
56506.902344 	 54998.535156 	 41733.875000 	 184.331131 	 46.911156 	 127.848747 	 1.000000 
54880.726562 	 54247.441406 	 41482.531250 	 75.944672 	 254.424744 	 48.759804 	 1.000000 
54461.292969 	 54511.257812 	 41016.464844 	 73.340240 	 100.237419 	 141.163666 	 1.000000 
56971.523438 	 54288.695312 	 40692.835938 	 83.029503 	 240.980209 	 113.017258 	 1.000000 
56318.042969 	 53460.359375 	 39936.765625 	 25.701626 	 167.573685 	 107.681099 	 1.000000 
57236.535156 	 53686.066406 	 40787.656250 	 56.526978 	 207.397766 	 135.617874 	 1.000000 
57088.453125 	 54873.167969 	 41361.726562 	 226.206467 	 27.515358 	 78.882103 	 1.000000 
55963.359375 	 55478.937500 	 41401.972656 	 62.733521 	 85.011520 	 108.574615 	 1.000000 
55476.320312 	 54740.371094 	 41468.585938 	 72.174744 	 116.598686 	 13.035359 	 1.000000 
54483.664062 	 54192.378906 	 41226.925781 	 131.892715 	 116.836113 	 34.566299 	 1.000000 
56612.519531 	 53757.773438 	 42088.750000 	 51.374371 	 204.803757 	 50.107834 	 1.000000 
56570.726562 	 54744.910156 	 41913.757812 	 116.891235 	 211.156021 	 -73.667511 	 1.000000 
54331.144531 	 53845.628906 	 40543.230469 	 100.348770 	 200.961136 	 94.172844 	 1.000000 
54796.003906 	 53955.804688 	 40418.617188 	 134.657669 	 157.020294 	 117.303047 	 1.000000 
55618.746094 	 53635.125000 	 40275.019531 	 -56.479488 	 237.478973 	 124.182709 	 1.000000 
54339.476562 	 53782.562500 	 39859.128906 	 54.786758 	 141.422577 	 107.323738 	 1.000000 
55360.968750 	 53583.113281 	 40254.128906 	 60.164246 	 235.617279 	 194.741364 	 1.000000 
56643.136719 	 53552.105469 	 40257.054688 	 24.928057 	 108.375275 	 161.254471 	 1.000000 
54915.910156 	 54130.167969 	 40529.449219 	 103.999779 	 91.489281 	 138.789764 	 1.000000 
56812.988281 	 53669.746094 	 41956.820312 	 133.794022 	 281.900208 	 43.137360 	 1.000000 
54674.503906 	 52925.628906 	 39309.652344 	 69.471710 	 216.926575 	 46.383282 	 1.000000 
55741.812500 	 53815.750000 	 40519.210938 	 -65.867081 	 204.982101 	 152.353333 	 1.000000 
56131.195312 	 53495.867188 	 39806.574219 	 62.429359 	 186.583099 	 117.181625 	 1.000000 
56041.277344 	 54422.605469 	 41365.539062 	 91.820763 	 178.505554 	 -5.854871 	 1.000000 
55515.402344 	 53099.093750 	 38895.492188 	 80.977959 	 216.131775 	 48.327511 	 1.000000 
55287.070312 	 53002.496094 	 39695.230469 	 51.531902 	 174.570084 	 123.864159 	 1.000000 
55378.457031 	 53646.191406 	 40354.402344 	 174.426468 	 210.056473 	 166.629028 	 1.000000 
54196.429688 	 54955.906250 	 39932.988281 	 27.847847 	 134.529892 	 114.604523 	 1.000000 
55314.363281 	 53234.746094 	 40243.003906 	 72.935349 	 143.747101 	 168.301361 	 1.000000 
55393.414062 	 54239.917969 	 40853.089844 	 31.342484 	 35.779800 	 119.997284 	 1.000000 
56751.308594 	 55384.710938 	 40626.386719 	 32.611923 	 86.371262 	 181.553177 	 1.000000 
55798.820312 	 55516.261719 	 41351.140625 	 11.934958 	 47.982964 	 106.167633 	 1.000000 
56355.773438 	 55285.179688 	 41520.558594 	 146.258896 	 77.433846 	 -4.783545 	 1.000000 
54507.621094 	 54234.035156 	 41261.308594 	 158.577042 	 201.159027 	 82.319077 	 1.000000 
54341.750000 	 54895.246094 	 41353.976562 	 60.561565 	 94.489723 	 11.697126 	 1.000000 
56105.886719 	 54447.105469 	 41570.082031 	 92.585396 	 193.885239 	 -27.728935 	 1.000000 
56265.238281 	 54581.320312 	 42175.648438 	 85.384552 	 198.985229 	 -53.514187 	 1.000000 
55105.074219 	 52805.566406 	 38996.136719 	 75.723000 	 207.020264 	 40.391449 	 1.000000 
54037.296875 	 52859.152344 	 39818.871094 	 47.900116 	 233.121460 	 31.000895 	 1.000000 
54281.351562 	 53259.730469 	 39712.765625 	 57.834503 	 231.286331 	 45.541145 	 1.000000 
55710.335938 	 53975.832031 	 40120.531250 	 -40.454105 	 253.204453 	 94.512390 	 1.000000 
56721.054688 	 53926.917969 	 40877.546875 	 77.021263 	 188.242279 	 106.920906 	 1.000000 
55765.457031 	 53187.367188 	 39398.589844 	 32.007725 	 225.784225 	 99.950439 	 1.000000 
55414.179688 	 53147.457031 	 40048.894531 	 78.463814 	 179.785934 	 134.532013 	 1.000000 
54766.687500 	 54358.093750 	 39961.433594 	 44.975964 	 97.785889 	 135.973877 	 1.000000 
55885.949219 	 55482.480469 	 41477.679688 	 78.148621 	 133.973236 	 156.554367 	 1.000000 
57235.652344 	 53432.722656 	 39879.714844 	 34.942078 	 88.723015 	 158.456070 	 1.000000 
55572.292969 	 53727.410156 	 39893.867188 	 110.464508 	 219.326279 	 136.665833 	 1.000000 
54731.898438 	 53863.585938 	 40365.542969 	 119.667068 	 163.824402 	 122.420021 	 1.000000 
56403.761719 	 54153.527344 	 40399.464844 	 42.322971 	 205.630966 	 76.090942 	 1.000000 
56248.753906 	 54118.917969 	 40399.179688 	 50.770805 	 184.587250 	 69.008453 	 1.000000 
55884.539062 	 54497.605469 	 41441.304688 	 76.141518 	 192.785492 	 -8.774286 	 1.000000 
57132.019531 	 54043.027344 	 40924.546875 	 62.505535 	 233.293427 	 151.857986 	 1.000000 
56919.101562 	 53140.539062 	 39935.367188 	 38.185966 	 127.684761 	 144.137283 	 1.000000 
54106.117188 	 53922.671875 	 39736.742188 	 57.376095 	 134.246414 	 116.150032 	 1.000000 
55278.574219 	 55461.718750 	 40881.886719 	 31.541405 	 121.468903 	 158.362289 	 1.000000 
55665.554688 	 54911.476562 	 41008.878906 	 60.705624 	 101.335670 	 138.128403 	 1.000000 
56373.617188 	 54900.992188 	 41470.179688 	 139.823715 	 120.372871 	 140.547516 	 1.000000 
55510.957031 	 53642.433594 	 40557.746094 	 69.340225 	 264.015900 	 14.289304 	 1.000000 
54000.792969 	 52833.007812 	 39755.011719 	 47.462536 	 230.531067 	 33.818550 	 1.000000 
55532.160156 	 54036.433594 	 40028.234375 	 116.658569 	 213.569580 	 141.474518 	 1.000000 
55557.101562 	 54319.109375 	 41411.140625 	 47.333351 	 176.079849 	 -13.846204 	 1.000000 
56818.878906 	 53971.429688 	 41153.500000 	 82.937126 	 213.570297 	 137.560928 	 1.000000 
55754.906250 	 53923.746094 	 40426.292969 	 56.823818 	 107.019234 	 174.635208 	 1.000000 
54976.437500 	 52944.761719 	 38854.046875 	 63.034149 	 127.210121 	 107.800880 	 1.000000 
55474.542969 	 55851.457031 	 41205.441406 	 63.784855 	 112.038834 	 174.930359 	 1.000000 
55388.664062 	 53178.164062 	 39995.417969 	 40.999187 	 118.828712 	 156.876541 	 1.000000 
56024.132812 	 53477.925781 	 40274.214844 	 -8.841703 	 122.516350 	 157.668472 	 1.000000 
56939.367188 	 53005.097656 	 39559.941406 	 32.529480 	 102.359474 	 140.522705 	 1.000000 
57319.160156 	 54351.398438 	 41308.824219 	 14.105653 	 102.481491 	 -111.208771 	 1.000000 
55132.835938 	 53924.042969 	 42090.097656 	 37.775948 	 208.614761 	 -24.025190 	 1.000000 
56194.527344 	 54488.156250 	 41520.390625 	 101.395607 	 195.630157 	 -26.046976 	 1.000000 
54787.367188 	 54340.390625 	 41902.554688 	 -6.926240 	 247.135208 	 -78.751183 	 1.000000 
54648.914062 	 52950.789062 	 39327.289062 	 62.625050 	 224.652679 	 37.304115 	 1.000000 
55458.917969 	 54169.140625 	 40487.675781 	 99.047295 	 128.467529 	 200.631027 	 1.000000 
53666.070312 	 54090.453125 	 39501.773438 	 53.658253 	 165.044693 	 86.369759 	 1.000000 
55919.871094 	 53400.472656 	 39577.917969 	 45.595215 	 141.366302 	 96.203781 	 1.000000 
55168.488281 	 54288.035156 	 40530.253906 	 59.193813 	 51.063591 	 166.422760 	 1.000000 
54853.214844 	 54297.992188 	 39883.406250 	 52.335735 	 108.162071 	 145.858841 	 1.000000 
55118.394531 	 53108.617188 	 39656.250000 	 94.348404 	 102.349449 	 134.126602 	 1.000000 
56693.437500 	 55343.234375 	 40638.585938 	 35.060677 	 87.946533 	 180.993500 	 1.000000 
56632.417969 	 54678.996094 	 41386.558594 	 -99.426193 	 184.849167 	 103.089157 	 1.000000 
55669.308594 	 55762.636719 	 41126.285156 	 83.660393 	 84.389671 	 86.051163 	 1.000000 
56285.398438 	 54621.710938 	 42194.394531 	 93.632614 	 187.444992 	 -54.233013 	 1.000000 
54843.855469 	 54483.367188 	 42309.242188 	 38.693829 	 132.348267 	 -38.926800 	 1.000000 
53636.324219 	 53195.074219 	 39738.515625 	 38.818451 	 221.470108 	 55.408592 	 1.000000 
53921.937500 	 52976.246094 	 39761.695312 	 52.195457 	 224.222183 	 37.361084 	 1.000000 
55564.253906 	 54098.507812 	 40355.945312 	 92.216995 	 131.304703 	 180.807938 	 1.000000 
55436.687500 	 53567.546875 	 39801.050781 	 116.957100 	 198.542267 	 114.477997 	 1.000000 
53725.390625 	 54555.695312 	 41271.996094 	 115.733597 	 200.189911 	 43.351486 	 1.000000 
56471.886719 	 54527.859375 	 41341.898438 	 140.464249 	 199.311676 	 10.941209 	 1.000000 
57254.449219 	 53718.125000 	 40598.710938 	 58.989063 	 201.889191 	 125.003784 	 1.000000 
56100.035156 	 53749.101562 	 40809.914062 	 16.969416 	 190.940979 	 93.919785 	 1.000000 
55412.429688 	 53180.707031 	 39812.761719 	 64.685867 	 171.031326 	 111.686607 	 1.000000 
55556.660156 	 52904.300781 	 39376.867188 	 44.398293 	 200.607117 	 77.456810 	 1.000000 
55591.296875 	 53423.507812 	 40341.195312 	 65.114670 	 253.289581 	 160.135391 	 1.000000 
54653.546875 	 53622.523438 	 39280.812500 	 76.292068 	 152.129517 	 102.376648 	 1.000000 
54109.203125 	 53880.171875 	 39628.851562 	 38.313526 	 138.850037 	 118.409416 	 1.000000 
56056.960938 	 53009.382812 	 38737.605469 	 28.984135 	 79.766640 	 120.837929 	 1.000000 
54461.851562 	 54409.066406 	 39337.257812 	 21.771502 	 129.162201 	 121.347717 	 1.000000 
57209.484375 	 53155.992188 	 40166.679688 	 43.555603 	 130.192978 	 156.672745 	 1.000000 
55296.710938 	 55587.605469 	 40992.542969 	 39.336720 	 129.631271 	 160.266968 	 1.000000 
56493.777344 	 55079.707031 	 41459.117188 	 79.409500 	 43.924366 	 142.083923 	 1.000000 
55715.531250 	 55399.964844 	 41723.707031 	 96.052063 	 102.584488 	 5.084511 	 1.000000 
55803.835938 	 55416.046875 	 41630.703125 	 109.744850 	 115.565102 	 8.248690 	 1.000000 
55078.429688 	 53609.488281 	 40336.242188 	 121.055130 	 145.103226 	 140.475418 	 1.000000 
54622.324219 	 54534.722656 	 41302.785156 	 29.880409 	 166.484619 	 66.705864 	 1.000000 
57315.023438 	 54137.726562 	 40897.539062 	 87.144463 	 264.614929 	 102.622780 	 1.000000 
56520.429688 	 54375.871094 	 41082.902344 	 105.128128 	 170.773422 	 102.125092 	 1.000000 
