56944.308594 	 54823.937500 	 41508.136719 	 110.948845 	 -30.030560 	 18.108919 	 9.000000 
57106.140625 	 54487.070312 	 41528.437500 	 214.483017 	 109.758011 	 -32.362259 	 9.000000 
57001.667969 	 54735.687500 	 41552.250000 	 115.552002 	 73.806274 	 152.327454 	 9.000000 
56945.742188 	 54824.792969 	 41528.589844 	 111.441696 	 -83.765366 	 16.034039 	 9.000000 
57149.429688 	 54717.265625 	 41339.691406 	 104.803802 	 135.289825 	 9.804214 	 9.000000 
54673.421875 	 54308.843750 	 41323.609375 	 66.603065 	 172.970154 	 61.494419 	 6.000000 
54687.703125 	 54350.949219 	 41670.226562 	 57.628304 	 189.135101 	 -49.941109 	 6.000000 
54441.707031 	 54423.585938 	 41279.726562 	 168.008148 	 146.162720 	 59.356945 	 6.000000 
54608.292969 	 54348.480469 	 41602.117188 	 152.617004 	 152.059586 	 -93.306641 	 6.000000 
54458.453125 	 54290.871094 	 41342.121094 	 106.113518 	 193.523422 	 63.669949 	 6.000000 
54664.410156 	 54335.574219 	 41412.832031 	 -34.969353 	 107.168991 	 21.323833 	 6.000000 
54544.136719 	 54403.113281 	 41699.511719 	 93.106735 	 198.300812 	 15.791666 	 6.000000 
54681.324219 	 54267.761719 	 41284.187500 	 -30.960028 	 84.673958 	 67.666039 	 6.000000 
54719.566406 	 54381.144531 	 41693.769531 	 183.856720 	 196.577255 	 -96.398643 	 6.000000 
54647.695312 	 54285.074219 	 41314.714844 	 201.203873 	 263.997925 	 74.020554 	 6.000000 
55365.054688 	 54017.800781 	 40605.902344 	 88.401955 	 159.842133 	 52.425491 	 1.000000 
55326.507812 	 53893.484375 	 40685.621094 	 140.901825 	 70.545090 	 149.317322 	 1.000000 
55549.859375 	 53780.585938 	 40380.347656 	 15.993038 	 204.070557 	 124.367249 	 1.000000 
55533.300781 	 53641.593750 	 40457.289062 	 86.704979 	 224.643585 	 187.605148 	 1.000000 
55460.371094 	 53835.484375 	 40393.601562 	 54.820255 	 263.781158 	 123.534103 	 1.000000 
55601.136719 	 53773.113281 	 40378.183594 	 7.669420 	 294.166473 	 245.546356 	 1.000000 
55448.582031 	 53739.152344 	 40356.285156 	 56.805832 	 135.801712 	 59.521690 	 1.000000 
55586.195312 	 53779.933594 	 40431.863281 	 -75.068657 	 125.459450 	 166.988785 	 1.000000 
55601.046875 	 53719.035156 	 40401.191406 	 35.003529 	 114.424446 	 77.463577 	 1.000000 
55548.546875 	 53900.273438 	 40378.625000 	 108.045723 	 228.578613 	 115.630669 	 1.000000 
56718.960938 	 53700.351562 	 42026.003906 	 78.680542 	 235.989670 	 -12.186652 	 8.000000 
56633.167969 	 53746.316406 	 42019.843750 	 100.263115 	 230.492325 	 71.868103 	 8.000000 
56196.164062 	 52705.957031 	 39036.351562 	 28.488253 	 106.943405 	 13.496570 	 5.000000 
55917.109375 	 53312.691406 	 39410.367188 	 50.656113 	 180.974487 	 108.108009 	 4.000000 
56611.523438 	 54969.089844 	 41742.492188 	 146.477524 	 24.426960 	 114.517159 	 9.000000 
56645.523438 	 54949.953125 	 41724.804688 	 66.789955 	 2.879473 	 123.999290 	 9.000000 
56605.406250 	 54994.417969 	 41740.429688 	 198.155884 	 4.568367 	 126.189110 	 9.000000 
56458.082031 	 53554.019531 	 42245.527344 	 61.702408 	 234.271973 	 -63.683804 	 8.000000 
55312.800781 	 53195.468750 	 39615.347656 	 83.499390 	 146.524185 	 129.586029 	 0.000000 
55646.296875 	 53871.160156 	 42476.917969 	 52.851261 	 213.496658 	 10.136704 	 7.000000 
56489.472656 	 53327.703125 	 39918.679688 	 27.663330 	 187.365372 	 92.994598 	 0.000000 
56439.835938 	 55424.710938 	 41498.695312 	 103.742119 	 60.559418 	 128.582169 	 9.000000 
55251.765625 	 53912.820312 	 40792.277344 	 38.476997 	 138.102539 	 16.542137 	 1.000000 
56374.867188 	 54217.105469 	 40471.925781 	 39.485550 	 203.973526 	 88.167252 	 3.000000 
53816.679688 	 53506.703125 	 40022.652344 	 57.857128 	 221.355347 	 60.276741 	 2.000000 
57297.289062 	 53240.656250 	 40341.023438 	 41.040710 	 130.510376 	 152.215240 	 0.000000 
54966.281250 	 53616.175781 	 40042.097656 	 101.179489 	 150.673416 	 134.702698 	 0.000000 
54625.484375 	 54313.441406 	 42226.984375 	 64.032341 	 212.989822 	 -47.505749 	 0.000000 
55444.460938 	 55735.406250 	 41066.097656 	 48.888638 	 126.206284 	 158.546539 	 0.000000 
56829.183594 	 54696.312500 	 41843.703125 	 91.227684 	 27.959318 	 20.166737 	 9.000000 
56144.859375 	 52929.902344 	 38858.410156 	 87.276230 	 178.643265 	 77.829422 	 5.000000 
56370.074219 	 54187.667969 	 41057.187500 	 76.637123 	 182.163895 	 85.040939 	 3.000000 
54047.125000 	 53123.664062 	 39934.527344 	 50.545208 	 234.170258 	 30.314146 	 2.000000 
56084.816406 	 54095.058594 	 40862.253906 	 48.117325 	 168.329758 	 66.965431 	 3.000000 
55815.171875 	 53304.957031 	 39528.429688 	 52.325523 	 233.033554 	 74.830849 	 4.000000 
54798.031250 	 53119.386719 	 39121.523438 	 62.809734 	 126.516876 	 115.641998 	 0.000000 
55909.664062 	 55440.339844 	 41437.144531 	 34.771336 	 65.797066 	 116.320625 	 0.000000 
54277.152344 	 53819.085938 	 40157.777344 	 80.221489 	 224.161804 	 67.579834 	 0.000000 
55477.269531 	 53173.660156 	 40213.332031 	 73.799805 	 193.475250 	 142.678391 	 0.000000 
56394.308594 	 54660.886719 	 41378.027344 	 135.655060 	 206.159653 	 1.145069 	 0.000000 
56460.816406 	 55073.328125 	 41715.917969 	 153.714859 	 41.468071 	 138.218201 	 9.000000 
55197.750000 	 53830.804688 	 42322.164062 	 57.344341 	 217.529099 	 -1.620723 	 7.000000 
55214.804688 	 53916.386719 	 40535.125000 	 103.960915 	 75.440147 	 14.579655 	 1.000000 
