33827.417969 	 46953.218750 	 23182.890625 	 -111.420860 	 9.854282 	 173.720459 	 1.000000 
33865.003906 	 46980.289062 	 23138.798828 	 82.780518 	 -59.428528 	 104.063820 	 1.000000 
33834.855469 	 46960.691406 	 23139.363281 	 -70.544708 	 110.384079 	 15.362320 	 1.000000 
33817.222656 	 46980.246094 	 23196.796875 	 -167.313797 	 -284.940216 	 92.335594 	 1.000000 
33779.996094 	 47024.976562 	 23314.119141 	 -126.328156 	 -124.912048 	 267.799744 	 1.000000 
33757.171875 	 47093.171875 	 23167.082031 	 -41.141933 	 12.747538 	 186.351196 	 1.000000 
33832.554688 	 47105.886719 	 23270.644531 	 -100.699432 	 -71.461288 	 339.967896 	 1.000000 
33770.824219 	 47047.425781 	 23232.509766 	 -139.835907 	 -118.976982 	 142.000931 	 1.000000 
33782.636719 	 46962.683594 	 23194.343750 	 -117.069237 	 -35.825882 	 178.749878 	 1.000000 
33770.289062 	 46979.636719 	 23264.500000 	 80.223549 	 144.702957 	 34.936962 	 1.000000 
33843.980469 	 47004.410156 	 23187.701172 	 -29.110901 	 -66.234924 	 289.332489 	 1.000000 
33824.648438 	 47140.027344 	 23173.937500 	 -66.984566 	 2.097114 	 351.832062 	 1.000000 
33955.187500 	 46977.203125 	 23188.468750 	 -127.595909 	 -237.541199 	 117.961121 	 1.000000 
33788.199219 	 46810.066406 	 23274.716797 	 -33.121647 	 -52.355106 	 271.309631 	 1.000000 
33908.597656 	 46980.367188 	 23127.591797 	 -215.868500 	 70.475342 	 350.159973 	 1.000000 
33853.843750 	 46974.660156 	 23121.816406 	 -0.694881 	 -102.028549 	 -22.927755 	 1.000000 
33828.191406 	 47169.902344 	 23200.121094 	 11.594595 	 2.209315 	 26.821793 	 1.000000 
33867.406250 	 47085.097656 	 23126.726562 	 -101.493362 	 -2.062363 	 58.488098 	 1.000000 
33959.738281 	 46938.476562 	 23223.990234 	 -129.449646 	 96.868248 	 -44.896023 	 1.000000 
33819.886719 	 46970.878906 	 23153.375000 	 120.844734 	 -92.671600 	 -89.749641 	 1.000000 
33830.621094 	 46872.687500 	 23294.470703 	 -170.169708 	 88.529610 	 111.821358 	 1.000000 
33934.523438 	 47017.417969 	 23088.775391 	 -5.248263 	 -50.231754 	 106.875618 	 1.000000 
33927.144531 	 47037.511719 	 23123.634766 	 -189.412903 	 -17.348896 	 -20.823370 	 1.000000 
33937.292969 	 47156.328125 	 23201.488281 	 -170.135468 	 -65.722420 	 103.677605 	 1.000000 
34001.226562 	 47038.046875 	 23175.373047 	 -137.668930 	 -101.335136 	 174.763214 	 1.000000 
33951.718750 	 46934.074219 	 23097.818359 	 1.490590 	 126.776321 	 196.575943 	 1.000000 
33833.761719 	 46928.167969 	 23188.660156 	 161.588638 	 73.659058 	 257.664307 	 1.000000 
33832.687500 	 47063.597656 	 23118.564453 	 74.969749 	 -34.577953 	 165.803940 	 1.000000 
33897.949219 	 47079.636719 	 23092.742188 	 -24.209297 	 181.839600 	 208.502716 	 1.000000 
33894.265625 	 47018.183594 	 23159.402344 	 85.406746 	 -73.398155 	 146.496567 	 1.000000 
33962.683594 	 46918.890625 	 23233.689453 	 -215.841904 	 -11.786478 	 29.149944 	 1.000000 
33756.472656 	 47041.222656 	 23234.585938 	 -1.458826 	 93.870872 	 235.353256 	 1.000000 
33862.160156 	 47079.613281 	 23172.894531 	 -125.774384 	 -160.069412 	 158.043045 	 1.000000 
34004.707031 	 47016.261719 	 23109.205078 	 -141.950211 	 -42.229401 	 103.376343 	 1.000000 
33940.660156 	 47066.265625 	 23130.451172 	 -193.437744 	 103.559036 	 47.456459 	 1.000000 
33869.082031 	 47067.812500 	 23267.212891 	 -132.882828 	 -108.316971 	 109.075706 	 1.000000 
33895.468750 	 47030.968750 	 23146.037109 	 119.003418 	 19.226011 	 -43.668976 	 1.000000 
34962.378906 	 47394.781250 	 24295.802734 	 -54.146549 	 105.598579 	 155.367050 	 1.000000 
35007.925781 	 47520.960938 	 24285.496094 	 -157.925552 	 25.721766 	 166.806305 	 1.000000 
34978.957031 	 47213.183594 	 24357.925781 	 103.795807 	 46.181690 	 240.130920 	 1.000000 
34881.675781 	 47170.914062 	 24338.501953 	 49.817425 	 145.327530 	 225.939346 	 1.000000 
35088.976562 	 47265.277344 	 24351.761719 	 -42.488579 	 43.314915 	 267.695312 	 1.000000 
34876.656250 	 47444.890625 	 24409.662109 	 -65.119949 	 76.466637 	 233.755310 	 1.000000 
34918.242188 	 47269.953125 	 24400.982422 	 -3.620290 	 17.645462 	 242.538467 	 1.000000 
34862.757812 	 47510.871094 	 24233.615234 	 -34.257252 	 236.584747 	 211.198578 	 1.000000 
34842.589844 	 47552.460938 	 24388.859375 	 -116.081337 	 100.305122 	 134.545334 	 1.000000 
35103.023438 	 47214.011719 	 24277.908203 	 67.473747 	 68.704300 	 61.273342 	 1.000000 
34848.859375 	 47474.898438 	 24353.185547 	 55.093506 	 -13.061890 	 33.387768 	 1.000000 
34973.843750 	 47161.511719 	 24383.337891 	 53.020592 	 149.208817 	 142.057785 	 1.000000 
35051.929688 	 47340.953125 	 24357.769531 	 60.004829 	 243.628372 	 108.808411 	 1.000000 
34929.675781 	 47326.765625 	 24232.781250 	 34.090183 	 -63.542431 	 164.566269 	 1.000000 
35082.445312 	 47199.921875 	 24329.843750 	 9.283400 	 11.144034 	 310.848816 	 1.000000 
35118.527344 	 47489.187500 	 24215.390625 	 13.901790 	 190.907974 	 97.629807 	 1.000000 
34988.425781 	 47297.914062 	 24307.435547 	 -28.548517 	 275.966675 	 224.960876 	 1.000000 
35157.234375 	 47427.777344 	 24226.015625 	 26.563936 	 41.496727 	 121.585045 	 1.000000 
34999.531250 	 47156.425781 	 24407.943359 	 -102.657364 	 -5.179496 	 249.561813 	 1.000000 
35096.667969 	 47316.843750 	 24401.802734 	 75.956665 	 159.218781 	 173.425629 	 1.000000 
35119.574219 	 47453.179688 	 24312.164062 	 44.872860 	 201.232758 	 247.179062 	 1.000000 
34938.167969 	 47417.242188 	 24351.605469 	 -66.289413 	 23.489334 	 -42.591064 	 1.000000 
35055.472656 	 47165.753906 	 24425.222656 	 11.672097 	 98.573013 	 302.453125 	 1.000000 
35130.328125 	 47457.980469 	 24332.941406 	 27.100214 	 90.473961 	 38.362942 	 1.000000 
34930.800781 	 47479.257812 	 24421.291016 	 5.647441 	 7.124129 	 161.875153 	 1.000000 
35022.578125 	 47537.449219 	 24297.550781 	 39.204163 	 -40.612686 	 17.187857 	 1.000000 
34982.492188 	 47196.082031 	 24274.294922 	 -95.465660 	 15.368141 	 213.642273 	 1.000000 
34878.488281 	 47404.132812 	 24152.568359 	 77.692482 	 117.900185 	 174.826355 	 1.000000 
35095.468750 	 47530.492188 	 24189.914062 	 13.920294 	 158.803421 	 277.005554 	 1.000000 
34899.125000 	 47555.226562 	 24292.001953 	 -191.946533 	 45.488426 	 90.643578 	 1.000000 
35064.269531 	 47228.406250 	 24296.234375 	 97.975655 	 5.229972 	 299.067383 	 1.000000 
34893.546875 	 47368.031250 	 24235.466797 	 -195.550446 	 28.269951 	 295.173615 	 1.000000 
35096.894531 	 47571.234375 	 24287.595703 	 -145.678741 	 56.161934 	 180.111893 	 1.000000 
35171.148438 	 47641.050781 	 24263.902344 	 -49.049911 	 8.651093 	 82.647148 	 1.000000 
34850.472656 	 47440.347656 	 24244.126953 	 -102.906784 	 99.471779 	 82.031349 	 1.000000 
34982.023438 	 47438.421875 	 24309.861328 	 -34.930508 	 328.688629 	 78.747162 	 1.000000 
35027.464844 	 47338.734375 	 24347.638672 	 51.016426 	 274.215668 	 159.743378 	 1.000000 
34828.175781 	 47380.535156 	 24251.095703 	 -145.183731 	 -39.378208 	 188.488831 	 1.000000 
34841.234375 	 47422.437500 	 24435.220703 	 -191.409851 	 153.129791 	 86.164818 	 1.000000 
34928.992188 	 47456.921875 	 24360.832031 	 -152.646805 	 159.472839 	 135.646774 	 1.000000 
35015.042969 	 47380.957031 	 24417.152344 	 -22.708410 	 84.777016 	 290.255402 	 1.000000 
35065.277344 	 47246.496094 	 24277.076172 	 75.162552 	 86.558083 	 35.688786 	 1.000000 
35026.332031 	 47130.605469 	 24355.287109 	 21.124231 	 80.666252 	 302.411316 	 1.000000 
35004.273438 	 47221.011719 	 24322.126953 	 111.426361 	 10.552908 	 127.539688 	 1.000000 
35138.750000 	 47399.339844 	 24271.105469 	 -188.441971 	 32.486782 	 113.742577 	 1.000000 
34982.406250 	 47224.339844 	 24394.654297 	 65.355568 	 202.824921 	 143.148544 	 1.000000 
35111.304688 	 47254.042969 	 24328.203125 	 92.393585 	 151.265747 	 150.950638 	 1.000000 
35006.785156 	 47415.464844 	 24305.302734 	 73.585617 	 -16.671198 	 369.086456 	 1.000000 
34880.656250 	 47544.132812 	 24239.550781 	 -14.096086 	 41.752914 	 247.983566 	 1.000000 
35047.167969 	 47487.773438 	 24426.841797 	 -135.849167 	 74.980003 	 22.168451 	 1.000000 
34970.792969 	 47362.285156 	 24198.027344 	 -213.981842 	 -8.174948 	 218.341492 	 1.000000 
35017.031250 	 47298.375000 	 24426.673828 	 -206.830750 	 -93.945572 	 222.063461 	 1.000000 
35524.785156 	 47717.515625 	 24841.585938 	 -13.397726 	 -31.038973 	 121.827194 	 1.000000 
35633.968750 	 47691.222656 	 24769.550781 	 -4.504918 	 53.058781 	 -57.587151 	 1.000000 
35539.496094 	 47659.007812 	 24758.589844 	 55.400528 	 12.363997 	 128.888763 	 1.000000 
35675.003906 	 47604.324219 	 24881.478516 	 -120.599480 	 3.450835 	 199.458755 	 1.000000 
35384.472656 	 47612.507812 	 24889.240234 	 -14.846830 	 13.723253 	 332.311707 	 1.000000 
35319.796875 	 47642.433594 	 24883.617188 	 131.360107 	 -109.386833 	 60.653030 	 1.000000 
35769.808594 	 47631.718750 	 24877.566406 	 50.450516 	 -36.277821 	 161.099350 	 1.000000 
35701.726562 	 47782.195312 	 24659.427734 	 -16.386415 	 21.615372 	 52.697849 	 1.000000 
35757.683594 	 47840.207031 	 24832.003906 	 33.112526 	 -36.775715 	 70.293526 	 1.000000 
35626.164062 	 47849.777344 	 24703.351562 	 -44.603893 	 -174.866989 	 52.993343 	 1.000000 
35501.902344 	 47663.667969 	 24687.804688 	 -96.461098 	 -45.994667 	 349.979218 	 1.000000 
35772.476562 	 47637.656250 	 24926.234375 	 46.553173 	 -85.683159 	 167.666489 	 1.000000 
35465.675781 	 47690.414062 	 24759.734375 	 -128.859955 	 -96.169731 	 303.914581 	 1.000000 
35754.476562 	 47726.996094 	 24702.291016 	 -118.365532 	 187.167725 	 106.663940 	 1.000000 
35469.457031 	 47891.996094 	 24816.025391 	 -9.631675 	 85.807259 	 126.957207 	 1.000000 
35628.925781 	 47642.222656 	 24823.355469 	 100.535980 	 72.447914 	 -39.730953 	 1.000000 
35492.304688 	 47750.753906 	 24960.173828 	 34.402027 	 9.897621 	 155.422775 	 1.000000 
35640.218750 	 47729.851562 	 24764.871094 	 137.102966 	 87.077141 	 76.100632 	 1.000000 
35530.003906 	 47811.453125 	 24732.460938 	 2.633270 	 -75.535461 	 261.791412 	 1.000000 
35430.796875 	 47791.949219 	 24742.466797 	 -97.478485 	 174.612961 	 266.592773 	 1.000000 
35644.664062 	 47717.312500 	 24656.400391 	 -124.191490 	 -128.857880 	 146.310776 	 1.000000 
35652.140625 	 47835.285156 	 24779.750000 	 109.261787 	 -94.380493 	 220.595963 	 1.000000 
35556.218750 	 47627.167969 	 24818.314453 	 -67.118095 	 241.757965 	 32.593834 	 1.000000 
35673.273438 	 47620.597656 	 24790.615234 	 2.335141 	 -65.013420 	 157.914185 	 1.000000 
35735.812500 	 47709.621094 	 24806.822266 	 60.723660 	 -62.464077 	 264.195374 	 1.000000 
35507.980469 	 47908.523438 	 24840.089844 	 30.251535 	 51.588951 	 141.926346 	 1.000000 
35622.625000 	 47791.617188 	 24865.347656 	 -193.863785 	 130.810852 	 104.862679 	 1.000000 
35503.085938 	 47812.472656 	 24840.595703 	 -248.227478 	 68.387520 	 187.347122 	 1.000000 
35672.656250 	 47834.542969 	 24720.761719 	 -15.378998 	 -64.368607 	 219.337051 	 1.000000 
35510.601562 	 47897.992188 	 24873.500000 	 -177.124313 	 62.339287 	 32.588253 	 1.000000 
35613.246094 	 47782.218750 	 24810.814453 	 -127.213417 	 -119.644737 	 47.569008 	 1.000000 
35499.085938 	 47939.328125 	 24747.244141 	 45.207745 	 -4.688536 	 134.583038 	 1.000000 
35468.468750 	 47717.640625 	 25048.462891 	 30.853666 	 91.785225 	 39.474049 	 1.000000 
35462.941406 	 47767.753906 	 24754.138672 	 9.137402 	 -181.436172 	 333.559845 	 1.000000 
35611.472656 	 47749.906250 	 24739.486328 	 149.878922 	 -30.045885 	 246.962158 	 1.000000 
35561.972656 	 47742.296875 	 24913.871094 	 79.477859 	 -35.944233 	 235.410248 	 1.000000 
35443.914062 	 47645.839844 	 24838.013672 	 -58.279461 	 -177.261307 	 70.567207 	 1.000000 
35357.660156 	 47624.964844 	 24894.474609 	 -80.146690 	 -154.938995 	 118.493919 	 1.000000 
35520.265625 	 47732.304688 	 25026.451172 	 8.817623 	 -100.771263 	 -2.506610 	 1.000000 
35626.117188 	 47660.085938 	 24739.671875 	 -78.304703 	 -146.774506 	 97.275017 	 1.000000 
35762.867188 	 47708.398438 	 24920.527344 	 65.221092 	 -96.130379 	 89.114227 	 1.000000 
35539.062500 	 47652.113281 	 24777.011719 	 125.759697 	 21.960463 	 239.049225 	 1.000000 
35452.726562 	 47727.906250 	 24751.568359 	 160.533936 	 -2.585386 	 43.958908 	 1.000000 
35592.343750 	 47700.445312 	 24902.541016 	 136.101089 	 -15.948030 	 235.886536 	 1.000000 
35406.730469 	 47738.195312 	 24850.265625 	 -11.039714 	 155.322495 	 42.935223 	 1.000000 
35715.570312 	 47823.070312 	 24816.289062 	 -113.485069 	 -38.177261 	 150.793716 	 1.000000 
35349.648438 	 47785.042969 	 24850.150391 	 23.485153 	 16.722803 	 168.197525 	 1.000000 
35652.136719 	 47661.109375 	 24792.621094 	 -1.531338 	 61.762150 	 -53.690865 	 1.000000 
35627.839844 	 47741.589844 	 24720.767578 	 28.875593 	 -154.067200 	 123.411041 	 1.000000 
35551.730469 	 47772.207031 	 24671.107422 	 165.454727 	 -53.875095 	 165.832123 	 1.000000 
35422.781250 	 47849.925781 	 24827.785156 	 -22.395542 	 87.990227 	 141.356445 	 1.000000 
35751.683594 	 47763.156250 	 24674.914062 	 -99.465950 	 -127.174347 	 124.402840 	 1.000000 
35638.839844 	 47859.230469 	 24868.271484 	 -18.777239 	 -48.841667 	 -21.143309 	 1.000000 
35462.515625 	 47783.343750 	 24764.041016 	 -85.014252 	 -107.371223 	 82.977867 	 1.000000 
35477.042969 	 47907.734375 	 24831.300781 	 7.664879 	 50.955692 	 157.616516 	 1.000000 
35473.050781 	 47889.753906 	 24834.804688 	 -189.866226 	 51.605991 	 32.192776 	 1.000000 
35676.613281 	 47856.398438 	 24876.525391 	 -25.041914 	 -52.486145 	 13.825864 	 1.000000 
35542.296875 	 47752.539062 	 24864.210938 	 -79.268776 	 -314.191437 	 281.178131 	 1.000000 
35400.542969 	 47829.195312 	 24838.515625 	 65.016357 	 -75.628647 	 237.044800 	 1.000000 
35587.449219 	 47646.332031 	 24785.099609 	 -95.059746 	 242.053360 	 67.919731 	 1.000000 
37197.515625 	 47988.140625 	 25136.994141 	 83.307091 	 230.423752 	 110.417374 	 1.000000 
37223.660156 	 47958.179688 	 25053.375000 	 -13.887718 	 96.141983 	 167.540115 	 1.000000 
37189.285156 	 47962.593750 	 25135.164062 	 92.410431 	 228.553528 	 96.949837 	 1.000000 
37156.046875 	 47892.839844 	 25097.007812 	 -88.848076 	 -16.953127 	 142.520401 	 1.000000 
33444.257812 	 47465.464844 	 25217.658203 	 -31.503687 	 66.457153 	 93.902977 	 1.000000 
33425.085938 	 47432.906250 	 25227.101562 	 84.723740 	 35.598392 	 166.359772 	 1.000000 
33442.214844 	 47413.027344 	 25153.558594 	 -82.714645 	 106.595665 	 80.034348 	 1.000000 
33462.371094 	 47593.261719 	 25202.511719 	 -53.070881 	 -26.941202 	 125.168343 	 1.000000 
33440.656250 	 47473.703125 	 25340.148438 	 -41.159836 	 133.945862 	 99.622314 	 1.000000 
33370.921875 	 47472.531250 	 25146.060547 	 31.258862 	 -3.923725 	 145.135437 	 1.000000 
33367.015625 	 47428.058594 	 25244.255859 	 63.921322 	 -18.789930 	 154.051636 	 1.000000 
33405.253906 	 47467.527344 	 25134.630859 	 -62.867401 	 72.145370 	 97.108994 	 1.000000 
33390.316406 	 47436.652344 	 25214.101562 	 31.268389 	 -77.018547 	 139.867432 	 1.000000 
33396.488281 	 47465.128906 	 25103.839844 	 -79.089813 	 67.355171 	 68.539116 	 1.000000 
33442.652344 	 47531.527344 	 25308.095703 	 -40.541222 	 112.020760 	 53.582077 	 1.000000 
33385.683594 	 47386.996094 	 25223.205078 	 55.123585 	 24.985624 	 86.019997 	 1.000000 
33449.667969 	 48159.656250 	 25372.324219 	 -24.133577 	 -33.476879 	 122.088249 	 1.000000 
33418.707031 	 48186.160156 	 25386.089844 	 -43.705242 	 17.670795 	 124.406784 	 1.000000 
33464.929688 	 48202.562500 	 25354.837891 	 -5.903398 	 -10.943334 	 84.542244 	 1.000000 
36009.769531 	 47883.363281 	 25198.746094 	 -46.168907 	 -45.807999 	 115.364059 	 1.000000 
35938.179688 	 47988.414062 	 25138.021484 	 -61.953129 	 -106.611565 	 121.215233 	 1.000000 
35933.414062 	 47835.335938 	 25273.251953 	 -74.026810 	 -65.520432 	 129.426437 	 1.000000 
36056.867188 	 47777.218750 	 25268.734375 	 -44.519569 	 -82.738167 	 80.182755 	 1.000000 
36037.828125 	 47883.898438 	 25196.914062 	 -12.095300 	 -210.743729 	 69.678322 	 1.000000 
35966.414062 	 48001.593750 	 25139.998047 	 9.100024 	 -91.915344 	 143.770889 	 1.000000 
36008.992188 	 47822.910156 	 25231.130859 	 -83.273041 	 -86.906227 	 74.876617 	 1.000000 
35985.683594 	 47940.265625 	 25142.019531 	 -103.629349 	 -40.982700 	 200.668900 	 1.000000 
34671.671875 	 47517.515625 	 24511.863281 	 47.629353 	 62.342052 	 56.157150 	 1.000000 
34747.644531 	 47549.921875 	 24441.005859 	 28.247728 	 51.367470 	 -3.851441 	 1.000000 
34729.652344 	 47587.019531 	 24577.498047 	 0.196682 	 79.141190 	 78.765968 	 1.000000 
34672.925781 	 47435.839844 	 24444.703125 	 3.241352 	 53.388744 	 102.858871 	 1.000000 
34652.542969 	 47531.492188 	 24457.986328 	 70.649117 	 8.638357 	 56.031281 	 1.000000 
34736.644531 	 47590.554688 	 24496.076172 	 31.173784 	 31.037701 	 114.228920 	 1.000000 
34652.160156 	 47495.949219 	 24486.769531 	 91.504288 	 25.562700 	 29.155193 	 1.000000 
34640.691406 	 47570.140625 	 24505.177734 	 20.856806 	 62.380310 	 -19.663351 	 1.000000 
34681.910156 	 47511.046875 	 24447.636719 	 74.874008 	 106.425545 	 4.872790 	 1.000000 
36488.457031 	 47866.929688 	 25026.175781 	 -10.499096 	 72.829865 	 163.518417 	 1.000000 
36451.789062 	 48002.074219 	 24984.585938 	 -42.777870 	 64.892159 	 150.860901 	 1.000000 
36455.007812 	 47901.089844 	 25017.833984 	 -31.250389 	 -40.817135 	 114.521973 	 1.000000 
36519.203125 	 47900.554688 	 24983.517578 	 -44.654144 	 61.152138 	 135.491379 	 1.000000 
36473.945312 	 47837.843750 	 24985.953125 	 -39.794678 	 99.437904 	 146.791153 	 1.000000 
36500.000000 	 47820.964844 	 24999.357422 	 10.329473 	 58.851158 	 212.488403 	 1.000000 
37225.394531 	 46965.867188 	 24380.308594 	 -37.435089 	 125.825981 	 166.078964 	 1.000000 
37244.941406 	 46960.125000 	 24352.720703 	 -42.689041 	 188.843369 	 228.652054 	 1.000000 
37230.843750 	 46954.609375 	 24438.396484 	 -2.943880 	 118.034668 	 116.156235 	 1.000000 
35207.261719 	 47445.984375 	 24772.107422 	 26.439896 	 -5.170750 	 163.128250 	 1.000000 
35208.179688 	 47391.652344 	 24782.033203 	 33.592014 	 -12.590645 	 111.676193 	 1.000000 
34214.835938 	 48641.121094 	 25860.693359 	 -28.195921 	 -43.697990 	 127.348381 	 1.000000 
34257.925781 	 48662.300781 	 25808.669922 	 -32.302139 	 -75.465630 	 115.645721 	 1.000000 
37050.265625 	 47072.722656 	 24565.996094 	 -20.369413 	 108.192612 	 164.422180 	 1.000000 
37025.164062 	 47161.578125 	 24573.312500 	 -22.804100 	 75.500999 	 189.314880 	 1.000000 
33333.535156 	 47739.183594 	 25388.923828 	 -7.202765 	 7.819276 	 121.388283 	 1.000000 
34001.832031 	 47324.253906 	 24923.632812 	 -20.929562 	 53.191154 	 76.537498 	 1.000000 
34054.421875 	 47313.156250 	 24958.505859 	 -36.408352 	 2.010340 	 59.836620 	 1.000000 
35204.902344 	 47206.660156 	 24488.005859 	 -54.346832 	 -29.981880 	 138.825043 	 1.000000 
35167.480469 	 47208.191406 	 24537.476562 	 -74.263603 	 -31.253790 	 120.151085 	 1.000000 
35231.449219 	 47233.367188 	 24455.087891 	 9.320878 	 -50.002831 	 88.145363 	 1.000000 
36167.445312 	 47844.496094 	 25306.832031 	 -49.705154 	 7.660922 	 124.534317 	 1.000000 
35947.437500 	 47654.457031 	 25003.884766 	 -18.544125 	 3.382159 	 164.268433 	 1.000000 
35976.265625 	 47684.898438 	 25039.626953 	 0.601987 	 -48.170841 	 198.648544 	 1.000000 
35952.910156 	 47789.562500 	 24972.367188 	 23.079420 	 3.296639 	 227.422134 	 1.000000 
36157.640625 	 47921.105469 	 25649.138672 	 -33.715519 	 -73.321259 	 154.881454 	 1.000000 
33463.214844 	 47504.214844 	 25520.890625 	 -20.942949 	 67.253334 	 55.591270 	 1.000000 
33834.691406 	 46979.277344 	 23425.261719 	 -61.426884 	 56.493065 	 10.617852 	 1.000000 
33817.750000 	 46960.257812 	 23426.765625 	 -76.307648 	 53.160950 	 26.601313 	 1.000000 
33797.082031 	 46991.472656 	 23396.673828 	 -46.315594 	 69.731499 	 3.043451 	 1.000000 
34909.578125 	 46233.597656 	 23868.869141 	 -88.802246 	 131.922974 	 129.696182 	 1.000000 
34899.335938 	 46218.972656 	 23832.832031 	 -52.596107 	 168.294495 	 101.407280 	 1.000000 
35556.410156 	 47668.613281 	 25179.851562 	 43.561134 	 55.819557 	 146.768753 	 1.000000 
35563.488281 	 47682.253906 	 25259.697266 	 59.035606 	 59.039890 	 166.070450 	 1.000000 
35583.707031 	 47676.664062 	 25261.978516 	 49.114391 	 77.129684 	 192.994812 	 1.000000 
33578.570312 	 46952.109375 	 23944.939453 	 -22.841610 	 31.534122 	 79.521011 	 1.000000 
35468.101562 	 47112.875000 	 23792.484375 	 -108.887833 	 50.799881 	 225.297607 	 1.000000 
35487.226562 	 47113.226562 	 23780.394531 	 -145.637863 	 34.005249 	 254.512665 	 1.000000 
35455.398438 	 47079.687500 	 23803.939453 	 -100.524071 	 48.221386 	 245.181229 	 1.000000 
35471.777344 	 47100.054688 	 23771.615234 	 -92.698639 	 17.916157 	 229.637558 	 1.000000 
34130.980469 	 47591.441406 	 22902.220703 	 -74.374527 	 -110.138367 	 196.137512 	 1.000000 
34125.488281 	 47577.453125 	 22921.617188 	 -36.239616 	 -126.538101 	 189.916718 	 1.000000 
35724.445312 	 47036.425781 	 25997.394531 	 -15.577971 	 86.182037 	 87.757065 	 1.000000 
35201.726562 	 47612.074219 	 25011.929688 	 -11.646469 	 -105.831367 	 129.570297 	 1.000000 
35032.316406 	 46088.972656 	 23962.091797 	 -63.195103 	 144.421249 	 85.614090 	 1.000000 
34337.125000 	 47169.210938 	 23788.093750 	 -31.861935 	 39.181183 	 143.551941 	 1.000000 
34217.246094 	 48021.417969 	 25310.097656 	 -12.330519 	 -33.397442 	 107.497597 	 1.000000 
34178.453125 	 48042.941406 	 25283.189453 	 2.933581 	 -1.770988 	 103.116211 	 1.000000 
34226.046875 	 48042.113281 	 25310.587891 	 -41.307579 	 -17.384335 	 110.586411 	 1.000000 
34278.105469 	 46986.671875 	 22816.779297 	 -147.516037 	 80.808182 	 205.830429 	 1.000000 
34283.464844 	 47004.796875 	 22796.216797 	 -134.563065 	 74.897514 	 242.227844 	 1.000000 
36280.164062 	 47773.703125 	 25470.517578 	 13.022352 	 -34.579037 	 135.698410 	 1.000000 
34797.769531 	 47180.621094 	 24235.134766 	 27.249580 	 -95.267189 	 272.866638 	 1.000000 
36611.261719 	 47136.785156 	 24328.361328 	 -29.484217 	 133.395599 	 162.837219 	 1.000000 
36613.687500 	 47126.742188 	 24332.593750 	 -38.780472 	 100.812759 	 157.998810 	 1.000000 
36598.199219 	 47118.898438 	 24325.369141 	 -68.689941 	 143.199844 	 162.827972 	 1.000000 
34920.378906 	 46842.511719 	 24713.445312 	 -28.901339 	 163.307999 	 65.931969 	 1.000000 
34603.148438 	 46870.363281 	 22702.388672 	 -118.966774 	 -33.826275 	 194.780106 	 1.000000 
34593.027344 	 46880.253906 	 22723.326172 	 -137.378448 	 -43.978298 	 191.356155 	 1.000000 
36881.507812 	 47393.527344 	 24806.500000 	 -23.708138 	 123.693398 	 170.701157 	 1.000000 
34740.863281 	 47256.085938 	 24143.222656 	 46.240578 	 -124.775871 	 222.604431 	 1.000000 
34776.195312 	 47282.953125 	 24177.341797 	 65.685532 	 89.876503 	 224.342056 	 1.000000 
34689.921875 	 47226.574219 	 24098.240234 	 -1.155803 	 -90.487206 	 255.697220 	 1.000000 
36665.992188 	 48464.292969 	 25797.062500 	 16.760746 	 -40.813480 	 191.244888 	 1.000000 
36634.113281 	 48447.289062 	 25812.826172 	 8.677555 	 -30.035170 	 248.183777 	 1.000000 
36477.917969 	 47359.605469 	 24920.814453 	 -59.916401 	 64.566826 	 233.679413 	 1.000000 
36445.636719 	 47373.023438 	 24894.681641 	 -64.774612 	 50.068909 	 234.162216 	 1.000000 
36499.925781 	 47333.570312 	 24903.451172 	 -80.688599 	 53.437496 	 253.015015 	 1.000000 
35201.335938 	 47549.476562 	 24423.027344 	 -68.042213 	 186.955704 	 236.512329 	 1.000000 
35152.050781 	 47572.773438 	 24462.333984 	 -72.200180 	 82.950478 	 284.063202 	 1.000000 
35192.050781 	 47583.656250 	 24380.988281 	 10.289233 	 116.370895 	 114.437912 	 1.000000 
35215.156250 	 47553.476562 	 24424.501953 	 -115.500755 	 107.271721 	 220.060257 	 1.000000 
34405.859375 	 47802.597656 	 25218.919922 	 13.780996 	 -76.846497 	 157.829727 	 1.000000 
34410.667969 	 47817.320312 	 25226.486328 	 -4.989118 	 -79.074677 	 173.766083 	 1.000000 
35437.582031 	 48694.003906 	 25638.599609 	 5.645370 	 -40.014999 	 98.625259 	 1.000000 
36825.984375 	 47483.875000 	 25687.542969 	 -2.204221 	 133.087524 	 87.729462 	 1.000000 
33672.335938 	 47266.722656 	 25091.814453 	 -46.277546 	 30.778532 	 104.250267 	 1.000000 
35205.382812 	 47170.453125 	 24381.576172 	 -78.643257 	 -70.085350 	 196.715073 	 1.000000 
35203.875000 	 47141.304688 	 24421.289062 	 -92.557579 	 -45.266720 	 200.102127 	 1.000000 
35203.097656 	 47216.628906 	 24373.533203 	 2.584976 	 178.617325 	 141.680420 	 1.000000 
36674.976562 	 47400.257812 	 25693.388672 	 -13.110073 	 155.391907 	 95.998520 	 1.000000 
34869.656250 	 47003.726562 	 24434.707031 	 37.781815 	 7.368033 	 182.914505 	 1.000000 
34162.207031 	 47204.230469 	 22999.593750 	 -158.781464 	 -40.816109 	 237.249252 	 1.000000 
35767.671875 	 47653.574219 	 24629.697266 	 -104.000221 	 181.279388 	 121.148979 	 1.000000 
36964.214844 	 48300.535156 	 25211.982422 	 38.189800 	 104.023491 	 214.152084 	 1.000000 
35321.148438 	 46125.613281 	 24283.814453 	 -59.336868 	 138.398788 	 94.199463 	 1.000000 
34915.890625 	 47178.628906 	 24204.375000 	 -2.452365 	 140.432373 	 210.853912 	 1.000000 
34955.992188 	 47225.429688 	 24195.398438 	 -33.394936 	 163.525772 	 232.427368 	 1.000000 
35775.171875 	 47353.617188 	 25098.849609 	 -48.621201 	 166.798950 	 73.080788 	 1.000000 
35785.160156 	 47344.382812 	 25108.197266 	 -50.326191 	 181.620773 	 49.652615 	 1.000000 
36840.855469 	 46650.734375 	 24306.634766 	 -26.420452 	 85.873123 	 203.997787 	 1.000000 
35849.320312 	 47919.339844 	 24746.279297 	 -42.553806 	 -110.238922 	 59.899509 	 1.000000 
36339.562500 	 46806.476562 	 24134.765625 	 -46.231384 	 138.817184 	 150.308350 	 1.000000 
36322.121094 	 46797.996094 	 24112.429688 	 -26.627287 	 148.555878 	 159.145782 	 1.000000 
34982.593750 	 46634.625000 	 25132.814453 	 -32.530426 	 139.656982 	 78.556473 	 1.000000 
35393.792969 	 46057.230469 	 24402.875000 	 -63.195457 	 143.397751 	 90.132988 	 1.000000 
35416.222656 	 46050.808594 	 24402.222656 	 -60.475964 	 136.327820 	 86.997421 	 1.000000 
35400.886719 	 46069.566406 	 24387.742188 	 -55.541752 	 125.692642 	 101.473869 	 1.000000 
33787.339844 	 47218.566406 	 23319.613281 	 4.824738 	 82.435036 	 47.815594 	 1.000000 
35578.011719 	 48037.054688 	 24986.392578 	 13.588222 	 -125.567276 	 40.932556 	 1.000000 
34392.324219 	 46132.734375 	 23386.121094 	 -118.151199 	 102.847626 	 173.876144 	 1.000000 
36922.871094 	 47778.550781 	 25091.408203 	 4.704936 	 184.448685 	 110.838135 	 1.000000 
35544.156250 	 46930.515625 	 26334.763672 	 -10.408432 	 76.853333 	 90.778854 	 1.000000 
35524.039062 	 46927.683594 	 26303.730469 	 -13.501001 	 70.167503 	 110.630890 	 1.000000 
34876.242188 	 46306.714844 	 23727.189453 	 -59.912731 	 138.709366 	 100.454063 	 1.000000 
36162.484375 	 47817.671875 	 24882.076172 	 -62.853748 	 74.348633 	 192.528595 	 1.000000 
34579.679688 	 46828.437500 	 23548.052734 	 -81.551956 	 154.173553 	 112.302940 	 1.000000 
36548.566406 	 48610.343750 	 25560.085938 	 41.730217 	 -17.739782 	 70.863396 	 1.000000 
36535.558594 	 48651.847656 	 25550.160156 	 32.091545 	 -27.125961 	 76.711601 	 1.000000 
35156.542969 	 47675.070312 	 24513.533203 	 55.122398 	 16.361588 	 61.088871 	 1.000000 
35182.683594 	 47663.808594 	 24544.066406 	 72.739594 	 10.669316 	 55.617817 	 1.000000 
34660.000000 	 47169.707031 	 23802.500000 	 -25.651812 	 105.529221 	 171.846771 	 1.000000 
36087.246094 	 47246.515625 	 24762.287109 	 -74.332100 	 132.334808 	 181.373077 	 1.000000 
36051.738281 	 47257.281250 	 24758.921875 	 -70.824059 	 124.153358 	 202.315857 	 1.000000 
35649.496094 	 46958.496094 	 23912.005859 	 -95.619293 	 84.845177 	 218.141846 	 1.000000 
37083.601562 	 46679.093750 	 24154.056641 	 -10.214868 	 148.446335 	 149.835480 	 1.000000 
35420.929688 	 47865.828125 	 25210.388672 	 11.847243 	 -93.068115 	 147.256439 	 1.000000 
35598.593750 	 46523.566406 	 25831.236328 	 -35.793186 	 132.296494 	 107.912941 	 5.000000 
35341.222656 	 47433.437500 	 25036.646484 	 -125.607620 	 -64.999733 	 100.482132 	 1.000000 
35128.566406 	 47117.125000 	 25820.910156 	 -25.308651 	 79.147316 	 73.357430 	 1.000000 
34591.679688 	 47772.636719 	 23482.078125 	 -52.345905 	 -104.411469 	 193.877304 	 1.000000 
35761.546875 	 48127.847656 	 25173.419922 	 6.458470 	 -101.318108 	 61.486130 	 1.000000 
34716.996094 	 47324.156250 	 24319.544922 	 -76.455612 	 43.299885 	 271.217834 	 1.000000 
34733.171875 	 47319.820312 	 24328.980469 	 -60.958057 	 15.001856 	 249.721863 	 1.000000 
35626.371094 	 47466.152344 	 24913.478516 	 67.061531 	 61.723534 	 153.991669 	 1.000000 
34330.859375 	 48453.683594 	 25851.957031 	 -28.517792 	 -22.725046 	 130.603546 	 1.000000 
37137.195312 	 47907.683594 	 25362.818359 	 68.377464 	 -21.087530 	 290.600464 	 1.000000 
35152.312500 	 45945.453125 	 23676.488281 	 -85.583656 	 121.042023 	 126.831009 	 1.000000 
35293.574219 	 47781.703125 	 24416.294922 	 38.586723 	 34.784966 	 119.289070 	 1.000000 
35878.843750 	 47006.417969 	 24190.552734 	 -88.641632 	 96.516808 	 210.140411 	 1.000000 
35239.304688 	 47481.960938 	 24490.621094 	 -163.161896 	 89.330437 	 141.196793 	 1.000000 
35237.218750 	 47534.972656 	 24197.322266 	 -150.299576 	 72.128502 	 99.234787 	 1.000000 
36154.363281 	 47871.226562 	 25223.539062 	 -61.572399 	 -31.535168 	 88.720383 	 1.000000 
34283.296875 	 47562.617188 	 25023.375000 	 -0.800774 	 9.272072 	 76.698494 	 1.000000 
34209.324219 	 47448.554688 	 23187.058594 	 -52.931725 	 -131.615433 	 168.640289 	 1.000000 
33581.597656 	 47360.921875 	 25051.142578 	 -61.498974 	 83.900154 	 101.288536 	 1.000000 
36815.742188 	 48572.828125 	 25458.078125 	 25.000916 	 -44.539112 	 174.260590 	 1.000000 
34201.406250 	 47479.093750 	 23085.417969 	 -75.992485 	 -113.438324 	 182.538513 	 1.000000 
35662.656250 	 48181.546875 	 24861.761719 	 -3.308762 	 -85.366829 	 35.605347 	 1.000000 
34486.195312 	 47351.765625 	 23586.058594 	 -40.899796 	 -117.817657 	 189.395752 	 1.000000 
34163.566406 	 47564.410156 	 22972.703125 	 -74.564499 	 -100.010681 	 178.107681 	 1.000000 
34187.617188 	 47581.265625 	 22968.455078 	 -75.824646 	 -105.568474 	 187.811890 	 1.000000 
33470.480469 	 47192.769531 	 24068.927734 	 -21.051413 	 44.077667 	 79.495422 	 1.000000 
34728.648438 	 47787.027344 	 25298.953125 	 24.153988 	 -71.814293 	 127.819931 	 1.000000 
36002.007812 	 47563.285156 	 23662.535156 	 -79.190117 	 -8.289149 	 219.892990 	 1.000000 
34538.253906 	 47299.878906 	 23496.726562 	 -131.940903 	 12.143988 	 210.162048 	 1.000000 
34036.691406 	 46872.710938 	 23323.189453 	 -184.324371 	 -8.825019 	 97.785301 	 1.000000 
34743.359375 	 48094.859375 	 23417.410156 	 -33.370358 	 -98.926331 	 187.338806 	 1.000000 
34369.855469 	 47367.250000 	 24650.970703 	 15.460539 	 66.832817 	 46.277935 	 1.000000 
34379.246094 	 47242.789062 	 23946.892578 	 -98.478928 	 15.020074 	 221.536423 	 1.000000 
35040.496094 	 47515.226562 	 24887.695312 	 -35.137840 	 -11.406544 	 67.560394 	 1.000000 
34327.597656 	 47192.066406 	 22757.791016 	 -140.973740 	 -9.776682 	 204.553650 	 1.000000 
34339.636719 	 47194.167969 	 22757.726562 	 -148.324600 	 -29.139128 	 203.026993 	 1.000000 
35588.171875 	 47747.566406 	 25104.203125 	 23.242678 	 -134.422913 	 17.003120 	 1.000000 
35580.011719 	 47728.781250 	 25093.384766 	 20.567017 	 105.861504 	 130.495926 	 1.000000 
34743.945312 	 47176.078125 	 24126.791016 	 -8.131162 	 -100.377541 	 274.030273 	 1.000000 
36779.625000 	 46610.246094 	 24182.958984 	 -29.599760 	 86.041153 	 213.513260 	 1.000000 
34806.386719 	 47085.925781 	 24491.343750 	 45.964169 	 -0.849841 	 216.690918 	 1.000000 
35314.593750 	 47409.128906 	 24255.345703 	 -47.353016 	 114.030151 	 95.016960 	 1.000000 
35079.917969 	 47111.144531 	 24334.345703 	 47.849426 	 -78.134102 	 68.684143 	 1.000000 
33309.234375 	 47294.339844 	 25146.416016 	 15.321469 	 98.596176 	 112.564606 	 1.000000 
35658.605469 	 48519.085938 	 25539.246094 	 -0.525990 	 1.578838 	 49.550030 	 1.000000 
36996.750000 	 46913.097656 	 24829.916016 	 -29.427597 	 108.567467 	 207.917450 	 1.000000 
37005.628906 	 46923.089844 	 24838.707031 	 -31.426090 	 113.173462 	 203.761368 	 1.000000 
34283.144531 	 47107.410156 	 22915.132812 	 -112.816139 	 -8.185729 	 262.343170 	 1.000000 
34269.476562 	 47097.527344 	 22933.445312 	 -105.667061 	 -7.758259 	 255.852798 	 1.000000 
35110.937500 	 47313.070312 	 24187.671875 	 -10.423381 	 181.595520 	 270.287140 	 1.000000 
35099.390625 	 47296.144531 	 24201.994141 	 27.754385 	 -10.702688 	 235.579971 	 1.000000 
35970.570312 	 47870.863281 	 24693.177734 	 47.399204 	 17.390511 	 145.885406 	 1.000000 
35923.230469 	 47851.660156 	 24490.904297 	 -91.567413 	 102.143585 	 163.514481 	 1.000000 
35182.917969 	 47292.015625 	 24501.191406 	 -140.333420 	 108.213448 	 63.371204 	 1.000000 
35208.500000 	 47288.968750 	 24499.632812 	 -52.284779 	 -52.996449 	 150.342270 	 1.000000 
37053.992188 	 47496.171875 	 24972.890625 	 -14.331350 	 179.112488 	 116.015709 	 1.000000 
34648.566406 	 47489.351562 	 24108.431641 	 -25.043844 	 89.832924 	 97.768181 	 1.000000 
33979.964844 	 47249.660156 	 23824.394531 	 -60.131989 	 77.861023 	 124.538437 	 1.000000 
35857.171875 	 47113.433594 	 24604.902344 	 -98.003448 	 95.653725 	 209.876373 	 1.000000 
35717.214844 	 47215.703125 	 25419.062500 	 -26.557503 	 136.413391 	 69.903313 	 1.000000 
36432.582031 	 48876.082031 	 24988.267578 	 17.232227 	 -86.683235 	 222.937363 	 1.000000 
34486.218750 	 47354.343750 	 24213.662109 	 14.031557 	 109.221687 	 187.261566 	 1.000000 
36924.492188 	 47903.742188 	 25266.759766 	 59.278915 	 15.422676 	 128.991776 	 1.000000 
34266.246094 	 47417.738281 	 24636.908203 	 34.363968 	 80.351448 	 106.053917 	 1.000000 
35660.445312 	 47479.710938 	 25118.509766 	 -37.713680 	 138.961243 	 30.018177 	 1.000000 
34185.457031 	 47502.921875 	 24843.908203 	 -9.495646 	 80.567772 	 76.784271 	 1.000000 
35266.121094 	 47530.949219 	 25092.900391 	 -95.419991 	 -77.636230 	 73.583221 	 1.000000 
35162.332031 	 47795.851562 	 24760.978516 	 102.748207 	 -29.361130 	 66.470284 	 1.000000 
36082.652344 	 48539.433594 	 25511.416016 	 16.142977 	 -45.194431 	 78.572647 	 1.000000 
35849.214844 	 47589.082031 	 24922.222656 	 26.633236 	 -81.483025 	 199.330551 	 1.000000 
34514.648438 	 47163.886719 	 24114.181641 	 -28.637819 	 160.822357 	 180.212524 	 1.000000 
35388.445312 	 47966.441406 	 25182.576172 	 -6.269970 	 -89.344337 	 135.289825 	 1.000000 
35404.917969 	 48768.335938 	 25859.830078 	 1.573474 	 -35.709808 	 100.317108 	 1.000000 
34762.171875 	 47215.812500 	 24053.998047 	 -10.798089 	 -123.889091 	 254.375229 	 1.000000 
34728.906250 	 47206.667969 	 24063.970703 	 76.204277 	 5.082831 	 161.437439 	 1.000000 
33918.410156 	 47228.121094 	 23801.572266 	 -5.094452 	 -99.140953 	 128.607468 	 1.000000 
35743.585938 	 47773.351562 	 25147.496094 	 -101.435829 	 -21.248878 	 110.595779 	 1.000000 
34587.695312 	 47356.128906 	 24254.111328 	 40.777000 	 92.779106 	 184.154755 	 1.000000 
34595.273438 	 47372.093750 	 24217.267578 	 -65.744751 	 110.927330 	 78.133461 	 1.000000 
35722.328125 	 47750.019531 	 25199.828125 	 -112.101463 	 81.958717 	 159.860855 	 1.000000 
35553.003906 	 48828.136719 	 25840.888672 	 -3.715503 	 -37.300533 	 99.537582 	 1.000000 
36846.023438 	 48514.636719 	 25460.035156 	 10.658381 	 -35.364758 	 188.327988 	 1.000000 
34028.207031 	 48288.285156 	 25840.875000 	 -26.116945 	 -36.107872 	 132.999329 	 1.000000 
36788.246094 	 47749.027344 	 25559.158203 	 -0.999237 	 73.836479 	 217.457535 	 1.000000 
34786.601562 	 47781.562500 	 24880.621094 	 47.310337 	 -16.138802 	 67.738190 	 1.000000 
36230.562500 	 48237.218750 	 25161.697266 	 17.455683 	 -67.115707 	 53.937393 	 1.000000 
36221.890625 	 48234.667969 	 25153.521484 	 18.076195 	 -59.885468 	 47.646095 	 1.000000 
36164.425781 	 48095.652344 	 24857.251953 	 -70.393639 	 110.884995 	 189.249817 	 1.000000 
35141.914062 	 47516.039062 	 24642.396484 	 -69.139175 	 65.889877 	 229.565445 	 1.000000 
35020.253906 	 47336.093750 	 24537.460938 	 -30.366158 	 151.342117 	 267.483215 	 1.000000 
35775.789062 	 46857.039062 	 26474.742188 	 -8.224545 	 75.255905 	 101.337601 	 1.000000 
35547.570312 	 47397.781250 	 24955.564453 	 -109.641823 	 150.446701 	 154.883316 	 1.000000 
35561.480469 	 47378.253906 	 24985.396484 	 -27.645344 	 174.805237 	 47.807499 	 1.000000 
34486.281250 	 47842.425781 	 25354.833984 	 9.659186 	 -81.643204 	 137.386292 	 1.000000 
35030.582031 	 47136.746094 	 24744.125000 	 -3.905856 	 -23.235350 	 150.014542 	 1.000000 
35485.343750 	 47532.554688 	 25008.781250 	 70.430511 	 -62.803493 	 -7.625137 	 1.000000 
34931.976562 	 45888.128906 	 23817.998047 	 -80.544136 	 129.600906 	 125.505013 	 1.000000 
34582.867188 	 46369.535156 	 23980.902344 	 -75.835548 	 137.643539 	 118.104454 	 1.000000 
36236.699219 	 47583.574219 	 25044.074219 	 -34.853680 	 135.846436 	 68.279449 	 1.000000 
35686.675781 	 47535.390625 	 24843.708984 	 -122.409637 	 180.720169 	 169.171646 	 1.000000 
34249.085938 	 47507.714844 	 24657.177734 	 17.165867 	 53.621136 	 73.320351 	 1.000000 
35800.218750 	 47726.570312 	 24957.800781 	 -145.324478 	 -57.605633 	 142.634857 	 1.000000 
34046.687500 	 47333.980469 	 26207.539062 	 -83.680412 	 92.573807 	 94.747597 	 1.000000 
35189.273438 	 47229.816406 	 24178.287109 	 20.051237 	 93.927681 	 85.659843 	 1.000000 
35972.035156 	 47657.843750 	 25197.738281 	 -63.966221 	 -14.190089 	 96.541794 	 1.000000 
35778.058594 	 47062.375000 	 26173.326172 	 -20.383738 	 116.189056 	 101.532455 	 1.000000 
35157.265625 	 47337.078125 	 24355.634766 	 -189.101395 	 77.480011 	 111.109970 	 1.000000 
36703.546875 	 47406.332031 	 25930.720703 	 -2.636335 	 121.173828 	 89.261917 	 1.000000 
33496.175781 	 48213.707031 	 25312.216797 	 -89.382767 	 -39.431679 	 116.908188 	 1.000000 
37097.085938 	 47556.308594 	 24858.623047 	 -17.380413 	 172.719467 	 133.647415 	 1.000000 
35690.425781 	 46940.371094 	 25519.644531 	 -34.257317 	 147.086075 	 92.287323 	 1.000000 
35549.542969 	 48715.324219 	 25740.292969 	 -5.324424 	 -37.586605 	 97.106171 	 1.000000 
36033.156250 	 48219.058594 	 24856.880859 	 -42.295696 	 -37.490574 	 159.968994 	 1.000000 
34019.042969 	 47942.351562 	 24889.914062 	 -4.085258 	 -88.749367 	 181.030136 	 1.000000 
36122.894531 	 48013.183594 	 24944.169922 	 -3.240634 	 -100.235229 	 60.236366 	 1.000000 
33987.734375 	 47308.968750 	 25390.220703 	 -44.319267 	 38.115852 	 63.966320 	 1.000000 
34572.804688 	 47307.574219 	 23772.609375 	 -36.644161 	 -116.429535 	 207.541565 	 1.000000 
33733.066406 	 47129.851562 	 23279.462891 	 1.479214 	 167.224976 	 64.270233 	 1.000000 
35680.839844 	 47135.863281 	 25748.089844 	 -11.789230 	 114.097572 	 86.769867 	 1.000000 
35689.417969 	 47121.812500 	 25768.906250 	 -28.007797 	 129.010956 	 88.347885 	 1.000000 
36014.609375 	 47164.730469 	 22734.214844 	 -77.653122 	 25.431601 	 173.794052 	 1.000000 
34368.300781 	 47177.335938 	 22709.632812 	 -88.584831 	 -16.615757 	 238.795441 	 1.000000 
33683.742188 	 47368.988281 	 25733.439453 	 -18.129395 	 77.533264 	 91.155785 	 1.000000 
36600.636719 	 48204.023438 	 24734.208984 	 -16.771286 	 -28.979362 	 117.528030 	 1.000000 
35850.765625 	 47899.597656 	 24891.824219 	 -32.762135 	 -47.569168 	 162.311966 	 1.000000 
34038.664062 	 46994.769531 	 24229.580078 	 5.568155 	 15.121680 	 103.363029 	 1.000000 
37090.984375 	 46936.953125 	 24585.574219 	 -17.436766 	 119.797729 	 172.434341 	 1.000000 
36116.664062 	 47921.101562 	 25371.287109 	 -29.855217 	 -150.637650 	 205.091553 	 1.000000 
34384.605469 	 46933.347656 	 23441.562500 	 -32.751049 	 -49.415508 	 102.906090 	 1.000000 
34786.679688 	 46806.917969 	 23928.033203 	 -56.609760 	 162.891113 	 133.970352 	 1.000000 
36614.808594 	 47718.414062 	 25050.078125 	 -30.108541 	 55.344219 	 154.119324 	 1.000000 
36621.132812 	 47713.800781 	 25067.423828 	 -8.871260 	 137.267181 	 74.471573 	 1.000000 
36071.429688 	 46799.156250 	 23955.636719 	 -71.806725 	 86.208260 	 206.029755 	 1.000000 
35401.390625 	 47021.414062 	 25968.482422 	 -16.798513 	 81.706795 	 81.116104 	 1.000000 
35403.136719 	 47864.726562 	 24972.966797 	 -97.322578 	 14.835125 	 118.529388 	 1.000000 
34279.074219 	 47160.367188 	 23611.664062 	 -93.278191 	 5.467156 	 154.577301 	 1.000000 
34575.308594 	 47340.179688 	 22603.919922 	 -119.511719 	 -2.091894 	 196.097534 	 1.000000 
34277.250000 	 47309.039062 	 23384.177734 	 -76.685135 	 -114.291672 	 185.226349 	 1.000000 
35566.160156 	 47702.031250 	 24520.130859 	 -131.348602 	 117.875587 	 191.480667 	 1.000000 
33768.613281 	 46869.980469 	 23344.701172 	 -84.897758 	 -125.619148 	 172.787369 	 1.000000 
35232.730469 	 47243.750000 	 24411.851562 	 -74.220963 	 -85.745926 	 187.854401 	 1.000000 
34440.453125 	 46715.667969 	 23660.169922 	 -50.162788 	 -50.352154 	 153.661621 	 1.000000 
34265.289062 	 47709.570312 	 24748.308594 	 11.154310 	 -95.048500 	 175.600204 	 1.000000 
34659.984375 	 47232.402344 	 24059.511719 	 -8.353163 	 -97.229942 	 254.598587 	 1.000000 
34671.062500 	 47230.566406 	 24031.347656 	 -50.311497 	 58.075321 	 152.438187 	 1.000000 
33379.207031 	 47550.843750 	 25226.667969 	 -35.676918 	 32.497066 	 78.571587 	 1.000000 
36722.125000 	 46842.246094 	 23261.480469 	 -58.975269 	 48.042374 	 195.271103 	 1.000000 
33960.109375 	 48059.578125 	 25179.275391 	 -22.138723 	 -0.026222 	 112.212608 	 1.000000 
34389.101562 	 48308.359375 	 25797.464844 	 -15.930868 	 -37.252960 	 138.593063 	 1.000000 
35086.253906 	 48080.781250 	 25134.623047 	 20.332954 	 -96.783638 	 82.669281 	 1.000000 
35240.078125 	 47336.675781 	 24610.001953 	 -100.200653 	 121.986649 	 70.741257 	 1.000000 
35245.187500 	 47338.765625 	 24588.062500 	 -173.667404 	 43.637611 	 226.699142 	 1.000000 
36662.128906 	 47167.851562 	 24750.011719 	 -28.987753 	 117.815392 	 171.556183 	 1.000000 
35377.566406 	 47920.316406 	 24485.765625 	 -5.933208 	 62.883232 	 151.814285 	 1.000000 
35227.816406 	 47732.140625 	 24402.542969 	 8.930658 	 0.863597 	 108.797531 	 1.000000 
33900.550781 	 47656.980469 	 24728.013672 	 0.682719 	 -66.973671 	 165.020203 	 1.000000 
35369.457031 	 46278.675781 	 24316.755859 	 -60.451286 	 137.661774 	 90.637184 	 1.000000 
36326.304688 	 48131.589844 	 25342.720703 	 24.074242 	 -114.665901 	 116.445686 	 1.000000 
36272.367188 	 47650.402344 	 25128.445312 	 -26.357590 	 -88.308067 	 168.807816 	 1.000000 
35999.019531 	 47889.425781 	 25310.373047 	 -40.589527 	 -171.483459 	 207.215897 	 1.000000 
33436.289062 	 46935.304688 	 24003.421875 	 -16.953569 	 26.070484 	 78.733002 	 1.000000 
34934.300781 	 46337.976562 	 23872.984375 	 -73.707062 	 133.422791 	 87.771492 	 1.000000 
37002.792969 	 47999.761719 	 24890.091797 	 26.210850 	 -37.472294 	 169.215591 	 1.000000 
35964.082031 	 47555.164062 	 23553.591797 	 -68.208534 	 -28.856022 	 221.553024 	 1.000000 
35966.914062 	 47564.605469 	 23550.312500 	 -75.204712 	 -28.813959 	 219.420853 	 1.000000 
36098.523438 	 47087.328125 	 22921.273438 	 -76.099205 	 28.135777 	 180.409348 	 1.000000 
36252.308594 	 48189.593750 	 24860.316406 	 -3.838612 	 -66.337715 	 67.512070 	 1.000000 
34535.742188 	 47848.921875 	 25350.687500 	 9.175221 	 -75.164986 	 151.737518 	 1.000000 
34988.539062 	 47960.875000 	 25225.470703 	 26.013800 	 -84.196983 	 84.483345 	 1.000000 
35009.746094 	 47370.726562 	 24604.960938 	 -50.408890 	 153.037018 	 216.354706 	 1.000000 
34775.269531 	 47133.238281 	 23817.457031 	 -15.237692 	 -13.513938 	 196.499268 	 1.000000 
34751.703125 	 47411.632812 	 24295.779297 	 -175.232529 	 79.885620 	 142.067627 	 1.000000 
34731.613281 	 47397.414062 	 24276.509766 	 38.348114 	 90.909561 	 135.161545 	 1.000000 
35149.691406 	 47510.085938 	 24430.052734 	 -80.407722 	 188.509018 	 251.888870 	 1.000000 
36735.839844 	 47933.234375 	 25496.462891 	 20.422461 	 -68.980316 	 176.689102 	 1.000000 
34682.421875 	 47286.097656 	 24022.611328 	 8.508143 	 -125.625885 	 227.308289 	 1.000000 
35260.621094 	 47757.480469 	 24554.716797 	 78.516182 	 14.447628 	 73.758209 	 1.000000 
36215.031250 	 48126.757812 	 24809.242188 	 -21.257259 	 -39.301266 	 149.055344 	 1.000000 
35238.421875 	 47640.546875 	 24410.322266 	 -47.692387 	 155.087173 	 219.133987 	 1.000000 
34185.460938 	 47019.050781 	 23682.482422 	 -15.848818 	 -104.549988 	 131.449692 	 1.000000 
36245.695312 	 47997.050781 	 25298.042969 	 -60.615353 	 -53.399815 	 167.835083 	 1.000000 
35665.078125 	 46536.496094 	 26339.755859 	 -32.235046 	 126.296036 	 122.448936 	 1.000000 
36102.562500 	 47581.261719 	 25079.003906 	 -39.943169 	 -79.779503 	 157.344864 	 1.000000 
34179.300781 	 47429.476562 	 23103.250000 	 -83.480881 	 -105.745079 	 186.878113 	 1.000000 
36368.757812 	 47101.925781 	 22922.798828 	 -66.682953 	 42.998127 	 180.594177 	 1.000000 
35072.445312 	 47471.429688 	 24154.621094 	 -181.424210 	 18.418367 	 106.981438 	 1.000000 
35281.589844 	 45874.195312 	 23621.923828 	 -85.549393 	 119.039177 	 121.677505 	 1.000000 
36055.246094 	 47686.246094 	 25104.097656 	 -16.004547 	 -103.015366 	 147.431717 	 1.000000 
35512.843750 	 49072.902344 	 25988.371094 	 -1.993120 	 -18.253279 	 103.309555 	 1.000000 
35281.382812 	 47731.160156 	 24258.806641 	 -54.127422 	 174.290329 	 137.378235 	 1.000000 
34603.289062 	 47207.230469 	 24325.115234 	 69.123352 	 58.876839 	 105.528816 	 1.000000 
36439.906250 	 48118.531250 	 25007.203125 	 -49.098270 	 99.975624 	 215.479294 	 1.000000 
36962.691406 	 46959.894531 	 24238.888672 	 -12.128745 	 138.084656 	 165.392426 	 1.000000 
35412.312500 	 47897.171875 	 24567.070312 	 -9.073713 	 115.207077 	 141.168716 	 1.000000 
35406.414062 	 47873.347656 	 24579.283203 	 28.851456 	 120.280785 	 115.574028 	 1.000000 
33964.761719 	 47115.003906 	 23027.705078 	 35.122955 	 36.084846 	 176.394348 	 1.000000 
36550.109375 	 48157.988281 	 25559.693359 	 17.644089 	 -105.597084 	 223.757233 	 1.000000 
35386.050781 	 48114.453125 	 23918.679688 	 -52.531372 	 -83.411911 	 224.120285 	 1.000000 
35185.261719 	 46343.792969 	 24050.853516 	 -89.302841 	 136.945267 	 130.071915 	 1.000000 
35972.750000 	 48935.730469 	 24443.849609 	 -11.108459 	 -76.476547 	 218.763107 	 2.000000 
36830.121094 	 46879.289062 	 24349.896484 	 -17.575331 	 150.005722 	 153.035187 	 1.000000 
33790.382812 	 46898.722656 	 23361.605469 	 -86.597717 	 -129.606750 	 164.506760 	 1.000000 
34712.003906 	 47149.214844 	 24227.439453 	 55.133930 	 8.235210 	 200.102890 	 1.000000 
34844.859375 	 47954.871094 	 25363.917969 	 19.001684 	 -60.557629 	 93.856453 	 1.000000 
35711.089844 	 46793.707031 	 23516.378906 	 -86.771950 	 71.679443 	 204.875565 	 1.000000 
35718.351562 	 48480.558594 	 25376.720703 	 -0.328455 	 -9.680490 	 47.703506 	 1.000000 
35285.136719 	 47677.609375 	 25129.027344 	 -52.246407 	 -17.618551 	 58.900955 	 1.000000 
34318.722656 	 47349.882812 	 25857.033203 	 -50.597977 	 99.837982 	 90.760506 	 1.000000 
35347.304688 	 47628.855469 	 24955.402344 	 111.326599 	 23.207287 	 147.082840 	 1.000000 
34330.542969 	 46541.144531 	 23480.937500 	 -49.169769 	 128.033020 	 74.052284 	 1.000000 
35560.480469 	 47838.980469 	 24598.021484 	 44.129410 	 3.966067 	 137.652191 	 1.000000 
35774.281250 	 47082.886719 	 23219.402344 	 -89.845688 	 31.412289 	 197.823593 	 1.000000 
34269.292969 	 46624.394531 	 23673.025391 	 -73.398827 	 138.182220 	 92.185066 	 1.000000 
35788.308594 	 47767.109375 	 24887.923828 	 48.446915 	 -110.457100 	 218.895599 	 1.000000 
34745.730469 	 47046.523438 	 23857.921875 	 18.842714 	 -28.260141 	 173.821945 	 1.000000 
34395.593750 	 47316.117188 	 23415.412109 	 -71.429092 	 -111.394012 	 188.636719 	 1.000000 
33942.597656 	 47117.929688 	 23141.996094 	 -100.127800 	 -5.948927 	 47.571453 	 1.000000 
36754.980469 	 48533.402344 	 25481.214844 	 14.963450 	 -25.065687 	 190.703217 	 1.000000 
35331.078125 	 47800.664062 	 24896.412109 	 -114.849937 	 -136.681595 	 131.498047 	 1.000000 
35521.718750 	 48412.031250 	 25494.843750 	 6.053778 	 -2.427065 	 46.427761 	 1.000000 
34755.699219 	 47516.542969 	 24261.802734 	 26.976730 	 148.992599 	 168.929306 	 1.000000 
36548.812500 	 47268.121094 	 25008.595703 	 -47.381863 	 98.099014 	 198.545074 	 1.000000 
34031.703125 	 47412.398438 	 25057.310547 	 -23.146736 	 63.630463 	 73.830009 	 1.000000 
35619.984375 	 47712.054688 	 25066.851562 	 3.312705 	 112.872467 	 111.960922 	 1.000000 
34469.921875 	 46745.519531 	 23741.238281 	 -67.866722 	 2.631331 	 166.186691 	 1.000000 
36778.761719 	 47760.621094 	 23901.066406 	 -55.423241 	 -5.919549 	 228.595749 	 1.000000 
36342.160156 	 47988.468750 	 24901.001953 	 -31.079941 	 -70.501480 	 96.481094 	 1.000000 
36527.625000 	 48026.023438 	 25495.572266 	 6.194351 	 -103.026184 	 218.980255 	 1.000000 
35663.269531 	 48367.343750 	 25535.208984 	 19.828564 	 -91.000183 	 126.431541 	 1.000000 
34464.890625 	 46240.144531 	 23671.257812 	 -98.600945 	 136.189285 	 112.414635 	 1.000000 
36424.175781 	 48483.410156 	 25523.892578 	 32.008335 	 -46.842411 	 83.723022 	 1.000000 
35998.308594 	 47861.726562 	 25528.064453 	 -72.848183 	 -90.343620 	 207.302383 	 1.000000 
35755.296875 	 49012.640625 	 24025.109375 	 -14.005834 	 -73.669754 	 206.019211 	 2.000000 
35597.222656 	 47385.730469 	 25388.576172 	 -15.289630 	 112.982216 	 48.380478 	 1.000000 
34977.523438 	 47833.519531 	 24402.445312 	 -77.131233 	 73.596680 	 177.123642 	 1.000000 
34561.234375 	 48198.167969 	 25656.968750 	 -5.579335 	 -48.719124 	 125.774506 	 1.000000 
37053.199219 	 47051.992188 	 24663.343750 	 -44.325943 	 141.679276 	 162.151245 	 1.000000 
37091.968750 	 47703.644531 	 25479.349609 	 -0.940725 	 130.638168 	 232.129166 	 1.000000 
34455.652344 	 47181.222656 	 23816.466797 	 -58.187286 	 19.439138 	 181.519196 	 1.000000 
35190.066406 	 47461.988281 	 24429.519531 	 -123.669395 	 -95.510376 	 273.766205 	 1.000000 
33982.031250 	 46987.632812 	 24206.935547 	 7.583728 	 21.278410 	 98.456291 	 1.000000 
36925.796875 	 46561.367188 	 24313.603516 	 -35.418194 	 65.992828 	 218.996109 	 1.000000 
34654.835938 	 47172.710938 	 24231.285156 	 72.879150 	 -77.933411 	 172.951263 	 1.000000 
35243.355469 	 47854.277344 	 25200.736328 	 57.742287 	 -87.972580 	 62.115459 	 1.000000 
36320.214844 	 47118.992188 	 24802.500000 	 -56.713604 	 115.859116 	 177.954987 	 1.000000 
36774.386719 	 47120.964844 	 24747.417969 	 -17.504725 	 116.090569 	 184.024033 	 1.000000 
33596.015625 	 47234.437500 	 24191.345703 	 -19.481771 	 54.452663 	 82.979874 	 1.000000 
36707.667969 	 47780.640625 	 23993.046875 	 -53.681545 	 -2.447813 	 229.667374 	 1.000000 
36106.753906 	 47837.125000 	 25222.837891 	 -86.748634 	 16.012081 	 135.030945 	 1.000000 
33473.820312 	 47300.289062 	 25219.716797 	 -77.772751 	 94.887283 	 109.717239 	 1.000000 
34159.566406 	 46622.726562 	 23442.757812 	 -112.899910 	 -19.170324 	 125.623383 	 1.000000 
36460.734375 	 47431.156250 	 25433.666016 	 -17.264389 	 143.578674 	 86.366959 	 1.000000 
35432.527344 	 47842.902344 	 24629.273438 	 3.115993 	 153.494110 	 129.184296 	 1.000000 
35011.609375 	 47152.414062 	 23711.228516 	 -114.398857 	 47.287769 	 232.201431 	 1.000000 
36509.878906 	 47434.703125 	 25525.958984 	 -11.441764 	 149.698715 	 87.103584 	 1.000000 
36581.781250 	 47687.390625 	 23694.519531 	 -59.581146 	 0.276246 	 217.888519 	 1.000000 
36802.144531 	 48579.070312 	 24083.173828 	 -24.549086 	 -43.425613 	 233.630676 	 4.000000 
33973.796875 	 46996.968750 	 23373.220703 	 -59.354919 	 -95.071373 	 222.620407 	 1.000000 
36465.312500 	 47265.687500 	 24796.742188 	 -50.597149 	 120.507851 	 193.278625 	 1.000000 
36315.175781 	 48195.457031 	 24831.244141 	 -34.960144 	 -34.458309 	 139.578842 	 1.000000 
35828.011719 	 47644.546875 	 24753.732422 	 -89.913109 	 187.537842 	 85.776985 	 1.000000 
33529.511719 	 47323.296875 	 25152.064453 	 -40.725128 	 65.705742 	 168.274017 	 1.000000 
34022.562500 	 48064.570312 	 23022.539062 	 -39.221279 	 -112.344757 	 167.219452 	 1.000000 
34305.121094 	 47785.207031 	 25126.478516 	 12.963534 	 -81.714851 	 175.459473 	 1.000000 
36032.671875 	 47560.738281 	 23779.560547 	 -77.375359 	 -16.049496 	 217.520706 	 1.000000 
35303.476562 	 47207.644531 	 24004.351562 	 -126.769119 	 13.208803 	 250.211899 	 1.000000 
34375.238281 	 47839.781250 	 25151.183594 	 24.543919 	 -41.142548 	 153.537659 	 1.000000 
34092.484375 	 47076.863281 	 23098.011719 	 -224.077637 	 -23.119946 	 199.122940 	 1.000000 
34631.542969 	 48565.464844 	 26277.177734 	 -21.287981 	 13.624893 	 103.105324 	 1.000000 
35819.484375 	 47668.910156 	 25111.960938 	 -2.801585 	 31.414968 	 77.229141 	 1.000000 
35915.984375 	 47782.546875 	 25604.507812 	 -13.054724 	 -63.026669 	 172.425293 	 1.000000 
36079.746094 	 47613.617188 	 23916.957031 	 -76.140030 	 -13.432891 	 227.373032 	 1.000000 
36242.398438 	 47609.402344 	 25169.224609 	 -73.554756 	 83.720482 	 225.565842 	 1.000000 
34775.644531 	 47236.343750 	 23900.449219 	 -13.708508 	 123.855209 	 188.669266 	 1.000000 
35016.136719 	 48948.972656 	 26020.304688 	 -13.606674 	 -27.984171 	 115.702599 	 1.000000 
36189.671875 	 47845.542969 	 24853.148438 	 -73.168808 	 -48.411911 	 138.013672 	 1.000000 
34285.546875 	 48123.214844 	 25087.609375 	 -13.746077 	 -30.898109 	 89.288200 	 1.000000 
34288.968750 	 47162.679688 	 24289.876953 	 29.215391 	 35.350124 	 102.324562 	 1.000000 
34346.953125 	 48217.042969 	 25314.464844 	 -17.624901 	 -21.838610 	 77.072578 	 1.000000 
35241.023438 	 47761.734375 	 24678.185547 	 111.061661 	 -23.122972 	 60.060257 	 1.000000 
36889.839844 	 48472.031250 	 23678.371094 	 -32.055794 	 -33.680393 	 224.611511 	 4.000000 
34738.320312 	 47412.191406 	 24588.888672 	 -20.532101 	 -32.660618 	 171.227646 	 1.000000 
33551.906250 	 47302.359375 	 25093.677734 	 -34.685589 	 55.741402 	 162.869904 	 1.000000 
34790.765625 	 47191.113281 	 24085.990234 	 86.293076 	 5.995449 	 171.168915 	 1.000000 
35286.132812 	 47249.730469 	 24572.318359 	 -163.738174 	 123.953819 	 201.307159 	 1.000000 
36175.261719 	 47062.468750 	 22955.775391 	 -76.118347 	 35.705288 	 179.281021 	 1.000000 
34193.789062 	 47483.898438 	 25346.896484 	 -47.832855 	 75.782768 	 64.134567 	 1.000000 
33540.082031 	 48000.296875 	 25498.156250 	 -58.200420 	 -27.850637 	 183.095825 	 1.000000 
34427.796875 	 46687.800781 	 23635.664062 	 -104.361824 	 119.350845 	 178.990448 	 1.000000 
35983.402344 	 48200.800781 	 23935.236328 	 -46.338726 	 -62.690403 	 230.891907 	 1.000000 
37212.632812 	 48041.320312 	 25102.986328 	 103.865623 	 216.773666 	 137.366943 	 1.000000 
34117.843750 	 46909.656250 	 23291.789062 	 -158.402924 	 34.312378 	 116.685600 	 1.000000 
35841.222656 	 45788.664062 	 24775.873047 	 -49.866299 	 126.213608 	 101.962395 	 1.000000 
34680.054688 	 47274.132812 	 24056.429688 	 14.236158 	 -126.231468 	 222.390625 	 1.000000 
36061.617188 	 47799.851562 	 25101.816406 	 -60.526321 	 3.166610 	 99.701096 	 1.000000 
33964.535156 	 47979.304688 	 25338.539062 	 -14.348043 	 -42.789948 	 155.825272 	 1.000000 
34254.738281 	 46789.722656 	 23234.181641 	 -87.644386 	 0.524113 	 106.150612 	 1.000000 
35443.101562 	 46346.300781 	 25823.136719 	 -32.400520 	 130.672989 	 109.016792 	 5.000000 
35730.519531 	 47967.726562 	 24751.160156 	 -141.225845 	 88.485481 	 203.905228 	 1.000000 
36781.648438 	 48600.472656 	 24028.126953 	 -25.778566 	 -43.909721 	 238.388779 	 4.000000 
36036.203125 	 48363.367188 	 22936.462891 	 -46.951866 	 -51.665176 	 197.819077 	 3.000000 
33325.355469 	 47807.554688 	 25333.873047 	 -47.008888 	 -1.173728 	 148.051483 	 1.000000 
33721.734375 	 47182.335938 	 23320.607422 	 3.816997 	 133.491364 	 68.250008 	 1.000000 
34817.425781 	 47601.171875 	 24629.968750 	 37.230278 	 -1.669084 	 31.618820 	 1.000000 
35697.441406 	 47607.281250 	 24658.873047 	 70.419930 	 -49.446030 	 208.448700 	 1.000000 
36321.492188 	 48016.300781 	 25504.275391 	 -8.595792 	 -116.526009 	 213.896088 	 1.000000 
35046.335938 	 47248.003906 	 23768.203125 	 -113.645447 	 40.814377 	 241.716278 	 1.000000 
33959.625000 	 46375.058594 	 23454.287109 	 -88.598099 	 108.917809 	 161.872513 	 1.000000 
34649.031250 	 47340.187500 	 23722.400391 	 -25.109020 	 82.265282 	 166.885681 	 1.000000 
37120.253906 	 46795.230469 	 24430.025391 	 -44.829308 	 128.296158 	 143.415604 	 1.000000 
36835.101562 	 48574.027344 	 24401.121094 	 -23.419119 	 -44.651634 	 246.889832 	 4.000000 
34871.382812 	 47391.128906 	 24050.062500 	 -5.545841 	 141.078201 	 182.459320 	 1.000000 
35441.253906 	 47461.390625 	 23438.468750 	 -86.177582 	 -39.864746 	 219.287155 	 1.000000 
35588.406250 	 46806.808594 	 23209.292969 	 -89.363205 	 61.838573 	 198.744156 	 1.000000 
36421.558594 	 47029.714844 	 24635.894531 	 -44.791748 	 112.850243 	 195.058884 	 1.000000 
36633.753906 	 46926.082031 	 24529.980469 	 -36.583168 	 108.068138 	 199.910934 	 1.000000 
36372.023438 	 47467.070312 	 25361.480469 	 -21.923231 	 153.967255 	 84.135620 	 1.000000 
35524.230469 	 47401.125000 	 24683.880859 	 19.752934 	 -7.688304 	 203.355133 	 1.000000 
33843.218750 	 47330.968750 	 25159.712891 	 -24.127563 	 55.135456 	 119.179497 	 1.000000 
35515.179688 	 47033.882812 	 23866.767578 	 -93.829010 	 95.462303 	 221.340805 	 1.000000 
36982.871094 	 46887.460938 	 24784.986328 	 -30.163441 	 105.782440 	 182.691895 	 1.000000 
35170.824219 	 47795.066406 	 24339.794922 	 -28.397472 	 -131.284424 	 243.000275 	 1.000000 
33945.031250 	 47142.917969 	 23166.183594 	 -54.470032 	 -198.110275 	 161.819290 	 1.000000 
34080.992188 	 47096.535156 	 23110.160156 	 -133.955200 	 -55.751511 	 74.993309 	 1.000000 
34661.652344 	 46975.910156 	 23919.843750 	 -46.499081 	 170.101395 	 142.818039 	 1.000000 
35117.269531 	 46120.824219 	 23217.798828 	 -88.632477 	 93.829948 	 168.892944 	 1.000000 
36813.503906 	 48598.898438 	 25423.880859 	 40.253754 	 -97.325615 	 243.683502 	 1.000000 
34637.492188 	 47098.652344 	 24191.466797 	 22.533855 	 -8.301401 	 181.908188 	 1.000000 
35361.390625 	 47565.535156 	 24231.007812 	 -137.124374 	 89.931229 	 115.265671 	 1.000000 
33202.585938 	 47410.144531 	 25009.056641 	 8.608161 	 22.053247 	 129.046539 	 1.000000 
35562.925781 	 47720.441406 	 24474.296875 	 -108.888969 	 154.691132 	 135.156021 	 1.000000 
35279.335938 	 46454.988281 	 25724.396484 	 -32.124851 	 127.830956 	 101.415771 	 5.000000 
33504.476562 	 48306.472656 	 25426.644531 	 -80.126144 	 -37.215424 	 86.985703 	 1.000000 
34213.218750 	 47563.523438 	 25412.914062 	 -32.927437 	 25.395578 	 55.961517 	 1.000000 
34690.269531 	 47192.203125 	 24106.066406 	 -1.526070 	 -79.017128 	 257.717285 	 1.000000 
35222.429688 	 47337.042969 	 24481.734375 	 22.123877 	 155.750046 	 108.307877 	 1.000000 
36241.445312 	 47968.363281 	 25679.210938 	 -17.864370 	 -91.685532 	 161.409332 	 1.000000 
37170.996094 	 47404.605469 	 24671.265625 	 -33.833786 	 118.626801 	 175.699234 	 1.000000 
35828.464844 	 48178.113281 	 24893.341797 	 -28.222504 	 -131.217117 	 240.905792 	 1.000000 
35769.359375 	 48467.550781 	 25567.958984 	 18.029837 	 -90.013062 	 130.342484 	 1.000000 
35527.351562 	 47495.886719 	 24711.283203 	 81.492928 	 0.158344 	 199.297501 	 1.000000 
34277.410156 	 47383.722656 	 23315.531250 	 -47.506012 	 -126.817261 	 168.212402 	 1.000000 
36123.031250 	 47574.164062 	 25282.615234 	 -64.596779 	 -25.091766 	 129.332764 	 1.000000 
35548.558594 	 47053.390625 	 23953.542969 	 -118.773941 	 45.019585 	 218.646637 	 1.000000 
35372.164062 	 47492.308594 	 25070.054688 	 -142.784439 	 -56.669357 	 102.769020 	 1.000000 
34954.316406 	 47019.316406 	 24422.666016 	 38.726444 	 26.237972 	 178.915405 	 1.000000 
34320.332031 	 47077.117188 	 23737.974609 	 -16.851681 	 -106.014641 	 162.086395 	 1.000000 
35230.542969 	 48170.871094 	 25308.271484 	 13.905107 	 -84.273705 	 80.732811 	 1.000000 
34739.031250 	 47071.527344 	 24021.421875 	 -92.118500 	 139.261581 	 242.172348 	 1.000000 
35446.183594 	 47608.855469 	 24262.445312 	 -127.941628 	 99.911888 	 124.023567 	 1.000000 
35636.382812 	 46773.597656 	 26360.677734 	 -12.735531 	 76.916725 	 97.153679 	 1.000000 
35084.648438 	 47650.785156 	 24603.681641 	 53.141266 	 40.888294 	 33.617306 	 1.000000 
35447.382812 	 48131.863281 	 24927.183594 	 -25.087133 	 -10.259274 	 114.084282 	 1.000000 
37146.445312 	 47973.046875 	 25121.605469 	 75.946404 	 204.441132 	 109.783005 	 1.000000 
35668.542969 	 47775.597656 	 24986.107422 	 0.269217 	 0.505943 	 28.360023 	 1.000000 
36151.101562 	 47951.273438 	 25279.716797 	 -81.940048 	 98.461525 	 98.700798 	 1.000000 
35723.781250 	 48416.007812 	 25527.527344 	 7.012135 	 -61.411278 	 87.902397 	 1.000000 
35388.796875 	 47686.355469 	 24528.361328 	 -65.634712 	 78.562813 	 174.813034 	 1.000000 
35988.468750 	 48273.289062 	 25436.742188 	 23.995165 	 -106.140373 	 115.949005 	 1.000000 
34187.300781 	 46912.687500 	 23166.941406 	 -146.603745 	 14.920087 	 123.255264 	 1.000000 
35657.542969 	 47682.503906 	 24348.478516 	 -108.043495 	 104.678482 	 144.219330 	 1.000000 
34690.054688 	 47454.011719 	 24168.099609 	 -46.337105 	 166.051254 	 169.052002 	 1.000000 
34728.347656 	 47420.847656 	 24475.267578 	 -10.459227 	 14.167421 	 37.773048 	 1.000000 
34318.960938 	 46159.714844 	 23397.656250 	 -118.848289 	 99.275917 	 164.673798 	 1.000000 
35798.050781 	 47456.687500 	 24424.625000 	 -101.190804 	 157.180923 	 169.563507 	 1.000000 
34770.417969 	 48184.136719 	 25239.648438 	 1.969295 	 -32.470627 	 61.106552 	 1.000000 
34878.816406 	 48065.500000 	 25158.615234 	 9.993082 	 -37.056782 	 50.405376 	 1.000000 
33930.179688 	 47281.390625 	 23643.066406 	 -17.700497 	 -123.419472 	 141.511337 	 1.000000 
34723.785156 	 47810.761719 	 25409.687500 	 12.894173 	 -89.324905 	 130.388107 	 1.000000 
35282.003906 	 47715.148438 	 24660.113281 	 -109.187607 	 155.552643 	 171.971085 	 1.000000 
33824.531250 	 47559.363281 	 25109.451172 	 -29.793772 	 62.875061 	 104.322647 	 1.000000 
33336.652344 	 47195.679688 	 25178.236328 	 -0.186103 	 84.377045 	 117.691849 	 1.000000 
34235.773438 	 47474.882812 	 24812.804688 	 -8.804120 	 13.100070 	 51.685810 	 1.000000 
35027.531250 	 47375.242188 	 24845.433594 	 75.077286 	 -80.245941 	 130.212448 	 1.000000 
35446.480469 	 47995.867188 	 25117.855469 	 -12.525251 	 -97.236885 	 135.700256 	 1.000000 
37209.550781 	 47820.894531 	 24915.582031 	 -4.131834 	 190.077148 	 167.193222 	 1.000000 
34251.382812 	 47138.457031 	 22857.826172 	 -108.590729 	 7.833069 	 259.920044 	 1.000000 
34292.687500 	 48859.945312 	 25767.150391 	 -45.975857 	 -39.298870 	 111.651009 	 1.000000 
36061.019531 	 48381.648438 	 23009.191406 	 -46.955482 	 -51.984703 	 195.844376 	 3.000000 
34931.503906 	 47252.187500 	 24496.705078 	 56.617775 	 118.072510 	 169.080536 	 1.000000 
34785.609375 	 47131.941406 	 24166.210938 	 -119.466881 	 87.191818 	 200.528625 	 1.000000 
36737.167969 	 47416.792969 	 25912.818359 	 -11.612835 	 127.712906 	 94.828308 	 1.000000 
33802.468750 	 48221.238281 	 25113.320312 	 -23.013918 	 -87.419434 	 185.367126 	 1.000000 
35713.707031 	 47977.574219 	 24872.796875 	 -133.984070 	 55.495564 	 103.282364 	 1.000000 
33996.089844 	 47500.179688 	 25092.476562 	 -16.952980 	 0.625539 	 92.483788 	 1.000000 
34140.984375 	 47361.906250 	 23099.458984 	 -169.278305 	 -17.288750 	 196.376862 	 1.000000 
36705.867188 	 47336.605469 	 26055.199219 	 1.039740 	 117.381149 	 97.014786 	 1.000000 
34318.546875 	 47156.144531 	 23656.779297 	 -72.078583 	 22.577917 	 148.709610 	 1.000000 
35177.011719 	 47164.656250 	 24613.214844 	 56.590210 	 -74.131660 	 120.972580 	 1.000000 
34298.324219 	 47736.328125 	 24938.162109 	 16.739288 	 -73.844841 	 166.306686 	 1.000000 
33961.730469 	 47158.250000 	 23232.000000 	 -145.990204 	 -89.182404 	 189.047333 	 1.000000 
36350.996094 	 46671.726562 	 23845.462891 	 -56.927132 	 80.310913 	 202.101044 	 1.000000 
34112.109375 	 47167.128906 	 23456.867188 	 -75.270554 	 75.991165 	 68.102356 	 1.000000 
33290.718750 	 47447.605469 	 25056.916016 	 24.465202 	 83.279518 	 121.345078 	 1.000000 
34999.886719 	 45696.574219 	 24259.806641 	 -53.492706 	 131.067902 	 84.019424 	 1.000000 
35539.082031 	 47735.925781 	 24596.568359 	 -97.016083 	 -73.539696 	 318.468506 	 1.000000 
35766.679688 	 47917.476562 	 24902.859375 	 -120.280510 	 81.218895 	 98.202515 	 1.000000 
35666.296875 	 48202.609375 	 25144.927734 	 -12.819103 	 -47.491062 	 174.640625 	 1.000000 
35863.984375 	 48166.660156 	 23862.468750 	 -47.585197 	 -64.605591 	 229.329391 	 1.000000 
36589.066406 	 47761.945312 	 25640.775391 	 2.419738 	 -74.757370 	 185.472122 	 1.000000 
34682.214844 	 47773.867188 	 25060.896484 	 42.697224 	 -54.243694 	 140.461884 	 1.000000 
34250.339844 	 46996.125000 	 23712.255859 	 -81.640152 	 1.528045 	 144.602249 	 1.000000 
35011.351562 	 46943.093750 	 26200.890625 	 -30.691748 	 70.464439 	 84.829613 	 1.000000 
34506.683594 	 47869.121094 	 23350.318359 	 -35.473511 	 -111.378098 	 181.026520 	 1.000000 
34579.511719 	 46771.335938 	 23886.208984 	 -27.282598 	 -48.336941 	 183.597015 	 1.000000 
33935.574219 	 48105.824219 	 25172.751953 	 -17.014181 	 -85.748764 	 181.843033 	 1.000000 
34523.265625 	 48168.429688 	 25384.603516 	 -13.067721 	 -65.905380 	 108.210701 	 1.000000 
34015.984375 	 47456.613281 	 25100.664062 	 -38.046047 	 45.001286 	 82.708748 	 1.000000 
33344.230469 	 47499.964844 	 25367.271484 	 -10.514220 	 89.696419 	 52.854309 	 1.000000 
34677.542969 	 46926.792969 	 24042.373047 	 -67.116455 	 186.424072 	 127.318878 	 1.000000 
35742.285156 	 48345.332031 	 25030.003906 	 -3.680864 	 -43.008198 	 40.846313 	 1.000000 
36175.695312 	 48204.808594 	 24982.714844 	 7.189499 	 -72.281975 	 57.647495 	 1.000000 
36394.417969 	 48019.113281 	 24944.417969 	 -19.863691 	 -75.801964 	 83.957359 	 1.000000 
36156.183594 	 47995.875000 	 24895.892578 	 -52.575314 	 33.119656 	 136.136337 	 1.000000 
34969.882812 	 47450.089844 	 24541.320312 	 -104.587799 	 124.250092 	 32.689518 	 1.000000 
36008.929688 	 47543.285156 	 23775.031250 	 -76.467995 	 -7.826373 	 220.039917 	 1.000000 
34296.941406 	 47138.835938 	 22818.626953 	 -90.497818 	 -25.420544 	 253.343399 	 1.000000 
35155.191406 	 46275.109375 	 24164.273438 	 -65.585510 	 140.855774 	 93.187042 	 1.000000 
36357.859375 	 47608.117188 	 25190.361328 	 -39.539265 	 -66.126083 	 131.754944 	 1.000000 
34233.910156 	 48088.972656 	 25556.562500 	 -11.698558 	 -74.897255 	 145.847183 	 1.000000 
34688.343750 	 47030.085938 	 23770.783203 	 7.520098 	 -41.576828 	 173.856491 	 1.000000 
34180.777344 	 46823.300781 	 23211.625000 	 -145.666077 	 5.075089 	 141.338165 	 1.000000 
36169.082031 	 47786.343750 	 25151.820312 	 -45.986748 	 -18.318218 	 111.392448 	 1.000000 
33822.066406 	 46784.746094 	 23399.246094 	 -100.257538 	 166.283905 	 121.632263 	 1.000000 
36246.347656 	 48267.796875 	 25120.939453 	 6.119833 	 -62.016434 	 55.746761 	 1.000000 
35141.218750 	 47454.984375 	 24590.667969 	 -46.991203 	 174.185013 	 173.936081 	 1.000000 
36809.179688 	 48397.437500 	 25679.646484 	 6.737024 	 -49.965538 	 259.600342 	 1.000000 
35082.125000 	 47271.394531 	 24428.724609 	 -81.318382 	 113.198479 	 251.764542 	 1.000000 
36787.187500 	 48560.023438 	 25442.328125 	 2.755212 	 -14.414603 	 146.098862 	 1.000000 
36177.218750 	 47135.042969 	 24722.119141 	 -80.087219 	 91.606430 	 212.374237 	 1.000000 
35910.164062 	 47409.394531 	 24668.710938 	 -75.096169 	 184.507446 	 105.074921 	 1.000000 
33455.441406 	 47530.531250 	 25000.066406 	 -37.693089 	 -6.262295 	 121.318787 	 1.000000 
36649.437500 	 47834.210938 	 25595.099609 	 16.666742 	 -85.361877 	 197.904907 	 1.000000 
34061.390625 	 47299.359375 	 23170.609375 	 -48.880936 	 -150.406586 	 164.811462 	 1.000000 
35107.246094 	 47303.812500 	 24494.753906 	 -151.837799 	 -88.362831 	 231.657272 	 1.000000 
35146.367188 	 47714.464844 	 24572.941406 	 68.887093 	 17.131788 	 51.597588 	 1.000000 
36028.859375 	 47543.039062 	 23356.363281 	 -74.117203 	 -22.744942 	 209.013458 	 1.000000 
35524.535156 	 47115.890625 	 24337.492188 	 -121.633133 	 97.803589 	 225.638077 	 1.000000 
36127.871094 	 48018.335938 	 24661.087891 	 -76.732407 	 132.650955 	 158.244476 	 1.000000 
35401.816406 	 48073.574219 	 24784.851562 	 -44.061852 	 22.434458 	 230.833664 	 1.000000 
34306.691406 	 47804.359375 	 26384.333984 	 -37.797520 	 31.034664 	 84.826973 	 0.000000 
35849.347656 	 48031.703125 	 25179.056641 	 -80.080849 	 -66.235947 	 96.002525 	 1.000000 
34699.843750 	 47259.613281 	 24193.425781 	 10.584147 	 -3.823397 	 256.798218 	 1.000000 
34122.835938 	 47844.175781 	 24858.853516 	 -0.208466 	 -88.234970 	 180.185730 	 1.000000 
36240.839844 	 48936.250000 	 25593.785156 	 33.114037 	 -59.989456 	 133.661072 	 1.000000 
35373.472656 	 47902.406250 	 25069.406250 	 -63.318970 	 -47.290489 	 228.745285 	 1.000000 
34418.234375 	 47488.925781 	 24714.232422 	 24.836926 	 6.731787 	 53.399933 	 1.000000 
36611.957031 	 48036.570312 	 25649.726562 	 11.242885 	 -58.589111 	 161.114136 	 1.000000 
34310.476562 	 47474.636719 	 23214.695312 	 -70.520317 	 -123.065231 	 181.593750 	 1.000000 
35362.980469 	 47816.996094 	 25089.261719 	 -50.003056 	 -85.552879 	 202.027634 	 1.000000 
34322.117188 	 47075.597656 	 24218.177734 	 31.682117 	 16.762693 	 110.858826 	 1.000000 
34813.082031 	 46965.460938 	 24097.064453 	 -19.497475 	 19.696814 	 237.401718 	 1.000000 
35081.347656 	 47358.082031 	 24512.664062 	 -20.075254 	 16.011232 	 179.101517 	 1.000000 
35768.960938 	 46858.902344 	 23811.552734 	 -89.704773 	 83.683197 	 213.816925 	 1.000000 
35223.785156 	 47635.457031 	 24477.716797 	 -168.308090 	 146.555145 	 164.850784 	 1.000000 
35445.121094 	 46079.851562 	 25886.080078 	 -39.368259 	 126.191101 	 113.487869 	 5.000000 
34111.359375 	 47459.324219 	 25499.783203 	 -54.746735 	 73.713913 	 71.466896 	 1.000000 
35943.867188 	 47355.011719 	 22995.587891 	 -81.371971 	 -0.505158 	 187.468597 	 1.000000 
34368.074219 	 47956.238281 	 25419.541016 	 -2.049565 	 -84.793205 	 140.887512 	 1.000000 
35452.476562 	 48110.917969 	 25453.726562 	 24.621832 	 -100.736595 	 104.820457 	 1.000000 
34816.847656 	 47576.667969 	 24828.726562 	 47.660698 	 6.489074 	 64.148804 	 1.000000 
34024.839844 	 47905.519531 	 25228.115234 	 -4.219077 	 -41.137684 	 161.804749 	 1.000000 
34896.679688 	 47200.242188 	 24037.871094 	 0.882143 	 -5.001509 	 256.112396 	 1.000000 
34246.429688 	 46926.050781 	 23383.173828 	 -127.023933 	 15.180743 	 127.904495 	 1.000000 
35408.214844 	 45965.398438 	 25925.906250 	 -39.911648 	 125.338318 	 113.352936 	 5.000000 
36716.566406 	 47229.835938 	 25022.566406 	 -35.417770 	 97.786903 	 203.747803 	 1.000000 
36872.285156 	 48253.589844 	 24952.474609 	 3.873170 	 143.038651 	 190.855072 	 1.000000 
35665.390625 	 47964.355469 	 24789.625000 	 35.701244 	 3.351700 	 116.744011 	 1.000000 
35385.773438 	 47568.988281 	 25262.455078 	 -79.084198 	 -71.376747 	 87.010834 	 1.000000 
36606.890625 	 48343.789062 	 25892.738281 	 3.000484 	 -30.711994 	 216.745911 	 1.000000 
34354.054688 	 47682.609375 	 22954.894531 	 -70.028412 	 -111.901428 	 182.365829 	 1.000000 
35021.164062 	 48340.875000 	 23550.044922 	 -31.791796 	 -94.662155 	 185.393692 	 1.000000 
34960.542969 	 47869.601562 	 25037.853516 	 50.797340 	 -21.002771 	 60.424221 	 1.000000 
35277.589844 	 47797.281250 	 24767.185547 	 -109.014091 	 -110.046211 	 115.869019 	 1.000000 
34064.042969 	 47061.792969 	 23085.115234 	 -113.011002 	 71.415504 	 262.553040 	 1.000000 
33898.460938 	 46918.234375 	 23394.519531 	 -112.293114 	 -66.608322 	 133.099747 	 1.000000 
33913.019531 	 47143.109375 	 23731.207031 	 -87.197166 	 105.886436 	 121.774841 	 1.000000 
35203.300781 	 45518.710938 	 24281.513672 	 -58.975231 	 126.499664 	 92.777336 	 1.000000 
36336.882812 	 46860.695312 	 24189.341797 	 -43.307354 	 137.905899 	 140.740341 	 1.000000 
34629.437500 	 47002.011719 	 26385.990234 	 -39.996429 	 99.413567 	 106.916847 	 1.000000 
34664.355469 	 46872.050781 	 22740.927734 	 -126.842712 	 -33.818192 	 176.042404 	 1.000000 
36398.996094 	 46904.238281 	 23546.339844 	 -69.371674 	 44.817455 	 202.102371 	 1.000000 
37122.730469 	 48077.437500 	 25107.365234 	 49.242371 	 -63.983593 	 128.514771 	 1.000000 
36431.734375 	 48089.949219 	 25528.878906 	 6.064032 	 -107.317429 	 211.932144 	 1.000000 
36099.023438 	 47764.300781 	 25212.095703 	 -43.656349 	 -119.794044 	 179.126984 	 1.000000 
33170.781250 	 47506.519531 	 24324.138672 	 -24.503061 	 -58.934761 	 150.354980 	 1.000000 
36542.187500 	 47838.996094 	 25291.771484 	 11.752676 	 -96.805733 	 109.233871 	 1.000000 
34244.175781 	 47294.472656 	 23998.261719 	 -26.159433 	 83.070145 	 153.164581 	 1.000000 
36221.500000 	 47499.421875 	 25169.556641 	 -36.596611 	 161.239334 	 78.030304 	 1.000000 
36544.988281 	 47199.792969 	 26100.740234 	 1.670913 	 103.947388 	 104.676483 	 1.000000 
33904.351562 	 48725.269531 	 25678.980469 	 -30.328260 	 -28.394535 	 109.431038 	 1.000000 
34481.261719 	 47830.824219 	 25415.031250 	 9.438500 	 -78.348579 	 141.112747 	 1.000000 
33661.316406 	 48089.957031 	 25274.007812 	 -52.345116 	 4.127458 	 129.882233 	 1.000000 
35861.812500 	 47954.777344 	 25046.634766 	 -86.558578 	 119.147995 	 111.682114 	 1.000000 
35828.949219 	 47616.132812 	 24837.076172 	 -88.252449 	 200.962082 	 80.739677 	 1.000000 
34583.191406 	 47141.703125 	 23740.861328 	 -65.501541 	 159.762360 	 155.998413 	 1.000000 
36665.300781 	 47353.007812 	 26026.691406 	 -17.268818 	 142.104095 	 97.847160 	 1.000000 
36258.691406 	 47615.902344 	 22752.576172 	 -63.920574 	 -36.302826 	 188.993607 	 1.000000 
36504.835938 	 47887.246094 	 24557.916016 	 -56.877445 	 -17.861837 	 257.489594 	 1.000000 
34107.242188 	 48609.671875 	 25806.923828 	 9.498955 	 -52.766521 	 131.871094 	 1.000000 
36429.539062 	 48282.121094 	 24831.150391 	 -8.801265 	 -43.903618 	 73.175659 	 1.000000 
36140.988281 	 47925.253906 	 25702.820312 	 -42.844109 	 -109.259918 	 162.738770 	 1.000000 
35060.996094 	 47052.617188 	 24338.873047 	 15.010044 	 -67.042397 	 94.830887 	 1.000000 
34634.710938 	 48160.757812 	 22883.728516 	 -66.180923 	 -79.010857 	 180.379898 	 0.000000 
34921.425781 	 46957.804688 	 24184.777344 	 63.917191 	 2.910829 	 206.916626 	 1.000000 
34076.746094 	 47079.964844 	 24133.328125 	 2.701262 	 35.475124 	 96.373634 	 1.000000 
35675.496094 	 47249.539062 	 25157.195312 	 -32.090424 	 154.793930 	 63.138290 	 1.000000 
36239.593750 	 47189.187500 	 24825.455078 	 -73.361351 	 78.895561 	 214.167007 	 1.000000 
35362.972656 	 47558.265625 	 24883.794922 	 -45.484093 	 29.150805 	 301.401978 	 1.000000 
36158.089844 	 48215.476562 	 25020.382812 	 1.620239 	 -74.007942 	 54.176044 	 1.000000 
36563.476562 	 48559.003906 	 25246.751953 	 22.914587 	 -96.312172 	 234.212967 	 1.000000 
34225.589844 	 46656.695312 	 23412.142578 	 -87.574013 	 -62.731483 	 115.340256 	 1.000000 
34678.414062 	 47790.988281 	 25339.041016 	 27.570576 	 -77.211090 	 126.874008 	 1.000000 
34977.601562 	 47249.265625 	 24474.078125 	 -77.704849 	 88.375374 	 24.353943 	 1.000000 
35346.585938 	 47900.406250 	 24867.357422 	 -157.791779 	 -36.866550 	 115.146690 	 1.000000 
34440.523438 	 46800.464844 	 23735.400391 	 -71.873573 	 1.534506 	 168.755844 	 1.000000 
34616.812500 	 47239.714844 	 24312.443359 	 -15.189677 	 50.383572 	 252.632614 	 1.000000 
35632.324219 	 47534.296875 	 23600.205078 	 -80.498901 	 -36.574368 	 224.339294 	 1.000000 
35048.281250 	 47140.101562 	 23567.314453 	 -119.019157 	 8.248162 	 224.126251 	 1.000000 
34600.449219 	 47345.207031 	 24092.037109 	 -42.004780 	 112.160194 	 83.472900 	 1.000000 
33962.523438 	 47015.542969 	 23524.416016 	 -64.818092 	 26.545744 	 51.632805 	 1.000000 
35291.343750 	 47650.636719 	 24227.556641 	 -136.884369 	 115.500565 	 96.447769 	 1.000000 
34996.179688 	 47696.996094 	 24246.830078 	 -149.574936 	 28.031399 	 149.054733 	 1.000000 
34705.812500 	 48391.117188 	 25718.962891 	 -18.771730 	 -1.414295 	 74.236244 	 1.000000 
36350.417969 	 48258.734375 	 25199.824219 	 9.943918 	 -58.763535 	 63.182213 	 1.000000 
35263.000000 	 47817.347656 	 24469.037109 	 2.391017 	 31.335682 	 132.141464 	 1.000000 
35000.613281 	 48340.425781 	 23508.904297 	 -32.070129 	 -92.849388 	 190.541428 	 1.000000 
33990.640625 	 46845.570312 	 23359.285156 	 -79.564682 	 67.432640 	 249.157486 	 1.000000 
35267.664062 	 47070.152344 	 24385.320312 	 -6.430475 	 -18.343834 	 96.050926 	 1.000000 
35114.007812 	 47420.164062 	 23993.435547 	 -99.532829 	 75.497849 	 176.630524 	 1.000000 
35878.910156 	 47327.007812 	 23088.310547 	 -82.146568 	 -2.538336 	 190.684036 	 1.000000 
35261.878906 	 47085.355469 	 23738.656250 	 -104.289925 	 50.907204 	 227.742706 	 1.000000 
36014.097656 	 47996.433594 	 24949.222656 	 -74.221062 	 28.063604 	 167.406158 	 1.000000 
37047.507812 	 47277.011719 	 24384.507812 	 -27.776060 	 108.762085 	 133.727036 	 1.000000 
33606.621094 	 47418.703125 	 25826.251953 	 -19.378534 	 57.624470 	 94.183090 	 1.000000 
35148.597656 	 47786.453125 	 24709.054688 	 103.912239 	 -32.489666 	 83.108932 	 1.000000 
35601.550781 	 48619.320312 	 25497.304688 	 1.416051 	 -47.596569 	 92.819992 	 1.000000 
34187.703125 	 47205.457031 	 23857.070312 	 -78.785088 	 -16.196581 	 168.481003 	 1.000000 
34515.445312 	 47163.660156 	 24000.283203 	 10.337911 	 87.193130 	 154.403442 	 1.000000 
36592.371094 	 47225.835938 	 26054.314453 	 -0.316577 	 108.001259 	 104.042664 	 1.000000 
34804.027344 	 47762.343750 	 24909.511719 	 52.308590 	 -7.421405 	 64.294319 	 1.000000 
35685.164062 	 47689.980469 	 25089.765625 	 -84.267281 	 -171.832306 	 195.490143 	 1.000000 
36240.515625 	 48228.109375 	 25189.357422 	 -41.285183 	 -35.188164 	 95.991364 	 1.000000 
35384.832031 	 48115.742188 	 23874.505859 	 -49.572987 	 -83.801735 	 230.352386 	 1.000000 
35866.871094 	 47781.300781 	 25214.025391 	 -31.095470 	 -138.203827 	 217.754181 	 1.000000 
35064.472656 	 48682.925781 	 23297.042969 	 -39.875668 	 -82.569542 	 185.100204 	 1.000000 
35944.828125 	 49153.816406 	 24316.121094 	 -11.763561 	 -70.520805 	 213.721405 	 2.000000 
34108.171875 	 47998.117188 	 24896.646484 	 -9.633353 	 -94.684349 	 181.181381 	 1.000000 
36325.414062 	 47634.816406 	 25210.457031 	 -16.969128 	 -6.614995 	 153.368057 	 1.000000 
35321.789062 	 47575.910156 	 24795.917969 	 -20.912924 	 76.509369 	 128.713028 	 1.000000 
35474.792969 	 47339.425781 	 24652.316406 	 26.440382 	 -22.890368 	 171.842880 	 1.000000 
35207.062500 	 47315.835938 	 24442.210938 	 -53.675186 	 107.321518 	 231.551056 	 1.000000 
34149.187500 	 46938.675781 	 23256.253906 	 -111.045448 	 36.797840 	 260.579132 	 1.000000 
34467.851562 	 46992.800781 	 23861.953125 	 -68.679802 	 -19.735983 	 196.624985 	 1.000000 
34106.562500 	 46815.847656 	 23124.437500 	 -115.110481 	 22.918304 	 86.603363 	 1.000000 
33977.421875 	 46999.824219 	 23456.208984 	 -71.621712 	 17.999811 	 54.795097 	 1.000000 
36365.273438 	 48095.445312 	 24674.125000 	 -45.555618 	 97.540909 	 172.352600 	 1.000000 
37029.957031 	 47747.250000 	 25531.136719 	 12.749700 	 114.842316 	 226.159393 	 1.000000 
35173.464844 	 47016.039062 	 26253.601562 	 -23.162460 	 76.813751 	 86.711800 	 1.000000 
36590.218750 	 48067.027344 	 25235.630859 	 2.576766 	 47.941597 	 160.362686 	 1.000000 
33455.859375 	 46829.246094 	 24196.103516 	 -21.913292 	 26.197079 	 88.826767 	 1.000000 
35228.750000 	 47528.421875 	 24781.490234 	 65.533890 	 -15.995569 	 161.976456 	 1.000000 
37001.234375 	 47830.773438 	 25610.666016 	 30.060642 	 63.560036 	 213.637054 	 1.000000 
35170.886719 	 47395.222656 	 24191.414062 	 -85.609039 	 182.540222 	 101.357246 	 1.000000 
36105.851562 	 47082.843750 	 24715.949219 	 -77.383667 	 88.328865 	 206.536514 	 1.000000 
34797.011719 	 47529.066406 	 24547.218750 	 26.705126 	 -28.360233 	 35.986858 	 1.000000 
35576.992188 	 46196.156250 	 25082.046875 	 -45.069443 	 137.210068 	 97.393982 	 0.000000 
36956.710938 	 47563.007812 	 25329.277344 	 -22.398516 	 110.272385 	 238.918747 	 1.000000 
35406.179688 	 48120.238281 	 23728.447266 	 -56.297176 	 -74.565956 	 222.564529 	 1.000000 
36010.218750 	 48046.718750 	 25229.865234 	 23.187347 	 -147.106522 	 102.741714 	 1.000000 
35658.875000 	 47138.570312 	 25785.958984 	 -19.479040 	 86.862625 	 81.765678 	 1.000000 
36765.093750 	 46767.187500 	 23738.996094 	 -55.924862 	 44.188053 	 208.533478 	 1.000000 
34431.632812 	 48513.558594 	 25765.714844 	 -28.564928 	 12.779657 	 81.374199 	 1.000000 
36326.085938 	 48417.746094 	 24778.527344 	 -28.722822 	 -10.329195 	 134.569016 	 1.000000 
35600.933594 	 47798.421875 	 25264.500000 	 27.194029 	 -1.141591 	 212.446060 	 1.000000 
34776.140625 	 48164.375000 	 23629.646484 	 -27.366079 	 -102.776810 	 185.452728 	 1.000000 
33905.125000 	 47392.855469 	 24146.406250 	 4.642298 	 -68.628731 	 140.297729 	 1.000000 
36706.335938 	 48230.343750 	 25295.041016 	 6.572420 	 -0.248494 	 141.825058 	 1.000000 
35770.039062 	 48069.281250 	 25000.863281 	 -3.064450 	 8.367031 	 131.499115 	 1.000000 
35723.597656 	 46935.824219 	 23925.570312 	 -99.041046 	 89.704620 	 210.992081 	 1.000000 
36583.832031 	 48228.308594 	 24821.572266 	 -23.898331 	 80.272713 	 189.641754 	 1.000000 
36445.402344 	 47805.863281 	 24212.837891 	 -60.728584 	 -9.989399 	 241.051453 	 1.000000 
35886.675781 	 47649.746094 	 24825.847656 	 -94.050941 	 182.289368 	 86.214714 	 1.000000 
35237.316406 	 47788.187500 	 24407.654297 	 -24.168627 	 30.858458 	 139.322662 	 1.000000 
34791.265625 	 47914.562500 	 24375.890625 	 5.118258 	 -128.904739 	 197.848740 	 1.000000 
34670.390625 	 47166.035156 	 24058.855469 	 -10.342057 	 199.793869 	 133.609512 	 1.000000 
36325.617188 	 48228.273438 	 25861.230469 	 -17.339729 	 -55.728092 	 202.136032 	 1.000000 
34953.226562 	 47058.558594 	 24036.044922 	 -107.402718 	 147.456406 	 241.204254 	 1.000000 
35403.234375 	 48298.433594 	 25203.988281 	 -24.812475 	 -30.733433 	 183.079117 	 1.000000 
34844.921875 	 45833.281250 	 23673.042969 	 -66.862984 	 136.686890 	 90.283791 	 1.000000 
36584.414062 	 47845.238281 	 24415.976562 	 -56.111465 	 -9.282508 	 250.215408 	 1.000000 
34844.296875 	 47707.183594 	 24665.892578 	 55.633720 	 -14.447742 	 59.515980 	 1.000000 
35131.085938 	 48690.769531 	 25752.123047 	 -1.423074 	 -38.619804 	 104.846603 	 1.000000 
36282.437500 	 47783.355469 	 25548.507812 	 -35.898579 	 -65.868576 	 138.772766 	 1.000000 
34924.667969 	 48268.640625 	 23597.468750 	 -42.787701 	 -88.781914 	 195.268906 	 1.000000 
34886.578125 	 48290.332031 	 23397.494141 	 -37.034664 	 -93.849609 	 191.800827 	 1.000000 
35644.781250 	 47546.871094 	 24751.203125 	 -124.580528 	 4.284844 	 45.838455 	 1.000000 
36371.199219 	 47565.425781 	 25188.291016 	 -0.596333 	 -29.761229 	 148.042908 	 1.000000 
34815.433594 	 47060.296875 	 24373.923828 	 62.779984 	 21.444759 	 159.529053 	 1.000000 
35094.562500 	 47370.882812 	 23965.791016 	 -100.613304 	 -59.090458 	 274.668152 	 1.000000 
36020.855469 	 47519.804688 	 23350.376953 	 -66.186295 	 -28.848568 	 214.029007 	 1.000000 
35007.625000 	 45748.082031 	 24215.505859 	 -53.810513 	 130.831497 	 85.030777 	 1.000000 
35817.554688 	 47269.820312 	 25271.984375 	 -40.729618 	 163.248306 	 71.124756 	 1.000000 
36665.019531 	 47336.718750 	 25973.179688 	 -21.140942 	 148.313492 	 98.601570 	 1.000000 
36968.253906 	 47585.968750 	 25391.935547 	 -14.625821 	 107.778763 	 236.310486 	 1.000000 
36394.402344 	 48096.445312 	 25028.171875 	 -7.096106 	 -76.106750 	 70.775581 	 1.000000 
36278.300781 	 48521.335938 	 25026.066406 	 4.907252 	 -100.323921 	 230.341965 	 1.000000 
34843.718750 	 48183.789062 	 23526.117188 	 -46.233906 	 -87.198830 	 192.799576 	 1.000000 
35352.179688 	 48586.910156 	 24024.115234 	 -30.512011 	 -84.535446 	 210.287460 	 1.000000 
35908.953125 	 47986.093750 	 24742.361328 	 -5.055262 	 22.447018 	 161.025070 	 1.000000 
35326.363281 	 47762.078125 	 25025.300781 	 88.399719 	 -107.083389 	 32.636253 	 1.000000 
35438.484375 	 47940.250000 	 24905.253906 	 69.164230 	 -78.969910 	 136.947601 	 1.000000 
35214.605469 	 47326.289062 	 24582.466797 	 -174.011047 	 37.939602 	 223.796906 	 1.000000 
34068.601562 	 47061.511719 	 23332.589844 	 -83.010300 	 -6.631197 	 46.541729 	 1.000000 
34262.437500 	 46920.128906 	 23439.146484 	 -123.165939 	 -47.204845 	 141.810928 	 1.000000 
36393.593750 	 48168.117188 	 25095.683594 	 -39.288204 	 61.314266 	 202.915237 	 1.000000 
34525.625000 	 47215.394531 	 23787.625000 	 -21.552645 	 104.517433 	 149.466919 	 1.000000 
34197.601562 	 47444.144531 	 24725.402344 	 26.025534 	 75.658905 	 104.661728 	 1.000000 
35495.519531 	 45978.554688 	 24002.802734 	 -76.991066 	 120.346321 	 132.597443 	 1.000000 
34648.972656 	 47209.488281 	 25830.734375 	 -41.699741 	 73.643997 	 76.570969 	 1.000000 
33325.183594 	 47400.730469 	 25213.816406 	 23.523750 	 16.401638 	 179.689133 	 1.000000 
35615.820312 	 48358.320312 	 25191.734375 	 6.382790 	 -29.396654 	 36.364307 	 1.000000 
35418.449219 	 47552.199219 	 24889.242188 	 -100.045052 	 200.069550 	 136.194229 	 1.000000 
35887.855469 	 49254.746094 	 24176.359375 	 -13.633188 	 -66.357971 	 210.445084 	 2.000000 
35988.984375 	 47575.507812 	 24704.226562 	 -87.212692 	 176.904327 	 113.163277 	 1.000000 
34204.277344 	 48013.371094 	 25258.193359 	 -8.229691 	 4.495474 	 116.212135 	 1.000000 
33965.695312 	 47479.363281 	 25163.507812 	 -20.979273 	 8.622176 	 95.676933 	 1.000000 
34578.105469 	 47240.789062 	 23522.962891 	 -133.774429 	 27.890846 	 207.699738 	 1.000000 
36066.187500 	 46544.777344 	 23594.869141 	 -62.497135 	 93.818268 	 181.358200 	 1.000000 
37016.007812 	 47876.269531 	 25135.076172 	 24.984957 	 193.115158 	 98.920158 	 1.000000 
34068.925781 	 46086.566406 	 24147.632812 	 -49.424065 	 124.346512 	 67.891541 	 0.000000 
36478.156250 	 47202.261719 	 26225.251953 	 -23.842245 	 135.551544 	 116.307457 	 1.000000 
34000.261719 	 47060.519531 	 23616.261719 	 -18.287708 	 -115.858795 	 117.891945 	 1.000000 
36265.667969 	 47872.617188 	 24961.083984 	 -49.407169 	 88.294945 	 198.320145 	 1.000000 
34662.378906 	 48105.128906 	 25211.716797 	 13.309871 	 -45.031738 	 102.333817 	 1.000000 
37118.031250 	 46710.453125 	 24401.820312 	 -7.467945 	 101.214653 	 202.362289 	 1.000000 
36980.167969 	 47551.105469 	 24928.542969 	 -11.289349 	 173.939102 	 124.394455 	 1.000000 
34476.207031 	 47138.324219 	 22765.634766 	 -132.029465 	 -11.417655 	 202.479233 	 1.000000 
37050.351562 	 47030.093750 	 24903.658203 	 -37.755890 	 87.161705 	 186.729172 	 1.000000 
36846.839844 	 47904.105469 	 24764.404297 	 -40.449409 	 0.270062 	 270.323669 	 1.000000 
35640.941406 	 47468.335938 	 24746.613281 	 14.088384 	 -109.035126 	 189.375549 	 1.000000 
35486.957031 	 48664.960938 	 25576.125000 	 -4.700113 	 -42.495155 	 105.650116 	 1.000000 
35124.703125 	 47427.605469 	 24825.351562 	 -67.298416 	 -11.967312 	 30.898802 	 1.000000 
35429.261719 	 47496.054688 	 25280.693359 	 23.492018 	 29.238455 	 227.199875 	 1.000000 
34501.601562 	 47126.460938 	 23970.101562 	 -39.976707 	 -92.000328 	 226.321198 	 1.000000 
35032.230469 	 48619.953125 	 23500.382812 	 -39.301117 	 -83.209030 	 191.801407 	 1.000000 
35555.402344 	 47878.625000 	 24664.126953 	 125.674683 	 -52.212872 	 174.766479 	 1.000000 
34735.359375 	 47198.257812 	 24424.941406 	 24.780128 	 27.164030 	 215.970642 	 1.000000 
34221.039062 	 47095.410156 	 23510.492188 	 -66.941780 	 85.314972 	 86.136627 	 1.000000 
34283.562500 	 46603.992188 	 23979.275391 	 -30.192583 	 138.635971 	 63.213131 	 1.000000 
36960.386719 	 47112.253906 	 24330.015625 	 -37.664959 	 87.421936 	 160.951111 	 1.000000 
36676.718750 	 47027.699219 	 24234.009766 	 -29.777899 	 143.760605 	 164.668533 	 1.000000 
34545.664062 	 47361.425781 	 22616.970703 	 -117.661140 	 -15.675591 	 192.426605 	 1.000000 
36281.515625 	 47121.304688 	 22995.498047 	 -76.120262 	 18.109259 	 180.992752 	 1.000000 
34604.753906 	 48478.234375 	 26063.087891 	 -25.554413 	 9.614594 	 91.753609 	 1.000000 
36873.089844 	 48163.933594 	 25729.472656 	 48.953873 	 -70.968094 	 222.566986 	 1.000000 
36079.214844 	 47686.847656 	 25225.964844 	 -48.641872 	 11.425270 	 151.485062 	 1.000000 
34313.839844 	 47397.042969 	 23368.697266 	 -57.610023 	 -127.750656 	 176.818085 	 1.000000 
33321.375000 	 47929.683594 	 24986.341797 	 -27.227802 	 -68.111839 	 185.752975 	 1.000000 
33936.429688 	 47623.125000 	 24615.484375 	 3.195874 	 -62.404934 	 161.749268 	 1.000000 
34123.445312 	 49152.203125 	 25252.783203 	 -24.551620 	 -66.141281 	 187.622452 	 0.000000 
34570.957031 	 48169.746094 	 25402.806641 	 -18.412598 	 -66.648705 	 101.478447 	 1.000000 
34142.105469 	 48022.175781 	 25297.199219 	 -3.421167 	 -2.901241 	 107.976852 	 1.000000 
34730.617188 	 47082.578125 	 23794.025391 	 11.491512 	 -47.622997 	 173.981781 	 1.000000 
34406.253906 	 46809.050781 	 23427.380859 	 -100.324394 	 -15.952238 	 143.061050 	 1.000000 
35852.011719 	 46899.410156 	 24055.515625 	 -92.376236 	 81.622429 	 212.992294 	 1.000000 
34909.613281 	 47544.191406 	 24501.687500 	 31.378258 	 13.587667 	 19.543543 	 1.000000 
36764.886719 	 46844.152344 	 24443.880859 	 -25.687153 	 98.141991 	 202.133118 	 1.000000 
34266.914062 	 46487.097656 	 23551.095703 	 -49.651917 	 131.768906 	 59.662884 	 1.000000 
34950.605469 	 47109.675781 	 23963.654297 	 -82.735352 	 210.231689 	 146.726532 	 1.000000 
35643.718750 	 46100.488281 	 23111.828125 	 -70.667816 	 89.287186 	 161.994507 	 0.000000 
35812.597656 	 47021.843750 	 26300.980469 	 -14.491741 	 108.962807 	 105.530235 	 1.000000 
36752.332031 	 47461.777344 	 25140.736328 	 -41.746479 	 80.114754 	 235.783981 	 1.000000 
36937.558594 	 46822.136719 	 24726.132812 	 -15.850095 	 92.346298 	 214.298676 	 1.000000 
35272.753906 	 48409.054688 	 25335.935547 	 10.824427 	 -58.707241 	 81.774857 	 1.000000 
35149.003906 	 47780.570312 	 24649.646484 	 95.946953 	 -23.281656 	 84.071136 	 1.000000 
36376.527344 	 48369.757812 	 25349.099609 	 20.266516 	 -45.599907 	 67.530838 	 1.000000 
36076.093750 	 47711.410156 	 25182.533203 	 -55.145710 	 -126.951996 	 121.892769 	 1.000000 
34809.488281 	 48211.246094 	 23439.759766 	 -36.038105 	 -99.592087 	 190.463013 	 1.000000 
34382.871094 	 47368.988281 	 23568.042969 	 -59.532459 	 -104.268272 	 195.901947 	 1.000000 
34503.417969 	 48159.152344 	 24797.914062 	 0.224443 	 -105.200584 	 183.213120 	 1.000000 
33505.992188 	 47749.105469 	 25017.398438 	 -20.515718 	 -51.429161 	 177.255539 	 1.000000 
35161.863281 	 48519.234375 	 25722.396484 	 8.069940 	 -75.162537 	 142.261673 	 1.000000 
34620.218750 	 48161.238281 	 25393.238281 	 -9.234626 	 -69.353363 	 111.706757 	 1.000000 
36886.035156 	 48122.867188 	 25255.058594 	 41.343491 	 -2.848110 	 110.028519 	 1.000000 
34238.460938 	 47345.132812 	 24933.710938 	 4.703971 	 12.252972 	 106.865913 	 1.000000 
34725.351562 	 47103.906250 	 24033.939453 	 66.703522 	 -31.913408 	 168.345856 	 1.000000 
34556.488281 	 47270.242188 	 24653.203125 	 70.116188 	 46.625973 	 103.611229 	 1.000000 
34006.890625 	 47302.617188 	 23000.587891 	 -168.812241 	 -51.523472 	 217.298019 	 1.000000 
35286.507812 	 47389.398438 	 24217.320312 	 -70.052818 	 131.774689 	 165.827042 	 1.000000 
35199.566406 	 47630.230469 	 24602.158203 	 -71.447784 	 79.716919 	 245.387695 	 1.000000 
37034.847656 	 46883.515625 	 24748.396484 	 -23.284266 	 114.312637 	 209.110611 	 1.000000 
35159.765625 	 47617.570312 	 24132.683594 	 -161.813065 	 82.779793 	 131.730286 	 1.000000 
33514.703125 	 47471.261719 	 25017.324219 	 -81.918968 	 60.636444 	 97.731148 	 1.000000 
34410.859375 	 47769.304688 	 25330.902344 	 -18.260820 	 23.897419 	 49.402027 	 1.000000 
37168.605469 	 47852.117188 	 25170.470703 	 42.446564 	 210.928207 	 84.264023 	 1.000000 
36412.644531 	 48366.761719 	 25381.857422 	 19.557041 	 -49.267887 	 74.870705 	 1.000000 
36117.289062 	 48251.765625 	 24021.470703 	 -44.092659 	 -60.009949 	 234.272354 	 1.000000 
35222.707031 	 48041.667969 	 23186.519531 	 -63.988987 	 -67.911339 	 202.051086 	 1.000000 
34972.210938 	 47630.812500 	 25229.218750 	 55.751141 	 -67.100410 	 121.374023 	 1.000000 
35272.109375 	 47226.742188 	 24198.845703 	 -151.358856 	 25.931986 	 263.584595 	 1.000000 
34772.019531 	 46847.234375 	 24237.222656 	 -4.172431 	 28.330013 	 218.882080 	 1.000000 
36294.812500 	 47961.289062 	 25189.707031 	 -2.448126 	 -20.491936 	 172.305893 	 1.000000 
36073.542969 	 47520.128906 	 23130.830078 	 -69.864861 	 -29.820503 	 202.262390 	 1.000000 
34756.816406 	 47493.437500 	 24201.400391 	 -7.148307 	 158.356232 	 184.596039 	 1.000000 
34864.617188 	 47297.976562 	 24176.656250 	 -6.858318 	 260.279633 	 205.030563 	 1.000000 
34272.683594 	 47550.113281 	 24629.408203 	 37.687347 	 60.049503 	 109.025238 	 1.000000 
35710.277344 	 47372.007812 	 25081.789062 	 -38.009617 	 161.850876 	 56.098850 	 1.000000 
36764.785156 	 47941.539062 	 24721.160156 	 -43.418144 	 -16.350433 	 267.565094 	 1.000000 
36837.812500 	 47965.875000 	 24816.197266 	 -36.752884 	 -16.967821 	 274.670197 	 1.000000 
36386.804688 	 48221.765625 	 25187.140625 	 4.092923 	 -63.204506 	 65.713097 	 1.000000 
34202.871094 	 47723.953125 	 22772.005859 	 -80.435928 	 -107.043915 	 188.504257 	 1.000000 
35279.375000 	 48614.457031 	 23889.414062 	 -33.414001 	 -82.988335 	 203.538620 	 1.000000 
34896.710938 	 47984.390625 	 25407.875000 	 18.282795 	 -66.860878 	 97.936722 	 1.000000 
35244.074219 	 47218.593750 	 24250.634766 	 -29.192425 	 169.763901 	 134.361633 	 1.000000 
36126.234375 	 47619.312500 	 23929.443359 	 -81.064049 	 -15.006632 	 225.259735 	 1.000000 
35908.878906 	 47512.417969 	 23741.125000 	 -75.722076 	 -9.998943 	 219.888855 	 1.000000 
34495.082031 	 47176.578125 	 24241.478516 	 -2.179734 	 -24.153934 	 172.737274 	 1.000000 
33844.468750 	 47087.386719 	 23516.320312 	 -52.065445 	 59.265587 	 34.157005 	 1.000000 
36296.406250 	 48119.902344 	 25107.037109 	 -44.722744 	 80.661263 	 134.199463 	 1.000000 
34892.425781 	 45551.589844 	 24821.009766 	 -48.244377 	 117.157997 	 92.037697 	 0.000000 
36236.574219 	 47577.371094 	 25263.769531 	 -13.225597 	 -54.238213 	 159.662872 	 1.000000 
34262.207031 	 47376.257812 	 23161.847656 	 -86.801979 	 -115.840736 	 181.344070 	 1.000000 
34102.421875 	 47467.968750 	 22886.390625 	 -69.756615 	 -97.797821 	 203.236816 	 1.000000 
34910.679688 	 48247.625000 	 23429.466797 	 -37.086849 	 -94.630516 	 185.369293 	 1.000000 
33305.828125 	 47583.246094 	 23865.357422 	 -21.808298 	 -88.111549 	 143.428024 	 1.000000 
35447.781250 	 48171.078125 	 25572.271484 	 18.749445 	 -93.915245 	 115.843689 	 1.000000 
36237.457031 	 47862.375000 	 25028.019531 	 -59.347691 	 -20.325500 	 161.319519 	 1.000000 
34392.597656 	 47283.250000 	 24762.458984 	 44.286930 	 27.416037 	 103.198196 	 1.000000 
33674.953125 	 46896.136719 	 24228.869141 	 -15.812127 	 19.790056 	 92.800461 	 1.000000 
34186.050781 	 47149.722656 	 23005.498047 	 -177.543274 	 51.232693 	 215.311462 	 1.000000 
35334.085938 	 47176.703125 	 23091.568359 	 -103.771088 	 23.972599 	 196.264114 	 1.000000 
34326.675781 	 47245.671875 	 23573.322266 	 -137.605499 	 -1.924965 	 196.900177 	 1.000000 
35346.066406 	 47478.160156 	 24457.371094 	 -98.814568 	 121.911728 	 166.823608 	 1.000000 
35120.230469 	 47729.339844 	 24470.148438 	 -24.570320 	 113.285736 	 230.789520 	 1.000000 
34524.050781 	 46654.015625 	 24143.455078 	 -29.475250 	 152.819427 	 68.638618 	 1.000000 
34823.433594 	 45757.351562 	 23579.113281 	 -72.021049 	 132.450424 	 89.323250 	 1.000000 
35585.710938 	 46122.402344 	 24527.310547 	 -62.488468 	 135.735931 	 94.639404 	 1.000000 
34560.554688 	 47102.320312 	 26255.306641 	 -42.800648 	 101.449081 	 102.282295 	 1.000000 
