18984.162109 	 43254.312500 	 67996.835938 	 -141.096741 	 183.188492 	 -134.515640 	 1.000000 
18989.722656 	 42956.414062 	 67938.406250 	 -84.025665 	 363.233582 	 -130.985672 	 1.000000 
19043.425781 	 43297.062500 	 67797.593750 	 -206.644974 	 337.761353 	 -153.276520 	 1.000000 
18795.847656 	 43378.671875 	 67965.648438 	 -172.226486 	 148.496033 	 6.498160 	 1.000000 
19198.736328 	 43226.683594 	 67965.687500 	 -362.395630 	 196.263336 	 -23.857262 	 1.000000 
18756.091797 	 43255.207031 	 68228.335938 	 -41.975521 	 256.338562 	 -116.277786 	 1.000000 
19061.779297 	 43524.703125 	 67830.156250 	 -288.379486 	 119.657562 	 -0.260843 	 1.000000 
19006.296875 	 43261.332031 	 67988.289062 	 -396.469849 	 367.186005 	 46.512165 	 1.000000 
18908.126953 	 43201.097656 	 67931.343750 	 -351.094208 	 428.369781 	 -241.855667 	 1.000000 
18792.509766 	 43320.875000 	 68242.156250 	 -91.834366 	 262.158112 	 -8.402193 	 1.000000 
19214.373047 	 43283.476562 	 68022.156250 	 -179.984497 	 -21.092764 	 -76.939552 	 1.000000 
18962.568359 	 43076.675781 	 67948.453125 	 -300.176575 	 71.561996 	 -203.079102 	 1.000000 
18855.394531 	 42834.625000 	 67945.460938 	 -259.135132 	 249.353806 	 -142.103500 	 1.000000 
18877.029297 	 43254.039062 	 67892.492188 	 -389.086639 	 415.688080 	 -89.508003 	 1.000000 
18919.587891 	 42966.472656 	 67951.679688 	 -9.915168 	 350.270508 	 -41.479698 	 1.000000 
18924.125000 	 42965.117188 	 68057.046875 	 -33.712120 	 411.977997 	 -143.481857 	 1.000000 
18970.146484 	 42999.488281 	 67996.671875 	 11.915716 	 379.531860 	 -83.829887 	 1.000000 
18982.503906 	 43256.242188 	 68001.875000 	 -162.378494 	 -16.563185 	 -121.764091 	 1.000000 
18997.703125 	 43255.625000 	 67898.773438 	 -225.682114 	 79.214478 	 -60.072327 	 1.000000 
18908.158203 	 43313.714844 	 68116.234375 	 -97.475861 	 50.936085 	 -15.535213 	 1.000000 
18832.802734 	 43341.089844 	 67963.554688 	 -65.686234 	 43.671192 	 -204.375000 	 1.000000 
19069.369141 	 43179.507812 	 67872.914062 	 -99.978867 	 116.571007 	 -97.111786 	 1.000000 
18933.328125 	 43164.402344 	 67828.992188 	 -54.498905 	 164.058426 	 -95.197090 	 1.000000 
19027.119141 	 42907.039062 	 67968.554688 	 -97.871384 	 255.929367 	 -94.162682 	 1.000000 
18946.916016 	 42979.531250 	 67935.570312 	 -112.617142 	 403.150360 	 -20.230967 	 1.000000 
19040.205078 	 43008.445312 	 68050.250000 	 -201.013245 	 269.244141 	 -91.141205 	 1.000000 
18984.193359 	 43254.230469 	 67997.046875 	 -114.896172 	 145.591156 	 -132.710831 	 1.000000 
19288.527344 	 45791.519531 	 69527.406250 	 -257.834351 	 122.777382 	 -217.712311 	 9.000000 
19308.312500 	 45808.464844 	 69482.046875 	 -219.335495 	 217.373047 	 -38.142952 	 9.000000 
19240.722656 	 45774.167969 	 69757.585938 	 -347.898956 	 49.873013 	 -217.866898 	 9.000000 
19455.757812 	 45750.058594 	 69496.664062 	 -303.615234 	 225.021469 	 -90.488419 	 9.000000 
19202.714844 	 45716.160156 	 69457.562500 	 -374.108429 	 142.377396 	 -119.474960 	 9.000000 
19283.458984 	 45793.976562 	 69519.445312 	 -303.103973 	 273.699738 	 -162.878723 	 9.000000 
19321.224609 	 45676.515625 	 69610.750000 	 -288.882874 	 -35.908684 	 -240.258438 	 9.000000 
19225.476562 	 45798.136719 	 69448.343750 	 -187.438400 	 217.563904 	 -336.485535 	 9.000000 
19353.800781 	 45739.531250 	 69596.101562 	 -327.647858 	 38.395817 	 -148.511353 	 9.000000 
18755.919922 	 44234.332031 	 68877.617188 	 -163.977280 	 130.959488 	 -170.515167 	 5.000000 
18663.011719 	 44146.871094 	 68914.773438 	 -92.075600 	 274.598511 	 -244.624283 	 5.000000 
18942.779297 	 44308.550781 	 68962.328125 	 -257.475830 	 213.951767 	 -259.196564 	 5.000000 
18728.498047 	 44415.160156 	 68876.070312 	 -38.997017 	 198.544693 	 -199.955215 	 5.000000 
18819.482422 	 44182.367188 	 68934.156250 	 -300.971619 	 149.275696 	 -186.229355 	 5.000000 
18804.876953 	 44292.207031 	 68907.117188 	 -102.278702 	 90.140488 	 -315.294464 	 5.000000 
18775.888672 	 44195.937500 	 68959.312500 	 -289.850464 	 153.430771 	 -222.648453 	 5.000000 
18782.595703 	 44273.878906 	 68830.257812 	 -134.020218 	 53.515602 	 -54.158859 	 5.000000 
18768.451172 	 44172.386719 	 68864.218750 	 -70.064957 	 12.593582 	 -201.751160 	 5.000000 
18784.705078 	 45561.921875 	 68807.093750 	 -145.940598 	 158.799042 	 -147.148132 	 8.000000 
18790.328125 	 45602.976562 	 68755.335938 	 -117.270226 	 296.636719 	 -69.576195 	 8.000000 
18731.207031 	 45748.222656 	 68873.578125 	 -55.112053 	 91.503685 	 -55.971745 	 8.000000 
18682.023438 	 45516.894531 	 68673.546875 	 -112.150475 	 270.822571 	 -190.095947 	 8.000000 
18702.205078 	 45589.441406 	 68853.500000 	 -88.268250 	 137.663513 	 1.482738 	 8.000000 
18713.261719 	 45613.597656 	 68933.210938 	 -67.671158 	 168.058380 	 -75.011993 	 8.000000 
18820.546875 	 45492.093750 	 68847.867188 	 -175.782181 	 227.043701 	 -56.670021 	 8.000000 
18671.781250 	 45642.050781 	 68662.359375 	 -73.063904 	 147.989517 	 -88.578758 	 8.000000 
18862.226562 	 45651.804688 	 68785.796875 	 -159.665665 	 84.914452 	 -230.624573 	 8.000000 
18815.980469 	 45580.828125 	 68810.640625 	 -126.858719 	 310.045258 	 4.764627 	 8.000000 
18988.343750 	 43827.796875 	 68524.148438 	 -181.730484 	 181.499802 	 -173.495422 	 3.000000 
18930.896484 	 43856.074219 	 68584.796875 	 -140.534897 	 89.047958 	 -286.306549 	 3.000000 
18627.099609 	 43842.031250 	 70734.820312 	 -228.155212 	 120.350555 	 -142.141998 	 7.000000 
18686.619141 	 43807.496094 	 70666.351562 	 -274.908875 	 86.657524 	 -63.689095 	 7.000000 
18868.531250 	 44703.675781 	 70327.921875 	 -201.098770 	 151.137222 	 -162.073242 	 10.000000 
18894.646484 	 44687.714844 	 70328.367188 	 -185.895340 	 240.316040 	 -72.393944 	 10.000000 
18654.816406 	 43859.156250 	 69979.601562 	 -178.900543 	 223.749908 	 -141.972534 	 6.000000 
18522.138672 	 44581.980469 	 70288.093750 	 -194.331802 	 115.129288 	 -161.087646 	 10.000000 
18532.333984 	 44670.746094 	 70305.617188 	 -214.551514 	 104.951599 	 -190.856934 	 10.000000 
18796.978516 	 42609.230469 	 67837.671875 	 -64.162788 	 314.539001 	 -137.044388 	 1.000000 
18795.117188 	 42384.042969 	 67853.617188 	 -81.098305 	 260.941376 	 -55.219204 	 1.000000 
19078.970703 	 42876.261719 	 68269.125000 	 -308.918457 	 284.330353 	 -248.186142 	 1.000000 
19082.437500 	 42876.417969 	 68281.171875 	 -234.425491 	 265.428467 	 -287.698273 	 1.000000 
19079.451172 	 42868.062500 	 68272.007812 	 -245.061432 	 260.251221 	 -294.039093 	 1.000000 
18696.048828 	 44780.921875 	 67606.921875 	 -72.050583 	 187.672195 	 -115.156342 	 4.000000 
18809.996094 	 44770.617188 	 70654.281250 	 -181.386658 	 137.633453 	 -208.015976 	 10.000000 
18250.720703 	 45357.574219 	 67379.054688 	 -138.354233 	 186.772858 	 -86.922119 	 0.000000 
18745.322266 	 44103.257812 	 69985.117188 	 -223.437943 	 244.202667 	 -152.559906 	 6.000000 
19931.189453 	 43179.429688 	 67474.789062 	 -305.092896 	 267.110107 	 -193.170105 	 0.000000 
18446.439453 	 44936.082031 	 67506.718750 	 -127.213646 	 188.275192 	 -65.552711 	 4.000000 
19884.263672 	 45535.777344 	 68066.375000 	 -230.841019 	 203.027954 	 -137.552582 	 0.000000 
18634.873047 	 44192.640625 	 69811.671875 	 -184.990646 	 148.118210 	 -166.748016 	 6.000000 
18685.544922 	 44202.609375 	 69898.812500 	 -186.218109 	 139.084915 	 -174.534668 	 6.000000 
18662.847656 	 44198.417969 	 69952.007812 	 -183.351730 	 143.302429 	 -190.476395 	 6.000000 
18629.830078 	 44223.175781 	 69126.734375 	 -168.846466 	 150.416046 	 -285.810577 	 5.000000 
19118.050781 	 43903.746094 	 69158.585938 	 -189.161133 	 218.226685 	 -235.442474 	 0.000000 
19076.800781 	 43867.582031 	 70169.078125 	 -186.856461 	 172.166946 	 -159.178436 	 6.000000 
19823.089844 	 43920.007812 	 67210.000000 	 -137.202560 	 211.243484 	 -127.906830 	 2.000000 
18644.914062 	 43007.675781 	 67970.382812 	 -185.220856 	 377.814056 	 -60.693771 	 1.000000 
18587.005859 	 45314.183594 	 68331.132812 	 -124.740700 	 198.755264 	 -60.265087 	 0.000000 
18679.382812 	 44100.101562 	 69168.976562 	 -119.451538 	 228.712555 	 -252.255951 	 5.000000 
19160.406250 	 43547.972656 	 69961.500000 	 -124.726601 	 247.602066 	 -141.859436 	 0.000000 
18490.791016 	 44960.222656 	 67262.023438 	 -42.356606 	 214.057022 	 -110.219254 	 4.000000 
18536.089844 	 44997.949219 	 67521.390625 	 -41.736435 	 185.269974 	 -131.999619 	 4.000000 
19436.759766 	 45730.976562 	 68960.445312 	 -216.079285 	 97.021202 	 -141.252029 	 0.000000 
18626.435547 	 44225.976562 	 68402.031250 	 -117.322716 	 222.620728 	 -181.832306 	 3.000000 
19971.482422 	 43529.066406 	 66997.468750 	 -204.468689 	 199.924667 	 -81.754654 	 2.000000 
19731.015625 	 44017.589844 	 66853.000000 	 -145.884384 	 143.274582 	 -221.142227 	 0.000000 
19290.001953 	 43379.324219 	 67441.390625 	 -265.942413 	 151.857742 	 -105.167526 	 0.000000 
18735.851562 	 42318.441406 	 69896.890625 	 -103.951172 	 189.303101 	 -131.860947 	 0.000000 
18576.638672 	 43900.457031 	 68250.523438 	 -124.292511 	 190.176910 	 -139.753189 	 3.000000 
19048.773438 	 43220.195312 	 68316.656250 	 -74.719154 	 99.602470 	 -61.473728 	 1.000000 
18922.601562 	 43544.269531 	 67966.828125 	 -42.185143 	 156.322189 	 -150.591949 	 1.000000 
19091.851562 	 44358.585938 	 68072.695312 	 -98.477089 	 130.022385 	 -100.900101 	 0.000000 
18602.386719 	 44030.121094 	 68384.789062 	 -105.503387 	 205.584244 	 -187.003769 	 3.000000 
18929.130859 	 43714.308594 	 68850.148438 	 -223.788330 	 203.366455 	 -143.559189 	 3.000000 
19981.839844 	 43747.441406 	 67038.171875 	 -214.989517 	 108.957741 	 -43.040825 	 2.000000 
18853.449219 	 43724.347656 	 70573.375000 	 -247.611267 	 108.840240 	 -222.580948 	 7.000000 
18663.892578 	 43619.234375 	 67821.359375 	 -190.045486 	 296.349426 	 -114.414955 	 1.000000 
19158.261719 	 44046.699219 	 68698.523438 	 -143.720001 	 193.707367 	 -201.434265 	 3.000000 
19830.808594 	 43614.132812 	 67097.156250 	 -169.049347 	 206.998001 	 -187.463104 	 2.000000 
19085.880859 	 43840.890625 	 70769.351562 	 -177.919418 	 131.812637 	 -218.636261 	 7.000000 
19120.328125 	 42871.222656 	 67769.718750 	 -193.362518 	 181.586517 	 -99.738632 	 1.000000 
18929.304688 	 42867.312500 	 67733.031250 	 -107.522446 	 314.309631 	 -93.919754 	 1.000000 
18851.361328 	 43964.769531 	 69995.585938 	 -183.647125 	 205.993088 	 -148.248276 	 6.000000 
18837.773438 	 43717.828125 	 68353.109375 	 -244.136963 	 213.628891 	 -148.518311 	 3.000000 
19031.074219 	 43021.507812 	 68154.812500 	 -135.544266 	 256.514648 	 -212.878906 	 1.000000 
