64326.589844 	 12141.455078 	 5284.466797 	 25.456743 	 207.570068 	 66.554619 	 1.000000 
63932.851562 	 12226.800781 	 5402.881836 	 143.395874 	 221.445129 	 108.054276 	 1.000000 
64463.308594 	 12308.583008 	 5346.967285 	 -74.476944 	 195.216629 	 83.111900 	 1.000000 
64311.675781 	 12143.673828 	 5342.080078 	 138.019867 	 128.416412 	 -223.371445 	 1.000000 
64150.945312 	 12196.820312 	 5546.110840 	 26.434767 	 77.486320 	 10.699905 	 1.000000 
64532.601562 	 12036.605469 	 5160.357422 	 189.219650 	 329.738068 	 58.200943 	 1.000000 
64530.113281 	 12354.033203 	 5296.282715 	 -16.282026 	 166.016464 	 68.699570 	 1.000000 
64300.984375 	 12104.988281 	 5340.867188 	 -19.583271 	 558.249939 	 177.821869 	 1.000000 
64290.898438 	 12058.830078 	 5369.037598 	 -63.735340 	 172.814880 	 194.684464 	 1.000000 
64401.421875 	 12005.119141 	 5252.964355 	 193.889847 	 361.531555 	 -30.964497 	 1.000000 
64323.562500 	 12091.076172 	 5337.493164 	 -71.772118 	 544.287109 	 261.368866 	 1.000000 
64358.941406 	 11978.102539 	 5169.880859 	 145.354095 	 120.792717 	 3.685861 	 1.000000 
64291.734375 	 12044.329102 	 5426.613770 	 -35.922615 	 105.409050 	 5.625450 	 1.000000 
64365.382812 	 12019.559570 	 5368.258301 	 -219.828018 	 279.223328 	 -38.204884 	 1.000000 
64366.253906 	 12149.319336 	 5412.263184 	 152.524475 	 278.616699 	 169.727875 	 1.000000 
63983.714844 	 12198.625000 	 5324.538574 	 -128.930374 	 211.470505 	 -43.563526 	 1.000000 
64182.285156 	 12352.704102 	 5352.194336 	 -186.037933 	 190.938507 	 175.351135 	 1.000000 
64572.921875 	 12373.274414 	 5403.322754 	 -70.760674 	 48.020073 	 54.325111 	 1.000000 
64343.046875 	 12254.714844 	 5310.813477 	 -105.657562 	 78.595436 	 87.549591 	 1.000000 
64283.867188 	 12066.909180 	 5187.508789 	 83.245941 	 522.687317 	 132.920547 	 1.000000 
64315.562500 	 11997.078125 	 5281.313965 	 -86.841148 	 431.727631 	 38.696476 	 1.000000 
64250.542969 	 12273.505859 	 5401.573730 	 23.225346 	 317.378174 	 114.450912 	 1.000000 
64640.203125 	 12403.075195 	 5387.791016 	 39.792023 	 249.333466 	 89.292961 	 1.000000 
64001.253906 	 12231.565430 	 5500.019531 	 -104.042511 	 144.227356 	 142.508682 	 1.000000 
64159.203125 	 12040.788086 	 5275.867676 	 10.468842 	 83.433586 	 -91.123726 	 1.000000 
64515.277344 	 12454.228516 	 5392.922363 	 62.918690 	 272.437073 	 50.990982 	 1.000000 
64362.988281 	 11888.858398 	 5317.475098 	 -58.105911 	 276.202209 	 77.352913 	 1.000000 
64467.753906 	 12333.902344 	 5396.098633 	 -151.037842 	 237.562195 	 -20.776690 	 1.000000 
63848.269531 	 12267.047852 	 5342.349121 	 -168.110138 	 199.991562 	 104.862213 	 1.000000 
64357.500000 	 12007.472656 	 5223.420898 	 -151.661621 	 136.422531 	 180.235886 	 1.000000 
64398.648438 	 12292.902344 	 5304.118652 	 205.316238 	 65.771233 	 68.722870 	 1.000000 
64330.488281 	 12079.978516 	 5252.059570 	 114.354088 	 66.778542 	 -133.633026 	 1.000000 
64261.886719 	 12172.849609 	 5472.406738 	 -151.276581 	 404.710388 	 111.081421 	 1.000000 
64364.707031 	 12050.106445 	 5204.479004 	 208.089630 	 370.231171 	 -39.708244 	 1.000000 
64673.167969 	 12428.947266 	 5348.259766 	 21.635809 	 88.840477 	 68.478691 	 1.000000 
64296.074219 	 12091.700195 	 5372.678711 	 87.427246 	 93.016472 	 -210.982559 	 1.000000 
64654.378906 	 12319.559570 	 5293.236816 	 -60.933128 	 246.643784 	 12.081000 	 1.000000 
64256.578125 	 11908.937500 	 5306.731445 	 202.625061 	 322.088867 	 -62.489597 	 1.000000 
63879.859375 	 12124.513672 	 5319.279785 	 60.729607 	 290.586395 	 210.432526 	 1.000000 
64281.511719 	 12177.518555 	 5539.113770 	 -196.754150 	 237.324173 	 2.523263 	 1.000000 
64477.863281 	 12303.247070 	 5388.501953 	 -147.908569 	 239.766403 	 69.584961 	 1.000000 
63977.460938 	 12264.339844 	 5323.180176 	 -151.192459 	 245.798035 	 -38.283688 	 1.000000 
64385.078125 	 12159.497070 	 5387.911621 	 -3.238309 	 -2.806759 	 101.649139 	 1.000000 
64365.382812 	 12008.309570 	 5239.897949 	 -180.324860 	 292.537140 	 157.939133 	 1.000000 
64275.652344 	 11998.405273 	 5303.758789 	 -19.302727 	 468.909210 	 251.083923 	 1.000000 
64464.593750 	 12161.079102 	 5107.186523 	 15.267439 	 388.349701 	 100.544556 	 1.000000 
64565.976562 	 12304.667969 	 5339.408203 	 -131.581741 	 205.669250 	 -121.571983 	 1.000000 
64361.253906 	 12078.206055 	 5500.519043 	 23.374237 	 329.311493 	 -173.656250 	 1.000000 
64103.386719 	 12253.405273 	 5186.886230 	 -86.350960 	 180.397507 	 -41.595062 	 1.000000 
64428.390625 	 12226.622070 	 5133.031738 	 -142.455658 	 404.047668 	 141.845764 	 1.000000 
64209.039062 	 12114.755859 	 5548.310059 	 -109.616905 	 154.012115 	 -79.337143 	 1.000000 
64429.855469 	 12280.359375 	 5383.528809 	 -133.382965 	 248.451431 	 -109.236992 	 1.000000 
64517.046875 	 12366.319336 	 5083.221191 	 77.321739 	 304.086090 	 12.587592 	 1.000000 
64286.386719 	 12071.413086 	 5292.434082 	 -239.608627 	 132.841797 	 -107.908073 	 1.000000 
64178.472656 	 12200.908203 	 5265.181641 	 60.293148 	 46.135788 	 194.229675 	 1.000000 
64167.226562 	 12123.442383 	 5062.192871 	 82.625999 	 224.911194 	 207.006744 	 1.000000 
64305.015625 	 12291.532227 	 5284.964355 	 -181.867157 	 342.832092 	 238.859543 	 1.000000 
63953.523438 	 12230.251953 	 5386.763672 	 155.112778 	 357.244354 	 182.624954 	 1.000000 
64307.492188 	 12022.119141 	 5309.847168 	 -71.208511 	 470.790192 	 248.567017 	 1.000000 
64352.425781 	 12241.641602 	 5480.627930 	 50.085712 	 2.387405 	 -36.137325 	 1.000000 
64267.621094 	 12158.020508 	 5202.899414 	 -214.395325 	 3.328247 	 125.534470 	 1.000000 
64578.828125 	 12327.088867 	 5276.855469 	 60.356277 	 327.773926 	 200.312073 	 1.000000 
64328.675781 	 12339.751953 	 5266.557129 	 104.202972 	 222.107208 	 154.148117 	 1.000000 
64190.898438 	 12174.460938 	 5041.316895 	 -99.030960 	 190.885223 	 -87.352959 	 1.000000 
64494.054688 	 11962.262695 	 5177.070312 	 236.348053 	 257.288177 	 57.053844 	 1.000000 
64328.296875 	 12356.852539 	 5337.690918 	 -142.954330 	 274.602783 	 8.109942 	 1.000000 
64416.589844 	 12395.825195 	 5432.727539 	 4.343212 	 131.105530 	 -76.358826 	 1.000000 
63880.855469 	 12165.127930 	 5385.102539 	 187.911346 	 122.806870 	 -67.101326 	 1.000000 
64314.535156 	 12306.855469 	 5167.608887 	 87.627327 	 217.362900 	 261.988586 	 1.000000 
64180.199219 	 12135.349609 	 5307.791016 	 -142.745438 	 55.702572 	 -4.947741 	 1.000000 
64296.894531 	 12187.651367 	 5195.083008 	 -42.688145 	 142.655380 	 354.575989 	 1.000000 
64402.406250 	 12112.585938 	 5291.958984 	 -12.630440 	 393.503418 	 177.374802 	 1.000000 
64572.859375 	 12440.617188 	 5367.458984 	 -43.583683 	 251.590302 	 -15.004888 	 1.000000 
64608.902344 	 12254.256836 	 5378.034180 	 98.022438 	 321.580688 	 -75.197769 	 1.000000 
64322.804688 	 12108.625000 	 5325.060059 	 14.937248 	 599.545593 	 253.333054 	 1.000000 
64328.097656 	 12232.663086 	 5317.218750 	 -260.601990 	 150.855652 	 3.376350 	 1.000000 
64200.574219 	 12246.716797 	 5178.282227 	 137.612305 	 50.770084 	 216.266617 	 1.000000 
64156.667969 	 12209.997070 	 5303.796875 	 -56.040325 	 250.101990 	 140.924759 	 1.000000 
64438.644531 	 12162.158203 	 5212.662598 	 96.240387 	 485.496033 	 15.959306 	 1.000000 
64346.386719 	 11980.307617 	 5294.329102 	 -70.009918 	 435.484802 	 250.709381 	 1.000000 
64151.523438 	 12118.778320 	 5231.941895 	 214.207794 	 168.440186 	 205.094009 	 1.000000 
64334.917969 	 12309.354492 	 5194.153320 	 126.412392 	 170.302612 	 -1.171482 	 1.000000 
63841.105469 	 12286.074219 	 5355.476074 	 176.817291 	 238.877853 	 66.949593 	 1.000000 
64251.703125 	 12182.022461 	 5442.314453 	 58.361248 	 14.897761 	 -0.195040 	 1.000000 
64653.421875 	 12321.306641 	 5310.628906 	 -12.518043 	 12.622995 	 4.838184 	 1.000000 
64497.644531 	 12441.938477 	 5337.638184 	 79.497185 	 342.168610 	 132.965973 	 1.000000 
64173.070312 	 11959.011719 	 5224.994629 	 207.872284 	 319.295868 	 -21.844564 	 1.000000 
64360.171875 	 11918.319336 	 5392.385254 	 -6.150280 	 465.035553 	 43.139622 	 1.000000 
64306.246094 	 12414.574219 	 5277.091797 	 -86.375404 	 262.524384 	 166.056732 	 1.000000 
64183.402344 	 12154.860352 	 5142.802246 	 122.607582 	 321.159729 	 186.441971 	 1.000000 
64269.984375 	 12244.905273 	 5280.845703 	 -226.850189 	 307.234283 	 263.617584 	 1.000000 
64485.933594 	 12171.897461 	 5171.187988 	 -166.970261 	 239.175369 	 132.479446 	 1.000000 
63704.171875 	 11944.240234 	 5129.674316 	 156.262909 	 251.915909 	 112.692673 	 1.000000 
63767.582031 	 11880.375000 	 4957.857422 	 166.701721 	 114.420219 	 123.620270 	 1.000000 
63871.023438 	 11821.895508 	 4988.040527 	 77.274162 	 288.708923 	 3.640847 	 1.000000 
63528.152344 	 11867.215820 	 5170.128418 	 141.222687 	 391.958313 	 -13.071820 	 1.000000 
63850.347656 	 11791.449219 	 5069.285645 	 174.039948 	 330.874512 	 143.438538 	 1.000000 
63793.976562 	 11939.545898 	 5228.737793 	 88.079208 	 315.691040 	 106.869766 	 1.000000 
63866.128906 	 11776.116211 	 4932.568359 	 82.843544 	 327.855438 	 116.312675 	 1.000000 
63481.027344 	 11942.302734 	 5132.144043 	 217.140976 	 232.766296 	 36.381836 	 1.000000 
63646.488281 	 11930.191406 	 5140.808594 	 225.941299 	 348.732605 	 201.052460 	 1.000000 
63663.558594 	 11959.177734 	 5024.986328 	 90.594147 	 272.508881 	 271.600372 	 1.000000 
63622.937500 	 11924.772461 	 5307.317383 	 191.794601 	 216.837845 	 113.191811 	 1.000000 
63638.050781 	 11990.623047 	 5161.148926 	 131.999847 	 270.070374 	 288.239410 	 1.000000 
63752.660156 	 11921.128906 	 5221.175293 	 277.534088 	 165.666809 	 36.176613 	 1.000000 
63705.949219 	 11831.471680 	 5256.201172 	 137.867508 	 276.920685 	 182.211243 	 1.000000 
63869.550781 	 11710.644531 	 5059.565430 	 267.824188 	 285.655945 	 115.255730 	 1.000000 
63717.039062 	 11940.629883 	 5196.009277 	 342.534485 	 179.067734 	 4.196410 	 1.000000 
63889.417969 	 11743.055664 	 5042.245117 	 145.874542 	 296.498077 	 -51.463585 	 1.000000 
63637.207031 	 11912.452148 	 5210.166992 	 120.063385 	 303.754608 	 -59.611469 	 1.000000 
63784.195312 	 11873.430664 	 5011.825195 	 47.917583 	 382.260681 	 112.059250 	 1.000000 
63504.628906 	 11881.217773 	 5172.134277 	 275.678741 	 256.916504 	 36.512363 	 1.000000 
63741.132812 	 11895.538086 	 5145.008301 	 114.911560 	 317.969360 	 -46.791153 	 1.000000 
63798.605469 	 11844.013672 	 4936.225586 	 134.578583 	 289.024902 	 266.273132 	 1.000000 
63558.546875 	 12019.821289 	 5250.682129 	 91.671036 	 221.279282 	 47.166420 	 1.000000 
63683.550781 	 11917.041992 	 5025.723145 	 103.333321 	 199.282120 	 286.460205 	 1.000000 
63793.949219 	 11902.908203 	 4987.419922 	 218.012115 	 96.961479 	 139.920624 	 1.000000 
63675.738281 	 12024.213867 	 4945.195312 	 117.592354 	 335.618805 	 138.666443 	 1.000000 
63678.511719 	 11894.887695 	 5083.865234 	 6.608295 	 335.513184 	 171.473053 	 1.000000 
63634.734375 	 12008.511719 	 5118.188965 	 43.665409 	 252.606964 	 251.247757 	 1.000000 
63697.433594 	 11843.415039 	 5074.077148 	 56.874451 	 173.383606 	 297.439362 	 1.000000 
63591.222656 	 11954.808594 	 5109.455078 	 221.814148 	 130.143326 	 19.041170 	 1.000000 
63752.585938 	 11825.885742 	 5249.133301 	 150.151627 	 288.056732 	 178.192703 	 1.000000 
63692.984375 	 11960.304688 	 4930.833496 	 103.916046 	 359.889893 	 162.910446 	 1.000000 
63543.109375 	 11986.909180 	 5262.688965 	 60.694042 	 243.374390 	 83.350006 	 1.000000 
63863.187500 	 11952.897461 	 5120.776367 	 58.758274 	 184.037033 	 103.090057 	 1.000000 
63843.148438 	 11973.267578 	 5075.920898 	 -5.901715 	 285.299805 	 244.132278 	 1.000000 
63829.917969 	 11810.828125 	 5102.983398 	 166.811798 	 356.944031 	 158.193680 	 1.000000 
63879.851562 	 11809.263672 	 5054.247559 	 107.741150 	 335.331787 	 -20.950939 	 1.000000 
63832.871094 	 11944.942383 	 4978.895996 	 6.866263 	 282.582733 	 251.003174 	 1.000000 
63743.578125 	 11912.951172 	 5213.849121 	 238.589539 	 83.361069 	 104.788765 	 1.000000 
63646.808594 	 11982.355469 	 5101.769043 	 135.468018 	 252.654663 	 218.857727 	 1.000000 
63754.820312 	 11868.932617 	 4987.416992 	 43.942886 	 241.698669 	 168.528503 	 1.000000 
63631.035156 	 11983.464844 	 5282.196777 	 265.518860 	 184.909073 	 175.379974 	 1.000000 
63831.457031 	 11923.439453 	 5293.804688 	 200.722076 	 342.128632 	 51.492153 	 1.000000 
63035.656250 	 11964.989258 	 3754.656250 	 68.247002 	 109.131859 	 131.002823 	 1.000000 
63055.343750 	 11957.836914 	 3752.943604 	 8.564176 	 153.828461 	 146.564514 	 1.000000 
62944.500000 	 12052.759766 	 3763.796875 	 170.332687 	 124.907516 	 73.946503 	 1.000000 
63093.070312 	 11923.435547 	 3708.770020 	 124.462234 	 148.129623 	 66.222855 	 1.000000 
63077.238281 	 11759.831055 	 3803.330811 	 108.269440 	 132.725449 	 131.878906 	 1.000000 
63095.554688 	 11941.577148 	 3831.975342 	 115.672958 	 128.569046 	 -3.780414 	 1.000000 
63082.890625 	 11947.692383 	 3732.272949 	 59.342571 	 192.694031 	 139.190582 	 1.000000 
62949.750000 	 11911.100586 	 3821.033447 	 90.659088 	 25.824959 	 129.745438 	 1.000000 
63051.835938 	 12082.692383 	 3644.582031 	 23.972427 	 208.720474 	 121.493187 	 1.000000 
63093.203125 	 11816.478516 	 3794.350098 	 45.970997 	 156.706314 	 139.340393 	 1.000000 
63051.593750 	 11803.723633 	 3741.566162 	 96.063637 	 178.796555 	 177.827469 	 1.000000 
62996.761719 	 12025.988281 	 3755.454102 	 228.706573 	 100.678047 	 123.755356 	 1.000000 
63136.519531 	 12024.625977 	 3794.708984 	 68.433464 	 172.943878 	 31.973427 	 1.000000 
62981.273438 	 11898.200195 	 3708.327637 	 75.043190 	 42.626556 	 98.503662 	 1.000000 
63051.050781 	 11915.384766 	 3814.835449 	 176.680191 	 84.146027 	 219.082306 	 1.000000 
63103.132812 	 11919.800781 	 3693.730469 	 -63.712112 	 54.829006 	 177.159637 	 1.000000 
63115.394531 	 11953.238281 	 3674.554932 	 -50.576508 	 45.329208 	 166.537064 	 1.000000 
63102.679688 	 12087.476562 	 3780.716309 	 -18.732073 	 80.634399 	 84.143333 	 1.000000 
65397.953125 	 13094.484375 	 5515.048828 	 75.413734 	 182.380188 	 102.364029 	 1.000000 
65328.500000 	 13142.255859 	 5595.598145 	 133.269302 	 253.469574 	 122.588478 	 1.000000 
65408.667969 	 13110.656250 	 5541.583496 	 31.575607 	 83.444435 	 -59.995960 	 1.000000 
65422.843750 	 13002.918945 	 5574.832031 	 107.613136 	 214.197296 	 248.981323 	 1.000000 
65518.425781 	 13034.860352 	 5473.645508 	 70.185303 	 109.456329 	 240.954056 	 1.000000 
65393.554688 	 13157.164062 	 5498.167480 	 147.236359 	 264.884918 	 23.291769 	 1.000000 
65370.820312 	 13076.125000 	 5443.575684 	 60.898876 	 143.401245 	 10.791604 	 1.000000 
65287.878906 	 13106.307617 	 5600.766602 	 108.415184 	 279.255676 	 151.591660 	 1.000000 
65506.574219 	 13077.788086 	 5485.002441 	 77.359581 	 132.500366 	 157.186768 	 1.000000 
65328.195312 	 13081.207031 	 5525.606445 	 55.742924 	 67.829704 	 146.960648 	 1.000000 
62811.132812 	 11980.790039 	 5933.455566 	 105.301544 	 239.363144 	 48.147369 	 1.000000 
62798.746094 	 12024.120117 	 5960.574707 	 212.793900 	 301.108246 	 -7.145077 	 1.000000 
62775.144531 	 12038.867188 	 5901.021973 	 129.587845 	 208.253204 	 160.021637 	 1.000000 
62728.722656 	 12038.078125 	 5990.355957 	 126.788170 	 257.325500 	 55.833214 	 1.000000 
62870.679688 	 11947.008789 	 5847.179688 	 137.271286 	 255.293716 	 40.511627 	 1.000000 
62805.808594 	 12014.288086 	 5985.914551 	 48.591702 	 118.390549 	 61.333717 	 1.000000 
62777.250000 	 11648.224609 	 3936.117432 	 104.235535 	 224.480804 	 91.900436 	 1.000000 
62732.289062 	 11575.017578 	 3916.753174 	 134.494980 	 183.785156 	 199.968292 	 1.000000 
62740.621094 	 11625.513672 	 3837.442383 	 148.196960 	 148.915863 	 70.243065 	 1.000000 
62795.617188 	 11628.651367 	 3887.559082 	 211.798569 	 261.815338 	 40.949993 	 1.000000 
62732.894531 	 11594.235352 	 3935.289551 	 99.340630 	 342.942200 	 35.537075 	 1.000000 
62762.957031 	 11580.158203 	 4015.042480 	 117.170052 	 265.929077 	 146.918701 	 1.000000 
62702.777344 	 11715.626953 	 3927.976318 	 133.377380 	 164.864136 	 159.201706 	 1.000000 
62487.890625 	 12833.631836 	 4459.945801 	 108.294815 	 105.712265 	 119.943901 	 1.000000 
62534.148438 	 12944.649414 	 4478.899902 	 86.420395 	 34.603191 	 106.640236 	 1.000000 
62434.527344 	 12810.379883 	 4566.887695 	 83.691566 	 164.756073 	 84.733223 	 1.000000 
62492.570312 	 12962.632812 	 4434.039062 	 45.910580 	 130.892349 	 146.887756 	 1.000000 
62484.765625 	 12786.023438 	 4460.507324 	 113.144852 	 169.490616 	 65.941696 	 1.000000 
63362.847656 	 12576.314453 	 6325.258301 	 57.564743 	 150.052658 	 38.123665 	 1.000000 
63371.609375 	 12489.006836 	 6358.684570 	 63.516262 	 166.908600 	 -19.165812 	 1.000000 
63380.738281 	 12586.398438 	 6334.775391 	 31.109100 	 64.310646 	 -22.258389 	 1.000000 
63333.968750 	 12533.081055 	 6308.817871 	 42.611904 	 179.752655 	 -74.464012 	 1.000000 
63728.777344 	 11517.742188 	 4558.408691 	 37.457680 	 302.574615 	 150.914749 	 1.000000 
63747.234375 	 11541.964844 	 4499.892090 	 87.987137 	 244.441193 	 210.736847 	 1.000000 
63773.894531 	 11517.795898 	 4593.550293 	 60.499508 	 306.989197 	 78.511925 	 1.000000 
63709.039062 	 11537.875000 	 4583.539062 	 -75.324303 	 275.091187 	 158.072449 	 1.000000 
63771.851562 	 11431.440430 	 4600.445312 	 83.639061 	 315.506073 	 157.282074 	 1.000000 
63759.117188 	 11516.382812 	 4515.979492 	 15.672202 	 301.586487 	 91.983887 	 1.000000 
63716.210938 	 11517.295898 	 4572.355957 	 56.054985 	 307.047028 	 158.559006 	 1.000000 
63679.179688 	 11543.779297 	 4563.701172 	 30.716013 	 375.312958 	 203.102997 	 1.000000 
63768.816406 	 11535.673828 	 4574.096191 	 25.081215 	 185.840942 	 156.629898 	 1.000000 
63761.679688 	 11479.527344 	 4578.170898 	 -32.122231 	 228.735031 	 183.977158 	 1.000000 
64525.843750 	 11510.548828 	 4636.574219 	 -6.485828 	 250.450470 	 184.786987 	 1.000000 
64503.007812 	 11477.852539 	 4666.134766 	 -35.033863 	 216.138428 	 111.152855 	 1.000000 
64465.507812 	 11575.160156 	 4626.077637 	 -51.866051 	 199.521912 	 195.649155 	 1.000000 
64463.113281 	 11575.488281 	 4644.384277 	 -64.056351 	 203.210480 	 153.230774 	 1.000000 
64488.574219 	 11522.341797 	 4614.446777 	 10.203553 	 176.457809 	 166.126617 	 1.000000 
64505.949219 	 11492.540039 	 4669.489746 	 -37.741722 	 211.787170 	 87.315285 	 1.000000 
64496.125000 	 11488.070312 	 4696.452148 	 -65.693237 	 200.761276 	 116.616951 	 1.000000 
65649.890625 	 13171.605469 	 5680.171387 	 51.689922 	 244.379364 	 54.009792 	 1.000000 
65645.789062 	 13117.986328 	 5638.073242 	 84.767250 	 308.765900 	 75.680313 	 1.000000 
65621.070312 	 13165.749023 	 5720.710938 	 41.506630 	 180.460663 	 78.923279 	 1.000000 
63347.574219 	 12365.394531 	 3601.170654 	 45.419498 	 104.654259 	 154.873032 	 1.000000 
63377.886719 	 12373.428711 	 3687.152344 	 39.237667 	 66.558113 	 176.975723 	 1.000000 
63341.074219 	 12303.749023 	 3523.487305 	 -4.590884 	 88.136322 	 120.801605 	 1.000000 
63421.343750 	 12406.710938 	 3661.172363 	 7.901846 	 115.352730 	 142.728622 	 1.000000 
63393.250000 	 12361.610352 	 3581.962158 	 1.459389 	 86.275223 	 119.073990 	 1.000000 
63329.574219 	 12320.259766 	 3534.866943 	 44.530121 	 143.089066 	 88.702240 	 1.000000 
63348.667969 	 12361.359375 	 3539.316650 	 -4.325678 	 90.339485 	 176.978592 	 1.000000 
63330.433594 	 12310.924805 	 3574.244629 	 -1.154362 	 88.975426 	 169.978317 	 1.000000 
63399.132812 	 12346.119141 	 3695.028809 	 49.345451 	 77.134399 	 186.476059 	 1.000000 
64433.699219 	 10309.916992 	 5673.274902 	 22.354954 	 268.867859 	 71.855408 	 1.000000 
64391.128906 	 10325.276367 	 5714.236816 	 66.737778 	 252.196213 	 2.373337 	 1.000000 
64403.550781 	 10331.597656 	 5655.472656 	 17.580082 	 190.167740 	 90.852043 	 1.000000 
64420.937500 	 10373.896484 	 5637.972656 	 -19.602757 	 225.952911 	 85.097321 	 1.000000 
64420.183594 	 10332.822266 	 5718.417969 	 12.735469 	 251.979706 	 63.139389 	 1.000000 
64436.718750 	 10292.246094 	 5732.868652 	 24.624258 	 227.229507 	 61.914639 	 1.000000 
64893.343750 	 11293.061523 	 4112.332520 	 -7.446959 	 261.281952 	 136.878143 	 1.000000 
64862.628906 	 11294.428711 	 4105.798340 	 -27.623116 	 272.685425 	 181.280075 	 1.000000 
64236.320312 	 11823.324219 	 4785.505371 	 13.669007 	 307.201569 	 196.891541 	 1.000000 
64240.652344 	 11755.674805 	 4853.940918 	 -7.527814 	 323.012848 	 157.753082 	 1.000000 
64214.238281 	 11836.593750 	 4875.379395 	 21.104612 	 295.899811 	 168.780746 	 1.000000 
64309.160156 	 11776.055664 	 4899.331543 	 -11.888141 	 325.845398 	 155.829773 	 1.000000 
64228.863281 	 11845.385742 	 4877.335449 	 15.767186 	 297.753082 	 202.446518 	 1.000000 
64258.046875 	 11828.250000 	 4747.903809 	 -23.633570 	 258.136810 	 207.058762 	 1.000000 
64491.472656 	 11235.532227 	 4182.861328 	 15.757480 	 269.532074 	 153.802826 	 1.000000 
64459.679688 	 11228.659180 	 4167.531250 	 34.004971 	 279.124084 	 169.203186 	 1.000000 
65698.437500 	 12934.221680 	 5332.139648 	 40.676456 	 194.502579 	 220.878174 	 1.000000 
62178.390625 	 12451.842773 	 4681.729004 	 132.541122 	 137.691299 	 97.448410 	 1.000000 
62079.566406 	 12434.416992 	 4724.189453 	 148.905853 	 121.985229 	 83.307762 	 1.000000 
62196.738281 	 12450.791992 	 4646.782715 	 130.673843 	 117.616989 	 87.597374 	 1.000000 
62143.339844 	 12403.668945 	 4648.227539 	 151.834030 	 155.451019 	 135.333481 	 1.000000 
62200.730469 	 12513.327148 	 4664.803711 	 124.875755 	 109.743126 	 82.126472 	 1.000000 
63032.882812 	 12869.962891 	 6690.367188 	 60.219749 	 158.265182 	 68.569984 	 1.000000 
63062.707031 	 12899.523438 	 6762.217773 	 55.885704 	 198.626541 	 36.983746 	 1.000000 
63038.718750 	 12941.239258 	 6722.558105 	 47.370892 	 192.772903 	 32.014244 	 1.000000 
63035.082031 	 12878.930664 	 6702.184082 	 85.148109 	 206.802841 	 83.516037 	 1.000000 
63382.988281 	 11824.647461 	 4790.581055 	 159.881226 	 224.028854 	 176.369476 	 1.000000 
65571.460938 	 13033.131836 	 5696.645996 	 45.887257 	 213.652908 	 3.368734 	 1.000000 
65548.039062 	 12987.760742 	 5672.189453 	 107.494156 	 249.571655 	 30.233644 	 1.000000 
62504.101562 	 12404.577148 	 4467.530762 	 114.571243 	 123.986618 	 96.364220 	 1.000000 
65481.277344 	 12843.212891 	 5039.950684 	 48.728622 	 179.319275 	 215.972702 	 1.000000 
65467.847656 	 12859.431641 	 5042.618164 	 83.770691 	 150.012985 	 250.007187 	 1.000000 
64119.054688 	 12522.141602 	 3372.315186 	 15.022304 	 158.442673 	 139.239914 	 1.000000 
64162.394531 	 12516.941406 	 3374.659668 	 -9.413052 	 178.144699 	 158.312866 	 1.000000 
62487.417969 	 12242.758789 	 4621.199219 	 138.229248 	 155.130157 	 83.595886 	 1.000000 
62498.078125 	 12252.795898 	 4618.054199 	 168.199265 	 135.927292 	 76.704742 	 1.000000 
63289.792969 	 11527.685547 	 5111.363770 	 137.462372 	 206.657242 	 183.203537 	 1.000000 
63274.925781 	 11512.923828 	 5079.905273 	 145.497696 	 200.779999 	 201.887924 	 1.000000 
65817.773438 	 12022.880859 	 5089.639160 	 13.241750 	 307.373657 	 77.498932 	 1.000000 
65792.531250 	 12015.167969 	 5087.925293 	 10.189772 	 344.135681 	 59.801388 	 1.000000 
65225.046875 	 12226.676758 	 6149.582520 	 10.567793 	 252.919113 	 -11.314037 	 1.000000 
65238.472656 	 12207.696289 	 6171.113770 	 36.712513 	 266.619568 	 10.778723 	 1.000000 
65217.203125 	 12964.396484 	 5459.229004 	 54.207932 	 246.282410 	 74.258804 	 1.000000 
63656.949219 	 12262.789062 	 5816.441895 	 136.729065 	 167.635406 	 12.075847 	 1.000000 
63667.238281 	 12288.208984 	 5781.667969 	 164.130035 	 168.515900 	 26.099173 	 1.000000 
63664.644531 	 11810.417969 	 4772.181152 	 77.657127 	 112.598526 	 220.217133 	 1.000000 
62798.613281 	 12428.761719 	 3730.138916 	 119.049591 	 66.751579 	 153.371918 	 1.000000 
63476.328125 	 12738.967773 	 6263.456055 	 90.283180 	 129.238907 	 87.026245 	 1.000000 
65433.953125 	 12419.812500 	 5452.071289 	 -1.230603 	 227.470779 	 169.160675 	 1.000000 
65418.437500 	 12412.047852 	 5465.779785 	 -16.738043 	 232.073029 	 147.128372 	 1.000000 
64833.433594 	 13241.717773 	 5987.656738 	 92.654762 	 137.575989 	 19.512323 	 1.000000 
65729.929688 	 12443.629883 	 5327.541016 	 14.866943 	 232.780701 	 168.405838 	 1.000000 
63052.550781 	 11809.975586 	 4007.002441 	 72.498802 	 250.732300 	 113.167969 	 1.000000 
63001.546875 	 11793.359375 	 4025.295166 	 120.433960 	 137.743103 	 63.867363 	 1.000000 
63081.867188 	 11810.290039 	 3978.772217 	 35.375286 	 150.901840 	 78.645599 	 1.000000 
64091.554688 	 11648.237305 	 5326.649902 	 63.684216 	 381.426910 	 20.253206 	 1.000000 
64100.265625 	 11631.067383 	 5330.773926 	 53.129574 	 356.857483 	 2.702106 	 1.000000 
65005.242188 	 12317.104492 	 5308.337402 	 -66.595238 	 260.314178 	 100.776390 	 1.000000 
63206.207031 	 13069.724609 	 6613.294434 	 26.541159 	 129.022171 	 52.803699 	 1.000000 
63760.675781 	 12852.590820 	 3569.621826 	 69.512901 	 89.032890 	 111.405243 	 1.000000 
63555.210938 	 12464.420898 	 3571.811768 	 21.947678 	 92.804993 	 158.232574 	 1.000000 
65354.937500 	 12105.912109 	 5182.086426 	 -23.780642 	 309.123962 	 74.413284 	 1.000000 
64511.453125 	 11359.480469 	 3911.949219 	 18.111208 	 202.266434 	 174.395569 	 1.000000 
62899.781250 	 11529.668945 	 3735.734863 	 74.961075 	 128.928223 	 188.738266 	 1.000000 
62964.742188 	 11855.125000 	 4312.989258 	 133.687439 	 136.274231 	 84.743080 	 1.000000 
62945.027344 	 11815.795898 	 4326.343750 	 153.155930 	 136.292603 	 98.076538 	 1.000000 
63590.367188 	 10904.414062 	 3866.951660 	 24.902168 	 267.172791 	 110.297417 	 1.000000 
63575.980469 	 10904.956055 	 3825.888428 	 31.828794 	 264.574585 	 109.087112 	 1.000000 
62624.351562 	 11153.232422 	 5615.453613 	 98.314598 	 263.250580 	 76.273087 	 6.000000 
65368.175781 	 12957.119141 	 5401.583496 	 111.470085 	 132.976089 	 229.175491 	 1.000000 
65376.425781 	 12994.135742 	 5416.503906 	 109.787621 	 114.026131 	 252.169250 	 1.000000 
64710.078125 	 12188.013672 	 5543.988281 	 143.661835 	 270.030670 	 89.853592 	 1.000000 
63171.925781 	 11790.544922 	 5286.816895 	 126.317703 	 324.341461 	 38.160187 	 1.000000 
65018.667969 	 11299.390625 	 4119.808594 	 -46.077297 	 257.578766 	 127.526711 	 1.000000 
65224.433594 	 12758.789062 	 4157.867676 	 30.686357 	 163.813553 	 184.345688 	 1.000000 
63856.886719 	 12110.123047 	 5496.723633 	 148.688065 	 114.151398 	 -53.500137 	 1.000000 
62931.003906 	 12006.689453 	 4054.687744 	 131.668564 	 107.745354 	 68.727905 	 1.000000 
64703.871094 	 11611.039062 	 5363.313477 	 -29.506577 	 331.289093 	 0.571321 	 1.000000 
64686.386719 	 11607.303711 	 5371.825684 	 -5.049098 	 334.512726 	 16.464333 	 1.000000 
64091.222656 	 12375.098633 	 5522.208008 	 -98.484840 	 130.813904 	 159.708832 	 1.000000 
64708.843750 	 12610.079102 	 4005.039551 	 34.337170 	 164.953018 	 166.711014 	 1.000000 
63868.675781 	 12408.455078 	 5670.220215 	 129.506790 	 105.620728 	 -0.092941 	 1.000000 
63520.589844 	 11625.698242 	 5241.549316 	 187.423340 	 263.099335 	 162.229523 	 1.000000 
62513.105469 	 12206.874023 	 4486.688477 	 104.127060 	 133.677414 	 85.149902 	 1.000000 
63661.601562 	 12465.117188 	 3488.223145 	 74.630997 	 76.398514 	 169.533646 	 1.000000 
63436.722656 	 12543.617188 	 3555.352051 	 36.594215 	 77.682861 	 116.989983 	 1.000000 
62736.859375 	 12103.426758 	 4597.625000 	 143.298218 	 155.461197 	 89.796494 	 1.000000 
64033.843750 	 12501.157227 	 5460.509277 	 -40.955635 	 264.998138 	 19.763033 	 1.000000 
63984.792969 	 11791.092773 	 5212.842285 	 63.145550 	 160.494125 	 223.254745 	 1.000000 
63463.183594 	 12367.498047 	 3675.256348 	 38.244812 	 147.407974 	 161.245758 	 1.000000 
63381.867188 	 11720.160156 	 5005.295410 	 229.072479 	 145.598938 	 98.014404 	 1.000000 
63203.925781 	 11527.141602 	 4850.428711 	 125.023399 	 168.726913 	 176.304764 	 1.000000 
63173.937500 	 11557.940430 	 4820.988770 	 71.193817 	 161.460724 	 198.694687 	 1.000000 
64022.597656 	 11973.433594 	 5392.579590 	 78.007736 	 273.273376 	 236.947617 	 1.000000 
64013.796875 	 11955.997070 	 5403.903809 	 13.936595 	 184.734207 	 94.007690 	 1.000000 
63999.269531 	 12014.934570 	 5368.727051 	 165.726349 	 222.732971 	 126.811310 	 1.000000 
64568.304688 	 11020.964844 	 5494.149902 	 4.120998 	 304.641449 	 53.792267 	 1.000000 
64413.007812 	 12208.545898 	 5600.123535 	 96.864571 	 183.618866 	 213.175781 	 1.000000 
64854.281250 	 12181.010742 	 5912.985840 	 17.233427 	 243.630981 	 -53.362110 	 1.000000 
64680.906250 	 12093.492188 	 5186.027344 	 177.667892 	 238.029831 	 42.528851 	 1.000000 
64674.191406 	 12148.294922 	 5169.147461 	 138.308945 	 254.598160 	 46.576374 	 1.000000 
63599.855469 	 11748.094727 	 4937.912598 	 98.787552 	 337.111420 	 64.369858 	 1.000000 
63643.593750 	 12544.018555 	 3616.383301 	 53.386509 	 76.485939 	 101.764870 	 1.000000 
63609.804688 	 12529.787109 	 3579.863281 	 64.910484 	 66.647141 	 106.899796 	 1.000000 
63797.917969 	 12010.367188 	 5469.134277 	 -58.746529 	 150.150467 	 45.301018 	 1.000000 
64641.769531 	 12298.243164 	 5709.313965 	 -93.951454 	 169.520889 	 102.954056 	 1.000000 
65386.542969 	 13318.163086 	 5943.702148 	 87.871239 	 235.384995 	 83.464607 	 1.000000 
63195.554688 	 11604.221680 	 4835.387207 	 116.945221 	 208.457169 	 191.301514 	 1.000000 
62956.117188 	 11894.822266 	 4641.822266 	 151.449585 	 141.557297 	 87.350677 	 1.000000 
62864.953125 	 12095.541016 	 4070.437012 	 133.477158 	 81.993813 	 101.858688 	 1.000000 
62890.886719 	 12136.052734 	 4098.389648 	 105.514717 	 72.706520 	 91.700394 	 1.000000 
62854.941406 	 11296.518555 	 3828.328369 	 36.293457 	 272.716888 	 104.724289 	 1.000000 
65149.507812 	 12456.862305 	 5753.854004 	 -3.484670 	 240.265778 	 -29.719213 	 1.000000 
65970.164062 	 12365.059570 	 5275.172363 	 31.386971 	 228.142395 	 170.157700 	 1.000000 
65994.859375 	 12389.527344 	 5298.636719 	 23.667517 	 235.145737 	 156.833557 	 1.000000 
62448.003906 	 13387.372070 	 4867.437988 	 91.516624 	 121.421837 	 92.498734 	 8.000000 
62619.277344 	 12170.672852 	 4408.864746 	 112.135246 	 126.489876 	 103.416519 	 1.000000 
63437.726562 	 12374.882812 	 3433.214111 	 36.996983 	 79.929512 	 157.816193 	 1.000000 
65586.171875 	 11317.437500 	 4147.620605 	 6.616459 	 257.136658 	 130.345673 	 1.000000 
62853.175781 	 12003.157227 	 4601.830078 	 122.123192 	 231.559830 	 110.416489 	 1.000000 
65170.828125 	 12313.122070 	 5298.064453 	 -55.878910 	 261.892639 	 102.243416 	 1.000000 
63094.007812 	 11681.123047 	 4916.361328 	 124.082504 	 182.899734 	 172.609222 	 1.000000 
63051.792969 	 10978.581055 	 5358.666504 	 62.931789 	 289.735077 	 50.511276 	 6.000000 
64071.292969 	 13411.939453 	 6740.628418 	 65.402184 	 136.718582 	 60.081059 	 1.000000 
64097.679688 	 13407.604492 	 6724.972656 	 47.338448 	 142.200897 	 61.317211 	 1.000000 
64288.785156 	 12504.716797 	 3685.801514 	 29.877895 	 169.200317 	 143.605698 	 1.000000 
63380.335938 	 12593.670898 	 3543.941650 	 112.548470 	 58.375446 	 150.297699 	 1.000000 
64306.683594 	 11854.762695 	 5188.065918 	 -50.668449 	 357.307495 	 235.942841 	 1.000000 
62772.968750 	 12098.717773 	 6181.177734 	 128.119965 	 151.377213 	 72.925842 	 1.000000 
63862.625000 	 11749.330078 	 4883.833008 	 62.118176 	 272.221588 	 112.320580 	 1.000000 
64722.933594 	 12535.523438 	 3961.864502 	 17.920307 	 160.692001 	 182.487778 	 1.000000 
63300.468750 	 12572.712891 	 3531.209717 	 10.922293 	 129.266830 	 163.038651 	 1.000000 
65343.648438 	 13020.719727 	 5791.468262 	 30.378839 	 187.633759 	 171.214081 	 1.000000 
64534.695312 	 12313.280273 	 5008.457031 	 92.344040 	 287.648590 	 -39.311676 	 1.000000 
63519.597656 	 12533.806641 	 3545.674316 	 35.168266 	 86.374184 	 95.978973 	 1.000000 
63874.480469 	 13135.012695 	 3618.783936 	 44.346962 	 112.897293 	 119.819931 	 1.000000 
63740.589844 	 11862.621094 	 5510.723633 	 185.091354 	 187.501541 	 -8.103883 	 1.000000 
63416.808594 	 12270.575195 	 3543.854492 	 31.033920 	 102.498230 	 90.064751 	 1.000000 
63407.800781 	 11535.218750 	 4793.968750 	 128.704300 	 274.240723 	 157.498108 	 1.000000 
63932.660156 	 11966.333008 	 5390.191406 	 -23.327271 	 164.386551 	 102.833755 	 1.000000 
62602.855469 	 11692.961914 	 3703.679932 	 109.687988 	 110.701080 	 142.101166 	 1.000000 
64590.460938 	 10713.445312 	 5554.847168 	 7.089936 	 282.965332 	 56.735729 	 1.000000 
64608.187500 	 12256.410156 	 5544.321289 	 113.238388 	 353.749115 	 46.373837 	 1.000000 
63318.386719 	 12372.887695 	 3912.556885 	 3.244608 	 144.866837 	 129.622894 	 1.000000 
64925.757812 	 12512.714844 	 4546.708496 	 19.205980 	 185.455566 	 196.674713 	 1.000000 
63485.417969 	 12059.995117 	 5056.635254 	 245.150391 	 281.036682 	 21.666122 	 1.000000 
63493.152344 	 12057.150391 	 5022.580078 	 80.774330 	 175.411346 	 134.354385 	 1.000000 
64009.859375 	 12054.373047 	 5414.170898 	 156.713745 	 259.771637 	 119.552391 	 1.000000 
65354.734375 	 13214.287109 	 5432.439941 	 31.720215 	 332.494568 	 85.979759 	 1.000000 
63144.468750 	 11826.916992 	 5664.005859 	 157.645325 	 164.540726 	 88.264580 	 1.000000 
65803.546875 	 12002.645508 	 4867.580566 	 19.437595 	 249.177521 	 169.493027 	 1.000000 
65633.476562 	 13180.439453 	 5500.444824 	 129.681641 	 125.036491 	 -15.044558 	 1.000000 
64582.886719 	 11679.900391 	 6565.729980 	 33.586018 	 254.827423 	 3.384835 	 1.000000 
64588.175781 	 11673.627930 	 6578.311523 	 47.158798 	 246.414581 	 -0.379367 	 1.000000 
63622.878906 	 12715.302734 	 3535.504639 	 51.849075 	 87.149841 	 117.918945 	 1.000000 
65153.261719 	 12676.416992 	 4598.478516 	 42.210678 	 165.420975 	 197.014328 	 1.000000 
65494.542969 	 11818.264648 	 4754.958984 	 6.456152 	 248.165756 	 165.005905 	 1.000000 
65533.113281 	 12872.850586 	 4481.713379 	 37.565403 	 169.307663 	 196.079666 	 0.000000 
64190.527344 	 12622.640625 	 5499.153320 	 73.573090 	 119.917572 	 96.467834 	 1.000000 
64647.511719 	 12963.992188 	 4645.941895 	 69.240921 	 108.521233 	 168.059296 	 1.000000 
65189.558594 	 13251.438477 	 5579.739258 	 11.756115 	 148.106277 	 91.255836 	 1.000000 
63274.003906 	 10271.761719 	 5575.348145 	 47.142849 	 264.147797 	 65.830902 	 5.000000 
64136.414062 	 12453.970703 	 5630.193848 	 -56.903965 	 196.082993 	 168.096817 	 1.000000 
64631.992188 	 11446.651367 	 4481.868164 	 -0.919432 	 234.509521 	 212.577408 	 1.000000 
64074.742188 	 13183.406250 	 6477.111816 	 63.014351 	 134.930405 	 45.933430 	 1.000000 
63269.273438 	 10811.756836 	 3738.952393 	 44.811066 	 258.720184 	 77.228119 	 1.000000 
64025.464844 	 11758.290039 	 5381.637695 	 88.921425 	 193.739532 	 185.957748 	 1.000000 
62399.355469 	 12489.024414 	 4633.373047 	 140.704910 	 134.423157 	 119.212013 	 1.000000 
64670.468750 	 12309.550781 	 5342.565918 	 91.410240 	 304.750488 	 128.969757 	 1.000000 
63102.316406 	 12835.459961 	 6810.593750 	 26.800932 	 151.910583 	 36.101295 	 1.000000 
65368.949219 	 12917.533203 	 5840.947754 	 46.068378 	 240.277115 	 -45.048683 	 1.000000 
63672.125000 	 10683.091797 	 3648.138428 	 14.340112 	 254.363266 	 99.335129 	 1.000000 
64454.960938 	 11517.230469 	 4268.794922 	 23.737625 	 273.529968 	 154.906403 	 1.000000 
63204.738281 	 12213.778320 	 6226.494629 	 112.300110 	 181.436935 	 57.359013 	 1.000000 
64011.746094 	 12399.026367 	 3194.645752 	 22.744461 	 160.163147 	 135.733978 	 1.000000 
62824.371094 	 11728.012695 	 4761.975586 	 168.762115 	 200.824982 	 70.547661 	 1.000000 
63370.304688 	 11972.629883 	 5835.563965 	 136.936310 	 167.126144 	 44.666058 	 1.000000 
62995.015625 	 12823.078125 	 6556.880371 	 72.636795 	 175.474365 	 69.772575 	 1.000000 
65207.984375 	 12707.344727 	 4656.178711 	 37.509960 	 161.337875 	 192.809555 	 1.000000 
63034.460938 	 12376.756836 	 6394.664062 	 91.884552 	 188.519424 	 54.883926 	 1.000000 
65019.339844 	 12307.625000 	 5735.211426 	 6.114488 	 159.192657 	 54.800396 	 1.000000 
63689.917969 	 11706.752930 	 4594.935059 	 87.404327 	 272.807159 	 168.556335 	 1.000000 
63168.414062 	 11957.383789 	 3613.732910 	 102.457031 	 199.799377 	 66.976707 	 1.000000 
63152.546875 	 11982.243164 	 3627.154297 	 91.248459 	 154.329483 	 161.126923 	 1.000000 
65118.132812 	 12572.640625 	 5115.389160 	 19.853067 	 184.402756 	 208.793640 	 1.000000 
62456.503906 	 12222.414062 	 4331.504395 	 145.494888 	 134.611862 	 122.068680 	 1.000000 
62733.042969 	 12205.804688 	 4167.017578 	 125.331963 	 86.963135 	 118.178551 	 1.000000 
62826.738281 	 13497.146484 	 4334.798340 	 89.352783 	 103.492332 	 135.260574 	 0.000000 
62276.574219 	 11943.232422 	 5401.619141 	 131.135284 	 195.463455 	 97.435013 	 0.000000 
66019.492188 	 12397.521484 	 5340.551270 	 37.504288 	 236.349579 	 169.457413 	 1.000000 
64284.570312 	 11160.804688 	 5405.154785 	 35.869804 	 318.889343 	 29.164804 	 1.000000 
64687.164062 	 11615.127930 	 5547.593262 	 -23.787426 	 357.541718 	 35.353271 	 1.000000 
64085.343750 	 11892.004883 	 5079.413086 	 167.742569 	 315.462494 	 158.172714 	 1.000000 
64061.062500 	 11890.002930 	 5110.642090 	 127.225266 	 275.207123 	 24.917116 	 1.000000 
64766.546875 	 12951.028320 	 4897.461914 	 73.015877 	 100.542664 	 176.274673 	 1.000000 
63043.019531 	 12002.307617 	 6217.389648 	 87.181602 	 178.992966 	 37.729855 	 1.000000 
62869.089844 	 12121.567383 	 4038.740234 	 119.573776 	 67.110947 	 102.468346 	 1.000000 
64970.027344 	 12186.046875 	 5738.624023 	 -2.848805 	 119.729240 	 136.893982 	 1.000000 
62633.671875 	 11809.511719 	 5001.147461 	 156.012543 	 195.008972 	 79.413628 	 1.000000 
62675.355469 	 12212.806641 	 5009.568359 	 121.397316 	 118.870918 	 84.257492 	 0.000000 
63350.531250 	 12057.383789 	 5178.586914 	 179.231201 	 308.988342 	 16.595301 	 1.000000 
62986.089844 	 11840.162109 	 4785.031250 	 151.018188 	 116.922768 	 88.494133 	 1.000000 
62938.457031 	 11907.386719 	 3964.716797 	 142.080261 	 106.191658 	 67.472450 	 1.000000 
63365.726562 	 12354.488281 	 4071.618652 	 21.547232 	 114.892128 	 127.234001 	 1.000000 
64045.261719 	 12130.657227 	 5118.672363 	 145.278168 	 260.261169 	 90.432419 	 1.000000 
63371.308594 	 11845.546875 	 5154.671387 	 109.482498 	 246.594284 	 193.499954 	 1.000000 
62489.507812 	 12324.364258 	 4464.653809 	 109.273796 	 146.148895 	 101.650032 	 1.000000 
62917.425781 	 11949.893555 	 6044.975098 	 84.859505 	 130.434769 	 45.063751 	 1.000000 
64909.054688 	 12328.454102 	 5468.943359 	 -73.051224 	 230.468781 	 161.056091 	 1.000000 
62767.792969 	 11631.618164 	 3612.376221 	 57.038383 	 233.533142 	 87.962364 	 1.000000 
64270.191406 	 11767.205078 	 5546.169922 	 -52.033482 	 227.255173 	 -46.132332 	 1.000000 
65700.617188 	 13059.411133 	 5256.093750 	 78.433960 	 161.480820 	 43.966572 	 1.000000 
63564.605469 	 11732.905273 	 4844.178711 	 244.063309 	 227.240768 	 123.876503 	 1.000000 
64604.578125 	 12144.462891 	 5392.446777 	 10.089714 	 301.009827 	 177.703995 	 1.000000 
62808.722656 	 11745.956055 	 4604.184082 	 173.261612 	 202.201462 	 74.971046 	 1.000000 
66067.062500 	 11978.602539 	 5099.484863 	 19.850143 	 319.563049 	 52.247284 	 1.000000 
62853.382812 	 11644.719727 	 3791.967529 	 137.716675 	 232.967361 	 114.919205 	 1.000000 
66071.375000 	 12343.616211 	 5171.788574 	 39.567242 	 269.122253 	 158.651245 	 1.000000 
65107.867188 	 12248.918945 	 5287.007324 	 -67.954498 	 266.555023 	 105.557648 	 1.000000 
63608.406250 	 11697.772461 	 4865.346680 	 99.598877 	 316.766724 	 94.431847 	 1.000000 
65538.109375 	 13317.796875 	 5860.011230 	 140.549072 	 134.231720 	 -1.089326 	 1.000000 
64368.964844 	 12304.605469 	 5676.687012 	 53.740868 	 232.121490 	 217.668900 	 1.000000 
63790.035156 	 11687.048828 	 5152.362305 	 73.848701 	 301.306702 	 24.994118 	 1.000000 
64397.378906 	 11358.249023 	 3591.723145 	 11.768059 	 192.635803 	 158.295654 	 1.000000 
63279.679688 	 12429.545898 	 3423.922363 	 45.993046 	 134.494019 	 187.534653 	 1.000000 
64080.125000 	 10970.020508 	 5547.404297 	 53.092270 	 306.430634 	 42.662354 	 1.000000 
63646.320312 	 11708.623047 	 4540.250000 	 159.719376 	 210.889618 	 149.079987 	 1.000000 
63934.953125 	 11881.349609 	 5173.390625 	 43.082359 	 254.698105 	 111.020813 	 1.000000 
62659.765625 	 11700.489258 	 3671.502197 	 91.827339 	 205.521347 	 122.483910 	 1.000000 
64721.464844 	 11657.597656 	 5426.050293 	 -8.191813 	 364.377075 	 40.583584 	 1.000000 
64525.023438 	 11965.931641 	 5298.375488 	 -76.191933 	 435.365295 	 32.536190 	 1.000000 
64966.066406 	 12676.167969 	 5388.544434 	 77.213737 	 116.264313 	 5.371418 	 1.000000 
64130.300781 	 13303.882812 	 6277.312012 	 64.516434 	 136.697281 	 41.562908 	 1.000000 
62599.082031 	 11757.074219 	 3852.539307 	 78.990227 	 211.536392 	 34.346394 	 1.000000 
63641.019531 	 11584.556641 	 5022.300781 	 238.426132 	 197.446121 	 150.974655 	 1.000000 
65648.328125 	 12929.979492 	 5545.976562 	 -6.662558 	 297.427917 	 91.298439 	 1.000000 
64103.347656 	 13087.395508 	 3931.222412 	 54.732998 	 114.224022 	 135.147339 	 11.000000 
64606.929688 	 12255.590820 	 5147.865723 	 160.084671 	 206.424545 	 -25.222034 	 1.000000 
63503.417969 	 12380.745117 	 3561.116943 	 20.615608 	 95.518936 	 169.106476 	 1.000000 
64684.667969 	 12302.559570 	 5501.827637 	 -68.359215 	 232.633148 	 -91.559235 	 1.000000 
63149.695312 	 11850.208008 	 4611.635742 	 94.440979 	 218.156921 	 166.875351 	 1.000000 
62897.683594 	 12859.467773 	 4167.435547 	 81.577644 	 85.047279 	 134.073547 	 0.000000 
62925.101562 	 11842.121094 	 4026.536377 	 150.598923 	 213.834488 	 94.936661 	 1.000000 
64756.300781 	 12086.623047 	 4863.508789 	 -0.749897 	 243.737808 	 85.465042 	 1.000000 
63904.730469 	 12105.480469 	 5587.503418 	 173.388092 	 166.007935 	 -38.052147 	 1.000000 
64634.968750 	 12199.121094 	 5670.717773 	 19.811052 	 265.440277 	 27.540966 	 1.000000 
65125.945312 	 12667.662109 	 4719.002441 	 30.381884 	 167.390686 	 199.766663 	 1.000000 
63724.468750 	 12916.303711 	 3409.089111 	 50.229847 	 104.846039 	 129.378036 	 1.000000 
65005.320312 	 12379.981445 	 5712.272949 	 -14.795511 	 244.230194 	 -38.604908 	 1.000000 
65353.519531 	 12321.826172 	 5338.200195 	 -32.813541 	 278.713623 	 103.539894 	 1.000000 
63218.132812 	 12260.629883 	 3833.733887 	 6.326861 	 104.047836 	 100.060814 	 1.000000 
63459.648438 	 12604.893555 	 3509.238037 	 102.179413 	 62.679562 	 156.816620 	 1.000000 
62924.750000 	 11939.807617 	 4060.506348 	 147.295624 	 112.492493 	 70.540337 	 1.000000 
65650.039062 	 12288.257812 	 5757.788574 	 78.661011 	 171.561020 	 93.553764 	 1.000000 
63842.414062 	 13220.534180 	 6363.941406 	 53.969627 	 140.465469 	 42.921318 	 1.000000 
64621.136719 	 10720.833984 	 5996.965332 	 27.648594 	 265.391754 	 27.376200 	 0.000000 
65014.050781 	 11952.442383 	 5517.034180 	 25.643604 	 231.722946 	 48.589050 	 1.000000 
65513.652344 	 12877.628906 	 5761.093262 	 46.005661 	 161.939850 	 177.227280 	 1.000000 
62601.761719 	 11916.575195 	 6135.132324 	 142.170837 	 145.409180 	 95.459259 	 1.000000 
64352.378906 	 11864.973633 	 6004.022949 	 37.844566 	 273.393799 	 -48.698490 	 1.000000 
64265.480469 	 13209.036133 	 6318.227539 	 64.969261 	 135.236526 	 36.691628 	 1.000000 
62901.988281 	 11729.117188 	 3966.408936 	 35.360317 	 155.981659 	 92.395172 	 1.000000 
64280.546875 	 12619.081055 	 5599.619141 	 61.521801 	 111.849648 	 85.615761 	 1.000000 
63267.332031 	 11634.406250 	 4953.028809 	 190.129684 	 128.188354 	 110.132980 	 1.000000 
62748.105469 	 12035.411133 	 3815.496338 	 114.395378 	 142.216675 	 87.475037 	 1.000000 
62584.027344 	 12248.599609 	 6146.451172 	 130.968750 	 166.337357 	 103.656433 	 1.000000 
63927.941406 	 13112.882812 	 6546.887695 	 61.755714 	 136.622849 	 50.312355 	 1.000000 
63943.117188 	 13185.743164 	 6640.517090 	 36.030365 	 196.302841 	 12.486450 	 1.000000 
65356.144531 	 12854.034180 	 5558.716797 	 35.178139 	 238.485016 	 54.513641 	 1.000000 
64432.375000 	 11498.098633 	 4582.119141 	 27.274429 	 271.968506 	 173.337280 	 1.000000 
64021.453125 	 12241.212891 	 5262.523926 	 -99.822304 	 231.588348 	 -64.066498 	 1.000000 
64579.300781 	 12286.802734 	 5491.125000 	 71.137688 	 348.991486 	 -9.383182 	 1.000000 
63383.257812 	 12037.395508 	 5285.688477 	 200.120682 	 216.753372 	 15.842667 	 1.000000 
62309.410156 	 12343.240234 	 4634.418457 	 139.454025 	 155.714981 	 91.041183 	 1.000000 
63850.687500 	 11725.212891 	 5186.053711 	 18.188267 	 182.586060 	 208.505035 	 1.000000 
62870.460938 	 11800.817383 	 4631.340332 	 171.161911 	 195.517975 	 72.515434 	 1.000000 
64603.347656 	 11790.213867 	 5341.548340 	 -30.551540 	 392.286499 	 37.256832 	 1.000000 
65120.367188 	 12352.185547 	 5412.916992 	 -41.107246 	 240.072479 	 169.005325 	 1.000000 
63627.828125 	 12291.681641 	 4986.611816 	 219.974548 	 223.052277 	 17.882458 	 1.000000 
62817.125000 	 11523.337891 	 4213.953613 	 52.909367 	 179.920044 	 92.762138 	 1.000000 
65194.128906 	 12673.907227 	 4543.456055 	 34.652069 	 174.997040 	 198.259247 	 1.000000 
63618.988281 	 10730.509766 	 4185.084961 	 32.223106 	 287.259491 	 76.813507 	 1.000000 
63028.035156 	 11861.396484 	 3878.959473 	 136.250610 	 154.078934 	 46.974133 	 1.000000 
65791.312500 	 12964.852539 	 5530.896973 	 85.416260 	 188.595215 	 -15.657850 	 1.000000 
63115.582031 	 12479.226562 	 3742.019775 	 15.374325 	 133.955246 	 133.011108 	 1.000000 
63552.160156 	 12600.250000 	 3450.132812 	 44.553532 	 74.797379 	 136.146652 	 1.000000 
64059.210938 	 12306.374023 	 5416.636719 	 -129.505325 	 151.591858 	 179.627350 	 1.000000 
63619.777344 	 11682.121094 	 4948.285645 	 156.151779 	 173.138535 	 192.147079 	 1.000000 
63341.742188 	 12158.533203 	 3756.678955 	 51.490398 	 110.217369 	 187.061203 	 1.000000 
65605.976562 	 12859.440430 	 5209.640625 	 96.808342 	 220.078476 	 107.481682 	 1.000000 
62516.046875 	 11958.007812 	 6202.980957 	 132.687210 	 153.187134 	 95.855400 	 1.000000 
63546.144531 	 12635.726562 	 3475.399414 	 55.586487 	 72.073463 	 129.004944 	 1.000000 
64297.316406 	 10351.625977 	 5645.790527 	 40.582546 	 246.883728 	 55.230194 	 1.000000 
63219.730469 	 12240.500977 	 5913.466309 	 111.632645 	 182.453033 	 40.537952 	 1.000000 
63629.730469 	 10732.575195 	 3705.526611 	 7.353440 	 251.122955 	 102.867294 	 1.000000 
63648.070312 	 10737.422852 	 3727.650879 	 3.734050 	 243.116440 	 106.095436 	 1.000000 
63519.750000 	 11628.982422 	 5294.981934 	 90.435501 	 363.179199 	 17.281994 	 1.000000 
64883.902344 	 12946.596680 	 4847.008789 	 71.646759 	 108.881554 	 177.659775 	 1.000000 
63551.300781 	 11962.889648 	 6120.429688 	 56.982365 	 260.096405 	 -17.757914 	 1.000000 
65034.562500 	 12427.102539 	 5661.753418 	 -15.317822 	 235.794754 	 -31.033346 	 1.000000 
64328.257812 	 11836.262695 	 4870.709961 	 -13.705266 	 332.589264 	 180.031952 	 1.000000 
63719.742188 	 11469.204102 	 4905.580078 	 96.975014 	 254.866104 	 50.765003 	 1.000000 
63905.660156 	 11603.119141 	 5175.150391 	 102.677025 	 255.270752 	 11.504830 	 1.000000 
64017.152344 	 12494.388672 	 3394.808350 	 34.184525 	 125.736343 	 131.461975 	 1.000000 
63601.472656 	 11779.928711 	 5309.321289 	 225.674561 	 296.486145 	 159.851334 	 1.000000 
64278.765625 	 11986.804688 	 5568.563477 	 50.520435 	 343.934326 	 -115.825096 	 1.000000 
63939.371094 	 11958.507812 	 5286.877441 	 179.172028 	 350.147095 	 60.171967 	 1.000000 
62837.437500 	 11740.359375 	 3703.980957 	 87.970482 	 157.980377 	 164.150009 	 1.000000 
63830.085938 	 11709.389648 	 4607.154785 	 24.362453 	 202.275452 	 219.341370 	 1.000000 
64361.921875 	 12359.767578 	 5084.003906 	 111.587288 	 275.725861 	 39.538372 	 1.000000 
63098.136719 	 12393.108398 	 3695.524414 	 20.453817 	 99.435875 	 116.877831 	 1.000000 
64576.644531 	 12633.290039 	 3623.529785 	 17.735540 	 161.516052 	 163.383835 	 1.000000 
63115.085938 	 11544.564453 	 3804.217041 	 73.888901 	 227.339142 	 66.154297 	 1.000000 
63811.144531 	 11883.651367 	 4792.972656 	 63.521481 	 101.082550 	 217.810745 	 1.000000 
64454.269531 	 10198.531250 	 5552.202148 	 16.916456 	 290.716705 	 79.531624 	 1.000000 
62954.214844 	 11899.750000 	 5426.154785 	 171.985229 	 182.371796 	 89.203934 	 1.000000 
65077.648438 	 11265.046875 	 5989.428711 	 3.585252 	 272.678833 	 21.479939 	 12.000000 
62512.109375 	 12524.253906 	 5546.718750 	 110.402351 	 123.711685 	 104.050621 	 9.000000 
63013.675781 	 13044.678711 	 6584.918945 	 79.952660 	 173.454971 	 92.597885 	 1.000000 
65663.640625 	 13232.596680 	 5494.354980 	 127.266586 	 96.429466 	 193.716690 	 1.000000 
62528.136719 	 12021.816406 	 6125.255371 	 142.159149 	 163.475281 	 110.322426 	 1.000000 
63081.445312 	 11531.496094 	 4312.338379 	 158.974792 	 209.759796 	 63.998955 	 1.000000 
63508.828125 	 12819.810547 	 6116.382324 	 85.482559 	 139.068665 	 78.393166 	 1.000000 
62525.390625 	 12891.695312 	 4341.382324 	 118.058723 	 79.571129 	 96.344429 	 1.000000 
64316.652344 	 13086.842773 	 4125.342773 	 61.759129 	 115.404106 	 141.063187 	 11.000000 
63452.656250 	 11589.734375 	 4874.049805 	 138.663528 	 284.751984 	 162.927856 	 1.000000 
63013.687500 	 11841.093750 	 3919.853516 	 114.193153 	 173.599854 	 153.254913 	 1.000000 
64961.980469 	 13167.115234 	 6210.050293 	 86.717804 	 143.679718 	 31.718775 	 1.000000 
63334.515625 	 11824.374023 	 4850.652344 	 188.189255 	 226.052582 	 157.679031 	 1.000000 
65335.875000 	 12555.183594 	 5493.769531 	 -4.923897 	 220.957626 	 154.513702 	 1.000000 
62722.593750 	 11786.271484 	 3722.040771 	 101.615417 	 152.141083 	 127.140480 	 1.000000 
63527.535156 	 12599.285156 	 3389.592529 	 42.624107 	 78.425346 	 139.705399 	 1.000000 
64262.335938 	 11887.757812 	 5446.239258 	 174.468353 	 231.058182 	 195.427109 	 1.000000 
63686.105469 	 11607.428711 	 4950.382812 	 103.960297 	 294.425140 	 97.203583 	 1.000000 
63153.242188 	 11998.678711 	 3583.682861 	 90.552612 	 195.849808 	 98.579338 	 1.000000 
63386.152344 	 12602.319336 	 3460.717529 	 15.300488 	 135.781906 	 173.969009 	 1.000000 
63711.601562 	 11999.123047 	 5373.202148 	 96.740341 	 267.900513 	 78.774002 	 1.000000 
64546.707031 	 12080.188477 	 5263.177734 	 -149.677368 	 233.661560 	 52.210743 	 1.000000 
63678.542969 	 11999.718750 	 5433.875000 	 227.629959 	 283.214172 	 153.667099 	 1.000000 
63565.050781 	 11849.827148 	 4480.130859 	 83.623955 	 122.562668 	 166.362869 	 1.000000 
62422.914062 	 12693.771484 	 5976.957520 	 105.486748 	 128.358398 	 114.012650 	 10.000000 
64139.011719 	 12401.814453 	 5460.808105 	 -126.251907 	 217.461517 	 188.037048 	 1.000000 
64572.800781 	 12123.986328 	 5588.209473 	 -84.745407 	 158.678711 	 -36.641266 	 1.000000 
64722.234375 	 12804.186523 	 6289.081543 	 85.827301 	 133.149551 	 36.604744 	 1.000000 
63460.191406 	 11766.465820 	 5203.047363 	 249.864105 	 167.800903 	 51.690971 	 1.000000 
63314.976562 	 11787.359375 	 5014.587402 	 127.114716 	 238.483917 	 191.329468 	 1.000000 
64426.113281 	 11408.356445 	 3302.295654 	 14.615122 	 200.181168 	 139.671600 	 1.000000 
64562.148438 	 11378.520508 	 4262.291992 	 11.280890 	 204.206894 	 188.200287 	 1.000000 
63756.074219 	 12914.423828 	 3527.716064 	 55.319942 	 89.495728 	 130.701111 	 1.000000 
63559.386719 	 12624.829102 	 6827.671387 	 43.946415 	 132.241104 	 51.377804 	 1.000000 
62462.085938 	 12184.670898 	 6509.983398 	 77.403259 	 201.589554 	 72.471817 	 1.000000 
65750.359375 	 13117.163086 	 5638.958008 	 91.385124 	 250.698257 	 53.106094 	 1.000000 
62681.011719 	 11180.868164 	 3888.148438 	 45.383911 	 267.364105 	 101.856529 	 1.000000 
61968.183594 	 12216.028320 	 5286.195312 	 118.711082 	 155.714554 	 101.724388 	 0.000000 
65591.132812 	 12406.161133 	 5391.479980 	 -2.704793 	 257.091125 	 129.483612 	 1.000000 
62984.339844 	 11843.826172 	 3944.070801 	 102.453896 	 177.880814 	 167.882767 	 1.000000 
64124.335938 	 10847.295898 	 3631.504150 	 23.000156 	 221.734756 	 135.993393 	 1.000000 
62439.066406 	 12534.487305 	 4635.077148 	 134.381744 	 120.150696 	 101.424042 	 1.000000 
65640.554688 	 13089.555664 	 5725.119141 	 113.466049 	 177.706223 	 93.270020 	 1.000000 
62253.386719 	 12443.722656 	 4699.273926 	 115.690544 	 116.804031 	 133.819366 	 1.000000 
65182.960938 	 11451.154297 	 5522.859375 	 -14.119753 	 317.544617 	 54.478138 	 12.000000 
63462.519531 	 10563.812500 	 5496.361816 	 52.883492 	 274.629944 	 58.206150 	 5.000000 
63549.960938 	 11259.331055 	 5398.918945 	 67.702919 	 323.976715 	 40.878819 	 7.000000 
64433.871094 	 12445.161133 	 5479.313965 	 12.804441 	 154.676910 	 -51.924614 	 1.000000 
64457.597656 	 11688.505859 	 4473.780273 	 6.135975 	 276.189880 	 196.037003 	 1.000000 
63522.464844 	 11750.100586 	 5337.858398 	 221.070633 	 179.022171 	 25.037973 	 1.000000 
63146.957031 	 12474.496094 	 3586.994141 	 116.422920 	 59.334095 	 149.950592 	 1.000000 
62932.308594 	 11695.308594 	 4821.187012 	 86.734406 	 180.466354 	 174.918686 	 1.000000 
63621.273438 	 12925.543945 	 3690.200928 	 89.962090 	 84.389244 	 109.233185 	 1.000000 
65560.382812 	 12834.532227 	 5982.612793 	 26.742008 	 252.490433 	 -28.435078 	 1.000000 
63841.531250 	 11693.887695 	 4710.584473 	 21.218699 	 220.939682 	 222.849060 	 1.000000 
65171.019531 	 12161.640625 	 4828.596191 	 -2.901448 	 206.514679 	 200.414734 	 0.000000 
63647.609375 	 12579.410156 	 5458.494629 	 130.238205 	 133.160568 	 19.319458 	 1.000000 
65040.507812 	 11760.626953 	 6078.251953 	 8.572273 	 272.303131 	 -0.847742 	 0.000000 
63738.523438 	 11492.094727 	 4684.976562 	 -5.330845 	 334.274567 	 106.031708 	 1.000000 
64380.835938 	 12232.694336 	 5034.687988 	 -59.468040 	 180.663132 	 208.262589 	 1.000000 
65471.425781 	 12209.365234 	 5229.169922 	 -21.343292 	 260.367401 	 98.472252 	 1.000000 
64621.386719 	 12094.123047 	 5482.478516 	 -99.511902 	 74.343063 	 168.603271 	 1.000000 
65388.078125 	 12355.548828 	 5511.695312 	 11.027987 	 216.144684 	 163.240051 	 1.000000 
62671.710938 	 11545.386719 	 3971.290283 	 100.334801 	 294.067474 	 53.134701 	 1.000000 
62856.871094 	 11624.462891 	 3644.026123 	 58.287457 	 237.600800 	 77.121689 	 1.000000 
62602.156250 	 11633.969727 	 3879.967773 	 163.348724 	 212.834427 	 114.595123 	 1.000000 
64893.515625 	 12536.975586 	 4361.871094 	 25.570004 	 157.061722 	 188.875229 	 1.000000 
62451.191406 	 12659.132812 	 5369.416016 	 111.962479 	 120.797737 	 101.099182 	 9.000000 
63830.378906 	 13043.384766 	 3418.445068 	 56.362774 	 107.773605 	 119.954567 	 1.000000 
64292.625000 	 12102.312500 	 5554.915039 	 171.970200 	 308.639862 	 -0.331290 	 1.000000 
64499.300781 	 11725.844727 	 4517.648926 	 23.787048 	 263.899658 	 178.391052 	 1.000000 
63449.359375 	 12007.106445 	 5208.295410 	 167.672745 	 223.369705 	 182.656097 	 1.000000 
64109.187500 	 11818.915039 	 5491.485840 	 171.198212 	 237.529236 	 -49.326317 	 1.000000 
64466.605469 	 11874.438477 	 5680.363281 	 -36.111153 	 162.114075 	 -36.153099 	 1.000000 
64915.363281 	 13222.241211 	 6215.399902 	 91.278664 	 146.483292 	 27.955357 	 1.000000 
65985.554688 	 11818.507812 	 5028.721191 	 17.251925 	 302.455017 	 83.545723 	 1.000000 
63665.851562 	 11643.589844 	 4920.128418 	 72.554825 	 302.438232 	 54.102348 	 1.000000 
65185.562500 	 11212.792969 	 6206.605957 	 14.084381 	 263.936493 	 29.462852 	 12.000000 
65551.687500 	 12919.822266 	 5672.502930 	 60.216541 	 153.624847 	 210.520599 	 1.000000 
65183.519531 	 12598.847656 	 5102.206543 	 20.657833 	 182.559265 	 204.688858 	 1.000000 
64338.722656 	 13055.491211 	 4106.049805 	 56.872204 	 112.830582 	 143.823120 	 11.000000 
64252.695312 	 12202.448242 	 5754.606934 	 23.877220 	 159.085602 	 175.251007 	 1.000000 
64662.203125 	 12403.810547 	 5784.588379 	 -58.668972 	 156.506927 	 97.542747 	 1.000000 
63504.171875 	 10933.098633 	 5454.771973 	 60.864052 	 297.400879 	 49.818123 	 7.000000 
63801.238281 	 11930.834961 	 5499.442383 	 174.065079 	 190.765762 	 -31.644344 	 1.000000 
62956.660156 	 11785.329102 	 3886.841553 	 113.740944 	 91.439697 	 93.204605 	 1.000000 
64517.265625 	 10863.676758 	 3624.662598 	 3.207630 	 229.966980 	 142.318573 	 1.000000 
64394.230469 	 12686.940430 	 4071.754150 	 41.306511 	 128.237900 	 159.688187 	 1.000000 
65149.636719 	 11372.509766 	 5412.234863 	 -17.473724 	 310.524597 	 50.435818 	 12.000000 
64131.300781 	 12325.028320 	 5826.209961 	 -2.598196 	 177.393356 	 135.150589 	 1.000000 
63104.988281 	 11770.997070 	 4604.841797 	 100.917496 	 234.254044 	 154.802887 	 1.000000 
64844.609375 	 12598.808594 	 4167.443848 	 29.209236 	 164.639664 	 173.993301 	 1.000000 
64998.312500 	 12251.095703 	 5232.769531 	 -70.967316 	 305.796844 	 84.015022 	 1.000000 
63545.777344 	 12227.176758 	 5278.847168 	 89.482117 	 200.112686 	 99.377640 	 1.000000 
64504.597656 	 11146.197266 	 4260.375000 	 5.846322 	 242.680145 	 131.510132 	 1.000000 
62492.378906 	 12949.153320 	 4572.345215 	 103.719635 	 133.643204 	 127.056259 	 1.000000 
64470.242188 	 10369.146484 	 5578.104004 	 33.174225 	 226.127350 	 68.211647 	 1.000000 
64149.632812 	 12323.110352 	 5134.229492 	 32.298203 	 341.563324 	 24.749315 	 1.000000 
63126.492188 	 11776.432617 	 3781.987549 	 62.993477 	 124.877876 	 151.204697 	 1.000000 
62774.195312 	 12448.137695 	 4154.689453 	 104.053154 	 88.609795 	 124.711205 	 1.000000 
63655.652344 	 12235.197266 	 5011.517578 	 36.656109 	 251.202972 	 87.727676 	 1.000000 
63996.277344 	 12080.811523 	 5164.179688 	 133.116837 	 149.360901 	 170.692490 	 1.000000 
65223.203125 	 12701.842773 	 5710.455078 	 99.128822 	 149.255371 	 -2.698200 	 1.000000 
63950.406250 	 12510.430664 	 3321.718506 	 25.613382 	 124.718925 	 138.994049 	 1.000000 
65175.953125 	 12327.614258 	 5596.794922 	 -15.719678 	 208.041245 	 164.831741 	 1.000000 
63471.210938 	 11871.237305 	 5060.934570 	 72.869911 	 269.621674 	 199.936401 	 1.000000 
64024.890625 	 11940.309570 	 5135.261719 	 188.195343 	 323.342773 	 156.988068 	 1.000000 
64061.992188 	 11803.398438 	 5493.423828 	 171.713547 	 227.448090 	 -48.915524 	 1.000000 
62534.308594 	 11686.837891 	 3836.088379 	 103.839989 	 289.013000 	 111.249405 	 1.000000 
64900.304688 	 12098.788086 	 6271.402832 	 31.353443 	 246.020615 	 -26.331968 	 1.000000 
64919.605469 	 12444.089844 	 5518.244141 	 -31.939962 	 221.617752 	 -40.175861 	 1.000000 
63406.054688 	 10585.559570 	 5580.817871 	 51.513130 	 276.373169 	 57.482601 	 5.000000 
62440.929688 	 12482.068359 	 4629.642578 	 134.482285 	 123.557289 	 95.150597 	 1.000000 
63954.781250 	 11844.065430 	 5149.800293 	 126.562302 	 140.636841 	 -66.995117 	 1.000000 
62704.851562 	 11813.988281 	 5954.906738 	 175.186264 	 256.137329 	 100.053436 	 1.000000 
65621.203125 	 13021.932617 	 5687.825684 	 71.969711 	 242.612915 	 28.356600 	 1.000000 
62982.328125 	 11762.890625 	 4203.504395 	 122.530563 	 202.303452 	 62.564484 	 1.000000 
62853.769531 	 11811.426758 	 5743.833984 	 152.753815 	 251.256485 	 109.451317 	 1.000000 
62789.199219 	 12107.223633 	 3981.575928 	 108.556870 	 82.246185 	 83.721794 	 1.000000 
64431.472656 	 13215.465820 	 6215.754395 	 71.843704 	 135.693237 	 31.312147 	 1.000000 
64090.496094 	 11732.432617 	 5277.853516 	 55.621891 	 393.955444 	 43.719753 	 1.000000 
63961.292969 	 12171.689453 	 5258.522461 	 -12.093037 	 272.690704 	 123.551285 	 1.000000 
63618.484375 	 11347.527344 	 4272.600098 	 72.195732 	 287.144409 	 132.564377 	 1.000000 
64358.207031 	 12425.584961 	 3701.264893 	 26.947983 	 143.579910 	 143.956238 	 1.000000 
64379.667969 	 11699.185547 	 5437.594238 	 10.934935 	 398.014435 	 58.970669 	 1.000000 
63888.933594 	 10255.252930 	 4836.770020 	 31.211821 	 272.797882 	 78.826218 	 4.000000 
64508.140625 	 12188.092773 	 5134.704102 	 -101.813118 	 239.142151 	 222.836304 	 1.000000 
63434.160156 	 11775.300781 	 5139.932129 	 252.968887 	 157.564743 	 68.822937 	 1.000000 
64254.878906 	 11886.928711 	 5500.138672 	 -119.074303 	 96.642708 	 3.965024 	 1.000000 
62590.507812 	 11396.763672 	 3825.115234 	 54.325462 	 284.971527 	 101.559937 	 1.000000 
62714.718750 	 12076.361328 	 3977.465820 	 83.079933 	 151.187408 	 97.855980 	 1.000000 
65365.855469 	 12663.031250 	 5482.319824 	 50.933807 	 181.714111 	 202.190933 	 1.000000 
65737.960938 	 11834.940430 	 4732.741699 	 12.977243 	 249.405334 	 165.997635 	 1.000000 
63730.312500 	 11852.525391 	 5299.052246 	 219.149994 	 202.704819 	 246.129211 	 1.000000 
63565.464844 	 11723.977539 	 5525.745605 	 164.709503 	 198.022797 	 2.769678 	 1.000000 
63499.734375 	 11740.013672 	 4151.323730 	 17.035793 	 201.032257 	 172.840591 	 1.000000 
64795.875000 	 12690.454102 	 4805.969727 	 47.007019 	 118.332497 	 195.118927 	 1.000000 
62722.296875 	 11240.461914 	 5707.917969 	 66.317696 	 280.658478 	 37.761688 	 6.000000 
62867.667969 	 11920.880859 	 3762.656006 	 105.920113 	 85.532448 	 130.532959 	 1.000000 
64171.972656 	 13177.657227 	 6406.393066 	 65.991043 	 132.519836 	 42.447845 	 1.000000 
65420.363281 	 12987.821289 	 5848.057129 	 52.361969 	 230.352661 	 -52.026489 	 1.000000 
64232.539062 	 12505.458008 	 3744.446533 	 36.931648 	 168.836960 	 140.171631 	 1.000000 
65249.179688 	 12140.316406 	 5243.294922 	 -25.311268 	 318.802734 	 85.011665 	 1.000000 
64020.613281 	 11775.527344 	 5058.299805 	 145.864960 	 245.440887 	 -32.575092 	 1.000000 
64155.964844 	 11933.899414 	 5269.483887 	 217.730972 	 212.615952 	 -71.982452 	 1.000000 
63838.261719 	 12113.965820 	 4939.396484 	 -9.063890 	 227.421570 	 93.446594 	 1.000000 
63232.851562 	 12589.401367 	 6873.049316 	 67.311340 	 191.793884 	 55.787285 	 1.000000 
65297.093750 	 11162.419922 	 6404.549805 	 18.348061 	 257.916870 	 38.498005 	 12.000000 
63253.992188 	 11786.419922 	 4194.552246 	 55.843983 	 135.497955 	 115.422409 	 1.000000 
63234.101562 	 11945.202148 	 5574.706543 	 137.740784 	 292.776886 	 35.487446 	 1.000000 
62867.859375 	 11734.011719 	 4528.979492 	 70.570503 	 175.133270 	 147.881058 	 1.000000 
63172.601562 	 12476.914062 	 3580.124268 	 111.421608 	 64.083961 	 155.060089 	 1.000000 
62683.648438 	 12006.265625 	 4614.828613 	 158.680023 	 169.907089 	 82.709732 	 1.000000 
62669.937500 	 11990.531250 	 4617.495117 	 162.070129 	 174.056747 	 79.250755 	 1.000000 
64885.808594 	 12016.261719 	 6525.668945 	 39.907539 	 236.864624 	 -8.628737 	 1.000000 
65030.945312 	 11220.365234 	 5958.928223 	 18.198475 	 280.126404 	 18.360638 	 12.000000 
64696.546875 	 11937.446289 	 5816.649902 	 -49.582684 	 142.224365 	 76.477440 	 1.000000 
65173.464844 	 12823.266602 	 5642.568359 	 50.708874 	 224.599548 	 -47.358646 	 1.000000 
64651.312500 	 12391.705078 	 5167.078125 	 110.271675 	 330.779266 	 51.738415 	 1.000000 
64565.210938 	 11888.310547 	 5152.904785 	 -67.119904 	 385.725616 	 27.097153 	 1.000000 
63439.332031 	 11800.812500 	 4714.144531 	 175.858078 	 247.702225 	 169.242599 	 1.000000 
63699.695312 	 12580.082031 	 3780.805908 	 41.526684 	 98.691910 	 106.659264 	 1.000000 
65405.687500 	 13419.708008 	 5579.250000 	 7.618042 	 214.224243 	 124.717789 	 1.000000 
63544.179688 	 11641.670898 	 5103.066406 	 170.720459 	 173.953552 	 172.382584 	 1.000000 
64934.976562 	 12215.800781 	 5990.593750 	 10.003952 	 256.325409 	 -39.215305 	 1.000000 
64625.578125 	 11586.374023 	 4850.388672 	 -21.745430 	 212.924133 	 185.092041 	 1.000000 
64357.753906 	 13070.142578 	 4404.254395 	 59.965866 	 113.794563 	 158.845398 	 11.000000 
64047.343750 	 12289.928711 	 5339.662598 	 -204.144852 	 214.884048 	 87.528625 	 1.000000 
64711.613281 	 11729.968750 	 6876.518555 	 39.270565 	 238.911514 	 16.342201 	 1.000000 
65533.347656 	 12397.993164 	 5277.254883 	 -0.535030 	 260.868286 	 165.240402 	 1.000000 
63195.585938 	 11958.404297 	 3797.039307 	 65.096054 	 25.552086 	 170.245987 	 1.000000 
63726.906250 	 11536.308594 	 4925.046875 	 109.362648 	 273.091919 	 87.592758 	 1.000000 
63502.761719 	 11340.743164 	 4165.628906 	 62.594135 	 286.774384 	 120.357750 	 1.000000 
63000.171875 	 12395.350586 	 3658.812256 	 114.061134 	 57.414639 	 161.965820 	 1.000000 
63590.269531 	 12637.399414 	 3413.746338 	 44.840668 	 79.113342 	 154.289658 	 1.000000 
63804.355469 	 11956.347656 	 4831.734375 	 147.558380 	 125.818840 	 59.328243 	 1.000000 
65307.457031 	 12673.620117 	 5694.951660 	 72.824341 	 192.894730 	 57.072186 	 1.000000 
65246.519531 	 12360.846680 	 5522.727051 	 -12.767050 	 218.348801 	 157.628448 	 1.000000 
62542.148438 	 12703.291016 	 4179.820801 	 100.575974 	 86.437881 	 165.863022 	 1.000000 
64517.410156 	 12880.103516 	 6020.349121 	 78.786316 	 125.506577 	 23.724556 	 1.000000 
64513.300781 	 10256.089844 	 5646.145508 	 48.390102 	 250.139359 	 98.956993 	 1.000000 
63736.679688 	 12551.427734 	 5974.969727 	 113.131172 	 154.481506 	 36.904118 	 1.000000 
63428.878906 	 11813.199219 	 5223.005859 	 151.293472 	 247.367584 	 185.118546 	 1.000000 
63880.886719 	 11788.048828 	 5161.726562 	 145.447098 	 333.510834 	 125.528435 	 1.000000 
63879.078125 	 12140.715820 	 4605.385742 	 32.717747 	 146.829865 	 214.001480 	 1.000000 
62167.695312 	 11715.438477 	 4565.153320 	 138.747665 	 198.598724 	 73.832970 	 2.000000 
65899.445312 	 11658.998047 	 4540.057617 	 22.351255 	 248.129440 	 151.596710 	 1.000000 
64179.929688 	 11903.490234 	 5891.058105 	 52.384068 	 282.380280 	 -60.420830 	 1.000000 
63426.253906 	 12105.029297 	 5057.128418 	 121.341354 	 264.447601 	 71.162415 	 1.000000 
63130.992188 	 11567.530273 	 4670.909668 	 82.185333 	 185.873535 	 177.530212 	 1.000000 
63137.187500 	 11801.967773 	 5422.506348 	 181.529602 	 238.624146 	 72.639404 	 1.000000 
62869.199219 	 11907.678711 	 3731.591797 	 8.303173 	 15.506915 	 157.040665 	 1.000000 
63469.613281 	 12104.446289 	 4533.727051 	 44.628216 	 136.155884 	 184.626053 	 1.000000 
63001.042969 	 12921.851562 	 6564.066406 	 76.097664 	 169.034500 	 71.835258 	 1.000000 
65933.984375 	 12362.642578 	 5160.766602 	 24.873623 	 265.391571 	 91.040436 	 1.000000 
62833.941406 	 13048.095703 	 6596.705566 	 77.468697 	 179.206009 	 92.739235 	 1.000000 
64108.835938 	 12782.904297 	 5401.522461 	 37.649570 	 188.210617 	 112.441315 	 1.000000 
63201.738281 	 11289.541016 	 4439.945312 	 103.133568 	 223.203964 	 120.956322 	 1.000000 
62569.007812 	 11533.035156 	 4115.571289 	 54.508305 	 287.526917 	 97.352104 	 1.000000 
63608.078125 	 12074.733398 	 5065.364258 	 115.659836 	 352.850342 	 158.415970 	 1.000000 
65281.492188 	 12848.988281 	 5188.872559 	 33.822220 	 185.358658 	 123.175797 	 1.000000 
64353.300781 	 12449.659180 	 5353.261719 	 -50.042995 	 160.509445 	 153.647629 	 1.000000 
64699.089844 	 11208.453125 	 5628.254883 	 18.145536 	 301.226166 	 10.289705 	 1.000000 
65177.902344 	 12410.476562 	 5523.594238 	 -15.528526 	 216.311127 	 164.521957 	 1.000000 
65109.242188 	 12931.570312 	 5332.824707 	 69.464638 	 145.092392 	 102.825745 	 1.000000 
62485.246094 	 11232.635742 	 5929.868652 	 93.047539 	 258.624969 	 70.430687 	 6.000000 
63207.042969 	 11908.306641 	 5237.889160 	 147.692978 	 312.495270 	 32.076778 	 1.000000 
64894.343750 	 11675.290039 	 4792.024414 	 -35.420509 	 247.455887 	 170.759872 	 1.000000 
62544.343750 	 12266.351562 	 4602.095215 	 148.689056 	 123.926590 	 79.772369 	 1.000000 
62108.472656 	 12455.340820 	 4675.480469 	 167.036270 	 169.042358 	 95.229622 	 1.000000 
64253.726562 	 12950.444336 	 6383.279297 	 65.412178 	 139.908432 	 35.647270 	 1.000000 
64666.234375 	 11808.543945 	 5367.069336 	 -49.216282 	 377.718658 	 42.181767 	 1.000000 
62759.750000 	 11807.320312 	 5871.221680 	 165.061539 	 269.775482 	 110.880630 	 1.000000 
65494.781250 	 13250.870117 	 5396.309570 	 142.398239 	 146.870544 	 89.676529 	 1.000000 
64120.085938 	 12533.328125 	 5551.678223 	 -52.482395 	 306.057434 	 59.956635 	 1.000000 
62591.273438 	 11600.209961 	 4080.018555 	 74.429848 	 292.716614 	 84.848663 	 1.000000 
64096.601562 	 10659.992188 	 3770.664551 	 13.227991 	 240.160721 	 120.081947 	 1.000000 
64597.449219 	 12705.135742 	 4701.790039 	 64.898682 	 102.413574 	 178.048187 	 1.000000 
63278.710938 	 11987.690430 	 5219.650879 	 138.537933 	 322.224518 	 8.488544 	 1.000000 
63823.355469 	 11635.437500 	 4897.036621 	 117.733246 	 298.825836 	 44.299480 	 1.000000 
63983.398438 	 12218.052734 	 5263.936523 	 178.644791 	 243.477554 	 151.462234 	 1.000000 
63270.429688 	 12170.795898 	 5192.217773 	 163.380310 	 285.998016 	 22.160555 	 1.000000 
62567.046875 	 11485.175781 	 3821.328369 	 63.084175 	 289.503174 	 102.941086 	 1.000000 
62723.316406 	 11915.000977 	 3974.055420 	 61.683674 	 174.778168 	 122.984100 	 1.000000 
63572.992188 	 11665.668945 	 3797.981934 	 12.092438 	 200.370850 	 158.858185 	 3.000000 
63516.132812 	 12377.197266 	 3907.855225 	 6.651397 	 156.739563 	 141.169846 	 1.000000 
63003.812500 	 11873.368164 	 5416.152344 	 173.923157 	 191.965195 	 87.703102 	 1.000000 
65755.062500 	 13005.811523 	 5861.424805 	 23.977787 	 264.798615 	 -34.093697 	 1.000000 
64927.980469 	 10295.461914 	 5916.833496 	 10.188921 	 265.357056 	 55.110931 	 0.000000 
64263.925781 	 11824.737305 	 5278.572266 	 136.447144 	 253.606522 	 -108.014488 	 1.000000 
63600.261719 	 11714.710938 	 5311.224121 	 191.012451 	 296.885101 	 171.165894 	 1.000000 
62968.492188 	 11783.868164 	 4664.244141 	 135.333176 	 212.956482 	 117.080841 	 1.000000 
63815.421875 	 11704.291992 	 4767.460449 	 25.186266 	 230.054535 	 225.800827 	 1.000000 
63976.546875 	 11507.490234 	 4661.063477 	 23.312216 	 286.945068 	 141.726425 	 1.000000 
62519.988281 	 12647.550781 	 3893.261230 	 106.799400 	 78.498215 	 152.862259 	 1.000000 
64212.433594 	 12174.175781 	 4980.329102 	 -57.986061 	 274.085388 	 -43.342831 	 1.000000 
64251.226562 	 11794.056641 	 5153.692871 	 -21.537746 	 76.424202 	 9.010675 	 1.000000 
63843.761719 	 13203.340820 	 6778.957520 	 36.190208 	 196.717270 	 14.941822 	 1.000000 
64861.234375 	 12250.723633 	 5736.781250 	 -6.609539 	 254.753632 	 -61.265942 	 1.000000 
64307.878906 	 11283.606445 	 5735.913574 	 40.036125 	 298.057129 	 -5.286981 	 1.000000 
64131.800781 	 11890.191406 	 4694.048828 	 22.644060 	 318.265289 	 209.481750 	 1.000000 
65929.039062 	 12860.398438 	 5465.381348 	 12.694448 	 283.374969 	 90.316841 	 1.000000 
62693.878906 	 11919.183594 	 4248.735352 	 75.397827 	 254.673981 	 77.986649 	 1.000000 
63699.082031 	 12478.911133 	 3781.968750 	 13.404998 	 166.239716 	 142.920563 	 1.000000 
63288.898438 	 10316.234375 	 5575.237305 	 44.476868 	 255.548019 	 60.980129 	 5.000000 
64519.179688 	 11988.995117 	 5333.494141 	 -93.942162 	 430.753052 	 13.206744 	 1.000000 
65152.894531 	 12569.190430 	 6299.274414 	 39.349415 	 224.457825 	 -21.626734 	 1.000000 
64728.613281 	 12678.626953 	 5386.393555 	 0.383813 	 128.250885 	 87.784195 	 1.000000 
65346.996094 	 12074.179688 	 6414.087891 	 19.948318 	 255.434448 	 2.123615 	 1.000000 
64892.769531 	 11992.162109 	 6637.398926 	 35.914619 	 241.668610 	 -1.674804 	 1.000000 
62898.753906 	 11660.235352 	 3859.230713 	 86.399223 	 118.289589 	 202.538254 	 1.000000 
64771.933594 	 12667.124023 	 4047.374268 	 25.839420 	 164.778229 	 161.191223 	 1.000000 
64897.035156 	 11367.614258 	 3765.544434 	 3.401575 	 209.927582 	 160.996735 	 1.000000 
63110.925781 	 11789.794922 	 5444.766602 	 181.455231 	 240.980545 	 71.340332 	 1.000000 
63059.941406 	 12435.021484 	 3593.749268 	 112.260170 	 61.647900 	 168.816544 	 1.000000 
64703.492188 	 12724.733398 	 4812.680176 	 66.041229 	 100.634575 	 180.995041 	 1.000000 
64950.585938 	 12930.838867 	 4926.458496 	 74.590569 	 107.028763 	 176.651352 	 1.000000 
63083.394531 	 11849.216797 	 5463.476562 	 158.239258 	 126.082024 	 84.064903 	 1.000000 
63688.890625 	 12105.123047 	 4985.345215 	 275.342804 	 210.431335 	 37.652065 	 1.000000 
63365.960938 	 12232.939453 	 5870.272461 	 131.458664 	 102.304054 	 90.621490 	 1.000000 
64749.867188 	 12342.103516 	 5360.296875 	 -124.218071 	 207.152328 	 98.115570 	 1.000000 
65589.039062 	 13002.869141 	 5899.779785 	 34.519592 	 247.123642 	 -44.689201 	 1.000000 
65066.468750 	 11112.720703 	 5515.772461 	 -3.008273 	 298.736328 	 40.748108 	 12.000000 
63404.226562 	 11837.112305 	 5041.305176 	 151.520279 	 282.516388 	 105.926208 	 1.000000 
63276.511719 	 12011.231445 	 6048.460938 	 106.693932 	 180.233322 	 42.844326 	 1.000000 
63658.722656 	 11635.500000 	 3664.868896 	 12.545157 	 202.468430 	 154.878036 	 3.000000 
64365.472656 	 10816.868164 	 3582.712646 	 14.492227 	 225.799026 	 138.794983 	 1.000000 
62205.941406 	 11670.939453 	 4408.507812 	 140.191177 	 197.417618 	 70.598969 	 2.000000 
63002.828125 	 12416.367188 	 3606.563232 	 115.351097 	 62.299633 	 170.273972 	 1.000000 
65429.148438 	 11296.449219 	 4119.056152 	 -0.049405 	 259.943939 	 130.278275 	 1.000000 
64077.597656 	 12416.679688 	 5178.064941 	 151.885757 	 295.963715 	 87.961960 	 1.000000 
63335.964844 	 11683.296875 	 5164.512207 	 162.828705 	 243.278519 	 206.168747 	 1.000000 
63749.523438 	 12139.960938 	 5390.320312 	 82.097145 	 228.246750 	 186.239090 	 1.000000 
65513.636719 	 13046.180664 	 5693.652344 	 57.500900 	 179.033096 	 114.459747 	 1.000000 
63681.582031 	 11905.719727 	 4531.991699 	 84.752014 	 113.884926 	 183.640930 	 1.000000 
62905.171875 	 10911.885742 	 5491.336914 	 70.748466 	 279.688446 	 59.842125 	 6.000000 
63711.949219 	 11029.704102 	 4024.784668 	 38.051636 	 269.380096 	 121.369873 	 1.000000 
63214.164062 	 11345.727539 	 4238.973633 	 56.460361 	 275.899231 	 119.696289 	 1.000000 
64375.269531 	 11481.189453 	 3394.414062 	 21.571619 	 205.046951 	 143.805298 	 1.000000 
62928.019531 	 11596.932617 	 4581.616211 	 168.268265 	 203.973328 	 76.813271 	 1.000000 
66005.453125 	 12344.556641 	 5319.875000 	 21.636757 	 238.866196 	 163.112000 	 1.000000 
62484.320312 	 12049.195312 	 6283.617188 	 110.619904 	 224.205444 	 47.248669 	 1.000000 
64169.949219 	 11891.966797 	 5151.551758 	 191.049698 	 156.306595 	 -26.934963 	 1.000000 
64835.359375 	 12282.471680 	 5578.523438 	 -83.394989 	 211.196991 	 151.943558 	 1.000000 
63165.820312 	 11606.375977 	 5443.854492 	 110.397743 	 319.562561 	 41.332333 	 1.000000 
63714.628906 	 11488.249023 	 4440.412109 	 103.153259 	 290.386230 	 179.567474 	 1.000000 
64778.917969 	 12386.412109 	 4514.140137 	 22.525150 	 180.605530 	 197.563248 	 1.000000 
65723.898438 	 12736.726562 	 5443.089355 	 17.668367 	 235.988495 	 184.850464 	 1.000000 
64444.968750 	 10963.875000 	 3929.519043 	 7.581422 	 244.690781 	 158.475601 	 1.000000 
63902.917969 	 10322.463867 	 4816.383789 	 31.162523 	 271.492767 	 81.449478 	 4.000000 
63104.851562 	 11994.665039 	 3868.748291 	 -38.774158 	 75.783005 	 119.423836 	 1.000000 
64917.585938 	 12131.867188 	 5459.302246 	 -76.493828 	 340.667877 	 43.941891 	 1.000000 
64519.609375 	 10149.853516 	 5547.806641 	 23.306870 	 286.028778 	 70.235939 	 1.000000 
64062.550781 	 11845.760742 	 5041.659180 	 131.715790 	 231.582001 	 21.046579 	 1.000000 
65468.917969 	 13113.711914 	 5850.091309 	 57.983395 	 225.859818 	 -56.512260 	 1.000000 
63880.308594 	 12232.806641 	 5623.612793 	 -70.693680 	 130.591965 	 118.617523 	 1.000000 
64195.964844 	 12255.500000 	 5658.999023 	 62.287872 	 73.150772 	 2.910821 	 1.000000 
65057.242188 	 10825.546875 	 6362.414551 	 28.391798 	 258.572601 	 39.422451 	 0.000000 
64301.644531 	 11745.671875 	 5258.277344 	 22.092285 	 416.178894 	 88.511818 	 1.000000 
65247.300781 	 13028.026367 	 5522.059082 	 32.723103 	 277.533508 	 60.380180 	 1.000000 
63947.699219 	 11970.649414 	 5096.245117 	 60.660557 	 88.084229 	 250.512222 	 1.000000 
62644.375000 	 11429.476562 	 3997.645752 	 79.787582 	 270.818359 	 67.368179 	 1.000000 
63706.824219 	 11555.925781 	 4932.969238 	 142.533417 	 235.698898 	 122.493446 	 1.000000 
62701.496094 	 11574.741211 	 4062.804443 	 91.666489 	 218.791183 	 29.774412 	 1.000000 
63488.562500 	 11576.820312 	 5204.226562 	 179.244736 	 219.561340 	 190.263718 	 1.000000 
63152.484375 	 11596.235352 	 4911.329102 	 99.128387 	 191.852386 	 176.930649 	 1.000000 
65764.921875 	 12914.984375 	 5477.547852 	 17.729445 	 246.650909 	 189.881714 	 1.000000 
64194.976562 	 10982.056641 	 3813.078369 	 13.717391 	 260.522034 	 128.552673 	 1.000000 
65523.847656 	 11772.510742 	 4542.084473 	 5.701012 	 277.244476 	 130.889679 	 1.000000 
63616.316406 	 12213.080078 	 5647.844727 	 160.316223 	 166.170654 	 17.887461 	 1.000000 
64008.781250 	 12008.908203 	 5019.101074 	 155.078491 	 304.575623 	 163.050644 	 1.000000 
65025.031250 	 11392.655273 	 5773.180664 	 -10.474526 	 287.514191 	 19.334009 	 12.000000 
64293.304688 	 11712.387695 	 4555.123535 	 4.878249 	 209.295364 	 43.660908 	 1.000000 
63458.609375 	 12096.111328 	 5260.669922 	 189.121384 	 266.447083 	 -19.186779 	 1.000000 
63491.078125 	 11339.338867 	 4106.962891 	 60.903347 	 279.060791 	 120.014992 	 1.000000 
64341.867188 	 10952.538086 	 3884.448486 	 30.263180 	 234.380997 	 149.542084 	 1.000000 
62525.414062 	 13506.153320 	 5138.141602 	 106.921829 	 120.247047 	 102.915245 	 8.000000 
62444.199219 	 12671.301758 	 5916.196777 	 107.734413 	 132.802414 	 115.128334 	 10.000000 
62766.949219 	 12248.091797 	 4147.183594 	 111.749367 	 82.536499 	 110.507042 	 1.000000 
65372.097656 	 12172.565430 	 6322.897461 	 4.861505 	 245.200089 	 -2.077020 	 1.000000 
65398.121094 	 12583.303711 	 5927.584961 	 3.768743 	 261.014313 	 -9.188764 	 1.000000 
64776.234375 	 12449.386719 	 5381.215332 	 15.303493 	 64.380936 	 194.650391 	 1.000000 
64250.523438 	 12583.167969 	 5010.539551 	 45.652470 	 141.833740 	 97.213715 	 1.000000 
64327.375000 	 11855.436523 	 4671.092773 	 14.249066 	 190.244492 	 231.331070 	 1.000000 
63162.726562 	 11779.569336 	 4461.558105 	 175.648422 	 200.827789 	 78.387756 	 1.000000 
65693.835938 	 13067.566406 	 5628.836426 	 96.229721 	 221.322311 	 34.746124 	 1.000000 
65375.886719 	 10893.438477 	 5718.359375 	 6.743489 	 281.755127 	 49.512470 	 0.000000 
65783.929688 	 12431.130859 	 5376.618164 	 10.022829 	 259.231934 	 124.269150 	 1.000000 
64342.960938 	 11954.114258 	 5539.284180 	 -43.871964 	 204.005630 	 -61.767342 	 1.000000 
64302.261719 	 11856.830078 	 4739.077148 	 -11.262403 	 266.539337 	 188.023727 	 1.000000 
64488.578125 	 11868.270508 	 5744.879395 	 -68.360085 	 163.448700 	 28.162861 	 1.000000 
65157.664062 	 12752.596680 	 4038.493896 	 36.888950 	 159.955765 	 185.769760 	 1.000000 
62346.234375 	 12245.771484 	 4597.959473 	 147.137390 	 150.783081 	 93.379051 	 1.000000 
63336.875000 	 12817.394531 	 6756.709473 	 31.219133 	 136.880188 	 39.470776 	 1.000000 
64552.968750 	 10117.733398 	 5560.576660 	 28.074434 	 277.312195 	 53.462608 	 1.000000 
64047.867188 	 10805.802734 	 5854.521484 	 51.456261 	 272.589905 	 22.146130 	 1.000000 
62572.214844 	 12177.841797 	 6226.176758 	 108.840439 	 231.723282 	 33.043427 	 1.000000 
63380.847656 	 11959.349609 	 5399.759277 	 165.943420 	 299.925079 	 10.361629 	 1.000000 
62827.980469 	 11947.007812 	 4345.691895 	 113.993950 	 213.067932 	 89.537285 	 1.000000 
63883.937500 	 12440.412109 	 3186.485107 	 -2.978944 	 158.719360 	 152.904602 	 1.000000 
64129.722656 	 12419.909180 	 3371.366211 	 9.457924 	 154.620239 	 172.110046 	 1.000000 
65759.085938 	 13089.286133 	 5518.402832 	 30.698168 	 238.633438 	 207.382889 	 1.000000 
64437.953125 	 10838.359375 	 5527.621094 	 5.990377 	 297.971252 	 60.459568 	 1.000000 
64626.812500 	 11871.953125 	 5337.976074 	 -52.783836 	 392.128357 	 38.951397 	 1.000000 
62749.886719 	 12067.212891 	 5873.672852 	 115.598755 	 226.577927 	 134.536575 	 1.000000 
65340.898438 	 12470.666992 	 5497.292969 	 8.555232 	 202.812790 	 185.048523 	 1.000000 
65178.550781 	 12300.675781 	 5405.282227 	 -39.914459 	 234.913483 	 161.064636 	 1.000000 
63311.242188 	 12141.310547 	 6124.863770 	 118.237839 	 178.648209 	 53.850697 	 1.000000 
63507.117188 	 11203.523438 	 4111.708496 	 65.039635 	 280.018707 	 112.233192 	 1.000000 
63937.515625 	 12422.155273 	 3287.477783 	 12.432185 	 161.830383 	 146.786270 	 1.000000 
64515.613281 	 11502.709961 	 3745.513672 	 23.524151 	 203.271942 	 167.198196 	 1.000000 
62279.320312 	 11943.695312 	 4922.589844 	 136.553940 	 173.824860 	 88.436554 	 0.000000 
63041.425781 	 11619.517578 	 3756.099121 	 94.409126 	 122.054779 	 199.393295 	 1.000000 
63961.468750 	 12657.064453 	 4006.461182 	 55.046646 	 104.243744 	 126.789680 	 1.000000 
63993.261719 	 12111.632812 	 5248.238770 	 -37.871563 	 218.483810 	 -101.710510 	 1.000000 
64607.394531 	 11593.914062 	 6901.473633 	 39.714630 	 245.342331 	 21.584061 	 1.000000 
64604.957031 	 11873.230469 	 5206.655762 	 -42.753151 	 390.176941 	 13.347495 	 1.000000 
62809.617188 	 11778.551758 	 4458.436523 	 49.771725 	 182.123077 	 143.803986 	 1.000000 
64345.796875 	 11592.196289 	 4800.781738 	 -23.865582 	 288.201508 	 204.657578 	 1.000000 
64275.160156 	 10814.360352 	 3920.796143 	 26.144354 	 245.924911 	 133.392273 	 1.000000 
62891.339844 	 12094.093750 	 4213.460938 	 148.174088 	 108.134407 	 97.614807 	 1.000000 
65573.843750 	 11823.084961 	 4772.008789 	 3.998805 	 245.112122 	 162.951035 	 1.000000 
63455.578125 	 10488.622070 	 5508.407715 	 48.167889 	 275.814301 	 51.615597 	 5.000000 
64794.164062 	 12449.822266 	 5211.108398 	 9.368360 	 184.546204 	 129.394638 	 1.000000 
64269.664062 	 12479.960938 	 5267.981445 	 -2.919063 	 358.995941 	 0.254175 	 1.000000 
64819.140625 	 11329.352539 	 4080.814941 	 9.203644 	 200.002563 	 183.669296 	 1.000000 
63608.031250 	 11892.924805 	 4708.230469 	 128.221954 	 152.247147 	 124.562088 	 1.000000 
63426.613281 	 11079.610352 	 3986.945557 	 59.791100 	 269.871399 	 96.995407 	 1.000000 
62731.386719 	 11488.308594 	 4085.226562 	 126.289352 	 271.490417 	 105.522308 	 1.000000 
63471.531250 	 12574.862305 	 3328.878418 	 28.304686 	 145.201065 	 160.705933 	 1.000000 
64928.585938 	 12349.172852 	 4491.692383 	 8.340548 	 193.764038 	 199.818848 	 1.000000 
62790.277344 	 11966.080078 	 4052.067871 	 123.033134 	 73.338470 	 102.582993 	 1.000000 
63566.878906 	 12541.701172 	 3486.917480 	 46.765396 	 71.647751 	 157.536697 	 1.000000 
62869.269531 	 11786.864258 	 5751.644531 	 158.219742 	 252.695694 	 104.333496 	 1.000000 
63835.699219 	 13240.562500 	 6871.921875 	 34.229664 	 200.418472 	 18.946301 	 1.000000 
64649.320312 	 11833.292969 	 5554.634766 	 -40.632324 	 372.270386 	 43.206425 	 1.000000 
64142.960938 	 11762.181641 	 5181.261230 	 196.414520 	 310.556183 	 142.448196 	 1.000000 
62865.566406 	 10912.654297 	 5534.754883 	 69.952965 	 276.552521 	 63.389702 	 6.000000 
62675.601562 	 11209.618164 	 3870.898926 	 45.681263 	 262.903625 	 97.278358 	 1.000000 
62713.777344 	 11940.133789 	 3899.605957 	 73.112801 	 183.321503 	 135.954865 	 1.000000 
64710.574219 	 12133.403320 	 5519.309570 	 143.853439 	 261.827271 	 73.666573 	 1.000000 
62215.207031 	 12819.900391 	 4697.842285 	 140.863556 	 112.050110 	 105.250931 	 1.000000 
63621.636719 	 12766.313477 	 3429.333008 	 54.850014 	 90.562897 	 148.669098 	 1.000000 
64002.558594 	 12417.388672 	 3294.928711 	 30.201788 	 139.061722 	 132.599808 	 1.000000 
65020.601562 	 13135.716797 	 6135.684570 	 94.340248 	 133.882202 	 32.559452 	 1.000000 
64963.007812 	 11355.912109 	 4153.561523 	 -7.455382 	 280.795563 	 97.763977 	 1.000000 
63806.640625 	 12277.483398 	 5494.209473 	 65.744003 	 210.135696 	 148.789673 	 1.000000 
64883.113281 	 12348.844727 	 5627.984863 	 -32.642689 	 238.889359 	 -46.848713 	 1.000000 
65184.593750 	 12722.592773 	 5601.122070 	 11.176840 	 247.656677 	 -27.356976 	 1.000000 
64759.121094 	 12030.074219 	 5372.957031 	 136.976959 	 213.502823 	 20.761349 	 1.000000 
63973.976562 	 11882.619141 	 4935.128418 	 69.203568 	 234.958130 	 127.934860 	 1.000000 
62617.214844 	 11428.932617 	 5937.959473 	 98.932365 	 272.379608 	 65.871994 	 6.000000 
65256.234375 	 12374.331055 	 5942.667480 	 47.165562 	 171.792389 	 65.287018 	 1.000000 
64396.640625 	 11377.928711 	 5520.769043 	 22.297215 	 345.497375 	 66.410545 	 1.000000 
63425.027344 	 12763.851562 	 3513.538086 	 105.283607 	 66.866386 	 142.789719 	 1.000000 
63772.261719 	 12742.727539 	 3894.012939 	 39.855511 	 109.137260 	 125.336685 	 1.000000 
63631.214844 	 12680.657227 	 6823.808594 	 41.643723 	 128.627792 	 58.028374 	 1.000000 
65993.648438 	 12220.906250 	 5065.262207 	 34.675705 	 252.699173 	 176.634445 	 1.000000 
64739.933594 	 11842.346680 	 5275.249023 	 -75.917076 	 358.681274 	 48.280178 	 1.000000 
63499.976562 	 11916.826172 	 4888.603027 	 210.313370 	 251.836426 	 177.596176 	 1.000000 
62670.234375 	 11216.174805 	 5838.064453 	 58.606140 	 273.496246 	 34.990337 	 6.000000 
65435.960938 	 13058.820312 	 5774.160156 	 55.028610 	 235.506332 	 -58.311756 	 1.000000 
64252.500000 	 12657.125977 	 5633.932129 	 38.752136 	 146.487106 	 83.467781 	 1.000000 
64343.132812 	 10985.414062 	 5792.531738 	 41.500954 	 280.906433 	 12.258568 	 1.000000 
62991.171875 	 12419.974609 	 3710.105225 	 65.334534 	 108.506653 	 142.009308 	 1.000000 
63391.375000 	 11913.677734 	 4678.477051 	 114.969803 	 195.859467 	 186.367126 	 1.000000 
62707.187500 	 11883.863281 	 3984.474854 	 153.959351 	 255.862686 	 111.566719 	 1.000000 
63244.515625 	 11994.169922 	 3712.697754 	 30.287298 	 100.980064 	 218.443359 	 1.000000 
63721.101562 	 12444.817383 	 3724.004395 	 10.476099 	 166.245438 	 143.794601 	 1.000000 
63712.144531 	 12349.192383 	 3970.523682 	 15.699551 	 161.663376 	 153.059235 	 1.000000 
63395.121094 	 12383.858398 	 4059.195312 	 17.204098 	 114.654747 	 122.136543 	 1.000000 
62841.914062 	 12375.278320 	 3971.297363 	 93.045418 	 64.054573 	 112.513138 	 1.000000 
65557.093750 	 13165.667969 	 5596.866211 	 66.089287 	 220.962601 	 -76.111526 	 1.000000 
62540.222656 	 12179.731445 	 6201.217773 	 112.798294 	 240.078781 	 34.674255 	 1.000000 
63258.710938 	 12733.997070 	 6546.044434 	 66.331680 	 134.849304 	 41.088264 	 1.000000 
64708.046875 	 12143.123047 	 5278.894531 	 86.977898 	 179.954376 	 -30.033136 	 1.000000 
63762.406250 	 11549.769531 	 4415.826172 	 77.823387 	 272.272522 	 187.282806 	 1.000000 
62906.554688 	 11920.003906 	 4119.475098 	 133.379547 	 128.180588 	 70.725082 	 1.000000 
62925.246094 	 11634.286133 	 3989.774170 	 26.660725 	 171.269730 	 96.884201 	 1.000000 
62859.460938 	 11780.000000 	 4042.397705 	 126.250488 	 204.933533 	 35.290874 	 1.000000 
64969.476562 	 12671.483398 	 4418.064941 	 19.415565 	 178.731552 	 194.979340 	 1.000000 
62532.312500 	 13119.909180 	 4515.315918 	 139.464828 	 82.470650 	 106.951317 	 1.000000 
64700.886719 	 12042.592773 	 4903.386230 	 -11.807164 	 259.301361 	 73.348190 	 1.000000 
63346.042969 	 12153.168945 	 6421.168945 	 101.939941 	 165.544724 	 63.103172 	 1.000000 
63777.375000 	 12043.683594 	 5005.882812 	 90.908142 	 162.777390 	 75.257576 	 1.000000 
65068.089844 	 12782.301758 	 5457.717285 	 42.674953 	 212.098343 	 -40.016033 	 1.000000 
64475.441406 	 12200.269531 	 5619.562988 	 115.808044 	 183.021469 	 177.934280 	 1.000000 
64711.757812 	 12060.447266 	 5703.444336 	 -16.522068 	 289.750977 	 -67.530319 	 1.000000 
64484.562500 	 10380.602539 	 6166.898438 	 27.963659 	 252.878220 	 36.201027 	 0.000000 
63087.714844 	 11435.099609 	 5511.970215 	 99.450615 	 307.913422 	 55.482693 	 1.000000 
62919.429688 	 11657.368164 	 3610.815918 	 93.867317 	 169.186752 	 123.076004 	 1.000000 
63262.394531 	 11745.071289 	 4834.140137 	 160.553680 	 275.930817 	 141.843506 	 1.000000 
63189.683594 	 12394.625000 	 3865.620850 	 13.742220 	 105.235146 	 110.387917 	 1.000000 
63049.566406 	 11582.410156 	 3404.239746 	 6.078818 	 197.834793 	 149.679672 	 1.000000 
63867.761719 	 11992.831055 	 5685.529297 	 104.942871 	 256.225342 	 137.811005 	 1.000000 
64329.675781 	 11471.995117 	 3224.513428 	 18.977676 	 205.148605 	 136.057724 	 1.000000 
62743.835938 	 11907.492188 	 4608.603516 	 163.167953 	 171.085114 	 81.574669 	 1.000000 
62697.371094 	 12254.167969 	 6589.681152 	 100.412819 	 180.843750 	 93.866547 	 1.000000 
64345.632812 	 12000.810547 	 5551.932129 	 172.603271 	 298.762268 	 33.996338 	 1.000000 
63179.015625 	 11723.854492 	 5521.945312 	 136.433884 	 301.081329 	 45.644520 	 1.000000 
62800.394531 	 10637.654297 	 5438.676758 	 63.332817 	 261.976105 	 63.073017 	 6.000000 
64097.542969 	 12230.385742 	 5127.458496 	 -9.922274 	 169.540680 	 87.954247 	 1.000000 
64153.738281 	 12028.985352 	 5483.487305 	 136.234543 	 152.505753 	 -62.322079 	 1.000000 
65245.417969 	 12992.102539 	 5186.106445 	 98.449272 	 117.420662 	 199.294922 	 1.000000 
65192.574219 	 12926.325195 	 5212.479004 	 96.607094 	 112.226509 	 197.103043 	 1.000000 
65203.589844 	 12669.718750 	 6218.210938 	 42.288971 	 224.600433 	 -24.139023 	 1.000000 
64169.734375 	 12665.570312 	 5632.189941 	 50.602757 	 149.963593 	 98.187408 	 1.000000 
65122.023438 	 11693.833008 	 4630.948242 	 -17.302179 	 266.588715 	 143.091064 	 1.000000 
64497.144531 	 12747.088867 	 5460.158203 	 -28.404142 	 138.015396 	 73.426773 	 1.000000 
65583.437500 	 13161.627930 	 5521.401855 	 8.317705 	 235.648315 	 119.113327 	 1.000000 
65013.906250 	 13031.920898 	 5854.357910 	 41.790577 	 226.981049 	 99.793701 	 1.000000 
65007.929688 	 13073.716797 	 5857.381348 	 28.992262 	 173.256866 	 69.616638 	 1.000000 
65050.117188 	 12133.952148 	 5293.265625 	 -14.978741 	 156.067184 	 88.619041 	 1.000000 
63234.046875 	 12597.202148 	 6843.847168 	 69.068016 	 188.923660 	 59.738724 	 1.000000 
62377.328125 	 11605.710938 	 3983.959473 	 80.014565 	 213.683121 	 62.164379 	 1.000000 
63262.699219 	 12099.307617 	 3729.005371 	 31.331482 	 109.237427 	 201.047760 	 1.000000 
63838.898438 	 12544.350586 	 3571.280518 	 18.509848 	 167.908951 	 139.232925 	 1.000000 
62938.855469 	 11925.780273 	 4124.494141 	 124.070534 	 108.046066 	 74.745674 	 1.000000 
62894.605469 	 11765.021484 	 5677.558594 	 156.616943 	 243.526749 	 101.014893 	 1.000000 
62909.761719 	 12230.625000 	 3461.341553 	 115.500359 	 66.094109 	 173.439392 	 1.000000 
63839.613281 	 11570.987305 	 5119.394531 	 102.343513 	 263.409241 	 29.040691 	 1.000000 
65947.695312 	 11989.266602 	 5123.134766 	 15.449334 	 322.843781 	 45.770950 	 1.000000 
63935.289062 	 10339.857422 	 5846.929688 	 53.907978 	 259.721161 	 40.946350 	 0.000000 
64622.222656 	 11942.871094 	 5623.546387 	 -51.377190 	 167.661926 	 -27.604563 	 1.000000 
62844.964844 	 11494.182617 	 5457.399902 	 87.424171 	 293.745636 	 32.978233 	 1.000000 
63025.859375 	 12221.958008 	 5879.896973 	 93.974434 	 222.116760 	 73.288315 	 1.000000 
63245.414062 	 12559.243164 	 6455.432129 	 117.695763 	 194.304413 	 43.583431 	 1.000000 
63440.332031 	 12919.159180 	 6167.537109 	 75.270805 	 134.413498 	 64.606201 	 1.000000 
65793.835938 	 12950.646484 	 5264.292969 	 53.282146 	 199.783707 	 55.500225 	 1.000000 
64523.902344 	 11898.905273 	 5186.976562 	 -69.367737 	 402.351532 	 27.820051 	 1.000000 
64916.308594 	 11899.259766 	 6842.929688 	 39.784088 	 239.181778 	 12.530476 	 1.000000 
63775.429688 	 11518.445312 	 4728.840820 	 74.047127 	 310.321564 	 153.289993 	 1.000000 
63214.503906 	 12033.045898 	 3715.804932 	 28.528324 	 90.529709 	 221.539612 	 1.000000 
63670.304688 	 11535.219727 	 4938.212891 	 -47.984306 	 251.090454 	 35.650532 	 1.000000 
63793.156250 	 11596.525391 	 5027.869629 	 125.652657 	 288.863892 	 20.404272 	 1.000000 
62589.707031 	 11723.049805 	 4074.030273 	 83.707710 	 285.431671 	 63.997753 	 1.000000 
63435.972656 	 11745.363281 	 5198.827637 	 100.873909 	 262.065125 	 38.348618 	 1.000000 
65188.492188 	 12778.649414 	 4190.226562 	 34.205685 	 190.758636 	 172.577835 	 1.000000 
62324.468750 	 12188.613281 	 5934.017090 	 127.352135 	 184.548920 	 109.618401 	 1.000000 
63963.093750 	 13115.156250 	 6568.249512 	 59.322708 	 126.929413 	 47.423138 	 1.000000 
64296.031250 	 13162.337891 	 6347.284180 	 68.410378 	 144.060135 	 43.334423 	 1.000000 
64070.417969 	 13310.060547 	 6289.307129 	 66.516228 	 143.255432 	 39.939808 	 1.000000 
65173.609375 	 11282.734375 	 4159.690918 	 -21.789055 	 276.981110 	 135.974564 	 1.000000 
65857.375000 	 11895.480469 	 4781.980469 	 19.426477 	 290.124786 	 131.714401 	 1.000000 
63907.867188 	 12098.189453 	 5033.199219 	 232.071014 	 131.369583 	 53.231956 	 1.000000 
62525.496094 	 12261.683594 	 6530.277832 	 73.740356 	 204.071976 	 69.163605 	 1.000000 
63946.351562 	 12033.291016 	 5513.037109 	 159.467850 	 142.023392 	 -62.215488 	 1.000000 
63012.464844 	 12958.341797 	 6705.457520 	 28.383881 	 130.766556 	 34.554127 	 1.000000 
64839.253906 	 12296.708008 	 5622.293945 	 -25.175079 	 252.441010 	 -67.872482 	 1.000000 
64881.597656 	 12149.117188 	 6201.693359 	 25.795237 	 245.987503 	 -30.529819 	 1.000000 
65164.132812 	 11957.884766 	 6528.156250 	 33.193771 	 247.694229 	 2.368853 	 1.000000 
64018.480469 	 12352.155273 	 5631.665039 	 -64.112556 	 159.073822 	 178.113052 	 1.000000 
63038.015625 	 11320.419922 	 4053.262939 	 43.858704 	 274.383270 	 107.870605 	 1.000000 
63416.562500 	 12190.418945 	 4312.049805 	 28.191368 	 144.530518 	 158.678329 	 1.000000 
64217.765625 	 10884.669922 	 3749.289062 	 25.244226 	 226.283676 	 141.721817 	 1.000000 
64486.296875 	 10918.667969 	 5680.835938 	 -3.298460 	 299.276154 	 54.784527 	 1.000000 
62419.152344 	 12284.354492 	 4708.199707 	 147.551682 	 145.054382 	 77.741028 	 1.000000 
62734.433594 	 11725.691406 	 4481.556152 	 168.134003 	 200.565994 	 69.909187 	 1.000000 
62771.527344 	 12319.695312 	 4155.515137 	 107.312126 	 84.062790 	 113.264664 	 1.000000 
63161.085938 	 12500.133789 	 3900.947754 	 86.863831 	 62.031239 	 115.548859 	 1.000000 
64541.089844 	 10383.420898 	 5566.315918 	 2.887378 	 251.807907 	 81.484970 	 1.000000 
64071.062500 	 12238.213867 	 5620.893066 	 -51.252247 	 97.871429 	 53.462559 	 1.000000 
63001.777344 	 10674.897461 	 5455.000488 	 55.269676 	 271.993591 	 42.614780 	 6.000000 
64558.878906 	 12282.165039 	 5040.756836 	 -76.747963 	 220.520691 	 148.588486 	 1.000000 
63858.847656 	 13261.732422 	 6385.898438 	 56.262955 	 132.978043 	 44.034782 	 1.000000 
64071.863281 	 12873.849609 	 6848.070312 	 36.044338 	 209.777924 	 11.017652 	 0.000000 
64959.488281 	 11324.622070 	 5356.543945 	 -15.091657 	 317.634033 	 42.552761 	 12.000000 
64277.617188 	 11854.974609 	 5323.749023 	 -46.119282 	 290.073059 	 -97.490837 	 1.000000 
63254.792969 	 11531.103516 	 4893.568848 	 154.554260 	 231.478745 	 150.676056 	 1.000000 
63791.347656 	 11571.053711 	 5047.304199 	 147.980118 	 271.597839 	 19.970413 	 1.000000 
63514.101562 	 11675.873047 	 5717.003418 	 152.292252 	 183.185974 	 33.275913 	 1.000000 
62835.765625 	 11733.243164 	 5920.050293 	 93.432297 	 180.402573 	 -3.371303 	 1.000000 
62836.617188 	 11788.197266 	 4185.412109 	 121.284355 	 240.053452 	 63.594826 	 1.000000 
63586.871094 	 12126.291016 	 4439.773926 	 47.660896 	 109.633209 	 165.942963 	 1.000000 
64164.015625 	 11686.525391 	 5135.525391 	 -8.303986 	 290.363739 	 -23.584871 	 1.000000 
64266.988281 	 11456.421875 	 5565.518066 	 -3.036900 	 200.128708 	 -10.951332 	 1.000000 
64894.664062 	 12708.819336 	 3718.466553 	 23.974539 	 158.168106 	 166.085739 	 1.000000 
64383.417969 	 10900.591797 	 3898.992432 	 12.411897 	 253.851410 	 146.957733 	 1.000000 
62208.078125 	 11842.673828 	 6248.671875 	 120.991890 	 223.635651 	 97.835464 	 1.000000 
62894.617188 	 11767.289062 	 4429.777832 	 164.235794 	 166.362793 	 81.470306 	 1.000000 
63750.429688 	 11901.419922 	 5516.904785 	 179.586456 	 192.218842 	 -22.257946 	 1.000000 
62639.082031 	 12212.689453 	 6162.032715 	 128.434982 	 160.681992 	 95.868927 	 1.000000 
63319.468750 	 11309.012695 	 4382.327637 	 111.512123 	 220.132767 	 120.139160 	 1.000000 
64664.656250 	 13186.583008 	 6089.975586 	 90.356392 	 135.992096 	 17.763142 	 1.000000 
