17349.273438 	 50024.140625 	 24366.736328 	 -50.912060 	 -95.565674 	 179.924072 	 3.000000 
17350.683594 	 50095.218750 	 24414.708984 	 8.731462 	 -252.912781 	 202.160919 	 3.000000 
17303.335938 	 50053.605469 	 24201.628906 	 -119.390869 	 -161.279953 	 293.101349 	 3.000000 
17331.070312 	 49956.511719 	 24218.947266 	 -72.839928 	 -143.650818 	 164.425385 	 3.000000 
17377.699219 	 50023.000000 	 24266.417969 	 76.255890 	 -200.848007 	 219.021713 	 3.000000 
17324.039062 	 49983.054688 	 24320.240234 	 -123.420906 	 -112.602455 	 -85.039940 	 3.000000 
17339.708984 	 50192.593750 	 24263.189453 	 -118.627312 	 -281.867828 	 201.782776 	 3.000000 
17313.054688 	 50032.093750 	 24396.048828 	 -129.436356 	 -320.938232 	 220.696747 	 3.000000 
17425.173828 	 50062.472656 	 24321.398438 	 -41.362282 	 -73.602821 	 389.117249 	 3.000000 
17430.357422 	 50034.257812 	 24492.337891 	 -58.106289 	 63.550282 	 153.611862 	 3.000000 
17362.910156 	 50075.078125 	 24452.996094 	 -90.243942 	 5.693471 	 165.354202 	 3.000000 
17327.021484 	 50003.492188 	 24314.740234 	 20.896881 	 -80.698746 	 253.034119 	 3.000000 
17238.255859 	 49945.175781 	 24416.708984 	 143.702850 	 -46.218433 	 210.163071 	 3.000000 
17483.783203 	 49924.496094 	 24388.773438 	 -90.370995 	 -112.959389 	 227.701126 	 3.000000 
17414.652344 	 50020.082031 	 24273.832031 	 -57.730667 	 -169.045135 	 151.734085 	 3.000000 
17243.509766 	 50028.863281 	 24394.808594 	 -257.249969 	 -220.217590 	 157.817963 	 3.000000 
17300.533203 	 49949.582031 	 24516.158203 	 -144.541000 	 -36.097012 	 149.733337 	 3.000000 
17313.240234 	 50049.328125 	 24324.175781 	 10.700847 	 -73.278870 	 -60.007248 	 3.000000 
17271.931641 	 50091.386719 	 24519.714844 	 -104.391022 	 -173.031265 	 135.395721 	 3.000000 
17316.449219 	 50124.132812 	 24427.777344 	 -0.201514 	 -265.746948 	 266.989960 	 3.000000 
17277.578125 	 50067.562500 	 24408.212891 	 172.149460 	 -170.146881 	 238.991989 	 3.000000 
17293.382812 	 50218.375000 	 24284.113281 	 55.058571 	 -52.115891 	 115.291634 	 3.000000 
17354.994141 	 50099.296875 	 24222.794922 	 0.815514 	 -283.804535 	 215.670181 	 3.000000 
17272.447266 	 49956.863281 	 24206.140625 	 -18.048248 	 -49.727726 	 32.994812 	 3.000000 
17438.162109 	 49903.609375 	 24358.853516 	 -152.374435 	 -156.232147 	 310.771149 	 3.000000 
17428.828125 	 49933.753906 	 24295.093750 	 131.675156 	 -197.848602 	 275.654694 	 3.000000 
17516.468750 	 49975.164062 	 24486.841797 	 8.367087 	 -60.869225 	 165.541489 	 3.000000 
17410.841797 	 50054.007812 	 24212.976562 	 44.866074 	 -143.033493 	 177.738083 	 3.000000 
17311.869141 	 49861.781250 	 24402.912109 	 -57.734539 	 -204.608047 	 136.832291 	 3.000000 
17401.091797 	 50007.628906 	 24373.716797 	 -221.412155 	 4.241110 	 389.314941 	 3.000000 
17282.570312 	 49951.699219 	 24365.617188 	 22.752481 	 -257.602783 	 134.417206 	 3.000000 
17311.189453 	 50151.191406 	 23986.121094 	 -38.629044 	 -161.460403 	 273.807037 	 3.000000 
17375.113281 	 50117.855469 	 23990.863281 	 -137.886490 	 -242.859604 	 240.982742 	 3.000000 
17320.046875 	 50063.156250 	 23983.617188 	 -182.616089 	 -171.456680 	 290.058502 	 3.000000 
17286.927734 	 50169.203125 	 23986.333984 	 31.225773 	 -182.798126 	 231.923004 	 3.000000 
17205.738281 	 50125.761719 	 24036.644531 	 -27.795877 	 -260.193207 	 316.163910 	 3.000000 
17298.257812 	 50139.539062 	 24120.457031 	 -30.201267 	 -20.381277 	 131.718704 	 3.000000 
17319.580078 	 50020.496094 	 24007.578125 	 7.546928 	 -151.117081 	 298.797516 	 3.000000 
17400.822266 	 50157.949219 	 23940.525391 	 -74.211632 	 -65.909363 	 304.992157 	 3.000000 
17285.619141 	 50127.597656 	 23988.740234 	 77.024918 	 -300.816315 	 156.759537 	 3.000000 
17305.716797 	 50190.761719 	 24024.291016 	 -189.764725 	 -179.333160 	 356.855286 	 3.000000 
17352.070312 	 50205.261719 	 23893.623047 	 -1.131413 	 -180.453293 	 290.600952 	 3.000000 
17319.193359 	 50209.230469 	 23930.167969 	 -60.176571 	 -255.835480 	 183.244934 	 3.000000 
17237.820312 	 50197.679688 	 24009.021484 	 -57.446667 	 -308.525970 	 150.881149 	 3.000000 
17406.742188 	 50155.812500 	 23965.281250 	 16.737463 	 -55.796322 	 377.967224 	 3.000000 
17265.521484 	 50165.324219 	 24098.476562 	 -47.779266 	 33.285511 	 140.072937 	 3.000000 
17384.347656 	 50196.464844 	 23951.097656 	 -14.893729 	 -210.423950 	 146.119888 	 3.000000 
17461.320312 	 50173.078125 	 23923.744141 	 -37.343594 	 -174.892426 	 373.251404 	 3.000000 
17208.095703 	 50075.656250 	 24029.662109 	 -131.236053 	 -96.910545 	 262.825867 	 3.000000 
17292.703125 	 50150.066406 	 23909.644531 	 -195.068085 	 -113.816368 	 197.654358 	 3.000000 
17404.037109 	 50135.011719 	 24092.689453 	 -17.056841 	 -97.728859 	 278.168457 	 3.000000 
17160.560547 	 50110.820312 	 23981.812500 	 28.866554 	 -205.416412 	 347.958527 	 3.000000 
17331.037109 	 50100.562500 	 23973.886719 	 133.952972 	 -99.517464 	 282.597748 	 3.000000 
17290.800781 	 50030.898438 	 24017.117188 	 -65.293564 	 22.226547 	 121.307831 	 3.000000 
17310.994141 	 50084.691406 	 24126.025391 	 -64.271187 	 25.126556 	 184.034714 	 3.000000 
17698.437500 	 49814.480469 	 24824.294922 	 -115.533180 	 -125.244438 	 139.200119 	 3.000000 
17672.814453 	 49822.953125 	 24792.322266 	 -91.533737 	 -102.013367 	 152.102997 	 3.000000 
17653.650391 	 49817.132812 	 24771.556641 	 -162.753098 	 7.883421 	 87.401733 	 3.000000 
17656.720703 	 49747.476562 	 24768.947266 	 -219.135529 	 -156.008682 	 98.529846 	 3.000000 
17670.738281 	 49793.285156 	 24803.851562 	 -73.135994 	 -189.218140 	 194.862915 	 3.000000 
17729.142578 	 49795.464844 	 24826.951172 	 -50.607594 	 -168.238663 	 71.874290 	 3.000000 
17692.562500 	 49843.046875 	 24936.123047 	 -139.198761 	 -212.231369 	 133.990173 	 3.000000 
17682.781250 	 49765.167969 	 24779.541016 	 -149.826782 	 -180.884399 	 48.765072 	 3.000000 
17707.929688 	 49853.164062 	 24916.775391 	 -58.959709 	 -227.210800 	 119.558960 	 3.000000 
17726.474609 	 49680.582031 	 24822.609375 	 -180.646530 	 -33.271126 	 195.576523 	 3.000000 
17724.568359 	 49906.648438 	 24849.171875 	 -237.988937 	 -166.204788 	 184.121078 	 3.000000 
17560.472656 	 49825.074219 	 24748.369141 	 -67.925629 	 -40.103199 	 135.006851 	 3.000000 
17659.123047 	 49735.703125 	 24745.552734 	 -135.888489 	 12.781996 	 212.115341 	 3.000000 
17683.876953 	 49798.917969 	 24915.228516 	 -109.001518 	 -62.842602 	 121.637642 	 3.000000 
17606.431641 	 49733.175781 	 24823.136719 	 -57.520256 	 -73.637627 	 168.372147 	 3.000000 
17725.580078 	 49862.160156 	 24847.986328 	 -228.069901 	 -119.897202 	 7.288911 	 3.000000 
17598.451172 	 49805.910156 	 24684.039062 	 -88.426659 	 -126.504738 	 155.131973 	 3.000000 
17557.515625 	 49834.125000 	 24673.796875 	 -57.064644 	 -213.229996 	 139.724731 	 3.000000 
17651.853516 	 49892.226562 	 24761.511719 	 -159.595947 	 -208.570999 	 189.956879 	 3.000000 
17757.548828 	 49773.570312 	 24782.716797 	 -162.246780 	 -172.457932 	 147.651810 	 3.000000 
17728.501953 	 49875.027344 	 24908.869141 	 -197.724762 	 -63.818233 	 123.054649 	 3.000000 
18404.427734 	 51703.566406 	 23799.019531 	 -44.452557 	 -99.914665 	 195.239334 	 3.000000 
18358.736328 	 51582.976562 	 23756.298828 	 3.166540 	 -43.258087 	 249.548584 	 3.000000 
18414.330078 	 51671.929688 	 23779.228516 	 44.505871 	 -179.377228 	 283.050842 	 3.000000 
18424.179688 	 51611.738281 	 23768.849609 	 32.558865 	 -16.029568 	 207.089691 	 3.000000 
18357.410156 	 51696.574219 	 23799.046875 	 38.081867 	 -70.597855 	 154.555618 	 3.000000 
16068.448242 	 48641.054688 	 24406.437500 	 -87.911682 	 -162.028503 	 199.932465 	 4.000000 
16040.821289 	 48584.003906 	 24351.859375 	 -97.015793 	 -201.518219 	 287.350220 	 4.000000 
18911.625000 	 51058.824219 	 25081.583984 	 -58.298325 	 -95.114334 	 173.185150 	 12.000000 
18967.222656 	 51051.628906 	 25047.517578 	 -14.775826 	 -62.391926 	 190.075500 	 12.000000 
17978.210938 	 49301.953125 	 25864.562500 	 -65.616425 	 -124.273102 	 190.304733 	 3.000000 
17971.560547 	 49293.273438 	 25850.763672 	 -44.853287 	 -107.654892 	 165.648682 	 3.000000 
17954.152344 	 49288.734375 	 25883.873047 	 -42.445568 	 -94.476318 	 237.592133 	 3.000000 
17998.500000 	 49294.808594 	 25803.718750 	 -38.657471 	 -85.749863 	 243.055969 	 3.000000 
18017.992188 	 49226.554688 	 25837.365234 	 -89.229706 	 -146.102493 	 234.471085 	 3.000000 
15361.616211 	 50078.421875 	 24339.609375 	 0.873516 	 -190.468262 	 147.405350 	 3.000000 
15408.944336 	 50063.539062 	 24381.783203 	 -44.010124 	 -179.981659 	 128.248138 	 3.000000 
15416.070312 	 50111.812500 	 24383.453125 	 -58.051418 	 -180.615036 	 169.642700 	 3.000000 
15389.833008 	 50089.335938 	 24320.117188 	 -40.304733 	 -222.531265 	 147.002151 	 3.000000 
15367.661133 	 50046.871094 	 24351.462891 	 -66.431686 	 -184.755432 	 141.150360 	 3.000000 
16902.927734 	 50757.933594 	 22508.187500 	 -59.568680 	 -116.207985 	 156.440460 	 3.000000 
16881.242188 	 50771.347656 	 22504.865234 	 -11.822738 	 -145.510239 	 209.086639 	 3.000000 
16936.125000 	 50718.273438 	 22488.867188 	 -87.248497 	 -124.490639 	 205.347000 	 3.000000 
18130.207031 	 49684.000000 	 24841.318359 	 -106.269447 	 -81.372665 	 157.185455 	 3.000000 
16864.957031 	 49114.328125 	 25629.865234 	 -64.222176 	 -127.376190 	 198.496368 	 3.000000 
16834.417969 	 49077.953125 	 25594.863281 	 -71.050591 	 -150.907700 	 225.579407 	 3.000000 
16922.802734 	 49152.578125 	 25620.798828 	 -67.034538 	 -135.073959 	 229.510178 	 3.000000 
16838.490234 	 50767.582031 	 22315.988281 	 -57.134857 	 -110.580757 	 183.890457 	 3.000000 
18110.125000 	 49132.644531 	 25366.636719 	 -75.838562 	 -128.040329 	 179.427933 	 3.000000 
18110.511719 	 49124.242188 	 25413.812500 	 7.759971 	 -150.714752 	 149.105316 	 3.000000 
18748.572266 	 51030.218750 	 23530.292969 	 -124.817993 	 -22.881796 	 228.442459 	 3.000000 
18785.697266 	 51089.539062 	 23553.173828 	 -112.912338 	 -20.068325 	 212.256195 	 3.000000 
18724.080078 	 51027.695312 	 23496.291016 	 -140.187927 	 1.469723 	 249.545319 	 3.000000 
18490.326172 	 51256.195312 	 24655.306641 	 -73.644508 	 -105.351189 	 179.790482 	 3.000000 
18486.623047 	 51267.589844 	 24678.914062 	 -41.872833 	 -123.134544 	 172.342514 	 3.000000 
18473.857422 	 51244.089844 	 24638.656250 	 -86.843285 	 -109.543724 	 206.279358 	 3.000000 
17490.837891 	 49898.816406 	 24627.628906 	 -91.951065 	 -209.954178 	 114.895950 	 3.000000 
17524.966797 	 49891.585938 	 24642.294922 	 -109.994431 	 -130.718323 	 112.477661 	 3.000000 
18256.662109 	 51465.359375 	 24705.843750 	 -62.723858 	 -100.228783 	 175.179398 	 3.000000 
18295.375000 	 51503.812500 	 24696.775391 	 -43.468060 	 -120.860031 	 186.524475 	 3.000000 
18256.027344 	 51455.406250 	 24732.177734 	 -56.449970 	 -138.109146 	 160.622604 	 3.000000 
17233.687500 	 49147.070312 	 25509.871094 	 -67.877991 	 -103.137199 	 210.972351 	 3.000000 
16268.716797 	 48669.019531 	 24453.949219 	 -79.616730 	 -122.294106 	 172.936386 	 4.000000 
17806.638672 	 50570.105469 	 24424.757812 	 -165.069214 	 -76.462021 	 237.560028 	 3.000000 
17790.134766 	 50569.019531 	 24390.916016 	 -147.057648 	 -97.864655 	 214.569458 	 3.000000 
15676.903320 	 49683.035156 	 24703.455078 	 -15.425414 	 -185.416214 	 136.776505 	 3.000000 
15660.973633 	 49721.378906 	 24655.130859 	 -3.290454 	 -191.887177 	 155.051117 	 3.000000 
15640.179688 	 49690.410156 	 24722.722656 	 -17.221197 	 -177.622833 	 131.887482 	 3.000000 
18156.230469 	 50116.277344 	 23364.011719 	 -133.764053 	 -40.815407 	 227.832764 	 3.000000 
18206.550781 	 50097.679688 	 23362.986328 	 -130.956421 	 -49.349846 	 240.353897 	 3.000000 
18500.041016 	 50693.742188 	 23378.095703 	 -125.113068 	 -33.340950 	 224.550064 	 3.000000 
17838.740234 	 50514.496094 	 24748.867188 	 -90.590714 	 -169.773834 	 172.850021 	 3.000000 
17731.689453 	 49396.179688 	 25307.275391 	 -87.438133 	 -141.273041 	 142.417023 	 3.000000 
17922.275391 	 49646.773438 	 22709.166016 	 -126.240257 	 -56.338062 	 219.196167 	 3.000000 
17886.330078 	 49623.625000 	 22679.158203 	 -131.157776 	 -53.002918 	 207.669342 	 3.000000 
17901.183594 	 49622.222656 	 22722.597656 	 -137.633667 	 -49.486744 	 229.591263 	 3.000000 
15724.046875 	 49158.183594 	 23744.457031 	 -67.077850 	 -142.258484 	 216.640747 	 1.000000 
16997.462891 	 51025.625000 	 23585.603516 	 0.859526 	 -187.631271 	 122.689423 	 3.000000 
17485.806641 	 49338.046875 	 25954.140625 	 -61.332970 	 -135.468872 	 178.238907 	 3.000000 
18202.683594 	 51417.511719 	 23596.521484 	 -16.176579 	 -97.834030 	 227.683426 	 3.000000 
16776.001953 	 51070.367188 	 22622.625000 	 -25.795288 	 -107.583923 	 152.597351 	 3.000000 
16772.679688 	 51092.640625 	 22644.716797 	 -17.263735 	 -126.581833 	 153.722336 	 3.000000 
17198.666016 	 49936.468750 	 24016.181641 	 -34.721172 	 -148.021561 	 211.292023 	 3.000000 
17570.701172 	 50429.769531 	 24732.082031 	 -175.957809 	 -103.144379 	 208.191895 	 3.000000 
17536.365234 	 50432.003906 	 24715.619141 	 -180.523010 	 -93.525154 	 207.855698 	 3.000000 
18268.078125 	 50293.125000 	 23382.830078 	 -139.654449 	 -43.224442 	 223.596481 	 3.000000 
17180.435547 	 50354.105469 	 23462.437500 	 -41.371349 	 -127.829681 	 265.365601 	 3.000000 
16452.769531 	 48259.835938 	 24193.269531 	 -74.130875 	 -140.861191 	 155.036880 	 2.000000 
18267.570312 	 50973.804688 	 24675.316406 	 -83.063553 	 -98.932426 	 182.374680 	 3.000000 
18272.273438 	 50972.175781 	 24668.986328 	 -66.384880 	 -76.760933 	 195.454498 	 3.000000 
18303.277344 	 51008.242188 	 24620.875000 	 -66.096558 	 -119.922768 	 182.910156 	 3.000000 
17063.197266 	 49868.914062 	 24388.289062 	 -0.391716 	 -150.082550 	 115.766609 	 3.000000 
17664.144531 	 50756.226562 	 25543.384766 	 10.945098 	 -189.145737 	 144.399475 	 3.000000 
17665.472656 	 50733.871094 	 25559.189453 	 3.199333 	 -173.828064 	 125.683716 	 3.000000 
17460.103516 	 49478.914062 	 25998.416016 	 -50.275902 	 -142.767029 	 185.612717 	 3.000000 
17170.812500 	 50983.335938 	 23125.712891 	 -63.188202 	 -151.784042 	 187.270279 	 3.000000 
18197.621094 	 51655.179688 	 24515.937500 	 -72.496315 	 -78.587761 	 204.010834 	 3.000000 
18208.365234 	 51633.398438 	 24538.544922 	 -80.310974 	 -64.045204 	 196.811081 	 3.000000 
17087.283203 	 49622.902344 	 25146.312500 	 -48.271614 	 -109.575317 	 153.010788 	 10.000000 
17932.457031 	 50943.464844 	 25540.630859 	 3.999932 	 -183.047852 	 150.076660 	 3.000000 
17642.927734 	 50466.226562 	 25457.851562 	 6.685137 	 -190.079712 	 140.680054 	 3.000000 
17562.406250 	 49242.000000 	 22416.863281 	 -126.549606 	 -64.168335 	 208.378647 	 3.000000 
18551.791016 	 50658.628906 	 23489.707031 	 -127.170135 	 -25.378107 	 230.288315 	 3.000000 
18059.949219 	 49888.617188 	 25988.539062 	 -80.703888 	 -149.647842 	 180.768799 	 3.000000 
17232.285156 	 49923.234375 	 24083.945312 	 -4.537995 	 -140.167648 	 227.749619 	 3.000000 
17776.201172 	 51094.929688 	 24609.785156 	 -106.649414 	 -91.323990 	 208.872711 	 3.000000 
18197.552734 	 51482.820312 	 23709.109375 	 -26.155899 	 -94.563591 	 240.978165 	 3.000000 
18199.742188 	 51483.996094 	 23699.613281 	 -28.280739 	 -82.977142 	 240.060425 	 3.000000 
17168.117188 	 50763.585938 	 22269.968750 	 -45.152233 	 -98.483826 	 133.870941 	 3.000000 
16819.794922 	 49264.925781 	 24700.667969 	 -58.481647 	 -91.591698 	 225.022964 	 3.000000 
18617.701172 	 51500.046875 	 24018.244141 	 -114.872025 	 -14.465857 	 215.243652 	 3.000000 
16136.557617 	 48920.105469 	 23319.181641 	 -76.283241 	 -128.803986 	 215.744949 	 1.000000 
18002.128906 	 49756.527344 	 22910.070312 	 -129.791840 	 -55.072830 	 223.760727 	 3.000000 
18153.869141 	 50773.441406 	 24043.330078 	 -146.774765 	 -41.193241 	 231.222458 	 3.000000 
16533.017578 	 50223.234375 	 24111.406250 	 16.521709 	 -189.485321 	 141.415283 	 5.000000 
16516.654297 	 50233.128906 	 24126.189453 	 30.652723 	 -185.331528 	 138.609009 	 5.000000 
16289.785156 	 50303.074219 	 24468.736328 	 1.699590 	 -194.828903 	 131.029388 	 5.000000 
16472.125000 	 48517.937500 	 24014.111328 	 -82.590248 	 -128.223602 	 165.613129 	 2.000000 
17603.833984 	 50466.738281 	 24490.683594 	 -176.328751 	 -92.416237 	 231.404297 	 3.000000 
17497.126953 	 50114.527344 	 24551.664062 	 -90.999802 	 -59.083950 	 155.922806 	 3.000000 
16648.423828 	 50613.148438 	 22537.806641 	 -62.700539 	 -93.550537 	 164.359329 	 3.000000 
17851.291016 	 49815.695312 	 24759.164062 	 -178.521378 	 -56.437714 	 134.687012 	 3.000000 
16126.016602 	 48893.542969 	 24611.660156 	 -67.968887 	 -174.686478 	 166.676956 	 4.000000 
17558.412109 	 51150.441406 	 25354.957031 	 10.713890 	 -183.549316 	 146.036407 	 3.000000 
15841.132812 	 48928.644531 	 23328.378906 	 -70.568275 	 -136.044586 	 213.344940 	 1.000000 
17994.130859 	 49672.023438 	 25696.240234 	 -9.219790 	 -194.397095 	 146.995682 	 3.000000 
18924.734375 	 51297.468750 	 23607.181641 	 -118.412209 	 -23.770720 	 227.392624 	 3.000000 
18787.121094 	 49946.992188 	 25054.791016 	 -71.335258 	 -147.377274 	 164.070892 	 0.000000 
18457.738281 	 51300.671875 	 24187.525391 	 -66.965378 	 -83.856117 	 187.774948 	 3.000000 
18253.082031 	 50222.156250 	 25897.634766 	 -74.319916 	 -139.715378 	 175.484283 	 3.000000 
17343.193359 	 50220.347656 	 25043.890625 	 -130.790146 	 -139.634949 	 184.328827 	 3.000000 
15744.373047 	 49537.460938 	 23392.662109 	 -68.631622 	 -134.680054 	 201.691422 	 1.000000 
16847.779297 	 50888.652344 	 22384.828125 	 -18.877043 	 -84.341385 	 164.935516 	 3.000000 
16639.101562 	 48902.625000 	 24335.578125 	 -100.048401 	 -107.863564 	 225.013031 	 3.000000 
15941.654297 	 49158.722656 	 23430.066406 	 -68.899734 	 -135.730637 	 207.488708 	 1.000000 
17272.326172 	 50868.570312 	 23681.126953 	 -57.091190 	 -175.542969 	 202.011505 	 3.000000 
15936.074219 	 50197.750000 	 24445.451172 	 -11.627262 	 -195.783813 	 131.041687 	 5.000000 
15599.299805 	 49858.472656 	 24700.253906 	 -15.971924 	 -182.917770 	 146.019348 	 3.000000 
17773.462891 	 49608.632812 	 25501.269531 	 -40.246941 	 -118.446014 	 164.206757 	 3.000000 
17010.005859 	 50022.703125 	 24539.109375 	 -70.901894 	 -182.486618 	 135.092255 	 3.000000 
15976.622070 	 49243.355469 	 23382.531250 	 -65.739037 	 -138.118896 	 208.659683 	 1.000000 
16765.054688 	 49558.863281 	 24145.683594 	 -16.399864 	 -99.944366 	 238.703140 	 3.000000 
18544.406250 	 50326.691406 	 25539.101562 	 -138.114136 	 -62.518513 	 222.418777 	 12.000000 
17144.746094 	 50070.132812 	 24434.173828 	 -171.575943 	 -182.263596 	 113.818077 	 3.000000 
17120.761719 	 50079.878906 	 24442.111328 	 -174.360580 	 -184.343323 	 141.110535 	 3.000000 
17145.080078 	 50973.359375 	 22740.761719 	 -44.660107 	 -93.960571 	 165.602570 	 3.000000 
16883.076172 	 50453.765625 	 23787.998047 	 -26.458397 	 -192.685684 	 202.512299 	 3.000000 
17206.994141 	 49062.882812 	 25248.916016 	 -52.655125 	 -95.765327 	 206.845139 	 3.000000 
17594.494141 	 49662.933594 	 25617.287109 	 -51.617817 	 -137.367386 	 162.838470 	 3.000000 
16829.197266 	 49976.214844 	 24689.031250 	 6.372767 	 -100.024521 	 161.744659 	 3.000000 
17715.871094 	 49976.101562 	 24667.035156 	 -143.892502 	 -136.187881 	 153.001617 	 3.000000 
18247.400391 	 51576.042969 	 24568.115234 	 -79.708412 	 -79.620972 	 196.216904 	 3.000000 
16964.248047 	 51150.644531 	 23242.279297 	 -8.743585 	 -177.415619 	 119.266113 	 3.000000 
17412.810547 	 49782.558594 	 23915.300781 	 -108.014160 	 -152.166550 	 213.024338 	 3.000000 
17811.625000 	 49180.804688 	 25834.685547 	 -84.834251 	 -113.244957 	 174.264709 	 3.000000 
18680.183594 	 50879.933594 	 25036.173828 	 -62.221088 	 -85.316208 	 156.964783 	 12.000000 
15931.373047 	 49505.847656 	 23277.082031 	 -58.378487 	 -134.095169 	 200.632736 	 1.000000 
16723.435547 	 49323.304688 	 24431.775391 	 -34.511227 	 -108.919792 	 187.599854 	 3.000000 
18221.880859 	 49071.394531 	 25457.613281 	 -12.717624 	 -155.680450 	 160.641357 	 3.000000 
17361.988281 	 49867.746094 	 24220.019531 	 -47.747952 	 -153.671753 	 219.889221 	 3.000000 
16872.679688 	 50684.273438 	 23934.640625 	 16.848804 	 -200.277435 	 127.367294 	 3.000000 
18279.177734 	 51458.574219 	 24391.082031 	 -104.126511 	 -42.640106 	 206.969910 	 3.000000 
18054.015625 	 49832.824219 	 23027.378906 	 -128.218307 	 -51.111938 	 223.030518 	 3.000000 
17743.292969 	 50899.664062 	 23965.529297 	 -76.309845 	 -138.626404 	 191.376892 	 3.000000 
18087.554688 	 51517.167969 	 24585.947266 	 -77.699165 	 -68.263557 	 206.229431 	 3.000000 
18106.177734 	 49996.242188 	 23257.908203 	 -129.045822 	 -35.070145 	 229.520355 	 3.000000 
17491.343750 	 50852.132812 	 23560.207031 	 -82.732498 	 -144.112381 	 212.409210 	 3.000000 
17032.242188 	 50131.277344 	 24619.107422 	 -121.482620 	 -172.912674 	 147.543213 	 3.000000 
17700.242188 	 50548.074219 	 24648.949219 	 -168.187576 	 -97.331062 	 212.739243 	 3.000000 
18214.013672 	 51612.523438 	 24630.121094 	 -57.328541 	 -96.448837 	 163.028351 	 3.000000 
18410.625000 	 51697.695312 	 23929.855469 	 1.356772 	 -117.285919 	 144.664169 	 3.000000 
17765.816406 	 49778.261719 	 24727.558594 	 -83.839798 	 -36.065838 	 203.681244 	 3.000000 
17444.921875 	 50176.699219 	 24419.894531 	 -257.957764 	 -96.062271 	 248.294800 	 3.000000 
18351.335938 	 51429.433594 	 24776.414062 	 -76.511353 	 -117.943130 	 177.226288 	 3.000000 
18378.009766 	 51611.507812 	 24552.667969 	 -60.300827 	 -111.293480 	 182.897751 	 3.000000 
17609.599609 	 50615.000000 	 23260.328125 	 -92.241013 	 -131.874664 	 212.052231 	 3.000000 
17911.009766 	 51241.757812 	 24766.291016 	 -77.100586 	 -96.399132 	 200.234970 	 3.000000 
15842.847656 	 48943.359375 	 23455.980469 	 -59.651791 	 -140.497406 	 209.255096 	 1.000000 
15261.228516 	 49902.179688 	 24360.087891 	 -16.907135 	 -156.484360 	 159.502426 	 3.000000 
16502.888672 	 48605.402344 	 23871.359375 	 -156.834686 	 -89.444313 	 249.534698 	 2.000000 
17126.173828 	 50755.582031 	 22895.673828 	 -37.052090 	 -138.209061 	 170.418503 	 3.000000 
18814.533203 	 51271.781250 	 23657.814453 	 -127.407143 	 -19.854097 	 226.907089 	 3.000000 
16455.623047 	 49574.925781 	 24205.214844 	 -23.360296 	 -125.045715 	 229.692383 	 3.000000 
18251.812500 	 51608.890625 	 24520.556641 	 -75.360886 	 -77.800491 	 192.296539 	 3.000000 
18171.552734 	 49103.980469 	 25372.361328 	 -18.979353 	 -162.782669 	 216.313232 	 3.000000 
17386.441406 	 50320.035156 	 24684.548828 	 -170.382324 	 -138.991302 	 208.635895 	 3.000000 
16447.748047 	 50268.726562 	 24233.257812 	 11.125720 	 -196.004333 	 133.095032 	 5.000000 
17428.371094 	 51244.457031 	 24213.414062 	 -76.207420 	 -120.186607 	 205.549820 	 6.000000 
18399.224609 	 50367.414062 	 25457.480469 	 -138.983414 	 -62.435379 	 222.466736 	 12.000000 
17318.750000 	 50465.281250 	 23969.662109 	 12.607571 	 -181.547012 	 238.807404 	 3.000000 
16867.726562 	 51138.414062 	 23621.968750 	 -55.317959 	 -146.113144 	 202.535934 	 3.000000 
16873.914062 	 51122.625000 	 23611.763672 	 -53.509773 	 -137.580154 	 203.374130 	 3.000000 
16065.069336 	 50259.828125 	 25818.552734 	 -6.319118 	 -195.422485 	 152.412933 	 11.000000 
17321.244141 	 50195.851562 	 24517.593750 	 -236.923996 	 -139.548660 	 204.872757 	 3.000000 
17309.853516 	 50261.640625 	 23519.650391 	 24.610174 	 -220.882889 	 176.620331 	 3.000000 
18192.535156 	 50347.011719 	 25131.673828 	 -92.421158 	 -159.022034 	 176.317200 	 0.000000 
17787.710938 	 49474.445312 	 23009.541016 	 -130.235626 	 -49.616138 	 221.933167 	 3.000000 
16723.347656 	 49660.242188 	 24717.662109 	 -6.287055 	 -112.228195 	 212.965622 	 3.000000 
18670.736328 	 50637.882812 	 25165.150391 	 -77.580544 	 -102.821075 	 157.816147 	 12.000000 
18135.779297 	 50741.375000 	 24120.824219 	 -144.821182 	 -45.765167 	 225.103851 	 3.000000 
16938.173828 	 49007.914062 	 24430.410156 	 -79.853577 	 -92.419983 	 229.260391 	 3.000000 
17151.593750 	 49266.992188 	 24928.162109 	 13.769570 	 -167.057632 	 135.859833 	 3.000000 
16049.220703 	 49100.734375 	 24619.253906 	 -121.403206 	 -133.296707 	 246.862579 	 4.000000 
18098.216797 	 51826.437500 	 23941.962891 	 -3.285067 	 -120.770569 	 209.897064 	 3.000000 
18013.527344 	 49472.832031 	 25393.398438 	 -74.309288 	 -127.917374 	 162.937424 	 3.000000 
17849.093750 	 49610.046875 	 23118.181641 	 -138.422379 	 -42.210793 	 219.882751 	 3.000000 
16816.916016 	 50869.964844 	 22968.482422 	 -54.321728 	 -153.075684 	 167.574799 	 3.000000 
17755.990234 	 49682.179688 	 24851.033203 	 -194.354828 	 -55.688145 	 187.449036 	 3.000000 
18784.808594 	 51156.601562 	 23624.757812 	 -129.648605 	 -29.805170 	 219.857132 	 3.000000 
16078.068359 	 48470.148438 	 24337.990234 	 -70.175797 	 -172.679581 	 285.994019 	 4.000000 
16228.754883 	 49520.492188 	 24884.033203 	 -5.816055 	 -190.904785 	 143.483566 	 3.000000 
18531.173828 	 50510.035156 	 23407.046875 	 -121.286697 	 -30.212030 	 236.194717 	 3.000000 
17492.064453 	 51203.328125 	 25280.972656 	 14.108903 	 -184.235657 	 148.578293 	 3.000000 
16038.910156 	 48843.320312 	 24283.158203 	 -142.313599 	 -126.633736 	 285.259552 	 4.000000 
16244.278320 	 48841.886719 	 24404.267578 	 -107.965759 	 -129.998932 	 175.251648 	 4.000000 
16979.908203 	 50098.625000 	 24581.052734 	 -105.318916 	 -167.088379 	 140.489380 	 3.000000 
16523.623047 	 49706.328125 	 24551.281250 	 14.581875 	 -186.613785 	 138.119278 	 3.000000 
17284.613281 	 49273.300781 	 24927.134766 	 11.823378 	 -147.513855 	 143.378769 	 3.000000 
17199.654297 	 50820.449219 	 23286.113281 	 -64.802681 	 -159.397339 	 198.465836 	 3.000000 
16407.650391 	 48551.175781 	 23852.343750 	 -152.654999 	 -93.098724 	 252.656342 	 2.000000 
17291.169922 	 50180.105469 	 24536.246094 	 -224.370605 	 -139.946686 	 175.461319 	 3.000000 
15827.822266 	 49581.550781 	 24956.994141 	 -15.988594 	 -183.051971 	 145.860626 	 3.000000 
17310.937500 	 49641.898438 	 24282.554688 	 -135.859848 	 -104.101631 	 230.430389 	 3.000000 
17297.738281 	 49628.027344 	 24280.134766 	 -133.956146 	 -107.181725 	 233.878693 	 3.000000 
16714.439453 	 50675.542969 	 22363.021484 	 -70.093338 	 -141.780975 	 167.760208 	 3.000000 
17361.863281 	 50499.597656 	 23265.802734 	 -97.360016 	 -142.749023 	 224.954666 	 3.000000 
17062.099609 	 49548.753906 	 25252.259766 	 -42.187916 	 -110.940895 	 165.067108 	 10.000000 
17750.376953 	 50029.105469 	 24784.414062 	 -108.742287 	 -107.393898 	 122.121674 	 3.000000 
17660.943359 	 49877.785156 	 24965.820312 	 -89.442688 	 -172.721176 	 107.442184 	 3.000000 
16642.554688 	 50673.648438 	 22603.195312 	 -27.309788 	 -78.808434 	 160.497757 	 3.000000 
18781.255859 	 50718.046875 	 23217.123047 	 -126.603653 	 -31.200043 	 233.287781 	 3.000000 
16894.976562 	 50293.789062 	 23904.152344 	 -19.126270 	 -195.972656 	 191.908203 	 3.000000 
17443.357422 	 49976.300781 	 24523.644531 	 -100.875732 	 -238.353668 	 70.839088 	 3.000000 
17333.199219 	 50313.750000 	 22732.740234 	 -10.821848 	 -140.706635 	 156.240387 	 0.000000 
17042.539062 	 50103.414062 	 23657.054688 	 59.339123 	 -172.889725 	 172.483749 	 3.000000 
18521.078125 	 51604.714844 	 23643.208984 	 -107.955391 	 -24.870447 	 257.153931 	 3.000000 
17112.935547 	 50517.820312 	 23323.126953 	 -49.940922 	 -124.010918 	 229.404099 	 3.000000 
16720.343750 	 50343.996094 	 24716.021484 	 14.908301 	 -199.786652 	 126.216187 	 0.000000 
17427.498047 	 49975.398438 	 24072.029297 	 -6.758184 	 -153.233582 	 328.461334 	 3.000000 
18554.767578 	 51630.628906 	 23757.318359 	 -122.377914 	 -16.058428 	 247.715485 	 3.000000 
18057.492188 	 49937.839844 	 25468.798828 	 -14.761561 	 -196.342072 	 136.791916 	 3.000000 
17988.958984 	 51368.121094 	 24714.583984 	 -73.123276 	 -86.864311 	 204.504868 	 3.000000 
18348.605469 	 49220.128906 	 22647.277344 	 -137.653244 	 -52.438370 	 204.408081 	 7.000000 
15974.316406 	 48765.988281 	 24570.619141 	 -169.703445 	 -113.528290 	 174.256958 	 4.000000 
17026.207031 	 48204.652344 	 24411.265625 	 -163.908203 	 -86.167397 	 246.827530 	 9.000000 
18627.162109 	 51092.875000 	 23741.216797 	 -116.223686 	 -24.722002 	 214.230286 	 3.000000 
18274.712891 	 49054.863281 	 25349.937500 	 -42.633709 	 -142.965256 	 155.981796 	 3.000000 
18512.669922 	 50404.175781 	 22635.109375 	 -120.666229 	 -42.333534 	 213.882736 	 0.000000 
15950.166992 	 49330.664062 	 23332.453125 	 -63.051392 	 -138.736923 	 204.297592 	 1.000000 
16981.876953 	 51182.390625 	 23212.931641 	 -10.603385 	 -182.352951 	 126.222298 	 3.000000 
18138.806641 	 50779.351562 	 25223.703125 	 -0.819975 	 -183.199478 	 147.003174 	 12.000000 
16574.769531 	 49590.902344 	 24451.687500 	 21.365259 	 -171.460785 	 151.082443 	 3.000000 
17929.121094 	 51087.531250 	 24608.791016 	 -116.077744 	 -73.480797 	 216.235168 	 3.000000 
17289.109375 	 51067.378906 	 24240.832031 	 -81.280869 	 -135.293121 	 205.270813 	 6.000000 
18260.949219 	 49044.687500 	 25467.330078 	 -24.658941 	 -146.742737 	 169.122711 	 3.000000 
16991.439453 	 49736.914062 	 23332.962891 	 -33.314808 	 -89.541122 	 221.119598 	 0.000000 
15960.351562 	 50603.335938 	 25497.779297 	 -9.931871 	 -190.960754 	 144.166397 	 11.000000 
16069.519531 	 48656.886719 	 24674.773438 	 -32.497025 	 -174.334747 	 195.008514 	 4.000000 
17511.507812 	 50005.902344 	 24937.640625 	 -18.204145 	 -146.250076 	 95.967178 	 3.000000 
17998.166016 	 49699.093750 	 24420.660156 	 -79.018097 	 -92.593704 	 181.581223 	 3.000000 
17536.300781 	 49810.265625 	 24065.382812 	 -124.440918 	 -193.404419 	 201.731445 	 3.000000 
17218.154297 	 49023.285156 	 25347.968750 	 -59.634281 	 -112.070961 	 190.868240 	 3.000000 
17544.806641 	 48931.281250 	 25550.574219 	 -9.895707 	 -172.305939 	 162.610657 	 3.000000 
17448.677734 	 50201.378906 	 24085.378906 	 -103.010597 	 -136.975021 	 249.165878 	 3.000000 
16872.900391 	 51168.343750 	 23595.740234 	 -65.165588 	 -149.516479 	 204.854752 	 3.000000 
16324.589844 	 49040.457031 	 24740.181641 	 -55.548782 	 -160.042496 	 211.822281 	 4.000000 
16160.549805 	 50707.351562 	 22712.972656 	 -96.523796 	 -63.314236 	 195.207626 	 3.000000 
17633.474609 	 50583.945312 	 24255.658203 	 -12.513071 	 -223.471069 	 134.819824 	 3.000000 
17913.054688 	 49629.906250 	 22866.093750 	 -125.795395 	 -46.951618 	 213.674072 	 3.000000 
17308.242188 	 50170.246094 	 23779.902344 	 -53.658821 	 -224.630798 	 284.868744 	 3.000000 
16445.072266 	 48282.316406 	 24020.761719 	 -80.078178 	 -136.943527 	 194.249008 	 2.000000 
17887.167969 	 49559.792969 	 22614.433594 	 -118.175018 	 -49.796200 	 222.070633 	 3.000000 
17963.035156 	 49336.734375 	 25949.437500 	 -69.612183 	 -137.143433 	 182.652588 	 3.000000 
17230.429688 	 50270.156250 	 23979.621094 	 61.222363 	 -90.096169 	 331.496704 	 3.000000 
17075.435547 	 49810.332031 	 24447.966797 	 27.727118 	 -35.313587 	 171.998047 	 3.000000 
17989.953125 	 51348.281250 	 24781.246094 	 -58.183945 	 -107.911255 	 173.433594 	 3.000000 
18705.480469 	 50515.035156 	 25307.287109 	 -77.810944 	 -111.443085 	 159.645142 	 12.000000 
15950.759766 	 50395.789062 	 25636.410156 	 -6.108046 	 -194.154572 	 146.948883 	 11.000000 
16821.404297 	 50641.796875 	 22375.093750 	 5.659872 	 -119.537193 	 112.146980 	 3.000000 
16870.375000 	 49556.750000 	 24399.078125 	 37.914940 	 -156.640472 	 146.745956 	 3.000000 
18481.677734 	 50722.367188 	 25198.208984 	 -67.163597 	 -124.701332 	 185.293594 	 12.000000 
18728.966797 	 50890.605469 	 25263.876953 	 -51.743587 	 -111.519478 	 142.521118 	 12.000000 
18112.521484 	 51388.386719 	 24785.533203 	 -56.105122 	 -95.413811 	 194.095413 	 3.000000 
17866.798828 	 50806.433594 	 24176.873047 	 -95.344032 	 -128.441055 	 200.776917 	 3.000000 
17150.638672 	 49788.695312 	 24289.519531 	 21.978468 	 -87.149208 	 146.949738 	 3.000000 
17867.533203 	 50930.312500 	 25525.048828 	 17.432417 	 -184.635269 	 151.603851 	 3.000000 
16959.371094 	 50884.625000 	 22540.554688 	 -44.872173 	 -154.855896 	 143.327484 	 3.000000 
15886.895508 	 49361.765625 	 23346.802734 	 -60.160004 	 -139.983871 	 196.529984 	 1.000000 
15874.754883 	 48862.496094 	 24216.750000 	 -46.239052 	 -171.217743 	 239.403183 	 4.000000 
18516.083984 	 51151.042969 	 23337.291016 	 -104.139580 	 -39.173492 	 236.163452 	 3.000000 
17030.398438 	 50632.960938 	 22309.044922 	 -78.368744 	 -97.912552 	 170.212601 	 3.000000 
16577.121094 	 51296.507812 	 23226.599609 	 -73.609604 	 -124.501923 	 187.990677 	 0.000000 
17500.835938 	 49814.414062 	 24332.015625 	 -13.585067 	 -167.371384 	 199.663773 	 3.000000 
17497.849609 	 50494.523438 	 23748.939453 	 -21.822847 	 -234.010925 	 150.434937 	 3.000000 
17012.878906 	 51048.089844 	 22410.460938 	 -38.588497 	 -114.046425 	 167.076019 	 3.000000 
18112.507812 	 51327.136719 	 23355.898438 	 -56.320305 	 -94.459007 	 220.158569 	 3.000000 
17426.775391 	 49697.089844 	 25629.705078 	 -47.750992 	 -120.929276 	 171.387589 	 3.000000 
18025.736328 	 51235.054688 	 24516.298828 	 -48.563793 	 -125.277283 	 186.993134 	 3.000000 
18494.632812 	 51639.574219 	 23744.800781 	 -84.202156 	 -82.959038 	 111.975616 	 3.000000 
18083.705078 	 49909.238281 	 23246.759766 	 -130.793503 	 -43.653172 	 233.004547 	 3.000000 
16743.060547 	 48769.191406 	 24458.638672 	 -90.379944 	 -111.187729 	 234.608948 	 3.000000 
16995.361328 	 49101.527344 	 25600.414062 	 -58.167019 	 -135.388214 	 187.600403 	 3.000000 
18101.730469 	 49932.437500 	 26052.361328 	 -83.525681 	 -154.298843 	 174.570877 	 3.000000 
17975.500000 	 51717.203125 	 23714.355469 	 -60.245960 	 -57.819313 	 247.946869 	 3.000000 
17853.005859 	 49547.589844 	 25389.531250 	 -78.017967 	 -109.431145 	 163.370346 	 3.000000 
17247.611328 	 48891.781250 	 25560.447266 	 -95.982590 	 -103.434708 	 226.528915 	 3.000000 
17473.685547 	 49924.136719 	 24467.808594 	 -133.885590 	 -67.578918 	 85.520706 	 3.000000 
17439.031250 	 49868.750000 	 23571.013672 	 -40.731842 	 -214.478058 	 242.074036 	 3.000000 
18061.880859 	 49858.972656 	 23221.093750 	 -131.032852 	 -47.001122 	 237.220428 	 3.000000 
16088.268555 	 48459.550781 	 24599.220703 	 -68.696770 	 -160.100266 	 147.616592 	 4.000000 
16149.930664 	 48609.957031 	 24520.707031 	 -25.768675 	 -171.397522 	 149.182251 	 4.000000 
18668.091797 	 50693.464844 	 25318.861328 	 -129.825958 	 -48.899235 	 216.591019 	 12.000000 
17618.369141 	 49259.777344 	 23025.568359 	 -134.217758 	 -56.951569 	 222.421082 	 3.000000 
16108.752930 	 48762.160156 	 24584.474609 	 -132.183136 	 -163.071594 	 170.570984 	 4.000000 
16755.488281 	 49010.097656 	 24678.822266 	 -71.315468 	 -111.590065 	 212.612442 	 3.000000 
16162.823242 	 48575.339844 	 24503.359375 	 -42.786606 	 -139.155579 	 138.605698 	 4.000000 
17964.953125 	 51228.238281 	 23189.550781 	 -58.591732 	 -105.908264 	 208.662094 	 3.000000 
18747.437500 	 51495.457031 	 24136.593750 	 -125.786491 	 -8.680776 	 206.933151 	 3.000000 
17414.697266 	 50234.929688 	 24305.714844 	 -39.414398 	 -153.250565 	 249.289474 	 3.000000 
16753.591797 	 49662.898438 	 24473.599609 	 5.436481 	 -110.983231 	 220.448944 	 3.000000 
16446.896484 	 48378.816406 	 24098.148438 	 -101.338219 	 -139.737869 	 245.720261 	 2.000000 
17297.095703 	 50649.382812 	 23418.431641 	 0.212390 	 -117.220993 	 230.220398 	 3.000000 
16032.840820 	 48961.062500 	 24487.410156 	 -134.294006 	 -141.037643 	 268.084656 	 4.000000 
17390.863281 	 50170.667969 	 24226.134766 	 -4.591610 	 -233.060791 	 269.329315 	 3.000000 
17780.996094 	 50159.289062 	 24794.007812 	 -112.220123 	 -204.852219 	 164.638153 	 3.000000 
18273.625000 	 51439.976562 	 24756.083984 	 -57.533192 	 -122.413048 	 165.777557 	 3.000000 
18879.796875 	 51076.648438 	 24989.220703 	 -11.237213 	 -134.841507 	 181.097748 	 12.000000 
17518.392578 	 50349.867188 	 24003.406250 	 -131.701675 	 -93.151161 	 191.078293 	 3.000000 
17857.824219 	 49704.847656 	 25613.955078 	 0.486946 	 -196.887283 	 142.903397 	 3.000000 
18028.468750 	 49973.335938 	 25416.914062 	 -10.763588 	 -199.520126 	 135.818451 	 3.000000 
15711.639648 	 49334.445312 	 24729.476562 	 -13.821682 	 -180.510452 	 158.787216 	 3.000000 
18566.853516 	 51485.507812 	 23618.810547 	 -105.220207 	 -26.983032 	 243.917892 	 3.000000 
18737.812500 	 51002.285156 	 23655.097656 	 -102.554893 	 -27.592363 	 212.016907 	 3.000000 
17811.884766 	 49158.070312 	 25908.751953 	 -52.218288 	 -106.530685 	 177.406540 	 3.000000 
18254.015625 	 51408.175781 	 24350.589844 	 -114.608940 	 -35.053059 	 204.468857 	 3.000000 
18328.171875 	 51516.125000 	 24355.195312 	 -105.367004 	 -44.884388 	 203.780487 	 3.000000 
16816.156250 	 49432.121094 	 24428.263672 	 -23.174500 	 -101.145226 	 187.348221 	 3.000000 
17678.878906 	 50914.144531 	 25490.351562 	 12.677311 	 -188.959625 	 149.502823 	 3.000000 
16896.437500 	 50680.820312 	 22522.693359 	 -79.632751 	 -96.039307 	 183.629623 	 3.000000 
17452.332031 	 49750.632812 	 24906.935547 	 -21.172241 	 -37.995388 	 141.605270 	 3.000000 
17565.837891 	 49659.285156 	 24148.306641 	 -44.955059 	 -127.695580 	 244.730743 	 3.000000 
17414.062500 	 50282.019531 	 24396.390625 	 -96.321503 	 -260.817352 	 169.775192 	 3.000000 
18451.072266 	 50432.863281 	 25551.802734 	 -129.677368 	 -71.320320 	 212.789108 	 12.000000 
17901.525391 	 50090.906250 	 23691.896484 	 -152.445328 	 -37.984188 	 238.779205 	 3.000000 
17911.410156 	 49347.953125 	 25603.998047 	 -47.980320 	 -105.453178 	 180.343994 	 3.000000 
18182.765625 	 49198.117188 	 25331.310547 	 -9.715606 	 -161.929901 	 165.776657 	 3.000000 
17130.740234 	 50099.699219 	 23750.572266 	 78.234299 	 -185.353790 	 175.957596 	 3.000000 
16234.156250 	 49277.308594 	 23702.466797 	 -58.123688 	 -131.419235 	 219.557053 	 1.000000 
18294.027344 	 51255.722656 	 24450.880859 	 -127.066177 	 -36.683540 	 212.177002 	 3.000000 
17223.052734 	 49937.785156 	 24521.027344 	 32.352509 	 -67.632591 	 56.659233 	 3.000000 
18269.921875 	 49014.257812 	 25537.703125 	 -29.372982 	 -159.210312 	 174.373413 	 3.000000 
16954.080078 	 51092.156250 	 23529.734375 	 10.770065 	 -196.235870 	 123.425842 	 3.000000 
17923.980469 	 49280.816406 	 25491.226562 	 -0.037026 	 -182.953110 	 147.747665 	 3.000000 
15907.819336 	 49596.453125 	 24892.380859 	 -19.660316 	 -191.185944 	 142.829651 	 3.000000 
17897.566406 	 51217.242188 	 23529.910156 	 -39.880417 	 -121.981125 	 203.946579 	 3.000000 
17772.708984 	 49989.382812 	 23892.367188 	 -170.129166 	 -32.652084 	 251.588638 	 3.000000 
18537.197266 	 51800.277344 	 24042.654297 	 -107.731201 	 -17.986364 	 204.898544 	 3.000000 
17346.107422 	 51339.039062 	 23820.255859 	 -54.094822 	 -137.774521 	 196.302383 	 8.000000 
16494.267578 	 49391.910156 	 24954.390625 	 -0.200623 	 -185.993729 	 141.621735 	 3.000000 
17319.578125 	 50564.292969 	 24796.062500 	 -103.592667 	 -159.348984 	 185.482849 	 3.000000 
18439.478516 	 49678.828125 	 22810.357422 	 -135.558426 	 -44.206352 	 210.566071 	 0.000000 
16980.519531 	 50654.906250 	 23848.708984 	 -40.969921 	 -189.106277 	 216.213913 	 3.000000 
16986.166016 	 51076.660156 	 23391.292969 	 -6.041141 	 -184.790710 	 126.309776 	 3.000000 
17564.296875 	 50052.390625 	 24608.050781 	 -52.476807 	 -37.492451 	 210.499573 	 3.000000 
16936.708984 	 50987.101562 	 22434.783203 	 -64.656487 	 -111.623779 	 140.786774 	 3.000000 
16554.705078 	 49355.496094 	 24264.625000 	 -54.163757 	 -104.598419 	 181.022476 	 3.000000 
17757.076172 	 49533.574219 	 25901.443359 	 -40.055622 	 -131.097351 	 183.571671 	 3.000000 
17628.878906 	 49833.625000 	 24565.156250 	 -123.133636 	 -147.767654 	 177.424561 	 3.000000 
17071.085938 	 50152.136719 	 24585.126953 	 43.659985 	 -122.476517 	 131.640701 	 3.000000 
16934.572266 	 50578.097656 	 23867.521484 	 -27.489210 	 -189.655167 	 220.275818 	 3.000000 
17466.507812 	 51438.417969 	 23804.750000 	 -48.948425 	 -131.808975 	 195.332123 	 8.000000 
16854.992188 	 50484.257812 	 22347.039062 	 -84.654907 	 -112.352127 	 156.401855 	 3.000000 
15752.380859 	 49606.640625 	 24834.031250 	 -25.755610 	 -189.654312 	 139.235870 	 3.000000 
16317.796875 	 48578.226562 	 23649.625000 	 -77.964554 	 -142.348221 	 232.181946 	 2.000000 
16885.162109 	 50934.929688 	 22341.464844 	 -94.685829 	 -142.806793 	 169.631744 	 3.000000 
15825.596680 	 49138.839844 	 23146.089844 	 -67.319679 	 -132.564087 	 204.363998 	 1.000000 
18349.242188 	 51010.906250 	 24742.451172 	 -56.187862 	 -124.644775 	 172.247437 	 3.000000 
18628.238281 	 51294.164062 	 24706.605469 	 -72.889732 	 -106.618507 	 166.032608 	 3.000000 
18057.404297 	 49803.156250 	 23014.941406 	 -133.075058 	 -37.464153 	 221.949036 	 3.000000 
17119.208984 	 50694.523438 	 22202.056641 	 -51.245171 	 -103.654129 	 143.937485 	 3.000000 
17737.363281 	 50146.144531 	 25510.166016 	 4.103608 	 -195.604401 	 137.096695 	 3.000000 
16692.134766 	 49342.140625 	 24975.400391 	 5.851155 	 -182.652496 	 140.215454 	 3.000000 
16897.527344 	 48707.738281 	 25654.357422 	 -65.760826 	 -130.642578 	 214.811920 	 0.000000 
16011.873047 	 48967.015625 	 24529.765625 	 -132.335922 	 -146.130020 	 259.154602 	 4.000000 
16852.718750 	 50669.175781 	 23799.566406 	 -49.077919 	 -182.341095 	 195.641708 	 3.000000 
16528.900391 	 51052.300781 	 22702.685547 	 -54.792004 	 -141.099121 	 148.737793 	 3.000000 
17066.712891 	 50392.324219 	 23474.830078 	 -22.111145 	 -185.599213 	 221.662857 	 3.000000 
18326.519531 	 49623.468750 	 24760.802734 	 -52.857544 	 -82.120232 	 169.545471 	 3.000000 
15913.001953 	 49183.210938 	 23345.855469 	 -63.576824 	 -132.634827 	 215.242813 	 1.000000 
16832.953125 	 50093.648438 	 23842.951172 	 47.334583 	 -176.648697 	 152.713745 	 3.000000 
17322.845703 	 49828.222656 	 24434.208984 	 46.761623 	 -51.615833 	 281.172302 	 3.000000 
17807.248047 	 51026.789062 	 24645.203125 	 -119.478409 	 -79.559174 	 215.694519 	 3.000000 
18035.080078 	 49876.875000 	 26076.552734 	 -78.620010 	 -143.292496 	 179.760712 	 3.000000 
17409.677734 	 49569.917969 	 24302.751953 	 -137.713745 	 -97.923515 	 195.849625 	 3.000000 
18710.292969 	 50880.847656 	 25188.484375 	 -120.636513 	 -35.994156 	 218.453659 	 12.000000 
17946.171875 	 51278.871094 	 24220.640625 	 -50.063004 	 -122.812431 	 174.626648 	 3.000000 
17562.125000 	 49197.839844 	 23035.060547 	 -134.777756 	 -58.052418 	 222.005081 	 3.000000 
16897.312500 	 50957.804688 	 23923.570312 	 -69.404533 	 -157.715378 	 201.111771 	 3.000000 
17087.982422 	 50983.542969 	 23394.134766 	 -11.703977 	 -184.508713 	 131.099487 	 3.000000 
16706.644531 	 50597.207031 	 22405.191406 	 -37.302105 	 -104.716377 	 168.202484 	 3.000000 
18162.724609 	 51512.398438 	 23058.248047 	 -57.578857 	 -97.332100 	 205.129440 	 3.000000 
17999.080078 	 51302.648438 	 23539.833984 	 -31.003538 	 -112.973763 	 205.328308 	 3.000000 
17716.623047 	 50598.457031 	 24630.277344 	 -165.122391 	 -97.398048 	 220.376984 	 3.000000 
15940.068359 	 48977.937500 	 24645.294922 	 -120.355621 	 -153.047104 	 242.968170 	 4.000000 
18953.673828 	 50680.972656 	 25310.742188 	 -76.578766 	 -91.340630 	 198.352264 	 12.000000 
17675.660156 	 51502.390625 	 25627.330078 	 13.308131 	 -174.506790 	 150.886948 	 3.000000 
16863.097656 	 49743.558594 	 25707.439453 	 4.039305 	 -199.638092 	 152.589676 	 0.000000 
17243.015625 	 50698.890625 	 23409.382812 	 -80.630936 	 -158.191284 	 224.024460 	 3.000000 
17700.378906 	 49383.289062 	 22466.332031 	 -127.512016 	 -62.208302 	 209.546921 	 3.000000 
16482.962891 	 48366.226562 	 23525.107422 	 -156.860153 	 -90.682541 	 240.394196 	 2.000000 
17718.802734 	 49847.285156 	 24197.964844 	 -82.254951 	 -42.593719 	 143.860901 	 3.000000 
17386.433594 	 50009.335938 	 25611.923828 	 -88.579575 	 -142.757736 	 155.799850 	 3.000000 
17052.177734 	 49654.566406 	 24407.884766 	 4.419242 	 -49.584145 	 181.686935 	 3.000000 
17592.435547 	 49783.332031 	 25177.859375 	 -102.743561 	 -76.726654 	 150.004578 	 3.000000 
16937.388672 	 49143.882812 	 25631.587891 	 -60.454872 	 -132.824875 	 226.102966 	 3.000000 
18243.414062 	 51654.105469 	 24499.691406 	 -75.885719 	 -67.133789 	 202.734024 	 3.000000 
17282.458984 	 50376.046875 	 24408.410156 	 22.878382 	 -187.726456 	 205.371811 	 3.000000 
16489.593750 	 48433.656250 	 23595.046875 	 -153.132568 	 -93.708000 	 243.623886 	 2.000000 
16189.658203 	 48706.835938 	 24403.466797 	 -63.533958 	 -177.326187 	 243.699448 	 4.000000 
17678.496094 	 49756.058594 	 25521.691406 	 8.288416 	 -196.470657 	 137.089508 	 3.000000 
15801.110352 	 48788.792969 	 23623.533203 	 -17.936440 	 -181.201477 	 166.212769 	 1.000000 
17475.392578 	 49632.820312 	 26049.980469 	 -52.229126 	 -141.789032 	 188.223602 	 3.000000 
18681.589844 	 51167.859375 	 23589.960938 	 -123.797836 	 -18.441000 	 202.162491 	 3.000000 
17228.921875 	 49684.882812 	 26142.291016 	 -80.870056 	 -112.344513 	 217.673996 	 3.000000 
18237.816406 	 51529.402344 	 23993.478516 	 -83.621063 	 -19.444469 	 219.718109 	 3.000000 
17571.796875 	 50541.695312 	 24054.894531 	 -16.252045 	 -230.719299 	 136.419098 	 3.000000 
16779.296875 	 49732.156250 	 24471.660156 	 34.758007 	 -178.197495 	 135.753693 	 3.000000 
16041.237305 	 49582.398438 	 24800.279297 	 -12.510201 	 -196.317566 	 139.790482 	 3.000000 
18472.412109 	 51077.128906 	 23980.689453 	 -120.797295 	 -30.969944 	 221.574814 	 3.000000 
17110.890625 	 49992.855469 	 24518.308594 	 -28.475647 	 -195.796509 	 100.609474 	 3.000000 
18204.785156 	 51683.312500 	 23886.207031 	 26.095860 	 -114.310318 	 183.440399 	 3.000000 
18036.003906 	 50916.933594 	 24757.113281 	 -66.582207 	 -136.586121 	 172.861465 	 3.000000 
18963.837891 	 51018.613281 	 25028.232422 	 -54.399990 	 -135.704163 	 191.340195 	 12.000000 
16240.667969 	 51020.003906 	 22728.837891 	 -80.310432 	 -67.661026 	 189.007965 	 3.000000 
17411.009766 	 49562.003906 	 24907.447266 	 -67.296661 	 -35.313766 	 174.620529 	 3.000000 
17140.644531 	 49760.105469 	 23861.937500 	 -74.417816 	 -165.211792 	 279.768311 	 3.000000 
17295.291016 	 51279.761719 	 25121.525391 	 11.904315 	 -182.415054 	 142.711441 	 3.000000 
15893.814453 	 49465.601562 	 25028.791016 	 -15.974290 	 -186.075211 	 148.536713 	 3.000000 
16142.323242 	 51066.593750 	 24791.126953 	 -7.891737 	 -182.716415 	 135.764816 	 0.000000 
16923.302734 	 50675.871094 	 22334.730469 	 -3.091610 	 -104.814102 	 121.548492 	 3.000000 
16791.306641 	 49439.046875 	 24460.957031 	 -32.990574 	 -90.787514 	 193.782303 	 3.000000 
18138.802734 	 48976.089844 	 22718.066406 	 -138.433807 	 -58.079041 	 208.307892 	 7.000000 
18032.003906 	 51650.339844 	 23249.277344 	 -88.058372 	 -52.038315 	 232.784927 	 3.000000 
17314.046875 	 49898.511719 	 24706.212891 	 -94.234795 	 -56.122654 	 143.891541 	 3.000000 
18282.228516 	 49120.812500 	 25214.339844 	 -34.856724 	 -145.048386 	 176.357376 	 3.000000 
16129.871094 	 50146.046875 	 24275.478516 	 -4.444461 	 -192.555420 	 139.579727 	 5.000000 
16750.273438 	 50535.605469 	 22329.888672 	 -81.699081 	 -111.909866 	 159.647873 	 3.000000 
16090.833984 	 49223.257812 	 23570.085938 	 -67.176109 	 -135.449768 	 211.715790 	 1.000000 
18035.814453 	 51190.097656 	 24522.599609 	 -110.908966 	 -62.719685 	 220.559555 	 3.000000 
18373.457031 	 51122.183594 	 24490.533203 	 -76.672623 	 -93.717155 	 197.674057 	 3.000000 
15790.979492 	 48942.136719 	 23462.630859 	 -52.375587 	 -141.356949 	 212.300568 	 1.000000 
17242.675781 	 49918.085938 	 24146.359375 	 16.005260 	 -132.964783 	 248.281540 	 3.000000 
17393.878906 	 49612.363281 	 24219.359375 	 -130.293121 	 -130.560669 	 231.235321 	 3.000000 
16735.435547 	 50615.292969 	 22680.611328 	 -54.892715 	 -113.574776 	 171.039673 	 3.000000 
17881.882812 	 49115.414062 	 25341.408203 	 -0.314138 	 -156.448822 	 157.526794 	 3.000000 
17665.537109 	 49818.121094 	 24600.048828 	 -104.744469 	 -81.777870 	 204.091492 	 3.000000 
17712.494141 	 51231.570312 	 25613.806641 	 11.684098 	 -180.634979 	 146.548538 	 3.000000 
17928.929688 	 49844.304688 	 25714.839844 	 0.424802 	 -198.873886 	 146.554062 	 3.000000 
15476.007812 	 50013.417969 	 24433.113281 	 -30.838614 	 -206.840134 	 123.410751 	 3.000000 
17190.468750 	 49312.417969 	 24854.501953 	 16.833616 	 -152.556427 	 140.102722 	 3.000000 
18154.750000 	 51566.812500 	 23948.566406 	 -22.578650 	 -94.723808 	 148.365112 	 3.000000 
17267.964844 	 48767.570312 	 23190.875000 	 -141.889389 	 -69.579735 	 224.227570 	 0.000000 
15951.731445 	 48836.527344 	 24299.734375 	 -45.132710 	 -178.730301 	 248.712891 	 4.000000 
18116.210938 	 49145.867188 	 25298.486328 	 3.928130 	 -160.562973 	 175.650650 	 3.000000 
17787.343750 	 49669.234375 	 24381.802734 	 -33.857136 	 -58.780273 	 138.218521 	 3.000000 
17542.890625 	 49486.445312 	 24200.017578 	 -100.257797 	 -136.294495 	 133.235733 	 3.000000 
17519.478516 	 49691.726562 	 23940.882812 	 -45.033138 	 -129.629623 	 228.689514 	 3.000000 
17195.316406 	 50851.460938 	 23461.375000 	 -8.448267 	 -193.291061 	 136.572372 	 3.000000 
16907.765625 	 49161.996094 	 25648.587891 	 -38.430859 	 -125.446678 	 186.453339 	 3.000000 
18061.253906 	 51019.019531 	 24491.777344 	 -133.374359 	 -57.153187 	 213.297867 	 3.000000 
18688.388672 	 51354.484375 	 23868.648438 	 -128.146149 	 -10.690674 	 209.256393 	 3.000000 
17942.570312 	 49690.417969 	 25641.035156 	 0.468728 	 -194.464005 	 144.280991 	 3.000000 
18052.988281 	 49789.699219 	 25378.322266 	 -20.191027 	 -194.564972 	 130.760193 	 3.000000 
15291.944336 	 49794.292969 	 24383.291016 	 -18.109015 	 -158.853363 	 155.892380 	 3.000000 
16022.208008 	 49071.867188 	 23835.738281 	 -12.236126 	 -179.336685 	 166.218979 	 1.000000 
17327.324219 	 49445.601562 	 26128.011719 	 -60.364864 	 -138.642914 	 177.988907 	 3.000000 
17536.353516 	 49369.968750 	 26034.126953 	 -68.727371 	 -137.091095 	 168.248917 	 3.000000 
17248.763672 	 49396.750000 	 25685.839844 	 -59.395344 	 -121.649857 	 181.203613 	 3.000000 
18303.636719 	 51555.960938 	 24298.716797 	 -111.535080 	 -40.084576 	 200.025009 	 3.000000 
17091.490234 	 48343.824219 	 24386.755859 	 -163.450821 	 -81.652809 	 246.991501 	 9.000000 
18422.335938 	 51727.703125 	 24281.947266 	 -95.795647 	 -35.148125 	 190.786362 	 3.000000 
17372.810547 	 49704.250000 	 25662.093750 	 -43.804024 	 -132.503265 	 170.615784 	 3.000000 
17522.179688 	 50671.468750 	 24077.630859 	 -94.590881 	 -170.081924 	 198.594803 	 3.000000 
17978.255859 	 51383.515625 	 23315.507812 	 -36.822601 	 -121.765808 	 208.138535 	 3.000000 
18760.482422 	 50834.050781 	 23404.371094 	 -130.175125 	 -21.513662 	 239.080978 	 3.000000 
16365.565430 	 51183.082031 	 22883.458984 	 -74.040558 	 -71.311447 	 191.494598 	 3.000000 
16927.263672 	 50667.457031 	 22493.080078 	 -1.095446 	 -127.260185 	 91.826683 	 3.000000 
17587.646484 	 50565.660156 	 24111.275391 	 -16.172422 	 -228.434464 	 133.128860 	 3.000000 
16968.976562 	 51059.746094 	 23562.314453 	 15.340215 	 -195.257599 	 128.845474 	 3.000000 
17857.224609 	 49835.890625 	 25593.828125 	 2.475282 	 -198.130524 	 138.935318 	 3.000000 
18068.322266 	 49903.601562 	 25709.867188 	 -9.368394 	 -196.167252 	 149.105255 	 3.000000 
17923.056641 	 50789.667969 	 23209.123047 	 -78.183563 	 -115.657387 	 201.437622 	 3.000000 
16447.263672 	 50901.554688 	 22533.257812 	 -29.985731 	 -91.654892 	 151.253571 	 3.000000 
16139.073242 	 48615.855469 	 24580.052734 	 -146.874115 	 -156.721848 	 239.338623 	 4.000000 
17591.583984 	 50493.937500 	 24667.675781 	 -172.650192 	 -96.443832 	 222.314682 	 3.000000 
17881.271484 	 50814.125000 	 24482.625000 	 -140.198013 	 -78.631226 	 224.352402 	 3.000000 
17933.617188 	 51163.367188 	 23810.244141 	 -46.755142 	 -116.495186 	 189.841248 	 3.000000 
17846.238281 	 49773.390625 	 24743.718750 	 -85.867516 	 -46.663368 	 137.374252 	 3.000000 
18399.175781 	 51044.796875 	 24586.388672 	 -83.413116 	 -99.689751 	 200.067688 	 3.000000 
16271.711914 	 50780.769531 	 22901.031250 	 -86.658417 	 -65.359779 	 198.949814 	 3.000000 
17210.798828 	 50452.320312 	 24388.462891 	 -0.654691 	 -188.130020 	 268.130676 	 3.000000 
