13356.014648 	 30719.572266 	 6637.434570 	 -256.081055 	 -71.359314 	 -70.542244 	 3.000000 
13403.320312 	 30642.544922 	 6441.817871 	 -179.486618 	 24.193890 	 -91.889328 	 3.000000 
13227.092773 	 30558.132812 	 6596.102539 	 -157.108765 	 -76.641312 	 -170.521652 	 3.000000 
13389.454102 	 30700.486328 	 6679.915527 	 -182.555405 	 -199.605667 	 -155.433212 	 3.000000 
13306.708008 	 30575.177734 	 6808.568848 	 -375.138123 	 -86.533257 	 -104.396461 	 3.000000 
13357.003906 	 30714.232422 	 6641.729004 	 -330.891785 	 -158.979095 	 -98.898987 	 3.000000 
13522.783203 	 30787.500000 	 6573.657715 	 -205.355362 	 41.857128 	 -27.960066 	 3.000000 
13481.440430 	 30863.515625 	 6589.386230 	 -286.557220 	 -100.049248 	 75.135719 	 3.000000 
13385.821289 	 30681.675781 	 6572.729980 	 -133.132019 	 5.656632 	 -187.023941 	 3.000000 
13306.571289 	 30624.572266 	 6528.589355 	 -330.400635 	 26.043106 	 -4.147519 	 3.000000 
13383.152344 	 30737.843750 	 6605.617188 	 -42.803539 	 -104.297913 	 -27.157774 	 3.000000 
13298.942383 	 30680.638672 	 6767.239258 	 -86.276718 	 -101.087540 	 -6.886692 	 3.000000 
13256.206055 	 30657.654297 	 6661.801758 	 -331.252258 	 -71.117294 	 -52.539597 	 3.000000 
13213.859375 	 30684.666016 	 6509.565430 	 -194.428329 	 -60.130440 	 -142.252808 	 3.000000 
13443.713867 	 30612.375000 	 6682.789062 	 -376.770294 	 27.252573 	 -190.885117 	 3.000000 
13212.057617 	 30524.787109 	 6575.101562 	 -154.817719 	 -107.047745 	 -159.368561 	 3.000000 
13368.995117 	 30692.369141 	 6628.957031 	 -293.057953 	 -56.849689 	 -54.884506 	 3.000000 
13466.616211 	 30809.771484 	 6548.599121 	 -319.844940 	 -181.773560 	 -80.816650 	 3.000000 
13373.858398 	 30588.236328 	 6497.514160 	 -346.003174 	 -4.800632 	 -105.576118 	 3.000000 
13483.471680 	 30651.384766 	 6603.246094 	 -343.583221 	 9.566644 	 -148.489563 	 3.000000 
13363.262695 	 30709.541016 	 6675.502930 	 -308.036346 	 -357.270203 	 54.510311 	 3.000000 
13273.250977 	 30702.492188 	 6702.735840 	 -144.704987 	 -87.141647 	 -202.942963 	 3.000000 
13278.657227 	 30683.113281 	 6578.387207 	 -322.103271 	 -75.500824 	 14.293182 	 3.000000 
13340.311523 	 30716.060547 	 6794.752930 	 -96.909691 	 -119.941460 	 -89.080292 	 3.000000 
13289.279297 	 30831.869141 	 6650.190918 	 -365.457581 	 4.834484 	 -207.858917 	 3.000000 
13325.136719 	 30699.113281 	 6527.091797 	 -359.130554 	 100.580902 	 -117.497581 	 3.000000 
13254.576172 	 30697.023438 	 6600.027344 	 -214.817886 	 -92.029739 	 115.893089 	 3.000000 
13214.941406 	 30542.146484 	 6578.317871 	 -156.761246 	 -127.403595 	 -191.770340 	 3.000000 
13388.957031 	 30712.562500 	 6588.508789 	 -467.293610 	 14.766039 	 -60.763657 	 3.000000 
13403.953125 	 30734.898438 	 6717.354004 	 -94.146355 	 -170.397751 	 -29.500660 	 3.000000 
13350.659180 	 30585.451172 	 6555.611816 	 -160.634964 	 34.425762 	 -160.775574 	 3.000000 
13342.866211 	 30663.468750 	 6528.291504 	 -178.851501 	 -78.893425 	 5.336648 	 3.000000 
13521.720703 	 30668.603516 	 6711.239258 	 -389.823944 	 -41.958633 	 -180.919037 	 3.000000 
13276.628906 	 30720.275391 	 6595.715820 	 -411.142059 	 -28.482780 	 -12.312595 	 3.000000 
13326.858398 	 30668.410156 	 6708.028809 	 -264.363861 	 72.224991 	 -143.319931 	 3.000000 
13379.664062 	 30657.964844 	 6723.960938 	 -407.847687 	 -201.320068 	 -3.066459 	 3.000000 
13875.037109 	 30920.253906 	 6449.319336 	 -315.846558 	 -106.284401 	 -36.571224 	 3.000000 
14035.625977 	 30832.785156 	 6499.708496 	 -435.907379 	 -93.950386 	 8.349255 	 3.000000 
13902.467773 	 30884.955078 	 6410.877441 	 -335.924316 	 -188.801971 	 -92.557297 	 3.000000 
13931.243164 	 30861.892578 	 6551.983887 	 -402.351135 	 -212.645554 	 -0.046196 	 3.000000 
13889.767578 	 30909.722656 	 6427.629883 	 -404.747314 	 -103.813820 	 -156.777679 	 3.000000 
13900.481445 	 30802.421875 	 6533.720703 	 -423.167786 	 -149.410675 	 -105.720543 	 3.000000 
14097.681641 	 30818.835938 	 6462.342285 	 -325.044037 	 -98.790710 	 102.598328 	 3.000000 
14077.377930 	 30827.070312 	 6540.765625 	 -416.140533 	 -161.379303 	 -60.885803 	 3.000000 
13930.833008 	 30867.328125 	 6279.618164 	 -326.459381 	 -153.377518 	 -56.958874 	 3.000000 
13833.096680 	 30883.933594 	 6478.504395 	 -152.559616 	 -148.764954 	 54.998688 	 3.000000 
13899.836914 	 30790.822266 	 6503.674316 	 -234.497070 	 -6.451025 	 31.482029 	 3.000000 
13898.421875 	 30889.228516 	 6442.476562 	 -345.859802 	 -218.984863 	 -199.033218 	 3.000000 
13770.975586 	 30911.806641 	 6411.320312 	 -443.346161 	 -109.616219 	 29.251959 	 3.000000 
13823.781250 	 30974.972656 	 6516.983887 	 -367.547516 	 -257.055328 	 -135.083633 	 3.000000 
14012.857422 	 30916.347656 	 6357.364258 	 -439.607849 	 -67.571625 	 45.475025 	 3.000000 
13921.275391 	 30959.320312 	 6315.106934 	 -393.700562 	 -19.088854 	 -51.798546 	 3.000000 
13763.181641 	 30951.068359 	 6529.849609 	 -267.313599 	 33.117680 	 -24.491125 	 3.000000 
13695.333008 	 30991.013672 	 6433.820312 	 -172.965378 	 -41.949825 	 -33.322487 	 3.000000 
13821.801758 	 30768.781250 	 6533.373047 	 -225.391937 	 -55.573509 	 18.317141 	 3.000000 
13836.078125 	 30837.994141 	 6568.407715 	 -208.358063 	 -97.579895 	 22.113441 	 3.000000 
13939.562500 	 30897.560547 	 6506.511230 	 -332.825256 	 44.110477 	 -123.677437 	 3.000000 
13876.750000 	 30958.994141 	 6391.073730 	 -269.431854 	 -55.308887 	 -144.888367 	 3.000000 
11984.082031 	 30294.482422 	 6997.058594 	 -276.648010 	 -93.078560 	 -93.453224 	 3.000000 
12041.423828 	 30182.306641 	 6957.370117 	 -211.989456 	 -48.308014 	 -96.439407 	 3.000000 
12060.848633 	 30226.402344 	 6948.552734 	 -297.266815 	 -82.455917 	 9.108536 	 3.000000 
11911.053711 	 30284.828125 	 6979.476562 	 -211.168716 	 -89.857010 	 -150.245667 	 3.000000 
12027.522461 	 30239.916016 	 6985.226074 	 -241.344925 	 15.831179 	 -84.539986 	 3.000000 
12031.258789 	 30286.720703 	 6979.052246 	 -293.303070 	 -126.500877 	 -2.400116 	 3.000000 
11900.154297 	 30346.595703 	 6969.842773 	 -183.694839 	 -114.427254 	 -82.965714 	 3.000000 
12006.441406 	 30329.447266 	 6939.499023 	 -374.277100 	 -67.346291 	 -144.546677 	 3.000000 
12855.580078 	 30710.656250 	 7025.682129 	 -274.121399 	 -159.867111 	 -105.601227 	 3.000000 
12847.115234 	 30741.894531 	 7004.290039 	 -220.928146 	 -188.553284 	 -185.318832 	 3.000000 
12895.485352 	 30661.474609 	 7023.474121 	 -272.531097 	 -207.675995 	 -16.592375 	 3.000000 
12845.542969 	 30820.830078 	 7052.041992 	 -285.100769 	 -179.231857 	 -154.295685 	 3.000000 
12847.277344 	 30695.443359 	 6997.097656 	 -223.236115 	 -228.272293 	 -115.001343 	 3.000000 
12886.343750 	 30718.246094 	 7048.679688 	 -284.048676 	 -268.830902 	 -157.109848 	 3.000000 
12882.641602 	 30699.304688 	 6968.555664 	 -332.164459 	 -128.659103 	 -166.816528 	 3.000000 
12847.742188 	 30657.255859 	 7036.806152 	 -272.008545 	 -205.750244 	 -9.161474 	 3.000000 
12830.428711 	 30638.292969 	 6996.781738 	 -290.007721 	 -200.238083 	 -106.690048 	 3.000000 
12918.744141 	 29743.833984 	 7585.670898 	 -301.312714 	 -31.569052 	 -58.279465 	 3.000000 
12907.593750 	 29711.765625 	 7631.989258 	 -322.499176 	 22.699179 	 -21.377775 	 3.000000 
12871.666992 	 29801.519531 	 7572.226562 	 -242.570374 	 -0.650227 	 -26.924646 	 3.000000 
12913.079102 	 29746.593750 	 7539.501953 	 -337.801422 	 -103.511810 	 -32.240421 	 3.000000 
12906.266602 	 29707.230469 	 7572.906250 	 -301.880157 	 -99.809288 	 -7.941739 	 3.000000 
13037.342773 	 30484.414062 	 7127.710938 	 -277.522858 	 -9.295419 	 -101.909386 	 3.000000 
13035.958984 	 30504.308594 	 7140.103027 	 -228.293777 	 -18.346966 	 -144.914444 	 3.000000 
12459.830078 	 30425.591797 	 6783.305664 	 -265.783051 	 -80.731514 	 -83.587418 	 3.000000 
12514.765625 	 30403.382812 	 6746.853027 	 -297.943970 	 -86.054039 	 -73.651520 	 3.000000 
12490.662109 	 30459.126953 	 6760.602539 	 -219.134109 	 -70.566971 	 -125.161842 	 3.000000 
12755.537109 	 29723.005859 	 7462.733398 	 -256.655457 	 -71.677170 	 -93.909058 	 3.000000 
12800.930664 	 29764.335938 	 7520.909180 	 -323.546356 	 8.980636 	 -24.893625 	 3.000000 
12738.418945 	 29772.132812 	 7460.604004 	 -259.889465 	 -62.056255 	 -80.320038 	 3.000000 
12723.045898 	 29678.578125 	 7476.680176 	 -246.341904 	 -63.146606 	 -52.064960 	 3.000000 
12720.062500 	 29763.462891 	 7441.425293 	 -257.225891 	 -94.317055 	 -34.502396 	 3.000000 
14334.948242 	 30626.300781 	 6720.921387 	 -321.842468 	 -64.998436 	 -113.908173 	 3.000000 
12720.534180 	 30556.802734 	 6697.400879 	 -229.413666 	 -74.635818 	 -14.841497 	 3.000000 
12293.650391 	 31139.298828 	 7026.516113 	 -276.196594 	 -157.077713 	 -73.637482 	 3.000000 
13596.884766 	 30928.611328 	 6522.601074 	 -214.693085 	 -88.410347 	 -7.321924 	 3.000000 
13561.927734 	 30917.931641 	 6520.758789 	 -217.294357 	 -19.972359 	 -41.192219 	 3.000000 
12842.075195 	 29406.972656 	 7664.573730 	 -290.361053 	 -21.897186 	 -56.936966 	 3.000000 
12802.706055 	 29399.210938 	 7671.567383 	 -298.337036 	 13.741432 	 -54.667698 	 3.000000 
14477.963867 	 31087.378906 	 6628.208496 	 -325.172546 	 -32.430252 	 -65.873169 	 3.000000 
12037.988281 	 31234.160156 	 7016.698730 	 -295.495544 	 -164.025223 	 -99.948151 	 3.000000 
11951.223633 	 31253.218750 	 7035.752441 	 -281.704865 	 -167.727264 	 -98.353851 	 3.000000 
11948.072266 	 31247.003906 	 7027.839844 	 -299.276947 	 -144.496719 	 -118.467392 	 3.000000 
12052.264648 	 31211.556641 	 7027.288574 	 -306.607513 	 -142.923676 	 -85.605957 	 3.000000 
13748.567383 	 31424.679688 	 5270.049805 	 -263.875122 	 -147.177780 	 -67.579575 	 4.000000 
13740.280273 	 31419.976562 	 5261.167480 	 -224.005981 	 -147.184433 	 -47.365295 	 4.000000 
13791.656250 	 31406.503906 	 5265.510742 	 -271.923676 	 -141.981232 	 -85.797844 	 4.000000 
14360.347656 	 31491.513672 	 6631.590332 	 -257.408295 	 -172.129196 	 -102.033913 	 3.000000 
14365.646484 	 31498.031250 	 6668.977051 	 -258.601562 	 -149.010925 	 -108.066315 	 3.000000 
12463.330078 	 31017.814453 	 7765.748047 	 -287.553070 	 -140.224426 	 -113.898872 	 6.000000 
13768.557617 	 30444.816406 	 7008.788574 	 -314.791901 	 -48.656033 	 -136.134811 	 3.000000 
14821.589844 	 30942.783203 	 6511.561035 	 -300.351685 	 -78.160782 	 -101.319382 	 3.000000 
14136.296875 	 30670.177734 	 6771.683594 	 -320.502991 	 -60.901165 	 -139.200562 	 3.000000 
13147.463867 	 29997.371094 	 7276.612305 	 -314.502747 	 -24.794720 	 -76.908371 	 3.000000 
15262.721680 	 31436.871094 	 6290.160156 	 -261.348389 	 -80.661095 	 -70.743637 	 3.000000 
13346.065430 	 30158.507812 	 7369.086426 	 -310.782501 	 -14.414750 	 -53.117504 	 3.000000 
14169.150391 	 30045.654297 	 7820.178711 	 -274.162933 	 -92.052261 	 -97.620178 	 3.000000 
12260.175781 	 30486.142578 	 6531.220703 	 -262.894989 	 -84.909111 	 -26.941143 	 3.000000 
14085.177734 	 30860.384766 	 6610.844727 	 -370.061707 	 -72.921616 	 10.485650 	 3.000000 
14138.585938 	 30526.701172 	 6750.928711 	 -310.343994 	 -44.622311 	 -122.823357 	 3.000000 
13277.946289 	 30862.914062 	 6465.190430 	 -277.960480 	 -99.518646 	 -33.593025 	 3.000000 
12069.192383 	 31019.597656 	 5345.663574 	 -314.802368 	 -83.285355 	 -64.857811 	 2.000000 
12279.992188 	 30889.730469 	 5466.887207 	 -320.536591 	 -86.379593 	 -43.656399 	 2.000000 
13088.348633 	 31538.505859 	 5252.166016 	 -278.384338 	 -155.348648 	 -74.161499 	 4.000000 
13079.492188 	 31538.130859 	 5257.721680 	 -272.249451 	 -153.636948 	 -89.426750 	 4.000000 
13328.613281 	 31469.289062 	 5180.287109 	 -272.418091 	 -126.299904 	 -48.295570 	 4.000000 
12575.295898 	 29456.693359 	 7709.156250 	 -268.619446 	 -28.804304 	 -34.938828 	 3.000000 
13597.033203 	 31403.423828 	 5204.537598 	 -261.736389 	 -126.767090 	 -46.252960 	 4.000000 
12054.436523 	 30942.632812 	 5410.475586 	 -324.442108 	 -41.207653 	 -52.157982 	 2.000000 
14543.756836 	 31563.849609 	 6606.729492 	 -262.801483 	 -169.165771 	 -98.663246 	 3.000000 
14411.697266 	 30307.246094 	 7292.930664 	 -291.304504 	 -62.675865 	 -94.119019 	 3.000000 
12087.233398 	 30464.562500 	 6448.496582 	 -269.754303 	 -81.589508 	 -36.022976 	 3.000000 
12097.618164 	 30469.664062 	 6435.312012 	 -274.288818 	 -89.625420 	 -42.418415 	 3.000000 
13701.858398 	 30897.203125 	 6309.683105 	 -185.866470 	 -22.774248 	 -20.564398 	 3.000000 
12693.427734 	 31328.240234 	 5202.445801 	 -293.435150 	 -126.696281 	 -72.682922 	 4.000000 
14089.694336 	 30792.328125 	 6264.332031 	 -369.381195 	 -76.324959 	 26.727264 	 3.000000 
13633.232422 	 30771.689453 	 6570.440918 	 -335.542358 	 -44.545044 	 -39.850788 	 3.000000 
13205.246094 	 30581.941406 	 7102.837891 	 -303.066528 	 -128.137329 	 -176.765274 	 3.000000 
14403.133789 	 31484.539062 	 5183.577637 	 -241.597443 	 -104.797287 	 -44.119530 	 4.000000 
14413.569336 	 31498.132812 	 5217.266602 	 -244.705551 	 -116.915894 	 -53.702320 	 4.000000 
15491.458008 	 31062.841797 	 7453.590332 	 -236.240982 	 -111.355156 	 -98.960922 	 7.000000 
14763.574219 	 31646.673828 	 5056.888184 	 -229.200500 	 -95.338333 	 -51.715977 	 4.000000 
13119.927734 	 30584.312500 	 6934.872070 	 -291.052643 	 -122.827377 	 -188.243515 	 3.000000 
14872.042969 	 31117.193359 	 6022.437500 	 -258.445435 	 -116.549019 	 -13.640442 	 3.000000 
13778.299805 	 31813.511719 	 4773.479004 	 -257.398041 	 -144.278259 	 -62.467438 	 4.000000 
15054.523438 	 30314.621094 	 6921.516113 	 -264.362488 	 -35.953045 	 -40.781345 	 3.000000 
14638.191406 	 30803.384766 	 6608.238281 	 -309.499664 	 -74.613129 	 -114.724968 	 3.000000 
14660.706055 	 29303.623047 	 7361.173340 	 -259.168427 	 -45.406116 	 -22.185493 	 3.000000 
13081.318359 	 30433.529297 	 6688.982422 	 -229.120316 	 -121.688278 	 -158.124512 	 3.000000 
14149.097656 	 31484.064453 	 5204.763184 	 -249.896439 	 -117.139015 	 -46.415203 	 4.000000 
15231.983398 	 31281.984375 	 7626.893066 	 -237.771423 	 -126.125725 	 -98.020393 	 7.000000 
15310.544922 	 31281.798828 	 6428.824707 	 -265.748840 	 -47.703991 	 -91.975464 	 3.000000 
15315.734375 	 31291.726562 	 6436.301270 	 -276.415161 	 -63.468220 	 -99.397339 	 3.000000 
13127.482422 	 31439.316406 	 5125.241211 	 -278.238831 	 -127.640900 	 -52.791172 	 4.000000 
12711.472656 	 30765.861328 	 6694.061035 	 -216.896133 	 -56.848091 	 -20.173159 	 3.000000 
11825.674805 	 30599.296875 	 5973.586914 	 -300.132782 	 -89.337616 	 -47.394222 	 0.000000 
12287.892578 	 30807.609375 	 5263.708984 	 -318.877197 	 -101.483971 	 -51.629005 	 2.000000 
13105.912109 	 29405.164062 	 7812.099609 	 -310.844543 	 -26.627308 	 -50.522438 	 3.000000 
14894.030273 	 31036.341797 	 7441.177734 	 -251.081512 	 -127.167160 	 -104.152138 	 7.000000 
14907.763672 	 31046.558594 	 7450.760742 	 -251.678482 	 -115.669563 	 -109.961922 	 7.000000 
14107.826172 	 30812.640625 	 6035.039062 	 -263.585449 	 -162.946304 	 17.599037 	 3.000000 
14795.371094 	 29651.375000 	 7449.732422 	 -267.471313 	 -62.249142 	 -52.689831 	 3.000000 
14387.314453 	 29462.451172 	 7349.249512 	 -268.764526 	 -39.890160 	 -21.664307 	 3.000000 
13105.704102 	 30511.412109 	 6757.424316 	 -211.482574 	 7.381022 	 -118.316986 	 3.000000 
15059.828125 	 31432.410156 	 6166.009766 	 -244.623672 	 -149.970459 	 -89.433426 	 3.000000 
13629.580078 	 31025.105469 	 6661.743164 	 -275.847198 	 -226.897507 	 -131.676941 	 3.000000 
13619.908203 	 31009.017578 	 6656.292969 	 -263.850494 	 -219.661469 	 -135.110794 	 3.000000 
12536.098633 	 30968.955078 	 7048.379883 	 -260.112152 	 -185.094055 	 -103.213776 	 3.000000 
12543.623047 	 30960.539062 	 7046.859863 	 -265.886108 	 -185.025757 	 -107.695930 	 3.000000 
15133.291992 	 31223.580078 	 6271.388672 	 -273.905029 	 -83.592026 	 -53.028339 	 3.000000 
15135.953125 	 31202.894531 	 6245.092285 	 -270.859558 	 -73.963715 	 -63.661034 	 3.000000 
14592.949219 	 30955.634766 	 6341.682129 	 -303.130951 	 -122.267616 	 3.827711 	 3.000000 
14228.388672 	 31433.023438 	 5207.798340 	 -254.101227 	 -143.630768 	 -60.477646 	 4.000000 
14649.424805 	 31027.765625 	 5693.520996 	 -249.121368 	 -142.501404 	 -38.830460 	 3.000000 
15210.490234 	 30949.410156 	 7205.947266 	 -250.196045 	 -111.061760 	 -100.318863 	 7.000000 
13937.931641 	 31261.460938 	 6671.052734 	 -269.142944 	 -198.921036 	 -118.708168 	 3.000000 
11650.301758 	 31308.900391 	 7026.294922 	 -315.599884 	 -168.991394 	 -93.847359 	 3.000000 
12573.915039 	 31554.064453 	 5331.013672 	 -297.432831 	 -155.081650 	 -86.648628 	 4.000000 
11852.853516 	 30270.500000 	 7207.970703 	 -234.928635 	 -111.985641 	 -99.847336 	 3.000000 
13108.401367 	 30761.820312 	 6646.616211 	 -234.009293 	 -0.531708 	 -179.019897 	 3.000000 
12681.786133 	 29840.861328 	 4956.357422 	 -322.011169 	 -24.788738 	 -48.841503 	 0.000000 
14725.612305 	 32017.914062 	 5228.217285 	 -245.619659 	 -72.455956 	 -56.532207 	 4.000000 
13836.751953 	 29808.328125 	 7339.422363 	 -290.443207 	 -24.364765 	 -27.059429 	 3.000000 
13050.029297 	 30348.636719 	 5604.927734 	 -304.315155 	 -20.660980 	 -16.549643 	 1.000000 
12906.460938 	 31348.808594 	 8203.421875 	 -296.061127 	 -146.748749 	 -92.661720 	 6.000000 
14496.400391 	 31150.000000 	 6574.104980 	 -331.247986 	 -37.755756 	 -47.080212 	 3.000000 
14279.723633 	 31287.859375 	 6203.835449 	 -342.985077 	 -111.210373 	 -52.604374 	 3.000000 
12330.787109 	 30618.642578 	 6703.252930 	 -267.311920 	 -32.486805 	 -26.565378 	 3.000000 
13707.462891 	 31004.466797 	 5866.492188 	 -248.704910 	 -140.856506 	 -7.049980 	 3.000000 
13555.867188 	 30957.595703 	 6849.099609 	 -298.883820 	 -134.381485 	 -69.179367 	 3.000000 
14675.583008 	 31600.787109 	 5112.802246 	 -226.932709 	 -106.261208 	 -53.535969 	 4.000000 
11675.657227 	 30392.482422 	 6290.547852 	 -327.940857 	 -52.793404 	 -50.353474 	 3.000000 
14684.918945 	 29720.667969 	 7450.828613 	 -262.505585 	 -57.141121 	 -53.533615 	 3.000000 
13286.001953 	 30734.427734 	 6867.146973 	 -298.127777 	 -161.144577 	 23.470156 	 3.000000 
13399.350586 	 31459.320312 	 5312.058594 	 -267.212921 	 -161.161575 	 -69.293617 	 4.000000 
13603.363281 	 30303.091797 	 7159.379883 	 -314.076355 	 -4.743891 	 -61.020882 	 3.000000 
11688.752930 	 30329.994141 	 6285.578613 	 -311.920502 	 -60.961811 	 -61.525742 	 3.000000 
12408.160156 	 30670.431641 	 6675.613770 	 -257.187164 	 -44.448372 	 -17.644085 	 3.000000 
14546.700195 	 32188.099609 	 6984.528320 	 -238.042175 	 -143.715103 	 -92.961853 	 8.000000 
12886.861328 	 29300.074219 	 7698.746094 	 -286.054047 	 -12.361561 	 -67.404099 	 3.000000 
15503.929688 	 31193.652344 	 6210.035645 	 -247.673767 	 -98.576492 	 -46.638355 	 3.000000 
14121.416992 	 30843.677734 	 6256.659180 	 -276.346497 	 -126.008018 	 72.307312 	 3.000000 
14145.569336 	 31008.187500 	 6275.966797 	 -391.282471 	 -125.221436 	 -25.250412 	 3.000000 
12908.345703 	 30491.755859 	 6899.899902 	 -209.683594 	 -64.870491 	 -54.123173 	 3.000000 
12383.309570 	 31395.785156 	 5024.919434 	 -309.233276 	 -128.414383 	 -83.804382 	 4.000000 
13941.031250 	 31728.792969 	 4873.278809 	 -253.847382 	 -142.758362 	 -59.026840 	 4.000000 
14070.788086 	 31436.531250 	 5222.210449 	 -248.079468 	 -140.864838 	 -55.270817 	 4.000000 
13996.112305 	 30629.140625 	 6905.772461 	 -311.556915 	 -67.395348 	 -134.701569 	 3.000000 
14232.983398 	 30765.341797 	 7123.323730 	 -285.813507 	 -128.444260 	 -133.775711 	 3.000000 
12071.737305 	 31257.519531 	 7101.028809 	 -294.491638 	 -162.300781 	 -60.433353 	 3.000000 
14044.958008 	 32547.330078 	 7384.916992 	 -248.994751 	 -137.495651 	 -81.884712 	 0.000000 
15294.485352 	 31264.548828 	 6329.085938 	 -267.390594 	 -75.417618 	 -67.136124 	 3.000000 
14383.185547 	 31070.775391 	 6164.352051 	 -350.592865 	 -100.676186 	 -52.350594 	 3.000000 
13879.659180 	 32038.519531 	 7186.840332 	 -259.368500 	 -153.811661 	 -89.934624 	 0.000000 
13932.615234 	 30733.664062 	 6436.337402 	 -373.921509 	 -107.041901 	 -58.461391 	 3.000000 
14105.710938 	 31463.181641 	 5232.755859 	 -243.966354 	 -114.198006 	 -28.799910 	 4.000000 
13131.030273 	 29274.591797 	 7642.823242 	 -313.325439 	 -39.395512 	 -55.708504 	 3.000000 
12970.423828 	 29443.248047 	 7822.036133 	 -317.330627 	 -28.548508 	 -57.717381 	 3.000000 
14207.955078 	 31079.462891 	 6376.828125 	 -297.566010 	 -134.034943 	 16.165714 	 3.000000 
13241.620117 	 30654.558594 	 7093.724121 	 -307.510040 	 -111.813446 	 -180.977371 	 3.000000 
14593.262695 	 30250.193359 	 7403.416992 	 -286.789825 	 -66.168991 	 -87.195175 	 3.000000 
13250.328125 	 30353.101562 	 7062.144043 	 -255.940979 	 -2.539705 	 -88.009743 	 3.000000 
14636.390625 	 29820.861328 	 7396.611328 	 -271.811127 	 -58.410458 	 -49.192337 	 3.000000 
14424.829102 	 29934.050781 	 8145.714355 	 -274.174530 	 -86.384674 	 -75.714859 	 3.000000 
12847.080078 	 29469.951172 	 7780.004395 	 -308.575714 	 -25.911823 	 -72.892365 	 3.000000 
13502.791992 	 30450.951172 	 6669.426270 	 -347.052979 	 -34.727795 	 -169.611816 	 3.000000 
14035.028320 	 31426.708984 	 6588.247559 	 -260.951538 	 -193.141403 	 -108.003601 	 3.000000 
11626.695312 	 30575.664062 	 6362.708496 	 -297.527313 	 -70.725327 	 -59.832436 	 3.000000 
14046.838867 	 30134.167969 	 7339.225098 	 -297.186005 	 -77.653160 	 -114.746567 	 3.000000 
14062.892578 	 30126.375000 	 7332.841797 	 -302.235565 	 -80.208557 	 -111.220444 	 3.000000 
14663.809570 	 32298.826172 	 6985.248535 	 -238.751923 	 -141.416077 	 -90.420128 	 8.000000 
13530.593750 	 30655.718750 	 7588.759277 	 -291.006348 	 -124.728630 	 -133.335175 	 3.000000 
11710.287109 	 30404.964844 	 6469.452637 	 -310.711578 	 -27.812515 	 -50.627117 	 3.000000 
14039.326172 	 31259.306641 	 6597.797852 	 -363.633911 	 -134.367111 	 -17.741472 	 3.000000 
14044.640625 	 31243.863281 	 6584.859863 	 -358.948578 	 -132.003174 	 -13.878481 	 3.000000 
15240.800781 	 31555.466797 	 6264.321777 	 -273.814209 	 -65.583473 	 -89.819084 	 3.000000 
13090.657227 	 30164.671875 	 7141.181152 	 -312.573914 	 -11.629677 	 -82.656288 	 3.000000 
12664.471680 	 30412.394531 	 6689.599609 	 -240.551346 	 -50.413261 	 -31.464815 	 3.000000 
14221.687500 	 30079.468750 	 8155.718750 	 -267.554504 	 -113.457520 	 -90.386856 	 3.000000 
11731.881836 	 30576.126953 	 6401.789062 	 -295.115143 	 -75.997688 	 -58.401619 	 3.000000 
11734.250977 	 30581.857422 	 6419.112793 	 -288.032379 	 -67.862206 	 -52.498432 	 3.000000 
15200.899414 	 31207.228516 	 5707.948730 	 -248.497421 	 -120.438919 	 -69.961655 	 0.000000 
12250.935547 	 30561.648438 	 6666.810059 	 -274.821625 	 -24.426020 	 -30.338539 	 3.000000 
14896.870117 	 30570.031250 	 6860.708008 	 -285.783630 	 -81.772400 	 -108.495750 	 3.000000 
14180.603516 	 31404.089844 	 5205.495605 	 -253.551407 	 -121.720421 	 -37.651810 	 4.000000 
12692.881836 	 30849.746094 	 6108.269531 	 -275.986938 	 -103.906906 	 -4.392448 	 3.000000 
14582.361328 	 29410.343750 	 7334.499512 	 -266.242615 	 -47.120270 	 -9.693346 	 3.000000 
14565.427734 	 29397.792969 	 7352.696777 	 -262.006897 	 -45.361599 	 -13.385854 	 3.000000 
12928.659180 	 30942.496094 	 6855.032715 	 -210.986359 	 -80.296967 	 1.544122 	 3.000000 
14331.813477 	 31125.910156 	 6250.579102 	 -292.475494 	 -76.484100 	 -10.394918 	 3.000000 
13975.522461 	 29403.822266 	 7641.941406 	 -283.624969 	 -57.056015 	 -54.502670 	 0.000000 
13456.237305 	 30531.218750 	 6722.512207 	 -352.092804 	 22.898941 	 -157.723587 	 3.000000 
13744.190430 	 29838.578125 	 7358.984375 	 -288.657990 	 -17.262421 	 -34.421070 	 3.000000 
12037.804688 	 30418.089844 	 6381.665527 	 -269.104950 	 -85.202377 	 -33.314323 	 3.000000 
13659.950195 	 29814.888672 	 7443.692383 	 -290.687622 	 -15.442851 	 -34.475315 	 3.000000 
14730.139648 	 31646.353516 	 6533.049805 	 -254.620468 	 -157.215729 	 -91.330605 	 3.000000 
12538.598633 	 30986.044922 	 5800.767090 	 -302.187164 	 -102.993324 	 -22.458588 	 2.000000 
14049.336914 	 30566.720703 	 6686.774902 	 -307.170258 	 -37.773235 	 -136.357986 	 3.000000 
13146.842773 	 30883.974609 	 6818.285156 	 -161.925873 	 -86.031570 	 -55.009346 	 3.000000 
13432.507812 	 30144.642578 	 7280.696289 	 -318.305511 	 -10.941508 	 -45.828869 	 3.000000 
11691.058594 	 31364.824219 	 6948.339844 	 -307.584656 	 -157.556015 	 -90.994698 	 3.000000 
12763.850586 	 30026.166016 	 7179.580078 	 -260.117767 	 -56.668976 	 -97.366707 	 3.000000 
14438.999023 	 31600.042969 	 6564.659180 	 -261.373260 	 -167.913818 	 -85.781143 	 3.000000 
14089.925781 	 29896.441406 	 8128.990723 	 -266.678528 	 -85.293381 	 -85.327339 	 3.000000 
14655.861328 	 30905.347656 	 6727.321777 	 -313.320587 	 -22.825441 	 -50.805565 	 3.000000 
13005.782227 	 29471.955078 	 7636.532227 	 -289.429871 	 -14.994557 	 -46.613796 	 3.000000 
13957.302734 	 31683.917969 	 4668.285156 	 -253.536133 	 -128.756241 	 -56.960079 	 4.000000 
14036.562500 	 30197.718750 	 7348.033203 	 -289.911102 	 -64.111794 	 -113.799927 	 3.000000 
13390.808594 	 30687.683594 	 6373.240723 	 -160.695084 	 -34.344147 	 -126.674614 	 3.000000 
15008.613281 	 30107.638672 	 6876.250000 	 -259.382568 	 -29.280849 	 -20.063852 	 3.000000 
13599.573242 	 30987.564453 	 6548.575195 	 -306.120300 	 -109.643539 	 -72.967880 	 3.000000 
15481.561523 	 31227.892578 	 6177.622070 	 -247.292297 	 -65.467834 	 -92.374016 	 3.000000 
12297.489258 	 31159.990234 	 8022.509277 	 -295.368042 	 -135.620850 	 -105.215317 	 6.000000 
14095.824219 	 30667.609375 	 6737.946289 	 -306.512360 	 -51.053459 	 -129.815720 	 3.000000 
14204.728516 	 29941.517578 	 8212.393555 	 -272.048065 	 -100.237984 	 -87.508247 	 3.000000 
15111.242188 	 29528.423828 	 7030.591797 	 -246.230804 	 -41.878059 	 -15.787060 	 0.000000 
14385.952148 	 30718.429688 	 6990.544922 	 -314.732422 	 -56.188213 	 -112.451607 	 3.000000 
14471.067383 	 31105.781250 	 5989.921387 	 -326.767517 	 -98.682030 	 -58.233982 	 3.000000 
12508.495117 	 30744.652344 	 7179.763672 	 -255.797195 	 -116.371315 	 -141.712769 	 3.000000 
13128.993164 	 30876.128906 	 6897.801270 	 -179.805573 	 -99.977509 	 -26.627026 	 3.000000 
12276.966797 	 31596.679688 	 5262.670898 	 -309.294189 	 -156.006790 	 -86.159149 	 4.000000 
14793.012695 	 30141.125000 	 7457.625000 	 -275.761627 	 -68.969833 	 -79.372757 	 3.000000 
14762.367188 	 30998.189453 	 5882.631836 	 -285.050995 	 -122.387642 	 -46.737675 	 3.000000 
12611.381836 	 30745.464844 	 6634.551758 	 -243.512299 	 -59.039482 	 -24.746864 	 3.000000 
13221.342773 	 30586.203125 	 6828.924316 	 -296.534119 	 -94.034843 	 -217.246643 	 3.000000 
13580.369141 	 30777.925781 	 6502.898926 	 -395.481232 	 -90.609947 	 -60.227211 	 3.000000 
12998.958984 	 30742.660156 	 6892.405273 	 -265.189026 	 -111.299232 	 -152.921906 	 3.000000 
15339.592773 	 31039.773438 	 7425.103027 	 -239.502563 	 -110.229477 	 -100.143890 	 7.000000 
13624.534180 	 30647.220703 	 7824.660156 	 -284.277161 	 -121.511177 	 -119.918976 	 3.000000 
11734.762695 	 30508.945312 	 6435.837891 	 -293.776001 	 -99.832756 	 -45.319927 	 3.000000 
13874.356445 	 31081.128906 	 6346.229980 	 -234.908417 	 -53.150322 	 0.674746 	 3.000000 
12820.236328 	 30803.673828 	 7352.362305 	 -299.585754 	 -147.497070 	 -159.619736 	 3.000000 
13231.459961 	 29278.419922 	 7846.430176 	 -305.092987 	 -32.481457 	 -43.806492 	 3.000000 
14847.362305 	 31472.775391 	 6218.664062 	 -290.010101 	 -72.434525 	 -70.802414 	 3.000000 
12874.421875 	 31442.867188 	 5106.440430 	 -287.772461 	 -130.062897 	 -55.014812 	 4.000000 
13693.805664 	 30619.332031 	 6692.995605 	 -297.402954 	 -47.194939 	 15.744857 	 3.000000 
15256.988281 	 31037.773438 	 6050.248047 	 -267.696747 	 -79.746986 	 -64.735046 	 3.000000 
15198.235352 	 30232.925781 	 6884.545898 	 -270.900391 	 -42.838409 	 -28.824999 	 3.000000 
12482.327148 	 31134.949219 	 7703.991699 	 -289.287201 	 -169.389954 	 -101.398613 	 6.000000 
14397.152344 	 31414.009766 	 5212.824707 	 -245.012238 	 -110.368088 	 -34.659298 	 4.000000 
14636.821289 	 29187.826172 	 7295.718750 	 -257.633850 	 -37.332359 	 -11.095675 	 3.000000 
15081.196289 	 29912.779297 	 7515.251953 	 -260.610413 	 -75.174431 	 -66.566185 	 3.000000 
12232.817383 	 30919.498047 	 5219.754883 	 -303.739349 	 -68.800476 	 -64.512146 	 2.000000 
12795.270508 	 29779.082031 	 7372.537109 	 -279.659698 	 -83.199348 	 -58.193283 	 3.000000 
13988.943359 	 30805.185547 	 6293.266113 	 -407.350647 	 -207.875916 	 -81.935097 	 3.000000 
13604.085938 	 30809.650391 	 6471.918457 	 -231.497650 	 -43.744381 	 -97.170494 	 3.000000 
12578.939453 	 30525.128906 	 7042.291016 	 -249.960220 	 -124.277420 	 -134.022659 	 3.000000 
13347.312500 	 30764.580078 	 6450.366211 	 -331.939758 	 -74.560028 	 -146.379547 	 3.000000 
13939.488281 	 31259.156250 	 5647.401367 	 -256.555847 	 -127.650124 	 -24.420568 	 3.000000 
13066.711914 	 30162.457031 	 7321.233398 	 -317.349823 	 -22.836369 	 -75.837234 	 3.000000 
14704.588867 	 31490.683594 	 6224.552246 	 -300.730591 	 -73.255112 	 -75.657288 	 3.000000 
14814.105469 	 30707.564453 	 6783.955566 	 -295.167206 	 -24.279490 	 -42.441887 	 3.000000 
14426.839844 	 30963.070312 	 6164.470215 	 -336.642456 	 -116.886276 	 -13.090229 	 3.000000 
13962.587891 	 31685.853516 	 4846.747070 	 -255.322037 	 -135.584564 	 -61.710480 	 4.000000 
12519.303711 	 31536.009766 	 5336.605469 	 -293.001770 	 -148.435455 	 -91.416748 	 4.000000 
13405.593750 	 31114.439453 	 5963.128906 	 -256.663269 	 -181.077530 	 -45.140182 	 3.000000 
13381.650391 	 30528.341797 	 6585.046387 	 -201.755432 	 58.600182 	 -94.856232 	 3.000000 
14615.987305 	 31427.750000 	 5148.833984 	 -237.299820 	 -109.091858 	 -42.405319 	 4.000000 
14822.897461 	 31665.068359 	 5722.367188 	 -245.226700 	 -100.239677 	 -37.370632 	 4.000000 
14194.619141 	 32075.701172 	 5096.573242 	 -244.546417 	 -151.618607 	 -70.433411 	 0.000000 
13925.670898 	 31261.441406 	 6482.043457 	 -258.300018 	 -110.254875 	 -78.598412 	 3.000000 
11798.523438 	 31273.156250 	 6783.146484 	 -297.516357 	 -147.004852 	 -62.737274 	 3.000000 
13003.719727 	 30532.195312 	 7045.104492 	 -230.393600 	 -7.631393 	 -109.941124 	 3.000000 
13609.277344 	 30680.146484 	 6637.262695 	 -358.952820 	 -55.883408 	 -24.664968 	 3.000000 
12289.668945 	 31108.443359 	 6958.771973 	 -272.573853 	 -131.597778 	 -71.661316 	 3.000000 
11879.515625 	 30450.494141 	 6627.122070 	 -295.565186 	 -32.488853 	 -35.417236 	 3.000000 
14241.224609 	 31457.562500 	 5231.775391 	 -259.336182 	 -111.016502 	 -37.754620 	 4.000000 
13887.503906 	 29781.410156 	 7318.851562 	 -294.925354 	 -19.560350 	 -28.511768 	 3.000000 
13873.166016 	 30396.173828 	 7179.680176 	 -317.040344 	 -64.955132 	 -123.266258 	 3.000000 
12846.183594 	 29499.378906 	 7871.832520 	 -309.173615 	 -15.471951 	 -44.225777 	 3.000000 
11655.151367 	 30304.878906 	 7005.184570 	 -263.085968 	 -148.921082 	 -65.186432 	 3.000000 
13888.655273 	 30051.472656 	 7451.869141 	 -283.570221 	 -64.026421 	 -108.438484 	 3.000000 
14002.165039 	 29675.392578 	 7228.962891 	 -281.750214 	 -21.819374 	 -14.484196 	 3.000000 
15079.888672 	 30189.486328 	 6827.830566 	 -270.276184 	 -41.086437 	 -43.477837 	 3.000000 
13168.936523 	 31905.810547 	 4917.376953 	 -278.313232 	 -153.083038 	 -71.880066 	 0.000000 
13057.070312 	 31248.386719 	 5411.689941 	 -277.892578 	 -129.047348 	 -59.161709 	 4.000000 
13692.472656 	 31060.691406 	 5776.514648 	 -250.348770 	 -140.249939 	 -12.770412 	 3.000000 
13214.583008 	 30789.513672 	 6467.632324 	 -280.450287 	 50.506058 	 -61.729530 	 3.000000 
13845.633789 	 31098.496094 	 6253.711426 	 -307.812897 	 -29.719677 	 15.531202 	 3.000000 
14218.365234 	 30914.572266 	 6555.328613 	 -369.828522 	 -89.793983 	 6.522158 	 3.000000 
12958.068359 	 30499.986328 	 5734.791992 	 -298.460602 	 -23.273088 	 -10.967851 	 1.000000 
14001.040039 	 30952.841797 	 6137.270020 	 -397.518524 	 -103.836212 	 -59.670155 	 3.000000 
12210.518555 	 30449.298828 	 6679.988770 	 -284.386169 	 -16.384233 	 -28.097595 	 3.000000 
12824.794922 	 30465.500000 	 6769.456055 	 -225.160660 	 -41.931759 	 -41.479546 	 3.000000 
12731.246094 	 31183.312500 	 7991.885254 	 -296.208191 	 -148.692017 	 -100.830704 	 6.000000 
14935.500977 	 31394.935547 	 7964.541992 	 -240.991165 	 -126.685638 	 -93.133499 	 0.000000 
12843.631836 	 31315.863281 	 8186.068848 	 -290.265930 	 -143.263260 	 -91.309288 	 6.000000 
14886.280273 	 31008.017578 	 6310.654297 	 -296.765778 	 -87.755394 	 -56.253147 	 3.000000 
13748.403320 	 31171.351562 	 6345.430664 	 -366.056854 	 -170.536469 	 -30.402498 	 3.000000 
13389.780273 	 31014.515625 	 6575.908203 	 -230.415726 	 -151.492661 	 -55.907684 	 3.000000 
14453.377930 	 31573.898438 	 6658.651855 	 -266.065216 	 -164.573975 	 -104.123856 	 3.000000 
14149.183594 	 30841.328125 	 6641.297852 	 -338.695038 	 -68.937347 	 47.773113 	 3.000000 
12237.354492 	 31620.183594 	 5308.981934 	 -307.438385 	 -153.355896 	 -96.131691 	 4.000000 
14272.186523 	 30932.281250 	 6239.113281 	 -359.891174 	 -109.571121 	 2.908641 	 3.000000 
14313.475586 	 31059.101562 	 6018.932129 	 -337.314026 	 -108.283737 	 -39.940445 	 3.000000 
12040.198242 	 30796.515625 	 5199.965820 	 -334.299255 	 -42.206093 	 -49.397804 	 2.000000 
13635.630859 	 30927.306641 	 5790.434082 	 -246.691895 	 -145.206635 	 -21.113071 	 3.000000 
13898.907227 	 30644.886719 	 6279.083496 	 -364.676178 	 -71.140007 	 11.754523 	 3.000000 
15173.666992 	 31576.347656 	 5522.857910 	 -210.607620 	 -102.187164 	 -48.279068 	 4.000000 
13882.566406 	 31095.169922 	 6149.680664 	 -369.445251 	 -144.633957 	 -12.257727 	 3.000000 
14145.432617 	 30745.162109 	 6187.727539 	 -284.436249 	 -143.139374 	 44.517117 	 3.000000 
15189.832031 	 31280.664062 	 6492.976074 	 -271.120911 	 -47.407135 	 -87.503357 	 3.000000 
13506.976562 	 30822.845703 	 6420.490234 	 -213.420471 	 13.581065 	 -40.184277 	 3.000000 
15096.499023 	 31554.587891 	 6490.287598 	 -273.579529 	 -59.708748 	 -68.784302 	 3.000000 
13812.363281 	 31065.671875 	 6446.937988 	 -377.914856 	 -134.339630 	 12.185727 	 3.000000 
12558.963867 	 30503.865234 	 6782.790527 	 -263.716949 	 -104.953300 	 -114.780281 	 3.000000 
12707.559570 	 29523.201172 	 7775.118164 	 -263.234467 	 -32.721378 	 -47.567741 	 3.000000 
12439.233398 	 31026.167969 	 5561.807129 	 -298.528961 	 -84.418732 	 -47.690338 	 2.000000 
14695.408203 	 30232.220703 	 7983.537109 	 -265.902008 	 -103.014877 	 -88.426697 	 0.000000 
14504.200195 	 30305.667969 	 8299.797852 	 -261.348022 	 -118.415108 	 -84.289024 	 0.000000 
15220.369141 	 29984.470703 	 6973.131836 	 -256.737000 	 -50.838139 	 -44.457993 	 3.000000 
15223.496094 	 30956.466797 	 6348.830078 	 -271.529114 	 -62.285370 	 -91.937088 	 3.000000 
13224.399414 	 30615.509766 	 7633.805664 	 -285.991608 	 -118.132378 	 -137.489136 	 3.000000 
14469.715820 	 31024.332031 	 6462.960449 	 -299.356995 	 -147.202499 	 9.525906 	 3.000000 
13427.124023 	 29641.537109 	 7570.159668 	 -303.709808 	 -39.864048 	 -64.192200 	 3.000000 
13631.825195 	 32275.025391 	 5210.377930 	 -259.042450 	 -153.859009 	 -80.434784 	 5.000000 
14098.880859 	 29578.376953 	 7277.420898 	 -278.721985 	 -31.298512 	 -26.947760 	 3.000000 
13728.733398 	 30691.271484 	 6470.901855 	 -282.562653 	 -112.554520 	 21.952984 	 3.000000 
11650.291992 	 30396.833984 	 6265.759277 	 -331.643311 	 -51.452827 	 -47.640617 	 3.000000 
12350.952148 	 30226.347656 	 6947.126953 	 -279.227173 	 -136.168945 	 -98.802910 	 3.000000 
13845.005859 	 30923.480469 	 6681.822266 	 -291.855133 	 -72.608818 	 -120.147354 	 3.000000 
13150.428711 	 31490.273438 	 5311.255371 	 -284.120575 	 -157.979233 	 -74.966354 	 4.000000 
12914.976562 	 30616.851562 	 6900.297363 	 -292.385590 	 -192.042648 	 -87.952446 	 3.000000 
15181.642578 	 31228.529297 	 7612.889648 	 -232.100784 	 -123.706009 	 -97.126503 	 7.000000 
12890.931641 	 31306.359375 	 8206.131836 	 -288.126404 	 -144.121017 	 -97.428284 	 6.000000 
12423.464844 	 30992.662109 	 7854.949219 	 -292.148315 	 -129.359344 	 -107.419777 	 6.000000 
14177.299805 	 29954.964844 	 8196.128906 	 -260.443939 	 -89.340492 	 -83.968079 	 3.000000 
12736.081055 	 31321.646484 	 8273.520508 	 -296.418427 	 -142.021896 	 -94.025124 	 6.000000 
14524.311523 	 32144.777344 	 6916.250488 	 -243.167053 	 -141.707748 	 -89.709702 	 8.000000 
14991.357422 	 31336.470703 	 6367.582031 	 -282.132019 	 -54.225925 	 -84.435631 	 3.000000 
12201.671875 	 31151.050781 	 6933.385254 	 -284.387543 	 -179.437378 	 -104.141144 	 3.000000 
12729.938477 	 29444.236328 	 7694.777344 	 -282.366608 	 -68.809227 	 -111.449249 	 3.000000 
11942.009766 	 30585.468750 	 5358.160156 	 -330.709778 	 -31.911217 	 -52.962498 	 2.000000 
13045.451172 	 30770.224609 	 6479.840820 	 -220.778824 	 -101.541985 	 47.100262 	 3.000000 
12802.558594 	 31222.166016 	 6005.435547 	 -271.292786 	 -169.486359 	 -66.035591 	 3.000000 
13454.470703 	 29567.292969 	 7475.184082 	 -302.893280 	 -41.444408 	 -70.848877 	 3.000000 
12839.245117 	 29789.398438 	 7476.155762 	 -288.139587 	 -41.176769 	 -88.604279 	 3.000000 
14732.820312 	 29295.302734 	 7358.458008 	 -267.304840 	 -46.980099 	 -20.986814 	 3.000000 
13160.665039 	 30392.406250 	 7043.016113 	 -331.723389 	 -6.518727 	 -114.718781 	 3.000000 
13752.443359 	 30714.048828 	 6569.840820 	 -300.945557 	 -8.971973 	 -43.917461 	 3.000000 
15262.840820 	 31044.474609 	 6347.576172 	 -266.640961 	 -68.303062 	 -98.300438 	 3.000000 
12521.848633 	 30983.970703 	 6941.895020 	 -266.894257 	 -188.960800 	 -103.848427 	 3.000000 
13013.831055 	 31539.378906 	 5253.420898 	 -267.813446 	 -154.589447 	 -77.174713 	 4.000000 
13101.793945 	 30668.935547 	 6528.226074 	 -163.372360 	 -28.632944 	 -50.677181 	 3.000000 
13617.527344 	 30864.216797 	 6539.728516 	 -283.457428 	 -158.742401 	 -82.820244 	 3.000000 
12965.461914 	 30610.810547 	 6735.331055 	 -238.708893 	 -127.193253 	 -155.980545 	 3.000000 
14280.396484 	 30650.869141 	 6255.297852 	 -302.780640 	 -160.073608 	 16.335720 	 3.000000 
14219.903320 	 31085.117188 	 5675.416016 	 -255.433624 	 -154.287628 	 -35.131157 	 3.000000 
14332.038086 	 29457.189453 	 7318.713379 	 -262.274597 	 -37.078606 	 -18.638548 	 3.000000 
15361.611328 	 31222.488281 	 6387.198242 	 -265.867798 	 -63.494389 	 -97.421944 	 3.000000 
12373.709961 	 29941.509766 	 7175.598633 	 -288.243225 	 -17.863485 	 -44.031590 	 3.000000 
13584.579102 	 30439.121094 	 6756.921875 	 -321.251984 	 -37.571945 	 -171.483521 	 3.000000 
12988.870117 	 30616.833984 	 6881.503906 	 -288.462189 	 13.227715 	 -108.453415 	 3.000000 
13180.088867 	 30616.093750 	 6925.852051 	 -298.738220 	 -154.082611 	 -70.682205 	 3.000000 
12975.691406 	 29729.582031 	 7657.591309 	 -290.006439 	 -5.748570 	 -104.282318 	 3.000000 
13076.304688 	 30715.359375 	 6762.889160 	 -200.566635 	 -112.268547 	 -160.126022 	 3.000000 
14885.929688 	 31307.267578 	 6226.412109 	 -286.454987 	 -89.617790 	 -76.591949 	 3.000000 
11618.467773 	 30343.574219 	 6150.100098 	 -320.296539 	 -67.365181 	 -21.005505 	 3.000000 
13010.018555 	 30887.916016 	 6316.692383 	 -234.888596 	 -106.868843 	 18.052616 	 3.000000 
12091.966797 	 30962.138672 	 5293.627441 	 -323.485413 	 -75.564087 	 -53.892311 	 2.000000 
12845.920898 	 31197.367188 	 8134.172852 	 -296.287018 	 -132.594620 	 -104.355774 	 6.000000 
14366.637695 	 31065.095703 	 5683.491211 	 -253.131241 	 -150.895142 	 -36.124447 	 3.000000 
14072.386719 	 31570.375000 	 4999.451172 	 -253.310699 	 -141.095993 	 -55.308098 	 4.000000 
13872.242188 	 30321.042969 	 7120.780762 	 -309.550232 	 -45.805149 	 -125.909340 	 3.000000 
14111.160156 	 30760.804688 	 6190.747070 	 -270.880219 	 -140.933395 	 52.484554 	 3.000000 
14285.738281 	 31096.927734 	 6349.683594 	 -307.760681 	 -190.933807 	 -111.511780 	 3.000000 
14153.691406 	 30916.648438 	 6458.642578 	 -398.900177 	 -114.425194 	 -1.139236 	 3.000000 
14906.625977 	 31532.322266 	 5123.638184 	 -226.964996 	 -135.471970 	 -63.777946 	 4.000000 
12444.039062 	 30433.716797 	 6975.971191 	 -265.105408 	 -131.389526 	 -133.883774 	 3.000000 
12824.133789 	 30815.091797 	 6270.030273 	 -263.521149 	 -100.045578 	 15.866861 	 3.000000 
12433.133789 	 30977.902344 	 5705.276367 	 -304.554749 	 -100.904205 	 -33.231403 	 2.000000 
12692.496094 	 30659.361328 	 7218.152832 	 -262.966919 	 -166.549423 	 -166.007828 	 3.000000 
14901.245117 	 31074.810547 	 5991.252930 	 -270.495850 	 -145.579163 	 -79.652779 	 3.000000 
14894.954102 	 30290.222656 	 7357.824219 	 -276.788239 	 -65.958862 	 -71.214928 	 3.000000 
12396.360352 	 30978.332031 	 7945.267578 	 -288.883545 	 -147.117203 	 -110.220558 	 6.000000 
11906.820312 	 30519.900391 	 7087.853516 	 -276.479095 	 -168.762711 	 -98.926476 	 3.000000 
11782.353516 	 29904.714844 	 6928.832031 	 -303.308960 	 -29.539650 	 -38.137451 	 3.000000 
12790.528320 	 30790.230469 	 6065.106445 	 -264.434021 	 -75.018265 	 -2.722132 	 3.000000 
11673.854492 	 30486.714844 	 6439.423828 	 -294.162231 	 -99.168564 	 -42.985313 	 3.000000 
13756.827148 	 30888.638672 	 6186.383301 	 -297.753052 	 -9.062776 	 -48.429783 	 3.000000 
14648.416016 	 30823.126953 	 5910.606934 	 -294.504272 	 -137.599594 	 -50.317257 	 3.000000 
12938.684570 	 29961.144531 	 7253.432129 	 -309.034729 	 -27.714552 	 -63.464939 	 3.000000 
15309.508789 	 29862.062500 	 6983.690918 	 -254.157104 	 -55.007416 	 -40.000786 	 3.000000 
14630.125000 	 31742.654297 	 5855.727539 	 -248.475571 	 -100.140808 	 -25.859428 	 4.000000 
12529.801758 	 31053.044922 	 7515.572754 	 -284.648041 	 -172.654938 	 -110.696404 	 6.000000 
12338.415039 	 30647.865234 	 7345.905273 	 -273.142273 	 -117.208267 	 -135.009918 	 3.000000 
12663.607422 	 29561.013672 	 7832.271973 	 -268.776550 	 -32.151627 	 -42.501572 	 3.000000 
13836.642578 	 30140.771484 	 8360.395508 	 -267.835358 	 -110.701164 	 -87.938232 	 0.000000 
15086.043945 	 29899.064453 	 7586.581543 	 -265.346649 	 -78.397423 	 -66.051033 	 3.000000 
15547.447266 	 31041.066406 	 6976.443359 	 -239.186050 	 -108.280746 	 -101.852898 	 0.000000 
14219.737305 	 30767.531250 	 6402.695801 	 -379.329620 	 -95.647873 	 6.416388 	 3.000000 
13330.640625 	 30851.445312 	 6809.859375 	 -265.137543 	 -248.046768 	 -141.733643 	 3.000000 
14857.210938 	 31674.025391 	 6437.578125 	 -248.211929 	 -150.578308 	 -89.132195 	 3.000000 
13399.767578 	 29327.611328 	 7873.968750 	 -296.355225 	 -32.125134 	 -26.840952 	 3.000000 
12403.765625 	 31073.810547 	 7094.631348 	 -274.428802 	 -166.808319 	 -125.111313 	 3.000000 
12153.531250 	 31015.179688 	 5463.231934 	 -309.235718 	 -82.304558 	 -66.173523 	 2.000000 
13413.244141 	 30558.332031 	 7548.989746 	 -288.325134 	 -105.644394 	 -138.045227 	 3.000000 
13392.262695 	 30645.677734 	 7465.815918 	 -291.878662 	 -119.023521 	 -146.005127 	 3.000000 
13760.004883 	 32761.753906 	 6110.425781 	 -252.973114 	 -143.653473 	 -80.663185 	 0.000000 
14593.884766 	 32208.626953 	 7043.419434 	 -239.777359 	 -142.498871 	 -97.084946 	 8.000000 
12330.372070 	 31050.638672 	 5517.184082 	 -318.792542 	 -101.611099 	 -39.172905 	 2.000000 
11925.260742 	 31433.347656 	 7035.600586 	 -293.668762 	 -155.022980 	 -71.748459 	 3.000000 
13611.127930 	 31469.148438 	 5244.409668 	 -269.810394 	 -128.332581 	 -33.227463 	 4.000000 
13126.314453 	 29301.371094 	 7659.880859 	 -311.553497 	 -36.835941 	 -65.063354 	 3.000000 
13407.886719 	 30624.199219 	 7395.708008 	 -301.178833 	 -128.806305 	 -147.750549 	 3.000000 
14249.829102 	 29707.246094 	 7168.418457 	 -278.475861 	 -34.284374 	 -22.676958 	 3.000000 
14218.292969 	 30722.833984 	 6979.461914 	 -308.447632 	 -56.331738 	 -132.050064 	 3.000000 
15081.488281 	 31523.724609 	 6282.338867 	 -274.204895 	 -60.498436 	 -16.498241 	 3.000000 
14861.337891 	 31257.873047 	 6305.920898 	 -291.867767 	 -94.650360 	 -62.576050 	 3.000000 
13479.821289 	 31021.785156 	 6797.261719 	 -273.330841 	 -118.256874 	 -76.122398 	 3.000000 
12343.605469 	 31445.587891 	 5059.576660 	 -314.815887 	 -140.197174 	 -69.275688 	 4.000000 
13080.273438 	 31352.382812 	 5069.376465 	 -276.246277 	 -126.629143 	 -54.344940 	 4.000000 
12850.655273 	 29643.816406 	 7447.967773 	 -337.981689 	 -6.355384 	 -41.160656 	 3.000000 
14236.056641 	 30203.878906 	 7458.530762 	 -288.378387 	 -91.505295 	 -110.707199 	 3.000000 
15300.312500 	 31368.382812 	 7312.302246 	 -235.870270 	 -127.447647 	 -98.319084 	 7.000000 
14401.109375 	 31042.617188 	 5727.538086 	 -256.886200 	 -150.422562 	 -33.597046 	 3.000000 
15301.353516 	 31206.812500 	 6297.368652 	 -258.559143 	 -74.661362 	 -64.764099 	 3.000000 
13845.010742 	 29769.085938 	 7306.936035 	 -287.311493 	 -16.977114 	 -24.180506 	 3.000000 
14736.234375 	 29690.173828 	 7480.903320 	 -265.066254 	 -62.620796 	 -51.328220 	 3.000000 
13089.136719 	 30686.154297 	 6588.082520 	 -265.514221 	 -33.591106 	 -124.683182 	 3.000000 
15407.214844 	 31571.763672 	 6171.296387 	 -256.240051 	 -50.378845 	 -19.259205 	 3.000000 
12053.601562 	 30514.378906 	 6516.216797 	 -287.445099 	 -39.761044 	 -35.379898 	 3.000000 
12558.757812 	 31430.634766 	 5067.491211 	 -307.273529 	 -132.261963 	 -61.065605 	 4.000000 
14127.450195 	 30065.160156 	 7712.629883 	 -276.618378 	 -92.304543 	 -94.324509 	 3.000000 
15050.916992 	 29991.656250 	 7468.532227 	 -260.705688 	 -72.819550 	 -71.977562 	 3.000000 
13799.125977 	 30714.458984 	 6501.663086 	 -277.419281 	 -47.990898 	 17.449272 	 3.000000 
13121.610352 	 31366.296875 	 8178.651367 	 -291.453461 	 -143.321182 	 -92.656578 	 6.000000 
14871.202148 	 31608.697266 	 5356.772949 	 -226.553040 	 -103.298988 	 -49.699802 	 4.000000 
13393.075195 	 30524.058594 	 6127.207031 	 -291.570221 	 5.965190 	 20.518202 	 3.000000 
13114.715820 	 30018.638672 	 7367.485352 	 -328.129211 	 -33.505287 	 -76.460365 	 3.000000 
14773.807617 	 31934.539062 	 5484.514160 	 -237.974487 	 -85.862587 	 -45.788738 	 4.000000 
12526.571289 	 30619.873047 	 5641.138672 	 -311.262817 	 -31.576906 	 -24.757416 	 0.000000 
12343.697266 	 30494.218750 	 6487.416992 	 -261.997772 	 -81.496170 	 -14.018958 	 3.000000 
13240.436523 	 31194.429688 	 5931.389648 	 -260.903900 	 -177.040512 	 -55.135483 	 3.000000 
13287.454102 	 32358.341797 	 5188.760742 	 -269.926575 	 -153.598480 	 -80.855827 	 5.000000 
13697.620117 	 31234.894531 	 5652.102539 	 -257.338715 	 -130.807831 	 -26.244896 	 3.000000 
12935.328125 	 31453.134766 	 5145.333008 	 -286.348419 	 -133.655502 	 -58.210403 	 4.000000 
13226.119141 	 29513.880859 	 7924.491211 	 -293.112335 	 -84.821754 	 -96.969139 	 3.000000 
12837.941406 	 30008.140625 	 7088.509277 	 -278.537384 	 -40.344410 	 -95.016800 	 3.000000 
12689.048828 	 31111.111328 	 7891.007812 	 -296.953522 	 -156.943436 	 -104.607040 	 6.000000 
14332.236328 	 31070.306641 	 6249.148438 	 -358.085327 	 -103.607048 	 -42.552372 	 3.000000 
14840.277344 	 31055.679688 	 6587.365723 	 -307.542084 	 -62.046490 	 -106.279198 	 3.000000 
14629.446289 	 31376.964844 	 6295.526367 	 -309.629944 	 -91.244179 	 -77.812088 	 3.000000 
13181.246094 	 30643.291016 	 6902.105469 	 -299.564545 	 -162.115509 	 -88.331940 	 3.000000 
12400.789062 	 31002.076172 	 7937.121582 	 -290.654083 	 -144.567459 	 -107.844238 	 6.000000 
12138.429688 	 30389.849609 	 6975.673340 	 -286.720093 	 -125.452927 	 -23.004339 	 3.000000 
11912.026367 	 29788.039062 	 7022.242676 	 -317.029785 	 -27.697067 	 -46.248890 	 3.000000 
11858.728516 	 29950.099609 	 7190.626465 	 -293.214172 	 -30.976570 	 -65.802437 	 3.000000 
12937.709961 	 31055.371094 	 6017.185547 	 -259.591797 	 -165.432297 	 -55.686867 	 3.000000 
13416.531250 	 30539.880859 	 6556.117676 	 -365.948700 	 9.300122 	 -162.551224 	 3.000000 
14655.293945 	 31483.359375 	 6513.107422 	 -267.502136 	 -149.060516 	 -110.713776 	 3.000000 
15562.160156 	 31299.955078 	 6252.553223 	 -244.283936 	 -74.033798 	 -58.433537 	 3.000000 
13715.000977 	 30281.591797 	 6143.017578 	 -296.370575 	 3.123469 	 1.343993 	 0.000000 
14665.837891 	 30913.964844 	 6749.046387 	 -313.859741 	 -14.464674 	 -50.007847 	 3.000000 
12508.766602 	 30481.693359 	 6711.617676 	 -238.269470 	 -106.761360 	 -12.664456 	 3.000000 
12778.843750 	 30871.765625 	 7250.424316 	 -252.355942 	 -140.373840 	 -167.662308 	 3.000000 
13194.942383 	 30413.525391 	 6936.490723 	 -239.003906 	 10.882390 	 -118.346329 	 3.000000 
12985.796875 	 31053.097656 	 5979.736328 	 -262.233490 	 -164.470764 	 -46.871002 	 3.000000 
11800.578125 	 31279.910156 	 6717.197266 	 -300.054535 	 -148.389282 	 -60.305088 	 3.000000 
