66165.906250 	 58149.597656 	 18960.947266 	 69.606316 	 32.606339 	 219.255157 	 1.000000 
65917.890625 	 58087.234375 	 19105.359375 	 83.747429 	 3.147116 	 266.058472 	 1.000000 
66129.000000 	 57980.218750 	 18864.291016 	 -24.267776 	 220.051849 	 310.102875 	 1.000000 
66297.078125 	 58405.937500 	 19000.417969 	 14.004692 	 60.599674 	 296.252502 	 1.000000 
66424.460938 	 58170.386719 	 18768.625000 	 176.592072 	 102.481293 	 219.925949 	 1.000000 
66102.578125 	 58214.683594 	 19020.052734 	 -112.896446 	 217.154709 	 170.265289 	 1.000000 
66153.773438 	 57898.968750 	 19024.597656 	 -8.929789 	 -96.157928 	 132.507492 	 1.000000 
66350.984375 	 58222.578125 	 19122.025391 	 -8.201215 	 -78.779457 	 159.511612 	 1.000000 
66287.468750 	 58123.781250 	 18912.841797 	 8.557016 	 -0.033885 	 495.556671 	 1.000000 
66129.843750 	 57880.839844 	 18857.509766 	 0.731950 	 175.479233 	 334.906342 	 1.000000 
66346.242188 	 58259.226562 	 18815.388672 	 143.562988 	 -42.735970 	 122.687408 	 1.000000 
66213.882812 	 58104.230469 	 19034.632812 	 -44.733253 	 67.780296 	 435.638123 	 1.000000 
66021.617188 	 58020.812500 	 18836.843750 	 204.638504 	 67.977379 	 135.468842 	 1.000000 
65993.507812 	 58175.394531 	 18997.728516 	 101.052040 	 46.863991 	 358.932037 	 1.000000 
66206.460938 	 58023.773438 	 18898.681641 	 217.697998 	 -61.087574 	 264.041595 	 1.000000 
66421.367188 	 58301.515625 	 18855.705078 	 62.951195 	 6.009483 	 297.072174 	 1.000000 
66095.078125 	 58172.894531 	 19162.712891 	 269.880432 	 -73.107033 	 204.139801 	 1.000000 
66403.296875 	 58244.683594 	 18851.757812 	 118.175743 	 150.085815 	 307.418396 	 1.000000 
66302.195312 	 58083.964844 	 18974.406250 	 -26.282267 	 163.220322 	 146.634735 	 1.000000 
66168.773438 	 58273.929688 	 19057.052734 	 169.364731 	 165.628601 	 364.116302 	 1.000000 
66242.078125 	 58068.394531 	 18847.271484 	 302.124512 	 110.463615 	 272.069000 	 1.000000 
66218.140625 	 58177.964844 	 18993.978516 	 -18.248281 	 -231.849426 	 452.365997 	 1.000000 
66279.234375 	 58422.957031 	 18954.677734 	 50.618816 	 2.054021 	 362.424316 	 1.000000 
66189.148438 	 58111.847656 	 18912.890625 	 57.339722 	 -211.276184 	 179.802826 	 1.000000 
66049.921875 	 58129.718750 	 18803.199219 	 21.907309 	 37.525158 	 244.870071 	 1.000000 
66150.625000 	 58083.441406 	 18894.300781 	 102.137665 	 226.761536 	 38.835506 	 1.000000 
66219.929688 	 58211.761719 	 18966.656250 	 74.114929 	 -234.819397 	 441.404816 	 1.000000 
66200.960938 	 58157.375000 	 18994.250000 	 -74.750488 	 79.915146 	 -83.624001 	 1.000000 
66227.148438 	 58312.992188 	 19045.851562 	 -16.732204 	 -111.445312 	 142.113174 	 1.000000 
66061.781250 	 58007.832031 	 18866.775391 	 46.710369 	 175.494278 	 393.718781 	 1.000000 
66192.984375 	 58213.175781 	 19065.974609 	 -169.707397 	 -111.028931 	 281.548828 	 1.000000 
66309.085938 	 58102.027344 	 19008.732422 	 46.371082 	 148.352921 	 51.937447 	 1.000000 
66210.062500 	 58007.804688 	 18798.921875 	 138.669601 	 67.938019 	 158.189041 	 1.000000 
66140.625000 	 58212.390625 	 19125.130859 	 -38.399841 	 -96.951447 	 134.640060 	 1.000000 
66098.101562 	 58129.886719 	 18814.603516 	 121.016434 	 169.521423 	 245.450775 	 1.000000 
66175.328125 	 58160.339844 	 18756.968750 	 19.455059 	 -215.089249 	 190.224136 	 1.000000 
66178.617188 	 58385.750000 	 19063.453125 	 65.619232 	 -0.300503 	 368.334198 	 1.000000 
66039.992188 	 57978.425781 	 19067.519531 	 132.181900 	 230.745316 	 262.950623 	 1.000000 
66250.671875 	 58297.632812 	 18911.837891 	 -120.486549 	 -10.159901 	 192.881470 	 1.000000 
66246.265625 	 58218.871094 	 19193.994141 	 53.759109 	 187.007858 	 193.148499 	 1.000000 
66365.351562 	 58121.273438 	 18989.537109 	 -91.097687 	 -68.442314 	 56.091084 	 1.000000 
66190.523438 	 58133.019531 	 18839.919922 	 87.748291 	 -193.390884 	 243.922729 	 1.000000 
65972.921875 	 58087.988281 	 18995.208984 	 103.170410 	 82.960381 	 275.394836 	 1.000000 
66154.742188 	 58115.515625 	 18861.498047 	 -95.939835 	 59.946732 	 237.066010 	 1.000000 
66089.882812 	 58235.230469 	 19189.923828 	 260.839203 	 -65.938705 	 230.302383 	 1.000000 
66054.031250 	 57993.328125 	 18854.359375 	 154.237869 	 165.005035 	 220.804031 	 1.000000 
66106.398438 	 58244.781250 	 18816.587891 	 76.957016 	 151.129425 	 43.477402 	 1.000000 
66208.882812 	 58272.855469 	 18786.904297 	 -27.394459 	 136.388260 	 25.808962 	 1.000000 
66122.132812 	 58056.378906 	 18858.335938 	 318.248657 	 -73.004608 	 169.311249 	 1.000000 
66076.539062 	 58032.277344 	 18757.318359 	 49.214561 	 225.531448 	 289.331390 	 1.000000 
66303.148438 	 58407.972656 	 19101.484375 	 -61.822201 	 27.991743 	 318.657135 	 1.000000 
66112.851562 	 58174.707031 	 18716.310547 	 95.530937 	 141.529099 	 131.842743 	 1.000000 
66262.531250 	 58115.550781 	 19070.648438 	 -101.123039 	 37.123901 	 414.560699 	 1.000000 
66277.539062 	 58262.828125 	 18876.859375 	 -194.503204 	 38.093559 	 215.221817 	 1.000000 
66135.437500 	 58167.089844 	 18961.535156 	 -23.415079 	 -339.908203 	 287.459991 	 1.000000 
66145.335938 	 58275.722656 	 18952.322266 	 74.785332 	 -27.231850 	 87.518967 	 1.000000 
66171.125000 	 58101.054688 	 18803.199219 	 -67.795319 	 -202.140381 	 221.059219 	 1.000000 
66204.867188 	 57987.957031 	 18998.669922 	 134.552567 	 -18.761219 	 172.022964 	 1.000000 
66181.945312 	 57965.796875 	 18737.804688 	 180.330368 	 -145.996017 	 248.591400 	 1.000000 
66199.281250 	 58057.367188 	 18983.500000 	 247.100891 	 57.293343 	 406.245758 	 1.000000 
66144.429688 	 58325.804688 	 18900.564453 	 -27.498589 	 76.431412 	 181.079178 	 1.000000 
66053.429688 	 58108.855469 	 19120.878906 	 181.511627 	 232.765717 	 167.555984 	 1.000000 
66265.960938 	 58310.972656 	 19211.138672 	 89.499283 	 94.657730 	 160.214722 	 1.000000 
66141.960938 	 57991.804688 	 18740.496094 	 187.937637 	 127.497772 	 73.911247 	 1.000000 
66304.960938 	 58344.046875 	 18978.978516 	 222.159683 	 -57.606869 	 259.981018 	 1.000000 
66220.687500 	 57969.835938 	 19008.730469 	 58.429211 	 98.103760 	 60.427402 	 1.000000 
66121.820312 	 57945.214844 	 18980.148438 	 62.580879 	 28.059868 	 117.179192 	 1.000000 
66256.671875 	 58241.332031 	 19116.849609 	 26.002005 	 249.957062 	 199.635208 	 1.000000 
66149.062500 	 58169.964844 	 19082.878906 	 -171.921432 	 -112.457047 	 223.967880 	 1.000000 
66053.015625 	 58080.929688 	 18975.929688 	 -43.041485 	 -2.219221 	 365.129272 	 1.000000 
65966.046875 	 58083.882812 	 19112.169922 	 36.698837 	 -162.597336 	 227.715057 	 1.000000 
66185.781250 	 57871.527344 	 19039.759766 	 -28.082726 	 -142.122635 	 153.659561 	 1.000000 
66065.554688 	 58026.980469 	 18862.236328 	 254.836670 	 73.327225 	 41.911884 	 1.000000 
66393.015625 	 58295.785156 	 18804.638672 	 61.755733 	 -20.129726 	 313.070099 	 1.000000 
66206.195312 	 58373.000000 	 19050.603516 	 226.042435 	 6.040396 	 21.072353 	 1.000000 
66096.484375 	 58041.730469 	 18780.695312 	 45.562046 	 226.952545 	 315.351685 	 1.000000 
66243.898438 	 58103.339844 	 19053.720703 	 177.756775 	 216.829514 	 -22.767822 	 1.000000 
66114.734375 	 58196.746094 	 18801.701172 	 103.701660 	 23.339294 	 303.307159 	 1.000000 
65933.867188 	 58144.148438 	 19103.843750 	 6.481233 	 -145.380249 	 199.082626 	 1.000000 
66254.359375 	 58292.960938 	 18974.394531 	 61.779083 	 -54.968983 	 379.883667 	 1.000000 
66432.843750 	 57642.539062 	 19637.412109 	 26.743382 	 -9.003376 	 137.298386 	 1.000000 
66272.187500 	 57643.585938 	 19748.556641 	 -38.660992 	 134.384552 	 159.357086 	 1.000000 
66416.875000 	 57608.949219 	 19624.085938 	 84.494423 	 -54.476059 	 119.671875 	 1.000000 
66468.664062 	 57504.375000 	 19722.722656 	 69.932755 	 -80.062187 	 53.726734 	 1.000000 
66450.671875 	 57561.203125 	 19663.761719 	 223.296402 	 27.534733 	 53.673981 	 1.000000 
66280.656250 	 57475.125000 	 19640.062500 	 88.855499 	 80.314735 	 27.465870 	 1.000000 
66454.992188 	 57541.406250 	 19654.675781 	 128.616333 	 -72.006340 	 32.765411 	 1.000000 
66284.476562 	 57582.367188 	 19739.898438 	 134.931046 	 -17.636770 	 95.417915 	 1.000000 
66426.703125 	 57621.832031 	 19634.023438 	 22.318985 	 3.269217 	 92.732727 	 1.000000 
66389.500000 	 57611.578125 	 19634.722656 	 -25.164558 	 -148.211884 	 -20.469122 	 1.000000 
66421.734375 	 57635.191406 	 19755.480469 	 176.585495 	 -26.237518 	 160.647415 	 1.000000 
66329.851562 	 57711.371094 	 19638.462891 	 -12.791389 	 -121.495682 	 33.568043 	 1.000000 
66403.132812 	 57490.933594 	 19543.724609 	 32.473633 	 78.245552 	 19.232658 	 1.000000 
66471.429688 	 57585.714844 	 19615.207031 	 -116.139641 	 -136.995071 	 214.926224 	 1.000000 
66261.523438 	 57515.277344 	 19620.125000 	 125.939758 	 -56.276535 	 118.271538 	 1.000000 
66414.789062 	 57618.585938 	 19641.562500 	 5.925935 	 -80.116562 	 -7.063496 	 1.000000 
66465.546875 	 57646.113281 	 19617.167969 	 0.749756 	 163.033951 	 207.366470 	 1.000000 
66412.234375 	 57557.527344 	 19481.939453 	 -107.811134 	 75.434166 	 193.425369 	 1.000000 
66373.164062 	 57553.003906 	 19644.791016 	 -20.902409 	 -42.732868 	 -40.909466 	 1.000000 
66402.539062 	 57666.859375 	 19527.070312 	 38.599228 	 69.985107 	 184.643250 	 1.000000 
66373.335938 	 57613.558594 	 19630.382812 	 -2.590281 	 -183.915298 	 39.048851 	 1.000000 
66554.007812 	 57699.359375 	 19556.687500 	 23.396912 	 -13.358880 	 -8.083020 	 1.000000 
66436.835938 	 57682.007812 	 19650.447266 	 44.403587 	 -109.831444 	 202.556473 	 1.000000 
66198.015625 	 57611.285156 	 19570.253906 	 160.090317 	 -83.986443 	 114.114136 	 1.000000 
66440.414062 	 57556.542969 	 19615.191406 	 104.704742 	 -25.625401 	 -30.104088 	 1.000000 
66433.156250 	 57644.792969 	 19519.310547 	 192.181427 	 88.781281 	 147.599396 	 1.000000 
66304.367188 	 57626.656250 	 19600.392578 	 71.810089 	 -7.530798 	 13.393659 	 1.000000 
66402.312500 	 57660.667969 	 19576.503906 	 -86.809944 	 156.997208 	 263.634247 	 1.000000 
66314.453125 	 57690.996094 	 19640.949219 	 125.433998 	 94.555107 	 99.089058 	 1.000000 
66504.078125 	 57549.253906 	 19751.941406 	 -25.825008 	 -124.499527 	 59.905182 	 1.000000 
66342.515625 	 57496.941406 	 19494.996094 	 107.750488 	 -33.025848 	 92.043892 	 1.000000 
66341.179688 	 57566.632812 	 19493.873047 	 102.281631 	 -37.233738 	 50.229336 	 1.000000 
66403.125000 	 57545.082031 	 19595.007812 	 96.802467 	 -144.954422 	 158.867828 	 1.000000 
66457.992188 	 57621.191406 	 19699.292969 	 61.350864 	 -45.803406 	 -52.707790 	 1.000000 
66402.687500 	 57634.457031 	 19539.792969 	 -107.844597 	 42.308250 	 160.519760 	 1.000000 
66454.625000 	 57730.406250 	 19674.791016 	 -65.768326 	 -94.654800 	 -6.502852 	 1.000000 
66231.046875 	 57558.617188 	 19567.158203 	 61.601818 	 59.939255 	 233.469666 	 1.000000 
66459.187500 	 57681.812500 	 19652.367188 	 39.806213 	 67.252609 	 247.943069 	 1.000000 
66314.937500 	 57532.390625 	 19599.974609 	 190.201141 	 -53.353222 	 59.719707 	 1.000000 
66329.203125 	 57623.539062 	 19776.234375 	 101.428085 	 -31.012720 	 118.052818 	 1.000000 
66497.789062 	 57476.492188 	 19684.283203 	 -5.232620 	 116.938576 	 36.223965 	 1.000000 
66394.070312 	 57620.218750 	 19496.939453 	 15.372016 	 -32.614357 	 293.401764 	 1.000000 
66349.070312 	 57684.746094 	 19572.328125 	 -3.966151 	 -178.872818 	 97.998573 	 1.000000 
66421.539062 	 57512.289062 	 19605.283203 	 -61.351521 	 40.819092 	 113.296478 	 1.000000 
66500.093750 	 57629.812500 	 19636.558594 	 83.713318 	 -173.753357 	 166.603241 	 1.000000 
66399.531250 	 57643.101562 	 19583.636719 	 261.482178 	 5.548582 	 45.126095 	 1.000000 
66420.640625 	 57666.437500 	 19633.652344 	 116.713387 	 143.408646 	 10.564687 	 1.000000 
67160.226562 	 56481.531250 	 18151.804688 	 28.123194 	 -5.928859 	 208.110382 	 1.000000 
67078.632812 	 56523.500000 	 18014.386719 	 63.278984 	 -113.154549 	 111.832664 	 1.000000 
67091.539062 	 56500.332031 	 18025.861328 	 14.195247 	 -4.722940 	 321.397034 	 1.000000 
67046.250000 	 56369.207031 	 18078.724609 	 21.599495 	 50.393349 	 225.704147 	 1.000000 
67006.570312 	 56477.667969 	 17932.130859 	 -116.012833 	 -28.977812 	 162.885864 	 1.000000 
67130.210938 	 56574.125000 	 17927.580078 	 84.122627 	 -41.295307 	 159.909073 	 1.000000 
67135.796875 	 56484.242188 	 18038.835938 	 -39.574215 	 104.607780 	 173.703964 	 1.000000 
66476.164062 	 57626.570312 	 18040.824219 	 95.674202 	 43.756474 	 277.469788 	 1.000000 
66366.742188 	 57627.546875 	 18154.646484 	 98.569435 	 100.688934 	 313.740234 	 1.000000 
66449.093750 	 57578.644531 	 17990.138672 	 159.232910 	 118.675484 	 234.192444 	 1.000000 
66501.296875 	 57615.058594 	 18070.330078 	 168.962280 	 93.916672 	 151.868256 	 1.000000 
66460.101562 	 57664.539062 	 18026.890625 	 174.665344 	 91.938202 	 383.543732 	 1.000000 
66547.312500 	 57681.710938 	 18019.777344 	 165.457230 	 28.063843 	 293.521545 	 1.000000 
66475.921875 	 57661.960938 	 18080.173828 	 135.623856 	 131.919678 	 203.401031 	 1.000000 
65985.585938 	 58859.269531 	 18655.812500 	 57.450184 	 -29.113377 	 192.225754 	 1.000000 
65300.800781 	 59269.144531 	 18143.382812 	 25.792700 	 94.417191 	 266.414703 	 3.000000 
65276.093750 	 59274.617188 	 18093.316406 	 65.251343 	 88.263268 	 328.652771 	 3.000000 
65294.652344 	 59247.605469 	 18165.412109 	 90.239799 	 98.677704 	 302.988556 	 3.000000 
66307.234375 	 57867.332031 	 18588.216797 	 35.513832 	 -38.394272 	 230.904022 	 1.000000 
66842.898438 	 57249.933594 	 17845.080078 	 -65.286453 	 -76.162079 	 227.351074 	 1.000000 
66852.664062 	 57237.421875 	 17799.248047 	 -61.231602 	 -31.752172 	 276.937866 	 1.000000 
66905.710938 	 57210.429688 	 17866.414062 	 -63.214966 	 -104.335266 	 209.804535 	 1.000000 
66915.445312 	 57262.917969 	 17873.357422 	 -64.855431 	 -75.273163 	 175.273926 	 1.000000 
66442.765625 	 57318.558594 	 18627.802734 	 -92.546471 	 -32.744068 	 207.701950 	 1.000000 
66530.070312 	 57305.812500 	 18560.363281 	 -89.938736 	 -36.776058 	 243.122467 	 1.000000 
66525.039062 	 57353.546875 	 18516.468750 	 6.881050 	 63.887241 	 220.216782 	 1.000000 
66553.632812 	 57373.824219 	 18547.916016 	 -62.787155 	 -51.197884 	 233.575012 	 1.000000 
66403.304688 	 57297.070312 	 18605.287109 	 -106.222267 	 -34.555305 	 236.542648 	 1.000000 
66527.429688 	 57359.328125 	 18506.519531 	 8.437834 	 67.428612 	 239.485626 	 1.000000 
66582.484375 	 56528.601562 	 18298.958984 	 49.934166 	 -2.580280 	 202.104065 	 1.000000 
66362.257812 	 56828.277344 	 18356.140625 	 53.654045 	 22.853804 	 214.553329 	 1.000000 
66359.992188 	 56852.359375 	 18344.417969 	 -15.938846 	 -28.089359 	 213.007065 	 1.000000 
66332.343750 	 56808.011719 	 18364.898438 	 23.819933 	 77.552917 	 230.256042 	 1.000000 
66395.820312 	 57331.714844 	 17389.574219 	 102.572853 	 49.010918 	 253.551224 	 1.000000 
66109.125000 	 57673.824219 	 19117.406250 	 49.323696 	 151.517868 	 252.270050 	 1.000000 
66115.820312 	 57642.570312 	 19160.240234 	 47.979065 	 112.676277 	 238.624374 	 1.000000 
67741.226562 	 57372.429688 	 20287.369141 	 106.971886 	 -43.674294 	 186.289673 	 1.000000 
66888.039062 	 57354.867188 	 19986.121094 	 -93.782318 	 -90.110191 	 223.603134 	 1.000000 
66875.984375 	 57375.000000 	 19973.804688 	 -38.232960 	 -65.317711 	 210.172989 	 1.000000 
66875.500000 	 57361.867188 	 19981.363281 	 -113.059418 	 -52.474640 	 225.248138 	 1.000000 
66867.953125 	 57303.515625 	 19886.589844 	 30.283434 	 26.154488 	 125.983780 	 1.000000 
66084.070312 	 58180.695312 	 19261.882812 	 167.349991 	 -4.050389 	 145.548813 	 1.000000 
66702.625000 	 56501.679688 	 18212.205078 	 61.439392 	 -7.561509 	 237.697983 	 1.000000 
66171.781250 	 57353.015625 	 19756.775391 	 101.723007 	 -83.936607 	 92.182877 	 1.000000 
66162.109375 	 57326.921875 	 19740.306641 	 110.749748 	 -62.493191 	 88.092285 	 1.000000 
65614.664062 	 59287.992188 	 19388.654297 	 -100.831039 	 -56.058323 	 185.071716 	 1.000000 
67420.382812 	 57038.777344 	 20384.193359 	 84.179367 	 -32.035667 	 211.854538 	 1.000000 
65322.289062 	 58481.832031 	 19260.228516 	 32.286167 	 -22.897924 	 106.099236 	 1.000000 
66362.265625 	 57984.480469 	 18725.126953 	 18.613483 	 -115.828537 	 227.094925 	 1.000000 
66321.523438 	 58020.695312 	 18750.962891 	 253.928070 	 43.056282 	 173.751038 	 1.000000 
66644.921875 	 56371.500000 	 18261.957031 	 57.307064 	 14.332572 	 219.136078 	 1.000000 
66188.734375 	 57284.867188 	 19043.875000 	 27.777237 	 90.973976 	 260.556915 	 1.000000 
66769.210938 	 57806.386719 	 19552.705078 	 -48.430847 	 31.249023 	 201.341873 	 1.000000 
66650.031250 	 57484.320312 	 19671.542969 	 79.409492 	 56.687237 	 146.325989 	 1.000000 
66408.187500 	 57840.417969 	 19914.425781 	 -11.088082 	 -36.171707 	 66.166069 	 1.000000 
65417.097656 	 58915.808594 	 17785.517578 	 -29.471167 	 -8.375937 	 257.616730 	 3.000000 
65058.230469 	 59288.128906 	 19416.175781 	 -42.292793 	 10.594441 	 90.535469 	 1.000000 
65836.273438 	 56562.414062 	 19257.964844 	 158.746918 	 97.079369 	 166.489212 	 1.000000 
66074.578125 	 57900.273438 	 19151.671875 	 161.581100 	 -10.351712 	 248.679916 	 1.000000 
66582.695312 	 57582.445312 	 17777.242188 	 79.124733 	 48.815704 	 312.759369 	 1.000000 
66589.257812 	 57541.171875 	 17775.382812 	 41.643909 	 -0.168654 	 275.378601 	 1.000000 
65019.148438 	 58599.839844 	 19445.341797 	 -3.466224 	 -16.385353 	 122.088989 	 1.000000 
66948.554688 	 57732.835938 	 18333.978516 	 15.514003 	 61.322544 	 220.585327 	 2.000000 
66933.070312 	 57720.468750 	 21144.042969 	 18.327003 	 -118.782211 	 202.569672 	 1.000000 
66941.085938 	 57734.273438 	 21159.648438 	 21.905403 	 -149.162613 	 205.963272 	 1.000000 
65777.398438 	 57711.796875 	 19067.652344 	 -59.075020 	 91.656998 	 218.481583 	 1.000000 
65783.328125 	 57662.367188 	 19064.943359 	 89.964943 	 42.262661 	 122.533707 	 1.000000 
66447.375000 	 57100.859375 	 18233.906250 	 41.895790 	 57.202278 	 196.855072 	 1.000000 
65163.691406 	 57022.460938 	 20416.894531 	 149.387878 	 88.262924 	 145.514709 	 4.000000 
66299.414062 	 57392.144531 	 19237.363281 	 -91.360588 	 13.816674 	 240.931671 	 1.000000 
66543.390625 	 57747.871094 	 20662.671875 	 7.161160 	 -103.918343 	 166.581772 	 1.000000 
65860.070312 	 57746.394531 	 19014.316406 	 100.856384 	 63.255161 	 96.842735 	 1.000000 
65844.734375 	 57708.339844 	 19041.609375 	 95.497406 	 70.440269 	 95.814346 	 1.000000 
66429.773438 	 57600.882812 	 17865.671875 	 106.453438 	 66.801178 	 341.009766 	 1.000000 
66401.625000 	 57627.449219 	 17871.828125 	 69.171257 	 97.825478 	 285.344421 	 1.000000 
65891.546875 	 58528.613281 	 17502.083984 	 -40.011230 	 -39.025585 	 239.581161 	 1.000000 
65891.710938 	 58542.859375 	 17508.992188 	 -30.642786 	 -29.584103 	 236.332794 	 1.000000 
65889.656250 	 58556.636719 	 17499.679688 	 -29.586916 	 -63.532166 	 242.901337 	 1.000000 
65737.953125 	 57786.199219 	 18989.603516 	 10.658853 	 87.313362 	 141.501129 	 1.000000 
66801.062500 	 57880.230469 	 19726.773438 	 -47.784367 	 53.825600 	 177.173752 	 1.000000 
66825.843750 	 57890.605469 	 19700.353516 	 -50.148159 	 34.431393 	 187.041473 	 1.000000 
66630.820312 	 57319.832031 	 19882.496094 	 -110.581406 	 -46.184967 	 219.453232 	 1.000000 
66630.796875 	 57334.398438 	 19859.246094 	 -108.815308 	 -16.306776 	 226.933136 	 1.000000 
66542.343750 	 58252.992188 	 18906.410156 	 -101.224686 	 63.666637 	 188.873108 	 1.000000 
66632.429688 	 56812.027344 	 17856.712891 	 50.482063 	 12.166037 	 169.112350 	 1.000000 
65426.238281 	 58883.531250 	 19469.322266 	 -78.019417 	 -61.375507 	 164.974350 	 1.000000 
67057.648438 	 57459.093750 	 17653.205078 	 -64.800621 	 -84.575111 	 230.413956 	 1.000000 
67051.843750 	 57470.261719 	 17659.542969 	 -70.227043 	 -88.539330 	 205.153458 	 1.000000 
66312.296875 	 57362.160156 	 19782.742188 	 -120.021461 	 56.775093 	 177.824646 	 1.000000 
66332.664062 	 57366.898438 	 19755.482422 	 -140.137695 	 37.979073 	 242.764938 	 1.000000 
66296.414062 	 57392.527344 	 19779.982422 	 41.133293 	 -65.954994 	 8.060662 	 1.000000 
67852.171875 	 57457.574219 	 20543.632812 	 146.491806 	 -62.410385 	 170.439865 	 1.000000 
66566.703125 	 57763.484375 	 19795.414062 	 -43.237972 	 -29.662668 	 94.647728 	 1.000000 
66164.257812 	 57472.378906 	 18967.728516 	 51.189594 	 118.021599 	 274.345642 	 1.000000 
65745.359375 	 57292.140625 	 19693.771484 	 175.923309 	 111.722313 	 135.953018 	 1.000000 
66609.539062 	 57218.976562 	 18337.898438 	 32.716106 	 66.656036 	 190.506073 	 1.000000 
66470.406250 	 57954.953125 	 18166.544922 	 178.974136 	 81.189941 	 243.191818 	 1.000000 
64889.476562 	 59411.582031 	 19284.306641 	 -130.193024 	 -1.702906 	 157.163040 	 1.000000 
64897.875000 	 59412.621094 	 19267.878906 	 -124.461700 	 -0.285503 	 178.663666 	 1.000000 
67603.734375 	 57537.746094 	 20400.396484 	 69.056747 	 24.005861 	 260.292877 	 1.000000 
66235.898438 	 57352.015625 	 19944.425781 	 31.776892 	 -12.912409 	 56.774330 	 1.000000 
65413.367188 	 58713.847656 	 18893.691406 	 92.511208 	 25.456516 	 295.243286 	 1.000000 
67305.648438 	 57227.875000 	 18116.703125 	 51.623268 	 34.630737 	 193.409760 	 1.000000 
65697.382812 	 58470.750000 	 17918.761719 	 93.396271 	 38.299942 	 282.272339 	 1.000000 
67411.257812 	 56778.734375 	 17960.253906 	 -10.797106 	 89.674179 	 231.422256 	 1.000000 
65173.804688 	 58978.089844 	 18048.859375 	 -33.502705 	 6.846462 	 252.760834 	 3.000000 
65820.585938 	 57879.378906 	 19029.175781 	 -48.133457 	 81.977692 	 336.293488 	 1.000000 
65809.265625 	 57872.519531 	 19055.974609 	 -48.449841 	 71.429375 	 327.502380 	 1.000000 
67304.890625 	 56799.562500 	 20300.632812 	 103.407768 	 -51.048992 	 169.014282 	 1.000000 
65361.496094 	 59537.503906 	 18582.335938 	 22.361599 	 74.227066 	 181.891205 	 1.000000 
65118.816406 	 59553.285156 	 19321.378906 	 -127.302513 	 -28.741186 	 178.051682 	 1.000000 
66618.382812 	 57736.472656 	 20767.566406 	 1.772578 	 -110.183472 	 172.688644 	 1.000000 
66615.968750 	 57710.242188 	 20767.119141 	 -16.561981 	 -107.335228 	 168.877350 	 1.000000 
66368.289062 	 57832.132812 	 18066.980469 	 205.673004 	 88.931862 	 227.600433 	 1.000000 
66597.820312 	 57398.746094 	 19666.859375 	 -14.408869 	 87.285522 	 100.173134 	 1.000000 
66458.929688 	 58338.566406 	 18815.912109 	 12.781723 	 144.603836 	 327.605194 	 1.000000 
66459.140625 	 58351.542969 	 18835.240234 	 29.768778 	 124.229919 	 335.919739 	 1.000000 
67426.421875 	 57024.234375 	 20529.554688 	 -34.893799 	 -64.054893 	 299.010620 	 1.000000 
67136.171875 	 57061.722656 	 20692.697266 	 2.404253 	 -90.790253 	 246.900574 	 1.000000 
66328.578125 	 57425.199219 	 19824.429688 	 11.473546 	 28.609653 	 28.129690 	 1.000000 
67542.632812 	 57748.617188 	 20505.171875 	 -58.524418 	 -132.415970 	 242.752563 	 1.000000 
67160.218750 	 56827.625000 	 19866.535156 	 45.991489 	 49.624588 	 225.667892 	 1.000000 
66404.328125 	 57147.308594 	 20457.960938 	 -6.183537 	 -56.637390 	 158.967148 	 1.000000 
66389.179688 	 57160.179688 	 20413.103516 	 11.902962 	 -52.121056 	 150.124924 	 1.000000 
66484.304688 	 58033.171875 	 18602.253906 	 17.813625 	 19.009901 	 346.061890 	 1.000000 
66413.242188 	 57591.160156 	 19796.408203 	 135.358414 	 -87.600380 	 98.951874 	 1.000000 
66210.539062 	 57456.507812 	 20013.072266 	 34.183594 	 -87.882988 	 63.943642 	 1.000000 
67009.593750 	 56938.441406 	 20906.783203 	 66.129501 	 -99.437927 	 199.572968 	 1.000000 
66940.140625 	 58005.894531 	 19020.792969 	 -18.686453 	 77.641014 	 186.347626 	 1.000000 
65661.890625 	 57346.410156 	 17790.048828 	 168.901108 	 92.491447 	 191.320587 	 1.000000 
66457.578125 	 57147.945312 	 18110.740234 	 25.874781 	 52.079914 	 174.919037 	 1.000000 
66316.226562 	 57699.484375 	 19196.904297 	 173.516693 	 171.279449 	 154.115448 	 1.000000 
66190.320312 	 57493.976562 	 19337.574219 	 191.219986 	 149.911789 	 141.879303 	 1.000000 
66197.500000 	 57503.000000 	 19331.121094 	 188.282394 	 160.118240 	 144.471069 	 1.000000 
65441.128906 	 58179.101562 	 19523.435547 	 38.359291 	 -40.074127 	 102.779198 	 1.000000 
65945.070312 	 58312.542969 	 20183.208984 	 -25.895672 	 -87.747963 	 142.691345 	 1.000000 
65687.671875 	 58173.687500 	 18934.828125 	 132.062317 	 -45.301075 	 84.690781 	 1.000000 
65714.117188 	 58167.554688 	 18962.361328 	 157.300842 	 -11.282247 	 89.895706 	 1.000000 
67751.218750 	 56866.679688 	 19714.515625 	 -58.100002 	 -72.103958 	 262.664551 	 1.000000 
65656.250000 	 58347.375000 	 18807.371094 	 114.283279 	 -49.297443 	 132.071350 	 1.000000 
66150.289062 	 58289.710938 	 18672.654297 	 76.558327 	 -153.392181 	 171.585159 	 1.000000 
65070.304688 	 56685.921875 	 20013.857422 	 156.651154 	 83.836815 	 159.563538 	 4.000000 
67266.101562 	 57721.738281 	 19932.990234 	 105.646957 	 -16.781843 	 92.148453 	 1.000000 
64947.187500 	 59296.246094 	 19831.976562 	 94.598518 	 131.807175 	 98.045578 	 1.000000 
66769.367188 	 56837.703125 	 18199.763672 	 69.956024 	 39.234188 	 199.879456 	 1.000000 
65591.789062 	 58510.394531 	 17459.564453 	 104.131676 	 49.887672 	 264.584412 	 1.000000 
66565.765625 	 56441.519531 	 18417.697266 	 60.242680 	 15.909876 	 208.362854 	 1.000000 
66863.710938 	 56901.546875 	 19194.826172 	 -62.278435 	 -12.717546 	 223.154343 	 1.000000 
67631.218750 	 56724.851562 	 19151.955078 	 49.204742 	 38.158356 	 202.404770 	 1.000000 
67093.570312 	 57711.078125 	 19534.064453 	 29.995104 	 -34.536102 	 85.464256 	 1.000000 
67367.671875 	 57637.355469 	 20058.218750 	 28.768021 	 46.480122 	 225.903534 	 1.000000 
66345.320312 	 57867.503906 	 19493.244141 	 -50.064240 	 -34.512283 	 90.368492 	 1.000000 
66602.570312 	 57420.570312 	 18278.875000 	 26.386097 	 59.819420 	 263.523010 	 1.000000 
66046.890625 	 57533.136719 	 19112.605469 	 -74.639587 	 70.579407 	 224.554016 	 1.000000 
66044.171875 	 57534.941406 	 19099.654297 	 -77.658524 	 60.299152 	 218.653473 	 1.000000 
66304.164062 	 57350.554688 	 20195.554688 	 24.718496 	 12.233555 	 118.943924 	 1.000000 
66298.078125 	 57357.242188 	 20197.621094 	 23.813860 	 8.346981 	 101.990334 	 1.000000 
66882.734375 	 57747.488281 	 20894.066406 	 19.897791 	 -101.968437 	 187.759979 	 1.000000 
65715.117188 	 58091.046875 	 19627.355469 	 -24.690371 	 -96.158173 	 134.347717 	 1.000000 
67397.695312 	 56550.160156 	 18119.554688 	 -12.108858 	 2.704345 	 265.803986 	 1.000000 
66502.867188 	 56593.761719 	 18068.667969 	 47.168179 	 5.856923 	 141.664917 	 1.000000 
65086.031250 	 58850.507812 	 19424.441406 	 -56.665901 	 -28.137684 	 162.793182 	 1.000000 
66146.156250 	 57264.820312 	 19253.728516 	 179.509445 	 142.905182 	 162.028336 	 1.000000 
66271.398438 	 58784.832031 	 18513.789062 	 61.768547 	 -26.438694 	 205.987228 	 1.000000 
64909.531250 	 58692.062500 	 19141.947266 	 -32.878460 	 -14.132858 	 211.838104 	 1.000000 
66540.546875 	 57511.066406 	 17907.435547 	 148.635605 	 55.846729 	 309.601074 	 1.000000 
66420.843750 	 58393.699219 	 19163.154297 	 102.712036 	 -39.485756 	 237.728226 	 1.000000 
67124.789062 	 56083.156250 	 19487.216797 	 19.828617 	 -5.318022 	 220.266357 	 6.000000 
66056.609375 	 58423.140625 	 17767.570312 	 -52.348503 	 -58.582813 	 241.487320 	 1.000000 
65716.468750 	 57593.980469 	 17700.980469 	 82.835434 	 3.426244 	 275.333618 	 1.000000 
65692.421875 	 57797.738281 	 19008.816406 	 18.272129 	 129.342697 	 234.805847 	 1.000000 
65672.796875 	 57796.050781 	 19003.449219 	 121.404037 	 -29.243471 	 125.042046 	 1.000000 
66094.250000 	 57145.929688 	 18335.998047 	 44.826305 	 52.414307 	 205.562622 	 1.000000 
65074.597656 	 56737.847656 	 20156.935547 	 152.271317 	 84.397240 	 150.898163 	 4.000000 
66137.140625 	 58358.300781 	 17304.068359 	 -39.043884 	 -43.109035 	 231.388824 	 1.000000 
66805.867188 	 56604.476562 	 18198.304688 	 46.129650 	 3.486407 	 157.707855 	 1.000000 
66347.992188 	 57954.757812 	 19022.044922 	 -114.884544 	 25.888609 	 132.753174 	 1.000000 
66509.914062 	 56615.441406 	 18398.289062 	 27.663019 	 -24.496271 	 213.649765 	 1.000000 
65776.273438 	 58554.367188 	 19448.363281 	 164.457977 	 87.633179 	 88.275368 	 1.000000 
67037.367188 	 57693.746094 	 19567.371094 	 25.810808 	 -37.507019 	 106.244179 	 1.000000 
67035.382812 	 57715.253906 	 19591.792969 	 17.091557 	 -29.625002 	 102.773544 	 1.000000 
67022.414062 	 57697.519531 	 19555.949219 	 13.252974 	 -46.687553 	 88.717484 	 1.000000 
67125.640625 	 57267.933594 	 20295.482422 	 102.374954 	 37.679996 	 180.898209 	 1.000000 
66779.781250 	 56694.445312 	 17782.794922 	 61.500889 	 -7.485316 	 159.817932 	 1.000000 
67501.570312 	 57609.730469 	 20234.292969 	 136.112640 	 -28.929695 	 126.591194 	 1.000000 
67116.148438 	 57886.558594 	 19300.376953 	 2.733536 	 77.582878 	 194.549103 	 1.000000 
66589.187500 	 57815.886719 	 19739.527344 	 -24.871769 	 45.382095 	 199.120346 	 1.000000 
65395.988281 	 58572.328125 	 19009.107422 	 81.836342 	 7.922114 	 136.383636 	 1.000000 
65971.148438 	 58277.625000 	 18881.568359 	 118.047874 	 -109.874222 	 147.863785 	 1.000000 
65725.804688 	 57645.214844 	 19063.285156 	 78.179192 	 32.182514 	 125.157532 	 1.000000 
67383.156250 	 56958.734375 	 20213.593750 	 -43.436398 	 -50.854000 	 281.749786 	 1.000000 
67247.046875 	 57439.343750 	 20252.007812 	 -66.474251 	 -118.268738 	 243.919632 	 1.000000 
66489.242188 	 57031.855469 	 18027.121094 	 37.551094 	 39.178013 	 190.341873 	 1.000000 
66753.359375 	 57359.503906 	 17320.498047 	 131.960861 	 51.300697 	 231.037109 	 1.000000 
66037.890625 	 58060.824219 	 18731.654297 	 -61.008999 	 134.699951 	 113.323784 	 1.000000 
66251.554688 	 58255.375000 	 18694.695312 	 6.515845 	 79.996986 	 224.527023 	 1.000000 
66297.515625 	 57175.214844 	 20249.785156 	 18.049353 	 -39.529438 	 118.004333 	 1.000000 
66020.414062 	 58279.570312 	 18697.791016 	 153.276672 	 -32.277676 	 206.026825 	 1.000000 
66484.539062 	 57432.617188 	 20480.718750 	 40.104828 	 25.195637 	 166.994949 	 1.000000 
66535.125000 	 57024.292969 	 18123.119141 	 -57.556984 	 -41.329552 	 222.079147 	 1.000000 
65885.875000 	 58159.531250 	 18849.585938 	 222.773666 	 -32.688297 	 136.406555 	 1.000000 
65935.312500 	 58396.597656 	 19284.269531 	 -10.884852 	 -37.294605 	 230.619904 	 1.000000 
65935.085938 	 57664.765625 	 19645.849609 	 1.223902 	 27.300236 	 105.939209 	 1.000000 
67258.976562 	 57104.617188 	 18163.208984 	 -82.171074 	 -67.174973 	 205.267212 	 1.000000 
67040.671875 	 59074.519531 	 19644.343750 	 -77.984680 	 -76.248177 	 202.884735 	 11.000000 
66947.234375 	 56599.507812 	 18630.130859 	 -57.421490 	 -30.132475 	 184.572861 	 1.000000 
65482.488281 	 58902.324219 	 18065.710938 	 72.039116 	 60.771122 	 283.561768 	 3.000000 
65636.960938 	 57280.300781 	 19455.724609 	 185.609955 	 111.912643 	 156.971298 	 1.000000 
65781.648438 	 57751.964844 	 18926.433594 	 -28.493313 	 104.917603 	 190.035965 	 1.000000 
66398.257812 	 57223.710938 	 20409.658203 	 -10.059050 	 -53.966465 	 165.607422 	 1.000000 
66399.726562 	 57202.960938 	 20434.410156 	 8.488108 	 -62.565590 	 144.388153 	 1.000000 
65358.339844 	 59179.125000 	 19573.958984 	 60.929871 	 66.930305 	 202.529602 	 1.000000 
67202.265625 	 56513.378906 	 18136.578125 	 118.411125 	 -53.655140 	 172.772629 	 1.000000 
66241.265625 	 57340.125000 	 19419.359375 	 108.688972 	 19.790916 	 69.952148 	 1.000000 
65674.867188 	 58665.113281 	 19973.181641 	 -41.648003 	 -69.852478 	 140.655289 	 1.000000 
66424.765625 	 58300.101562 	 19021.066406 	 38.055058 	 -21.416014 	 206.090210 	 1.000000 
65852.335938 	 58430.828125 	 17722.904297 	 -34.320095 	 -41.185791 	 244.835403 	 1.000000 
66379.320312 	 57284.539062 	 17808.914062 	 133.620743 	 14.982244 	 299.229370 	 1.000000 
66118.242188 	 57698.222656 	 17475.681641 	 104.619545 	 0.992133 	 276.864899 	 1.000000 
66688.648438 	 56500.687500 	 18927.443359 	 -4.113530 	 14.194987 	 185.633820 	 1.000000 
65088.054688 	 56943.296875 	 20193.734375 	 156.177917 	 85.737312 	 152.389252 	 4.000000 
66430.390625 	 57226.242188 	 20350.697266 	 -27.013994 	 -44.246181 	 173.236221 	 1.000000 
65127.714844 	 58990.332031 	 19422.552734 	 -71.705582 	 -35.534706 	 148.522202 	 1.000000 
66030.421875 	 57904.574219 	 18745.855469 	 70.106476 	 110.430649 	 173.836243 	 1.000000 
66195.367188 	 58021.988281 	 18482.974609 	 -92.978302 	 -95.699997 	 300.663757 	 1.000000 
66598.867188 	 57484.757812 	 18326.232422 	 36.454159 	 65.984932 	 255.148010 	 1.000000 
65831.937500 	 58606.316406 	 17513.769531 	 -28.853319 	 -43.542717 	 241.037415 	 1.000000 
65685.734375 	 58622.355469 	 19465.119141 	 123.270630 	 10.047010 	 247.872147 	 1.000000 
65539.843750 	 58773.179688 	 19470.167969 	 91.076050 	 27.075138 	 200.294952 	 1.000000 
66858.515625 	 56640.386719 	 17724.734375 	 -16.174946 	 -118.450867 	 246.264389 	 1.000000 
65575.921875 	 59183.363281 	 19514.875000 	 29.687225 	 16.704643 	 226.221146 	 1.000000 
65310.214844 	 58345.375000 	 19128.041016 	 84.726982 	 10.347917 	 122.935966 	 1.000000 
65707.000000 	 56291.457031 	 19179.203125 	 157.062271 	 88.397484 	 163.431564 	 1.000000 
65798.984375 	 57996.503906 	 19463.548828 	 69.301102 	 -59.117844 	 79.161339 	 1.000000 
67550.882812 	 57006.125000 	 20153.875000 	 102.324524 	 -51.037312 	 174.464432 	 1.000000 
67183.539062 	 56619.550781 	 17943.929688 	 52.491631 	 81.525909 	 78.715050 	 1.000000 
65606.234375 	 57839.531250 	 17874.597656 	 80.665192 	 11.032399 	 281.969971 	 1.000000 
66855.960938 	 56756.808594 	 17800.160156 	 75.780983 	 16.484653 	 142.931732 	 1.000000 
66533.078125 	 57539.429688 	 19402.935547 	 97.029602 	 53.178902 	 107.730293 	 1.000000 
66411.179688 	 57445.496094 	 19821.750000 	 144.407349 	 28.454088 	 116.711281 	 1.000000 
66338.656250 	 57582.468750 	 19241.976562 	 150.721191 	 170.501633 	 164.420517 	 1.000000 
66330.414062 	 57574.851562 	 19256.548828 	 161.479980 	 178.253967 	 171.705643 	 1.000000 
65866.867188 	 59157.582031 	 18874.583984 	 130.555664 	 75.623940 	 114.994476 	 1.000000 
67027.742188 	 57722.367188 	 21012.287109 	 25.769983 	 -127.640694 	 196.459595 	 1.000000 
65804.539062 	 57571.363281 	 19637.027344 	 188.937836 	 111.627785 	 124.858147 	 1.000000 
65850.593750 	 57751.300781 	 18827.578125 	 139.491867 	 29.938776 	 116.980789 	 1.000000 
65451.023438 	 59512.371094 	 18891.896484 	 18.956276 	 68.913483 	 169.411407 	 1.000000 
65701.937500 	 58591.617188 	 17609.121094 	 -13.974004 	 -17.534796 	 254.082413 	 1.000000 
66207.726562 	 57555.335938 	 19289.562500 	 190.364502 	 149.177292 	 145.082504 	 1.000000 
66235.015625 	 57542.808594 	 19286.199219 	 172.430420 	 152.845688 	 137.307312 	 1.000000 
65979.164062 	 57929.960938 	 18747.107422 	 200.257492 	 102.611237 	 139.453415 	 1.000000 
65798.343750 	 58592.113281 	 18333.406250 	 106.689049 	 30.714005 	 302.069794 	 1.000000 
66856.242188 	 57863.664062 	 19920.056641 	 -22.828369 	 43.872555 	 168.771851 	 1.000000 
67248.125000 	 56400.117188 	 18334.425781 	 9.853364 	 53.632278 	 125.539154 	 1.000000 
67563.757812 	 57113.226562 	 20303.261719 	 121.199356 	 -69.712708 	 161.290405 	 1.000000 
66409.109375 	 57293.226562 	 17705.550781 	 69.344849 	 78.216721 	 254.786880 	 1.000000 
65672.617188 	 57932.445312 	 19004.146484 	 40.212540 	 140.793457 	 222.162048 	 1.000000 
66140.406250 	 57642.566406 	 18412.115234 	 9.396419 	 105.191307 	 216.453827 	 1.000000 
66558.500000 	 58086.968750 	 19032.009766 	 -17.714811 	 -59.994709 	 78.849800 	 1.000000 
67151.234375 	 56102.125000 	 19450.861328 	 9.644385 	 -8.618409 	 217.387131 	 6.000000 
66435.304688 	 59081.574219 	 20984.263672 	 21.331120 	 -33.240395 	 148.141541 	 10.000000 
66516.015625 	 57416.902344 	 18011.378906 	 52.162773 	 58.115604 	 228.738937 	 1.000000 
66390.390625 	 57823.074219 	 19705.082031 	 -71.623383 	 -86.751534 	 195.076035 	 1.000000 
66853.664062 	 56770.628906 	 17840.138672 	 41.758759 	 -70.634155 	 274.458740 	 1.000000 
65941.250000 	 58185.582031 	 19243.226562 	 93.775421 	 122.935555 	 171.219360 	 1.000000 
66626.093750 	 57289.093750 	 17818.931641 	 81.142166 	 23.852692 	 263.859344 	 1.000000 
66727.710938 	 57597.757812 	 17699.664062 	 84.409378 	 20.352682 	 295.889008 	 1.000000 
66219.687500 	 57786.574219 	 18869.863281 	 -12.443568 	 9.254101 	 327.743378 	 1.000000 
67387.117188 	 57668.957031 	 19664.085938 	 35.631317 	 70.408005 	 207.053787 	 1.000000 
66440.156250 	 57312.949219 	 19531.189453 	 90.960342 	 24.545832 	 102.352966 	 1.000000 
65128.632812 	 58703.308594 	 20475.482422 	 111.164375 	 100.255249 	 121.430344 	 9.000000 
66806.203125 	 57061.343750 	 20471.070312 	 52.490246 	 -54.393288 	 156.399536 	 1.000000 
65549.531250 	 59100.484375 	 19442.492188 	 65.622337 	 46.125858 	 203.034363 	 1.000000 
67139.242188 	 57589.109375 	 17569.480469 	 -63.511528 	 -80.734886 	 223.191849 	 1.000000 
65488.679688 	 58652.460938 	 19494.242188 	 -66.194801 	 -73.065849 	 156.912109 	 1.000000 
66426.804688 	 57840.390625 	 18332.154297 	 33.468861 	 42.234760 	 303.683929 	 1.000000 
65743.250000 	 58129.992188 	 18012.650391 	 90.373695 	 17.031820 	 294.587128 	 1.000000 
66231.445312 	 58240.382812 	 18480.804688 	 71.896706 	 -90.974037 	 240.665848 	 1.000000 
65059.753906 	 59033.621094 	 18802.369141 	 7.354994 	 44.625546 	 138.131454 	 3.000000 
65625.156250 	 58458.593750 	 17734.562500 	 92.467148 	 38.244625 	 282.611511 	 1.000000 
67236.921875 	 56237.394531 	 19941.449219 	 27.412392 	 -8.590042 	 244.556625 	 6.000000 
65833.046875 	 58560.320312 	 17705.222656 	 107.894417 	 51.683426 	 268.377319 	 1.000000 
65539.054688 	 58887.027344 	 19919.792969 	 -51.797077 	 -56.781036 	 143.741486 	 1.000000 
64974.394531 	 59057.410156 	 18816.619141 	 -0.572357 	 48.125511 	 137.298721 	 3.000000 
65407.464844 	 59060.207031 	 19337.023438 	 64.170982 	 51.875549 	 201.021027 	 1.000000 
67156.992188 	 56529.765625 	 18264.615234 	 -27.388853 	 4.780553 	 191.985062 	 1.000000 
66028.500000 	 58940.285156 	 18637.927734 	 69.014885 	 -18.651525 	 81.037849 	 1.000000 
66812.570312 	 58015.519531 	 19308.800781 	 43.147552 	 113.127655 	 182.952011 	 1.000000 
66359.257812 	 57398.769531 	 19505.187500 	 136.667038 	 17.910622 	 72.591331 	 1.000000 
64951.843750 	 59216.332031 	 19902.720703 	 94.788124 	 131.425064 	 95.822441 	 1.000000 
66874.898438 	 57016.824219 	 20667.927734 	 11.935082 	 -85.980087 	 217.982208 	 1.000000 
67298.546875 	 57085.257812 	 18166.177734 	 -92.590118 	 -73.527023 	 203.463791 	 1.000000 
66268.062500 	 57391.382812 	 19385.990234 	 173.377213 	 152.931625 	 144.217667 	 1.000000 
66052.031250 	 57474.882812 	 19700.912109 	 -10.638535 	 20.741720 	 73.438774 	 1.000000 
66269.609375 	 56797.945312 	 18260.949219 	 6.610759 	 52.222828 	 155.673492 	 1.000000 
66340.343750 	 57376.167969 	 19202.427734 	 -106.783966 	 5.414943 	 255.098251 	 1.000000 
66367.320312 	 57740.890625 	 18976.246094 	 139.173569 	 -56.316757 	 271.947205 	 1.000000 
65711.828125 	 58644.191406 	 19535.035156 	 114.692101 	 9.618851 	 231.139847 	 1.000000 
65188.265625 	 56929.687500 	 20738.798828 	 149.577560 	 88.417267 	 146.152710 	 4.000000 
66228.281250 	 57474.351562 	 19255.146484 	 27.992273 	 107.438210 	 287.412109 	 1.000000 
66137.656250 	 57453.437500 	 19739.912109 	 64.520119 	 -142.981049 	 182.995712 	 1.000000 
66029.265625 	 58516.683594 	 18558.107422 	 118.480026 	 -1.578186 	 335.017761 	 1.000000 
66671.671875 	 57113.886719 	 19172.361328 	 20.043859 	 88.841293 	 190.775192 	 1.000000 
65963.046875 	 57800.371094 	 19507.187500 	 91.159950 	 -68.233910 	 83.069267 	 1.000000 
67563.429688 	 56843.531250 	 19552.449219 	 114.040894 	 78.372665 	 211.844040 	 1.000000 
66609.500000 	 57645.382812 	 19182.521484 	 -29.047384 	 -48.872650 	 118.163658 	 1.000000 
66486.000000 	 57964.394531 	 18542.134766 	 135.191376 	 171.833450 	 257.373260 	 1.000000 
65883.070312 	 58852.191406 	 18788.625000 	 16.774492 	 90.482353 	 215.959854 	 1.000000 
66349.304688 	 57381.789062 	 17719.787109 	 78.792435 	 86.612045 	 262.359680 	 1.000000 
64869.664062 	 59180.851562 	 18587.994141 	 -54.977901 	 11.110005 	 258.859802 	 3.000000 
66064.656250 	 57592.406250 	 18698.521484 	 -82.883667 	 -12.020688 	 296.770386 	 1.000000 
66296.960938 	 57706.328125 	 18058.269531 	 81.200645 	 47.963764 	 203.869202 	 1.000000 
66530.398438 	 57322.906250 	 19971.906250 	 -90.554878 	 -13.541294 	 179.835541 	 1.000000 
67415.671875 	 57793.867188 	 20279.900391 	 -65.697746 	 -123.247719 	 238.923630 	 1.000000 
65758.718750 	 58526.281250 	 20031.667969 	 -32.991245 	 -73.807114 	 140.894608 	 1.000000 
65000.589844 	 59182.609375 	 19303.232422 	 25.541296 	 90.826683 	 224.936203 	 1.000000 
67438.554688 	 56901.171875 	 17885.761719 	 38.548317 	 -8.177251 	 169.238449 	 1.000000 
65829.210938 	 57789.734375 	 19067.285156 	 18.932228 	 122.683464 	 135.337158 	 1.000000 
67023.781250 	 57063.062500 	 20598.580078 	 2.029665 	 -83.475685 	 225.812805 	 1.000000 
65638.562500 	 58432.515625 	 19611.640625 	 -45.532372 	 -82.681404 	 145.151352 	 1.000000 
65046.441406 	 59262.941406 	 19472.683594 	 -49.406605 	 -6.450171 	 78.386017 	 1.000000 
66482.640625 	 57935.234375 	 18220.783203 	 159.681442 	 80.525658 	 242.488953 	 1.000000 
66674.476562 	 57503.429688 	 19732.058594 	 52.937939 	 34.579655 	 145.516464 	 1.000000 
65276.148438 	 58370.457031 	 19051.511719 	 74.709381 	 -2.599224 	 115.996834 	 1.000000 
67051.226562 	 56108.601562 	 19500.037109 	 8.166807 	 -17.648825 	 223.644608 	 6.000000 
67137.148438 	 59363.296875 	 18463.789062 	 -74.606834 	 -59.278755 	 199.505310 	 0.000000 
65366.359375 	 59269.035156 	 18066.507812 	 20.382607 	 69.204262 	 255.121674 	 3.000000 
66969.554688 	 59172.750000 	 19610.898438 	 -78.709206 	 -76.154884 	 204.630737 	 11.000000 
65541.554688 	 58181.320312 	 18843.349609 	 9.229633 	 121.608337 	 189.217072 	 1.000000 
66024.234375 	 58079.503906 	 18695.552734 	 -66.562134 	 114.017563 	 157.391373 	 1.000000 
65364.093750 	 58467.046875 	 20443.345703 	 128.946350 	 97.517990 	 124.689392 	 9.000000 
65699.195312 	 58712.113281 	 17497.039062 	 -34.504829 	 -34.776905 	 246.174973 	 1.000000 
66025.632812 	 58099.570312 	 18662.056641 	 184.908920 	 -116.043037 	 165.330948 	 1.000000 
65414.925781 	 58384.136719 	 19049.830078 	 107.044273 	 11.403069 	 144.375061 	 1.000000 
65444.121094 	 58721.144531 	 19591.380859 	 84.161064 	 23.860720 	 206.960175 	 1.000000 
65436.019531 	 59231.019531 	 19607.195312 	 57.800789 	 63.832851 	 209.602234 	 1.000000 
65460.277344 	 59230.136719 	 18116.011719 	 45.083111 	 65.160027 	 255.811951 	 3.000000 
65728.445312 	 58589.968750 	 17674.886719 	 103.409508 	 47.399666 	 270.327942 	 1.000000 
65345.773438 	 57680.609375 	 20362.296875 	 150.291962 	 95.001923 	 137.240295 	 5.000000 
66244.085938 	 57783.531250 	 18778.320312 	 -7.688054 	 1.649868 	 303.436859 	 1.000000 
65656.390625 	 57969.058594 	 18291.101562 	 103.453407 	 23.278313 	 302.769684 	 1.000000 
66861.195312 	 56785.441406 	 17750.515625 	 -14.534301 	 -102.274216 	 243.712875 	 1.000000 
66723.226562 	 57891.042969 	 19692.376953 	 98.978165 	 -10.251716 	 110.891731 	 1.000000 
66219.921875 	 57346.453125 	 19677.919922 	 118.014954 	 -22.893568 	 82.455009 	 1.000000 
66597.992188 	 57724.421875 	 19275.105469 	 116.578636 	 164.149002 	 184.700729 	 1.000000 
65254.308594 	 57974.097656 	 21110.771484 	 136.043228 	 91.459717 	 152.404480 	 8.000000 
66573.156250 	 56603.035156 	 19817.833984 	 164.198837 	 99.706245 	 162.229462 	 0.000000 
67511.218750 	 57368.519531 	 20591.566406 	 200.036987 	 42.615543 	 176.837708 	 1.000000 
67462.757812 	 57317.816406 	 20540.447266 	 -45.752365 	 -132.103546 	 264.179565 	 1.000000 
65385.960938 	 59471.011719 	 18571.570312 	 12.013153 	 67.655991 	 187.663483 	 1.000000 
66138.937500 	 56854.550781 	 18312.636719 	 -5.307161 	 -2.971844 	 172.765976 	 1.000000 
66524.992188 	 58164.714844 	 18758.531250 	 59.634964 	 -25.907318 	 284.084717 	 1.000000 
66557.320312 	 58159.273438 	 18735.279297 	 143.471359 	 83.821251 	 230.330643 	 1.000000 
65769.640625 	 58041.710938 	 19671.226562 	 -18.275143 	 -92.415810 	 130.284805 	 1.000000 
66710.734375 	 57347.093750 	 17330.371094 	 132.219543 	 43.935776 	 234.383881 	 1.000000 
66508.515625 	 57614.746094 	 17536.517578 	 175.282684 	 58.559834 	 243.867294 	 1.000000 
65841.570312 	 58098.066406 	 17906.843750 	 3.120118 	 -35.326984 	 279.095612 	 1.000000 
65677.078125 	 58667.031250 	 17575.638672 	 -15.063398 	 -20.964863 	 258.759308 	 1.000000 
66081.703125 	 57903.078125 	 18820.988281 	 87.751602 	 201.404724 	 298.438660 	 1.000000 
66014.359375 	 59058.230469 	 18826.583984 	 129.237000 	 46.531590 	 110.190536 	 1.000000 
66615.539062 	 57227.468750 	 17753.095703 	 -27.428698 	 -64.504112 	 257.061157 	 1.000000 
66655.851562 	 59320.882812 	 19465.246094 	 -86.521599 	 -67.267906 	 199.273605 	 0.000000 
65833.429688 	 57496.183594 	 17849.798828 	 176.394089 	 96.653503 	 198.699310 	 1.000000 
66334.570312 	 57890.085938 	 18812.275391 	 7.217598 	 93.253326 	 366.042969 	 1.000000 
65084.339844 	 58933.531250 	 20173.187500 	 104.288925 	 110.605484 	 109.947189 	 1.000000 
66337.820312 	 57354.585938 	 20145.390625 	 53.438694 	 -23.165752 	 173.092560 	 1.000000 
65591.429688 	 58439.500000 	 19571.144531 	 -47.529507 	 -85.868378 	 147.628662 	 1.000000 
66326.859375 	 58190.558594 	 19285.248047 	 120.368118 	 -3.483747 	 193.645462 	 1.000000 
65426.273438 	 58966.820312 	 19247.291016 	 83.683960 	 46.005058 	 222.549698 	 1.000000 
66327.515625 	 56449.992188 	 20113.728516 	 171.505508 	 86.516579 	 156.985596 	 0.000000 
65103.269531 	 58180.074219 	 20034.132812 	 148.550400 	 110.991615 	 133.147171 	 7.000000 
65771.390625 	 58530.339844 	 17569.802734 	 -13.858794 	 -17.043968 	 255.948151 	 1.000000 
66586.335938 	 57373.125000 	 18841.218750 	 -117.776154 	 -56.599781 	 218.355698 	 1.000000 
66438.406250 	 58103.289062 	 19084.744141 	 -98.136230 	 34.811577 	 306.808990 	 1.000000 
67067.546875 	 57142.101562 	 18382.582031 	 5.126360 	 39.420296 	 156.885818 	 1.000000 
66722.359375 	 57096.382812 	 19707.910156 	 150.348709 	 129.424271 	 153.158432 	 1.000000 
67392.804688 	 57309.304688 	 19489.910156 	 78.086929 	 88.896523 	 204.717773 	 1.000000 
66761.671875 	 56818.167969 	 17600.523438 	 -38.210129 	 -88.656731 	 237.871826 	 1.000000 
66095.640625 	 58117.582031 	 17817.187500 	 -36.966393 	 -58.672131 	 257.645111 	 1.000000 
65738.539062 	 58333.687500 	 18778.871094 	 131.438309 	 -52.785412 	 151.367111 	 1.000000 
66174.101562 	 57412.003906 	 19372.115234 	 183.190140 	 156.839722 	 141.172409 	 1.000000 
66499.562500 	 57669.449219 	 20207.187500 	 2.447110 	 -105.148880 	 105.771164 	 1.000000 
65039.578125 	 59442.484375 	 19303.658203 	 41.193401 	 134.835464 	 266.370117 	 1.000000 
66893.867188 	 57262.613281 	 17998.826172 	 -97.884758 	 -72.479507 	 200.245209 	 1.000000 
65871.492188 	 57759.414062 	 18920.714844 	 -67.065086 	 54.598049 	 325.265625 	 1.000000 
66961.679688 	 56747.195312 	 17891.599609 	 75.253334 	 -13.853623 	 144.231400 	 1.000000 
67118.476562 	 56020.050781 	 19443.171875 	 18.690617 	 1.473215 	 217.857391 	 6.000000 
65224.078125 	 59301.023438 	 19114.349609 	 7.621191 	 54.127827 	 242.005249 	 1.000000 
66221.046875 	 57623.992188 	 18700.925781 	 137.317917 	 86.286034 	 314.797821 	 1.000000 
66702.046875 	 57988.933594 	 18515.457031 	 -14.454275 	 72.088715 	 249.283691 	 1.000000 
66514.515625 	 57258.347656 	 18432.599609 	 8.162800 	 34.503929 	 241.487595 	 1.000000 
66242.218750 	 58466.000000 	 19090.167969 	 117.372108 	 -39.957161 	 245.069611 	 1.000000 
66268.648438 	 57573.390625 	 19468.445312 	 -6.026587 	 33.178501 	 224.599442 	 1.000000 
66476.398438 	 58269.144531 	 19003.423828 	 83.829109 	 1.838987 	 392.815369 	 1.000000 
66600.429688 	 57498.351562 	 19428.517578 	 -65.076096 	 -47.804119 	 71.435555 	 1.000000 
66591.046875 	 57510.218750 	 19416.941406 	 98.785347 	 62.023983 	 126.617966 	 1.000000 
65534.082031 	 58295.339844 	 19030.125000 	 130.253494 	 5.038328 	 140.862961 	 1.000000 
65950.117188 	 58348.253906 	 18795.851562 	 167.921692 	 11.814684 	 186.297867 	 1.000000 
67229.250000 	 57738.886719 	 19851.396484 	 88.571457 	 -23.863306 	 92.598320 	 1.000000 
65434.269531 	 59028.503906 	 19271.742188 	 75.656837 	 55.501160 	 209.036575 	 1.000000 
67259.640625 	 58194.343750 	 17499.824219 	 -55.923996 	 -69.664024 	 198.643234 	 0.000000 
66895.015625 	 57031.839844 	 19562.689453 	 28.438656 	 74.827118 	 204.309921 	 1.000000 
67324.921875 	 58966.132812 	 20076.369141 	 -69.560875 	 -83.159660 	 209.257126 	 11.000000 
67053.210938 	 57579.488281 	 19916.843750 	 -88.823372 	 -111.457581 	 230.155090 	 1.000000 
66641.234375 	 57526.832031 	 17689.673828 	 158.322235 	 29.620508 	 292.399170 	 1.000000 
65782.125000 	 58226.281250 	 19605.291016 	 178.889557 	 99.921059 	 94.287727 	 1.000000 
66655.054688 	 58075.335938 	 20073.810547 	 119.073448 	 -22.798164 	 71.468102 	 1.000000 
65481.531250 	 59348.300781 	 18876.326172 	 11.575293 	 35.039658 	 174.342850 	 1.000000 
66048.953125 	 57825.500000 	 18667.748047 	 80.703461 	 98.803017 	 178.848862 	 1.000000 
65941.195312 	 58450.347656 	 18887.478516 	 71.666168 	 -9.038050 	 179.892365 	 1.000000 
66217.968750 	 58393.003906 	 19105.242188 	 42.599667 	 -29.948395 	 337.194550 	 1.000000 
66335.546875 	 58149.121094 	 19233.638672 	 -102.018776 	 8.503832 	 265.144989 	 1.000000 
66377.789062 	 57418.710938 	 19479.830078 	 124.461571 	 48.105331 	 74.727531 	 1.000000 
67307.078125 	 57063.718750 	 18263.017578 	 -86.542343 	 -71.310120 	 198.430115 	 1.000000 
66678.562500 	 57047.953125 	 20584.583984 	 38.483822 	 -69.118813 	 161.708191 	 1.000000 
65321.703125 	 58603.125000 	 19622.359375 	 162.695526 	 122.710815 	 127.970589 	 1.000000 
66228.343750 	 57994.218750 	 19320.066406 	 80.127075 	 124.522766 	 256.590576 	 1.000000 
65893.468750 	 57880.636719 	 19059.251953 	 105.842957 	 -71.408470 	 379.632446 	 1.000000 
66136.953125 	 57009.562500 	 18521.355469 	 -29.814480 	 21.676609 	 187.638931 	 1.000000 
66445.968750 	 57065.062500 	 17491.322266 	 123.171959 	 35.678257 	 257.251312 	 1.000000 
65500.468750 	 58073.820312 	 21224.781250 	 130.351364 	 76.750671 	 147.851624 	 8.000000 
65198.765625 	 59000.843750 	 17986.031250 	 -34.327404 	 9.997664 	 263.969299 	 3.000000 
66026.218750 	 58980.019531 	 18605.501953 	 82.030891 	 -10.862301 	 99.048470 	 1.000000 
65062.156250 	 56779.351562 	 20050.341797 	 157.978271 	 78.681274 	 158.885788 	 4.000000 
66682.328125 	 57114.769531 	 19677.988281 	 154.935043 	 131.439499 	 154.857925 	 1.000000 
67105.195312 	 57870.804688 	 19239.820312 	 13.654840 	 93.251915 	 199.562210 	 1.000000 
66353.960938 	 57632.570312 	 18045.349609 	 94.196518 	 -6.195689 	 272.339661 	 1.000000 
65990.000000 	 58003.410156 	 18884.783203 	 232.386047 	 29.652563 	 48.873363 	 1.000000 
66010.226562 	 58150.355469 	 18732.498047 	 -15.890968 	 169.174530 	 149.623810 	 1.000000 
66067.500000 	 57554.000000 	 19155.218750 	 -64.232765 	 76.998222 	 207.698776 	 1.000000 
67067.609375 	 56840.750000 	 19520.892578 	 32.762138 	 54.337952 	 211.961929 	 1.000000 
67283.554688 	 57086.109375 	 20923.607422 	 128.056290 	 11.703414 	 202.348709 	 1.000000 
66150.976562 	 59041.656250 	 18772.582031 	 97.609947 	 10.108425 	 127.234856 	 1.000000 
65998.820312 	 59234.433594 	 19104.513672 	 109.811501 	 62.655018 	 115.971199 	 1.000000 
66653.531250 	 58127.375000 	 18423.595703 	 118.210686 	 60.448956 	 299.667999 	 1.000000 
67187.078125 	 56187.628906 	 19573.542969 	 17.545113 	 -10.404106 	 223.601044 	 6.000000 
66912.320312 	 56776.949219 	 18964.871094 	 -60.003345 	 -21.479834 	 212.480865 	 1.000000 
67007.015625 	 56890.882812 	 18308.621094 	 -81.505020 	 -61.378227 	 192.941605 	 1.000000 
67319.578125 	 56923.773438 	 20718.613281 	 0.620197 	 -90.315674 	 294.723785 	 1.000000 
65709.210938 	 58215.359375 	 19248.705078 	 55.977890 	 -74.632454 	 57.639965 	 1.000000 
65172.324219 	 58652.179688 	 18064.832031 	 55.467110 	 44.603882 	 282.305450 	 3.000000 
65769.539062 	 57033.300781 	 19644.341797 	 173.201859 	 107.500153 	 150.664505 	 1.000000 
67200.031250 	 57307.292969 	 20495.814453 	 122.923187 	 16.786770 	 185.144897 	 1.000000 
65733.046875 	 57911.480469 	 19006.130859 	 -26.979128 	 129.746811 	 172.175888 	 1.000000 
66275.460938 	 57715.515625 	 19140.554688 	 174.697144 	 171.927765 	 148.913422 	 1.000000 
67341.039062 	 56728.726562 	 17973.044922 	 -27.754745 	 57.210266 	 219.556229 	 1.000000 
65160.554688 	 57301.933594 	 20751.769531 	 147.796555 	 87.506386 	 147.692978 	 0.000000 
66821.656250 	 57943.808594 	 19740.003906 	 -28.486937 	 53.127068 	 184.823334 	 1.000000 
65267.964844 	 58373.507812 	 18898.185547 	 56.672165 	 -16.001816 	 283.951263 	 1.000000 
66317.484375 	 57776.597656 	 19727.666016 	 91.851357 	 -3.468890 	 2.298004 	 1.000000 
67170.203125 	 57065.859375 	 20917.875000 	 111.880226 	 14.135981 	 198.723526 	 1.000000 
66189.046875 	 58882.234375 	 18766.498047 	 136.238892 	 14.505167 	 116.556908 	 1.000000 
65302.773438 	 59066.367188 	 19472.878906 	 81.951942 	 75.116135 	 259.708405 	 1.000000 
66459.992188 	 57118.113281 	 17523.710938 	 124.676437 	 28.243719 	 257.170715 	 1.000000 
66034.781250 	 59370.011719 	 18973.761719 	 84.583107 	 55.056293 	 119.506821 	 1.000000 
66184.500000 	 57803.386719 	 18580.421875 	 50.451195 	 143.960358 	 267.819763 	 1.000000 
67353.453125 	 57393.707031 	 20381.984375 	 -52.359924 	 -120.836311 	 253.094772 	 1.000000 
65973.515625 	 59273.648438 	 18523.726562 	 45.295502 	 11.097232 	 153.331146 	 1.000000 
66339.000000 	 57956.238281 	 19895.380859 	 45.582626 	 43.806389 	 64.470970 	 1.000000 
65695.406250 	 59274.863281 	 19387.564453 	 -122.809639 	 -58.466591 	 192.487305 	 1.000000 
66005.507812 	 58043.449219 	 19289.423828 	 -31.977087 	 24.107069 	 138.200302 	 1.000000 
66434.000000 	 57714.437500 	 19857.740234 	 2.781694 	 -0.406895 	 56.007023 	 1.000000 
66216.328125 	 57652.746094 	 17826.802734 	 95.569229 	 67.349922 	 309.191071 	 1.000000 
66647.117188 	 57738.128906 	 19301.162109 	 100.923363 	 160.519104 	 190.614334 	 1.000000 
66263.726562 	 59114.550781 	 20830.949219 	 10.965283 	 -31.622833 	 142.084091 	 10.000000 
67118.992188 	 57753.187500 	 19577.875000 	 40.809479 	 -43.694866 	 95.321854 	 1.000000 
65325.722656 	 58562.503906 	 18511.996094 	 82.448090 	 34.098724 	 294.090729 	 1.000000 
67280.953125 	 57493.535156 	 19434.509766 	 53.033298 	 93.742729 	 203.485107 	 1.000000 
67356.132812 	 57482.687500 	 19484.173828 	 53.240253 	 83.543304 	 200.747330 	 1.000000 
67417.421875 	 57370.007812 	 19388.375000 	 67.832069 	 84.485657 	 204.118423 	 1.000000 
66360.867188 	 57754.179688 	 19456.335938 	 74.142220 	 9.341990 	 59.309414 	 1.000000 
65839.625000 	 58278.414062 	 18643.646484 	 130.523483 	 -84.972488 	 120.662041 	 1.000000 
65873.554688 	 57853.890625 	 18971.330078 	 12.665068 	 -71.254875 	 238.911682 	 1.000000 
66088.148438 	 57453.652344 	 19094.033203 	 -82.576912 	 44.554852 	 233.168823 	 1.000000 
66602.906250 	 57690.968750 	 19578.791016 	 35.074177 	 -41.063690 	 1.876674 	 1.000000 
66849.875000 	 57062.460938 	 19475.699219 	 22.002708 	 74.234070 	 206.327271 	 1.000000 
66736.976562 	 57067.363281 	 19404.804688 	 -72.196175 	 2.802615 	 230.064636 	 1.000000 
66973.406250 	 57229.144531 	 20598.703125 	 115.685913 	 20.593307 	 183.843735 	 1.000000 
66561.445312 	 57680.277344 	 20114.900391 	 47.369656 	 -44.554565 	 155.037354 	 1.000000 
66988.875000 	 56309.796875 	 19470.800781 	 -4.442485 	 -8.468884 	 222.925079 	 6.000000 
65126.406250 	 59207.468750 	 19318.486328 	 -52.860947 	 -1.581006 	 103.406342 	 1.000000 
65159.414062 	 59586.664062 	 19343.072266 	 -29.982311 	 61.957657 	 207.454147 	 1.000000 
65475.886719 	 58612.035156 	 18787.462891 	 118.732079 	 28.707483 	 219.624557 	 1.000000 
65867.320312 	 58256.781250 	 19213.492188 	 3.452019 	 57.606407 	 345.657196 	 1.000000 
66446.101562 	 58184.246094 	 19306.714844 	 39.658527 	 64.906380 	 210.585175 	 1.000000 
65884.703125 	 58337.285156 	 19225.355469 	 26.137123 	 -64.347466 	 188.030365 	 1.000000 
67140.187500 	 56909.148438 	 18099.203125 	 -20.826424 	 54.869030 	 212.674896 	 1.000000 
65955.890625 	 57198.367188 	 17771.238281 	 101.762573 	 6.919043 	 275.860901 	 1.000000 
66777.570312 	 57053.582031 	 20837.986328 	 66.980339 	 -17.930218 	 208.473648 	 1.000000 
67145.781250 	 56191.660156 	 19666.416016 	 20.443060 	 -8.578481 	 227.029175 	 6.000000 
64694.597656 	 58873.867188 	 19167.708984 	 -27.188892 	 22.349888 	 120.613472 	 1.000000 
66872.304688 	 57590.421875 	 20504.234375 	 36.231339 	 -4.389564 	 178.607712 	 1.000000 
65151.101562 	 56939.179688 	 20404.218750 	 153.921661 	 102.910210 	 143.519348 	 4.000000 
66250.882812 	 58483.058594 	 19071.962891 	 183.871475 	 -0.237016 	 44.978981 	 1.000000 
66336.039062 	 57061.429688 	 18469.259766 	 -57.284779 	 -9.424790 	 209.279526 	 1.000000 
66602.875000 	 57520.003906 	 20513.001953 	 57.449390 	 42.007404 	 167.809937 	 1.000000 
66391.406250 	 57886.726562 	 19849.763672 	 53.742569 	 18.662840 	 43.174164 	 1.000000 
66201.179688 	 57776.269531 	 18893.384766 	 147.125717 	 130.631989 	 342.011139 	 1.000000 
64779.156250 	 59144.808594 	 19298.054688 	 -74.163231 	 9.554230 	 137.528046 	 1.000000 
65703.609375 	 57898.132812 	 19591.207031 	 17.148144 	 -77.913788 	 128.976471 	 1.000000 
66734.187500 	 58125.511719 	 18424.181641 	 96.664948 	 49.288651 	 295.841675 	 1.000000 
65413.375000 	 56182.117188 	 19472.447266 	 151.706421 	 77.537537 	 160.806183 	 1.000000 
67536.265625 	 57270.742188 	 20667.310547 	 -45.200325 	 -137.060455 	 278.498077 	 1.000000 
66367.234375 	 58341.578125 	 18720.019531 	 141.277359 	 128.599960 	 198.652969 	 1.000000 
66130.359375 	 57764.738281 	 18789.113281 	 66.245575 	 70.663750 	 300.900024 	 1.000000 
65928.367188 	 58992.550781 	 18439.062500 	 115.938080 	 47.905720 	 278.806183 	 1.000000 
67597.953125 	 57329.605469 	 20593.966797 	 197.812408 	 48.302151 	 193.237625 	 1.000000 
65342.332031 	 59237.593750 	 18058.888672 	 49.175526 	 100.923561 	 264.393494 	 3.000000 
66639.562500 	 57698.800781 	 17649.917969 	 72.770355 	 47.383293 	 284.262390 	 1.000000 
65340.851562 	 58180.468750 	 19013.835938 	 76.523315 	 -32.416134 	 274.367676 	 1.000000 
66926.085938 	 56658.933594 	 17964.714844 	 66.914955 	 -49.852856 	 169.783585 	 1.000000 
65814.273438 	 58035.226562 	 19047.820312 	 165.361526 	 -11.668028 	 55.960747 	 1.000000 
67508.414062 	 56790.457031 	 19153.437500 	 -60.942913 	 -52.077461 	 233.740631 	 1.000000 
66929.515625 	 57739.769531 	 20962.222656 	 15.387878 	 -101.216064 	 194.230331 	 1.000000 
65175.218750 	 58236.753906 	 19156.650391 	 48.202274 	 -19.679264 	 180.525833 	 1.000000 
66895.070312 	 57279.457031 	 17774.615234 	 -39.758812 	 -99.582100 	 226.057556 	 1.000000 
66239.289062 	 57699.113281 	 18295.525391 	 -57.151592 	 -72.090958 	 270.872101 	 1.000000 
66791.328125 	 57198.464844 	 20835.166016 	 65.886169 	 21.183352 	 231.959503 	 1.000000 
66525.304688 	 58236.082031 	 18746.638672 	 -13.744678 	 6.879432 	 343.821472 	 1.000000 
67564.523438 	 56870.101562 	 18406.978516 	 -74.621704 	 -64.413750 	 204.709473 	 1.000000 
65399.738281 	 59286.109375 	 18090.359375 	 52.728600 	 65.114578 	 317.640778 	 3.000000 
65347.101562 	 57793.039062 	 20494.369141 	 146.293869 	 93.635834 	 137.063354 	 5.000000 
66366.453125 	 58283.562500 	 18623.957031 	 190.037750 	 63.686150 	 346.011292 	 1.000000 
67270.171875 	 56753.027344 	 17921.105469 	 -18.019335 	 -32.223591 	 129.153534 	 1.000000 
66352.898438 	 57637.875000 	 17824.486328 	 -34.158199 	 -84.496704 	 282.328949 	 1.000000 
66355.062500 	 58319.640625 	 18784.333984 	 22.060795 	 127.133400 	 234.043518 	 1.000000 
66179.023438 	 58364.433594 	 19233.664062 	 101.944168 	 -69.912880 	 196.459000 	 1.000000 
67284.492188 	 59155.703125 	 19974.369141 	 -72.116806 	 -77.348946 	 207.773376 	 11.000000 
66061.460938 	 59281.566406 	 20753.630859 	 0.248996 	 -26.988588 	 140.718414 	 10.000000 
65979.109375 	 58054.000000 	 18781.771484 	 241.208038 	 -45.323181 	 190.916611 	 1.000000 
65055.171875 	 56683.507812 	 20150.650391 	 147.979660 	 91.386467 	 144.499786 	 4.000000 
66656.640625 	 58235.363281 	 18724.355469 	 63.684891 	 60.208130 	 327.446930 	 1.000000 
66869.468750 	 57060.917969 	 20989.451172 	 81.177330 	 -0.899799 	 240.650085 	 1.000000 
66525.820312 	 57463.429688 	 19609.753906 	 -50.251480 	 59.513954 	 185.299118 	 1.000000 
66417.898438 	 58010.535156 	 19857.468750 	 -12.394171 	 -46.704487 	 95.984474 	 1.000000 
66810.796875 	 57489.328125 	 19831.824219 	 3.113257 	 18.187830 	 107.928734 	 1.000000 
65807.812500 	 58239.820312 	 20009.925781 	 -16.709091 	 -83.769165 	 135.076050 	 1.000000 
66249.640625 	 57538.437500 	 19871.632812 	 134.811157 	 17.526686 	 156.809677 	 1.000000 
65429.332031 	 58352.539062 	 18365.431641 	 82.536804 	 24.565859 	 299.510040 	 1.000000 
65886.429688 	 58260.285156 	 19340.931641 	 92.533707 	 30.094236 	 216.434021 	 1.000000 
66642.164062 	 58102.855469 	 18155.839844 	 56.820347 	 20.644327 	 278.991577 	 1.000000 
65870.234375 	 56331.574219 	 19657.419922 	 155.955994 	 86.954605 	 155.029449 	 0.000000 
65861.820312 	 57517.941406 	 17862.851562 	 171.644089 	 93.447968 	 200.627701 	 1.000000 
65880.179688 	 58316.773438 	 19233.062500 	 23.254438 	 -58.385532 	 182.696640 	 1.000000 
66701.734375 	 56626.675781 	 18100.474609 	 66.468369 	 -19.546188 	 177.746338 	 1.000000 
67348.562500 	 57072.746094 	 18924.300781 	 -78.587463 	 -63.203350 	 222.668762 	 0.000000 
66124.632812 	 57482.359375 	 19442.632812 	 201.228775 	 140.958679 	 135.947113 	 1.000000 
66987.460938 	 57765.421875 	 21022.199219 	 27.759577 	 -100.111832 	 195.829575 	 1.000000 
66017.953125 	 57493.824219 	 17952.982422 	 118.072411 	 4.285724 	 292.740875 	 1.000000 
66472.921875 	 57476.058594 	 18212.707031 	 -73.643051 	 -64.967667 	 235.765381 	 1.000000 
66391.015625 	 57369.621094 	 19064.007812 	 -87.824860 	 5.792053 	 238.563248 	 1.000000 
66850.937500 	 56756.203125 	 17990.025391 	 87.905128 	 21.433382 	 174.566238 	 1.000000 
66406.921875 	 57923.851562 	 18960.392578 	 129.824631 	 227.451492 	 162.724777 	 1.000000 
66165.054688 	 58983.988281 	 20756.054688 	 -18.981882 	 -54.823227 	 164.216125 	 10.000000 
65817.445312 	 58606.312500 	 19531.656250 	 -2.905379 	 -69.002632 	 87.229851 	 1.000000 
65889.500000 	 58044.589844 	 18857.488281 	 -14.004604 	 -99.419937 	 193.201630 	 1.000000 
65716.171875 	 56691.378906 	 19765.955078 	 159.101608 	 96.100494 	 145.683746 	 1.000000 
67140.546875 	 57832.933594 	 19848.173828 	 -8.623702 	 49.057232 	 213.140472 	 1.000000 
67454.945312 	 57142.121094 	 17940.703125 	 -81.212479 	 -73.754898 	 204.434387 	 1.000000 
66490.460938 	 57229.863281 	 18443.683594 	 -75.740265 	 -39.486176 	 247.616013 	 1.000000 
67008.609375 	 56735.019531 	 17723.363281 	 10.701144 	 -95.911354 	 275.985748 	 1.000000 
66758.648438 	 57862.265625 	 19598.298828 	 62.955448 	 -41.345814 	 109.653351 	 1.000000 
66240.554688 	 57244.105469 	 20245.511719 	 14.726806 	 -44.852127 	 111.755692 	 1.000000 
67116.859375 	 58756.992188 	 19789.207031 	 -75.653320 	 -86.141487 	 206.019089 	 11.000000 
67141.523438 	 59044.976562 	 19523.892578 	 -82.851128 	 -76.076500 	 209.418137 	 11.000000 
65771.023438 	 59443.925781 	 20420.423828 	 -19.528093 	 -15.895882 	 130.857895 	 0.000000 
65890.562500 	 58271.500000 	 19139.798828 	 231.999969 	 -6.633061 	 266.014435 	 1.000000 
65159.531250 	 59498.066406 	 19647.220703 	 2.782076 	 60.838539 	 218.601929 	 1.000000 
66227.140625 	 57950.675781 	 19143.857422 	 -65.613586 	 180.403259 	 252.669571 	 1.000000 
65969.382812 	 57854.113281 	 18822.556641 	 173.924438 	 97.477829 	 113.191833 	 1.000000 
64907.078125 	 59153.789062 	 18467.746094 	 -47.696327 	 11.861227 	 258.950348 	 3.000000 
66378.601562 	 58699.207031 	 18624.269531 	 82.408737 	 46.804607 	 257.857330 	 1.000000 
65978.789062 	 59771.519531 	 19443.001953 	 -102.712326 	 -46.319569 	 186.526184 	 0.000000 
65084.652344 	 59316.828125 	 19438.984375 	 -35.581394 	 -11.129442 	 77.480759 	 1.000000 
65891.117188 	 58418.695312 	 19244.199219 	 22.030487 	 -53.252682 	 189.152588 	 1.000000 
66651.148438 	 56722.718750 	 18209.533203 	 58.316368 	 -5.959120 	 198.017258 	 1.000000 
65954.632812 	 57993.035156 	 18619.144531 	 57.235870 	 -16.201941 	 281.204712 	 1.000000 
66629.328125 	 58315.019531 	 18839.753906 	 -59.363605 	 93.467270 	 165.426575 	 1.000000 
66376.265625 	 57978.136719 	 19703.306641 	 55.184685 	 25.656475 	 38.897160 	 1.000000 
66420.390625 	 57818.199219 	 20133.523438 	 43.716194 	 55.864967 	 100.450272 	 1.000000 
66827.476562 	 57236.105469 	 20305.669922 	 -36.473854 	 -38.539402 	 221.151733 	 1.000000 
65446.304688 	 58658.652344 	 19323.296875 	 -5.544124 	 -50.857258 	 96.999107 	 1.000000 
66552.054688 	 57456.578125 	 17949.312500 	 61.180481 	 65.993439 	 223.809341 	 1.000000 
67235.507812 	 57770.578125 	 19566.179688 	 15.402998 	 73.473358 	 203.988815 	 1.000000 
66799.664062 	 56929.117188 	 17773.777344 	 -16.777340 	 -83.886055 	 240.694168 	 1.000000 
66048.367188 	 58046.718750 	 18688.972656 	 -71.508400 	 114.432404 	 121.609596 	 1.000000 
65789.390625 	 58213.628906 	 19791.814453 	 -38.150085 	 -97.987251 	 138.334412 	 1.000000 
65620.125000 	 57785.957031 	 19081.789062 	 72.903534 	 -45.019226 	 103.251671 	 1.000000 
65799.007812 	 58102.691406 	 18508.906250 	 89.453964 	 85.191490 	 157.125656 	 1.000000 
65459.210938 	 58591.214844 	 18929.292969 	 49.406452 	 -26.891233 	 123.092789 	 1.000000 
67642.648438 	 57511.546875 	 20034.560547 	 103.318520 	 -42.748711 	 153.342636 	 1.000000 
65709.164062 	 56930.890625 	 19612.015625 	 171.075180 	 103.838882 	 152.985489 	 1.000000 
65076.175781 	 56376.277344 	 19871.949219 	 154.402191 	 74.826508 	 162.434723 	 4.000000 
65742.703125 	 58503.234375 	 19491.042969 	 165.136810 	 93.838570 	 80.432526 	 1.000000 
64940.054688 	 57673.625000 	 20228.615234 	 151.790512 	 101.362511 	 142.210800 	 5.000000 
65608.156250 	 56079.277344 	 19231.779297 	 153.333298 	 78.948128 	 161.058456 	 1.000000 
67204.789062 	 57576.566406 	 19427.238281 	 38.989666 	 95.385178 	 203.961777 	 1.000000 
67570.312500 	 56735.812500 	 19679.289062 	 126.924316 	 73.397484 	 216.276031 	 1.000000 
65802.398438 	 57775.742188 	 18995.011719 	 -69.137901 	 85.189140 	 275.889435 	 1.000000 
66356.781250 	 57601.132812 	 20257.121094 	 4.762978 	 -93.693604 	 108.900314 	 1.000000 
67661.882812 	 56911.101562 	 19829.253906 	 -50.517754 	 -65.015976 	 265.777191 	 1.000000 
66178.289062 	 59070.734375 	 20852.003906 	 -1.328999 	 -38.321514 	 153.749908 	 10.000000 
66563.140625 	 57523.246094 	 19376.511719 	 -75.808960 	 8.116891 	 125.789604 	 1.000000 
65205.894531 	 58665.828125 	 19440.710938 	 -42.867920 	 -42.253841 	 159.288666 	 1.000000 
65694.304688 	 57740.234375 	 18902.234375 	 68.787979 	 56.647976 	 126.242897 	 1.000000 
65674.921875 	 58690.343750 	 19419.476562 	 175.069214 	 105.735443 	 114.893578 	 1.000000 
65383.335938 	 59030.621094 	 19410.599609 	 71.682465 	 58.613533 	 199.551392 	 1.000000 
65317.050781 	 57902.929688 	 20923.693359 	 139.477158 	 92.745567 	 147.038498 	 8.000000 
66439.554688 	 58083.730469 	 18862.707031 	 2.180384 	 87.648682 	 200.573578 	 1.000000 
67472.554688 	 57549.152344 	 20680.585938 	 66.421181 	 -20.510145 	 260.406189 	 1.000000 
66632.312500 	 57845.140625 	 19686.212891 	 -82.724594 	 -14.869210 	 181.983459 	 1.000000 
66710.359375 	 57068.296875 	 20554.195312 	 44.777454 	 -71.761597 	 156.064835 	 1.000000 
67763.976562 	 56840.722656 	 19849.119141 	 -57.032944 	 -77.552467 	 265.718872 	 1.000000 
66199.367188 	 57546.058594 	 19347.900391 	 67.419540 	 29.624264 	 93.262199 	 1.000000 
66147.796875 	 58904.761719 	 20769.683594 	 -20.476839 	 -54.378231 	 167.630127 	 10.000000 
66457.109375 	 57620.199219 	 20367.349609 	 0.567807 	 -94.081207 	 128.791321 	 1.000000 
66289.617188 	 57409.410156 	 20109.566406 	 6.906294 	 -77.520882 	 81.022491 	 1.000000 
66130.257812 	 59138.562500 	 20755.607422 	 6.126792 	 -30.466883 	 142.578812 	 10.000000 
66405.398438 	 58113.316406 	 18699.917969 	 222.540375 	 78.372543 	 139.096542 	 1.000000 
65702.812500 	 59427.906250 	 18576.650391 	 47.508797 	 58.918541 	 120.885452 	 1.000000 
65701.750000 	 58697.519531 	 18721.373047 	 72.339371 	 -26.100803 	 151.340897 	 1.000000 
65089.148438 	 58879.699219 	 18699.857422 	 -1.998585 	 8.638443 	 118.170570 	 3.000000 
65493.328125 	 58054.218750 	 17762.193359 	 62.043163 	 12.372998 	 277.441895 	 1.000000 
65618.945312 	 57920.222656 	 18172.144531 	 92.820923 	 23.591570 	 299.427063 	 1.000000 
66029.656250 	 58847.519531 	 19105.697266 	 161.303391 	 58.164692 	 99.887268 	 1.000000 
65027.585938 	 57644.113281 	 20049.767578 	 157.393799 	 103.093620 	 150.038239 	 5.000000 
65709.085938 	 58368.460938 	 19487.064453 	 193.540878 	 109.921722 	 118.163712 	 1.000000 
65305.039062 	 57156.277344 	 17708.292969 	 157.006104 	 80.076149 	 181.498993 	 0.000000 
66998.234375 	 58005.734375 	 19137.162109 	 -1.878926 	 89.423698 	 191.405090 	 1.000000 
67005.414062 	 57460.761719 	 19146.748047 	 1.288812 	 83.271477 	 200.873154 	 1.000000 
65658.593750 	 58754.390625 	 17518.046875 	 -34.083755 	 -37.906788 	 249.461304 	 1.000000 
66278.867188 	 57926.542969 	 18788.171875 	 -10.097128 	 111.729668 	 366.028503 	 1.000000 
66437.039062 	 56669.074219 	 18065.443359 	 54.018387 	 11.701026 	 196.241409 	 1.000000 
66453.843750 	 57797.175781 	 19591.589844 	 48.659374 	 -136.832382 	 99.009903 	 1.000000 
66164.187500 	 58662.441406 	 19014.201172 	 90.491074 	 -64.899872 	 289.703857 	 1.000000 
67381.023438 	 56949.976562 	 20031.076172 	 -46.667210 	 -47.099812 	 272.590637 	 1.000000 
67701.851562 	 56877.718750 	 19881.773438 	 -51.815632 	 -71.181068 	 266.806488 	 1.000000 
66498.031250 	 57699.347656 	 20730.498047 	 4.579817 	 -116.843147 	 179.706879 	 1.000000 
67226.789062 	 58180.335938 	 19904.027344 	 -76.902000 	 -105.561813 	 218.891724 	 1.000000 
65282.894531 	 59273.773438 	 19828.281250 	 -73.378944 	 -31.845808 	 142.184662 	 1.000000 
64991.972656 	 59432.089844 	 19725.083984 	 98.656334 	 148.886978 	 98.911926 	 1.000000 
66056.453125 	 57077.476562 	 19271.937500 	 172.670425 	 130.643448 	 161.944366 	 1.000000 
67004.671875 	 57287.964844 	 17926.849609 	 -99.751396 	 -76.208832 	 204.392044 	 1.000000 
66683.359375 	 57434.023438 	 18736.210938 	 12.758924 	 90.264977 	 217.723557 	 1.000000 
66538.156250 	 57583.878906 	 18526.951172 	 11.620184 	 86.067917 	 221.106781 	 1.000000 
66274.859375 	 58496.136719 	 19072.275391 	 61.875923 	 -77.014519 	 232.855759 	 1.000000 
66776.578125 	 57128.601562 	 20884.701172 	 67.460045 	 -0.309326 	 226.211227 	 1.000000 
66184.695312 	 57699.710938 	 19527.992188 	 30.446899 	 14.571929 	 214.774506 	 1.000000 
66194.710938 	 57511.277344 	 19926.886719 	 99.465775 	 5.168151 	 174.539032 	 1.000000 
66873.406250 	 57634.078125 	 19481.974609 	 4.928877 	 -84.343407 	 161.540131 	 1.000000 
66762.984375 	 57689.207031 	 19467.748047 	 95.243675 	 39.065224 	 176.179672 	 1.000000 
66181.250000 	 58353.164062 	 18695.218750 	 37.153255 	 -150.607559 	 140.260849 	 1.000000 
65128.660156 	 59464.945312 	 19138.064453 	 -2.954601 	 74.483810 	 253.691818 	 1.000000 
66224.539062 	 57694.125000 	 19459.736328 	 -9.108067 	 17.136795 	 212.220123 	 1.000000 
65466.902344 	 59320.796875 	 18598.998047 	 15.332540 	 45.025314 	 136.953110 	 1.000000 
66874.453125 	 57676.660156 	 19334.259766 	 36.791668 	 -82.737999 	 87.836082 	 1.000000 
66301.625000 	 57560.015625 	 19227.623047 	 168.492722 	 171.625824 	 162.611679 	 1.000000 
66495.070312 	 57229.953125 	 17849.427734 	 124.729965 	 64.519684 	 279.823395 	 1.000000 
66583.812500 	 57593.582031 	 18380.775391 	 103.525146 	 19.005480 	 269.721497 	 1.000000 
65984.335938 	 58248.226562 	 19341.972656 	 179.226028 	 -61.116543 	 204.429398 	 1.000000 
65086.519531 	 56426.847656 	 19889.517578 	 154.734436 	 73.593239 	 165.776932 	 4.000000 
67212.007812 	 57435.019531 	 19096.445312 	 75.615356 	 106.230400 	 190.868088 	 1.000000 
66430.984375 	 56841.183594 	 18181.201172 	 -44.253929 	 -40.000580 	 218.869766 	 1.000000 
65670.500000 	 58994.718750 	 17923.400391 	 -66.545959 	 -40.824631 	 236.413757 	 3.000000 
65767.703125 	 58665.078125 	 17560.779297 	 -18.456444 	 -22.185917 	 255.511276 	 1.000000 
65962.976562 	 57977.050781 	 19176.468750 	 109.003754 	 1.642398 	 139.569153 	 1.000000 
66240.781250 	 57448.269531 	 18478.447266 	 46.516914 	 96.515396 	 227.063751 	 1.000000 
67184.203125 	 57292.968750 	 20360.804688 	 102.373985 	 26.397757 	 187.129303 	 1.000000 
67095.109375 	 59619.859375 	 19646.263672 	 -78.234093 	 -63.538776 	 200.699570 	 0.000000 
65805.734375 	 58240.843750 	 19909.027344 	 -34.855659 	 -93.478615 	 140.501053 	 1.000000 
65858.203125 	 57806.191406 	 18786.419922 	 131.905807 	 69.241241 	 130.322815 	 1.000000 
65443.511719 	 59262.949219 	 18109.490234 	 55.283779 	 78.034821 	 308.513031 	 3.000000 
64945.496094 	 57330.382812 	 20088.925781 	 158.178955 	 95.405930 	 153.692871 	 5.000000 
66954.234375 	 57684.562500 	 18486.996094 	 -6.777514 	 80.237846 	 178.912842 	 2.000000 
67675.539062 	 56531.054688 	 19772.921875 	 138.824753 	 65.230995 	 227.368011 	 1.000000 
65331.316406 	 58468.359375 	 19010.476562 	 86.525620 	 9.430964 	 133.537003 	 1.000000 
64646.851562 	 58938.132812 	 19245.343750 	 -16.662781 	 55.960155 	 231.412262 	 1.000000 
66434.375000 	 58327.656250 	 18967.205078 	 -123.006165 	 60.202900 	 180.775024 	 1.000000 
66722.890625 	 57867.417969 	 19713.230469 	 -55.583351 	 50.574341 	 183.243469 	 1.000000 
66470.015625 	 57230.351562 	 19230.207031 	 -83.229736 	 25.072626 	 233.132965 	 1.000000 
67556.578125 	 56875.707031 	 19557.669922 	 106.976746 	 68.163673 	 207.775848 	 1.000000 
66927.359375 	 57208.253906 	 20193.154297 	 -64.143143 	 -75.193039 	 228.480896 	 1.000000 
66203.843750 	 58229.804688 	 18632.833984 	 -3.055520 	 108.788940 	 188.772964 	 1.000000 
65544.453125 	 58634.503906 	 19205.443359 	 117.858719 	 17.705080 	 217.735931 	 1.000000 
65877.718750 	 58818.523438 	 18626.845703 	 70.874741 	 -20.633949 	 112.720459 	 1.000000 
65636.171875 	 57936.523438 	 18182.628906 	 93.871750 	 18.617102 	 296.507233 	 1.000000 
65917.257812 	 58697.667969 	 19319.017578 	 128.794281 	 -4.958119 	 191.323196 	 1.000000 
66436.976562 	 56440.835938 	 18305.951172 	 36.207771 	 -50.916908 	 234.251923 	 1.000000 
65252.804688 	 58916.175781 	 17967.873047 	 -32.678024 	 -2.149617 	 260.910950 	 3.000000 
66307.210938 	 57690.371094 	 19161.275391 	 182.750992 	 182.711945 	 149.085831 	 1.000000 
66892.617188 	 57069.988281 	 19560.767578 	 32.392292 	 74.563850 	 203.402740 	 1.000000 
68221.468750 	 57291.261719 	 19664.019531 	 -62.812973 	 -97.649826 	 254.231812 	 0.000000 
66341.281250 	 58859.265625 	 20848.396484 	 -13.057555 	 -60.072624 	 166.436920 	 10.000000 
66986.335938 	 57886.804688 	 20947.701172 	 62.035316 	 -100.282280 	 158.267609 	 1.000000 
64791.714844 	 58730.503906 	 19185.320312 	 -15.865507 	 16.288553 	 195.667648 	 1.000000 
66143.382812 	 58819.042969 	 18675.927734 	 139.847794 	 20.911438 	 109.543022 	 1.000000 
66107.164062 	 58627.304688 	 21253.427734 	 93.674263 	 7.758785 	 132.724808 	 0.000000 
65919.156250 	 58264.933594 	 19139.505859 	 71.867668 	 -91.427261 	 150.815659 	 1.000000 
65548.398438 	 58213.320312 	 18374.742188 	 96.865990 	 21.146955 	 303.783936 	 1.000000 
66203.367188 	 56352.964844 	 18347.687500 	 153.768890 	 91.067726 	 170.906387 	 1.000000 
66952.476562 	 56874.695312 	 18262.859375 	 -75.308372 	 -62.735737 	 193.537109 	 1.000000 
66467.398438 	 56751.851562 	 18370.406250 	 23.064217 	 48.209980 	 138.044724 	 1.000000 
66697.289062 	 57208.328125 	 20035.462891 	 -81.595146 	 -47.969402 	 201.429993 	 1.000000 
66490.375000 	 57619.789062 	 19274.255859 	 138.567947 	 171.813858 	 176.232498 	 1.000000 
65373.480469 	 58428.093750 	 19042.218750 	 36.812336 	 -42.675880 	 105.820374 	 1.000000 
66011.078125 	 59309.183594 	 18785.742188 	 84.599823 	 44.839691 	 131.934265 	 1.000000 
66815.843750 	 57777.867188 	 19380.419922 	 24.550930 	 -87.271210 	 139.299545 	 1.000000 
65780.437500 	 57829.375000 	 17273.789062 	 137.951813 	 47.993805 	 229.695358 	 0.000000 
65722.500000 	 58461.781250 	 19616.570312 	 157.780258 	 94.790848 	 87.038239 	 1.000000 
64538.644531 	 58656.304688 	 20045.982422 	 130.654449 	 138.580688 	 141.984619 	 0.000000 
67472.257812 	 57022.792969 	 19419.976562 	 103.089462 	 83.754875 	 207.245193 	 1.000000 
66308.007812 	 56780.265625 	 18468.861328 	 33.972141 	 10.007719 	 257.630768 	 1.000000 
66099.640625 	 57784.566406 	 19251.335938 	 211.082611 	 20.519005 	 245.402786 	 1.000000 
66337.554688 	 57795.453125 	 19895.726562 	 -10.587156 	 -31.252342 	 57.403667 	 1.000000 
67010.750000 	 56909.085938 	 20977.273438 	 69.847809 	 -76.447746 	 217.674530 	 1.000000 
67443.289062 	 57351.855469 	 20510.150391 	 -61.509865 	 -134.599487 	 267.531494 	 1.000000 
67241.250000 	 56841.023438 	 20377.150391 	 106.190498 	 -46.100136 	 176.737106 	 1.000000 
65441.031250 	 59045.152344 	 19878.830078 	 -60.201599 	 -47.273899 	 142.697189 	 1.000000 
65023.281250 	 59061.210938 	 20207.833984 	 107.733559 	 118.705849 	 110.407173 	 1.000000 
67228.507812 	 56426.164062 	 18265.066406 	 12.635715 	 54.284832 	 111.550705 	 1.000000 
66398.187500 	 57788.117188 	 18935.750000 	 151.328644 	 196.358932 	 162.712708 	 1.000000 
67011.078125 	 56742.898438 	 18876.000000 	 24.741671 	 46.064228 	 173.645630 	 1.000000 
66272.328125 	 57083.601562 	 18500.843750 	 -52.595604 	 -1.049123 	 208.875595 	 1.000000 
66048.476562 	 57621.566406 	 19728.335938 	 -29.783159 	 67.190529 	 115.948006 	 1.000000 
67101.203125 	 59252.500000 	 19682.361328 	 -79.810219 	 -74.263756 	 204.796890 	 11.000000 
65890.437500 	 57819.253906 	 19037.275391 	 124.399094 	 103.717133 	 98.378395 	 1.000000 
66104.718750 	 59139.753906 	 18689.437500 	 70.106277 	 9.628749 	 142.385620 	 1.000000 
65151.699219 	 58998.378906 	 18232.427734 	 48.156670 	 62.423309 	 273.827087 	 3.000000 
66518.593750 	 57631.019531 	 17724.796875 	 165.389679 	 19.719641 	 294.414032 	 1.000000 
65053.132812 	 57654.898438 	 20161.515625 	 153.437576 	 100.990608 	 143.159210 	 5.000000 
65703.046875 	 58671.046875 	 19477.119141 	 175.307861 	 100.107361 	 113.472626 	 1.000000 
65999.960938 	 58868.886719 	 19133.621094 	 156.252304 	 56.686554 	 98.318985 	 1.000000 
66393.500000 	 57945.558594 	 19096.548828 	 139.993240 	 204.393585 	 118.983414 	 1.000000 
65838.523438 	 57805.781250 	 19015.380859 	 -52.355385 	 44.312248 	 357.674896 	 1.000000 
66109.140625 	 58433.250000 	 17317.486328 	 -32.831524 	 -43.346855 	 234.157791 	 1.000000 
66083.718750 	 57502.480469 	 19224.210938 	 33.987247 	 124.450005 	 250.607010 	 1.000000 
66167.898438 	 57723.984375 	 19065.728516 	 55.365944 	 142.833862 	 251.641983 	 1.000000 
66614.453125 	 58077.746094 	 19069.787109 	 -9.989902 	 -53.296547 	 94.010956 	 1.000000 
66109.914062 	 57519.804688 	 19183.408203 	 -67.284668 	 67.555916 	 217.432938 	 1.000000 
66151.320312 	 57627.593750 	 19721.417969 	 91.082115 	 35.348743 	 36.993412 	 1.000000 
68289.703125 	 57400.914062 	 19236.392578 	 -65.853287 	 -87.500259 	 235.243881 	 0.000000 
66245.125000 	 57820.921875 	 20237.820312 	 -34.262531 	 -118.083176 	 153.151947 	 1.000000 
66374.429688 	 57552.902344 	 19256.439453 	 149.950317 	 173.953644 	 163.906631 	 1.000000 
65665.695312 	 58689.113281 	 18772.285156 	 103.646690 	 10.341676 	 308.636383 	 1.000000 
65793.960938 	 57720.804688 	 18966.955078 	 103.367332 	 53.462322 	 126.382195 	 1.000000 
65840.304688 	 58626.437500 	 19383.576172 	 181.542618 	 90.678322 	 106.293907 	 1.000000 
66215.585938 	 57462.894531 	 17286.912109 	 166.722626 	 59.924446 	 211.283981 	 1.000000 
65080.511719 	 58359.058594 	 20002.162109 	 142.519653 	 113.952705 	 128.337708 	 7.000000 
66697.359375 	 56765.578125 	 17856.089844 	 -20.407402 	 -81.716835 	 223.653961 	 1.000000 
66888.742188 	 57244.019531 	 17942.269531 	 -43.155834 	 -95.938339 	 197.775314 	 1.000000 
66251.945312 	 58521.429688 	 17492.185547 	 -53.763660 	 -52.477516 	 228.388596 	 1.000000 
66136.132812 	 56761.000000 	 18291.732422 	 42.255032 	 12.319397 	 184.289719 	 1.000000 
66498.375000 	 57989.800781 	 18847.083984 	 13.958205 	 -42.776424 	 178.834641 	 1.000000 
66442.695312 	 57818.964844 	 19510.685547 	 59.538288 	 -75.327209 	 24.731928 	 1.000000 
67684.617188 	 56885.464844 	 19450.998047 	 -62.199730 	 -74.019409 	 250.537689 	 1.000000 
66331.593750 	 57311.226562 	 19827.056641 	 -131.424683 	 17.149239 	 193.455002 	 1.000000 
66143.773438 	 57446.546875 	 19766.269531 	 58.606823 	 -135.023392 	 197.753738 	 1.000000 
66788.234375 	 59544.648438 	 18705.671875 	 -83.388298 	 -56.089802 	 201.598740 	 0.000000 
67070.968750 	 56858.796875 	 20218.412109 	 68.853096 	 -35.296772 	 171.933701 	 1.000000 
66235.640625 	 58432.351562 	 20270.386719 	 124.626846 	 28.786104 	 95.253456 	 1.000000 
65493.980469 	 58614.011719 	 18942.105469 	 74.181046 	 -8.678187 	 126.760811 	 1.000000 
67147.562500 	 57753.714844 	 19714.734375 	 80.786461 	 -25.141150 	 73.957489 	 1.000000 
66444.671875 	 57985.250000 	 18185.609375 	 198.454361 	 82.712936 	 242.575867 	 1.000000 
66644.468750 	 58151.699219 	 18511.230469 	 113.746552 	 73.955162 	 305.787445 	 1.000000 
65594.632812 	 56597.675781 	 19517.818359 	 161.824371 	 89.959351 	 155.039780 	 1.000000 
66324.109375 	 58680.273438 	 17976.169922 	 -71.091934 	 -68.040970 	 228.332001 	 0.000000 
64954.539062 	 59091.167969 	 18513.730469 	 -60.405880 	 -0.601857 	 253.786209 	 3.000000 
65845.140625 	 57580.015625 	 19064.630859 	 62.199516 	 97.344139 	 302.188568 	 1.000000 
67431.039062 	 57515.546875 	 20332.695312 	 -63.791916 	 -130.289307 	 247.915634 	 1.000000 
66116.203125 	 58081.292969 	 20284.630859 	 -13.648513 	 -97.772766 	 141.383133 	 1.000000 
67467.539062 	 59333.660156 	 18926.523438 	 -74.763100 	 -62.409378 	 197.772964 	 0.000000 
65616.750000 	 58687.218750 	 19922.421875 	 -37.823174 	 -63.574547 	 143.954346 	 1.000000 
65203.281250 	 59366.214844 	 19185.722656 	 -11.669454 	 47.377689 	 226.532639 	 1.000000 
65948.414062 	 57702.871094 	 18255.410156 	 117.603569 	 14.862222 	 306.938202 	 1.000000 
66495.546875 	 57619.156250 	 18484.888672 	 29.298645 	 79.271355 	 270.845428 	 1.000000 
65915.664062 	 57000.484375 	 19589.466797 	 168.447632 	 113.596657 	 144.326904 	 1.000000 
66183.335938 	 58502.394531 	 18998.457031 	 -36.457920 	 87.527977 	 302.035614 	 1.000000 
