3740.193604 	 44473.906250 	 15120.712891 	 207.680313 	 156.133148 	 70.822121 	 1.000000 
4242.868164 	 44709.515625 	 14874.589844 	 162.139069 	 206.580154 	 66.428719 	 1.000000 
4251.807129 	 44733.929688 	 14844.728516 	 138.212875 	 205.828644 	 76.051979 	 1.000000 
4834.260742 	 44446.968750 	 16930.177734 	 136.621338 	 228.997391 	 24.961063 	 0.000000 
4029.756348 	 44756.671875 	 15334.197266 	 192.110367 	 167.413452 	 121.238083 	 1.000000 
4023.926270 	 44764.890625 	 15312.927734 	 172.529846 	 175.152054 	 133.574951 	 1.000000 
3806.922607 	 44674.773438 	 15835.760742 	 145.524124 	 256.331543 	 -9.367896 	 5.000000 
4333.911621 	 44854.156250 	 15187.254883 	 128.067612 	 189.262909 	 89.894974 	 1.000000 
3882.509766 	 44480.875000 	 16085.625000 	 153.252960 	 253.886185 	 -12.985599 	 5.000000 
3839.023682 	 44485.554688 	 16089.162109 	 145.096695 	 247.063156 	 -2.486480 	 5.000000 
3592.874756 	 44712.937500 	 15742.437500 	 182.215622 	 246.351517 	 -7.420045 	 5.000000 
3329.908203 	 44671.226562 	 16320.162109 	 170.092407 	 239.744995 	 4.215464 	 5.000000 
4185.494141 	 44889.273438 	 14987.781250 	 155.670319 	 211.688004 	 67.565201 	 1.000000 
4092.760010 	 44736.257812 	 14777.342773 	 145.796051 	 192.877441 	 80.060028 	 1.000000 
4170.978027 	 44787.164062 	 14762.801758 	 164.142853 	 217.911087 	 72.263397 	 1.000000 
4051.279785 	 44704.601562 	 15252.115234 	 198.828751 	 159.168823 	 132.578323 	 1.000000 
4059.632812 	 44719.976562 	 15274.758789 	 185.880814 	 165.878220 	 129.680542 	 1.000000 
4305.210938 	 44960.359375 	 15262.204102 	 136.661667 	 194.467148 	 102.984100 	 1.000000 
4051.889404 	 44924.484375 	 14728.128906 	 131.189453 	 190.807129 	 73.018982 	 1.000000 
3777.883301 	 44880.453125 	 15447.379883 	 159.425262 	 272.306030 	 -15.184385 	 1.000000 
3939.470459 	 44516.265625 	 15062.184570 	 183.047791 	 142.023407 	 120.560524 	 1.000000 
4158.718750 	 44982.890625 	 15218.872070 	 180.935471 	 226.994675 	 89.460762 	 1.000000 
4187.248535 	 44563.359375 	 14972.796875 	 147.412064 	 191.376038 	 67.989120 	 1.000000 
4051.875000 	 44718.187500 	 14822.595703 	 158.992432 	 191.863281 	 80.831024 	 1.000000 
3524.472168 	 44735.609375 	 15927.658203 	 180.242111 	 245.049637 	 -5.139221 	 5.000000 
3413.584229 	 44715.453125 	 16181.839844 	 174.218094 	 240.493896 	 4.336425 	 5.000000 
3845.647705 	 44335.960938 	 16585.244141 	 152.085724 	 234.136627 	 6.506372 	 5.000000 
5051.297363 	 44535.773438 	 15947.411133 	 133.115021 	 232.614777 	 8.675064 	 6.000000 
3981.809082 	 44288.976562 	 16381.676758 	 139.742935 	 241.972794 	 3.577229 	 5.000000 
3686.032715 	 44530.070312 	 15083.126953 	 130.668549 	 186.879959 	 79.818054 	 1.000000 
3258.522949 	 44551.265625 	 16457.607422 	 161.306839 	 238.022415 	 4.082558 	 5.000000 
4248.767090 	 44930.695312 	 15220.549805 	 138.185425 	 184.656464 	 103.605698 	 1.000000 
3502.218262 	 44936.265625 	 15191.975586 	 169.212982 	 247.425339 	 6.274356 	 1.000000 
3982.753174 	 44956.632812 	 15015.621094 	 140.562836 	 211.869598 	 86.024872 	 1.000000 
4419.855957 	 44641.335938 	 14988.148438 	 117.119476 	 236.676224 	 8.390283 	 1.000000 
2876.953857 	 44811.179688 	 16668.611328 	 177.706543 	 233.602509 	 26.280090 	 1.000000 
3671.754395 	 44572.507812 	 15052.365234 	 264.390015 	 151.388260 	 34.385418 	 1.000000 
4090.985596 	 44985.804688 	 14852.136719 	 169.800278 	 206.537048 	 83.032486 	 1.000000 
3909.016602 	 44959.539062 	 15326.147461 	 173.046997 	 265.535065 	 32.143593 	 1.000000 
4012.336426 	 44417.578125 	 15259.964844 	 114.246964 	 245.179733 	 -1.581120 	 1.000000 
4207.232422 	 44532.367188 	 15023.947266 	 138.792130 	 193.042496 	 65.571152 	 1.000000 
4041.896484 	 44778.046875 	 15273.230469 	 234.042130 	 170.384872 	 87.595604 	 1.000000 
3970.126709 	 44563.320312 	 15191.327148 	 189.192093 	 146.477997 	 120.421822 	 1.000000 
4300.330566 	 44352.585938 	 16671.197266 	 133.907700 	 235.315704 	 14.469352 	 0.000000 
3620.485352 	 44604.773438 	 15070.222656 	 132.136520 	 171.434662 	 48.979069 	 1.000000 
3724.156006 	 44923.890625 	 15115.556641 	 124.587601 	 252.277618 	 35.785290 	 1.000000 
4321.233887 	 44843.984375 	 14930.650391 	 175.427750 	 209.969910 	 64.280922 	 1.000000 
4201.400391 	 44984.570312 	 15411.125000 	 228.290405 	 208.099045 	 106.604973 	 1.000000 
3894.561279 	 44718.429688 	 16094.046875 	 131.546844 	 253.263138 	 -6.333398 	 5.000000 
3866.573730 	 44669.820312 	 14865.125977 	 205.382401 	 117.154854 	 130.748688 	 1.000000 
3627.959473 	 44690.210938 	 15000.872070 	 172.005035 	 215.610992 	 -33.273201 	 1.000000 
4468.020020 	 44860.156250 	 15040.964844 	 146.396118 	 181.395767 	 93.625671 	 1.000000 
3750.248291 	 44830.117188 	 15077.518555 	 162.031326 	 233.851181 	 18.729408 	 1.000000 
3917.387207 	 44440.914062 	 16175.785156 	 138.052277 	 246.315384 	 -4.757680 	 5.000000 
4271.987793 	 44836.375000 	 16397.851562 	 124.756943 	 250.691666 	 4.009866 	 1.000000 
3760.485596 	 44447.359375 	 15201.021484 	 132.971283 	 237.835678 	 8.406624 	 1.000000 
3791.045410 	 44862.367188 	 15087.012695 	 172.173294 	 246.609650 	 -13.177780 	 1.000000 
4224.586914 	 44937.289062 	 15472.708008 	 153.608215 	 182.738266 	 141.440659 	 1.000000 
4152.436035 	 44887.742188 	 15099.932617 	 154.377487 	 225.536285 	 68.045067 	 1.000000 
3963.962158 	 44859.132812 	 14909.307617 	 121.566406 	 245.759872 	 29.192818 	 1.000000 
3942.902832 	 44370.875000 	 15260.468750 	 116.409439 	 247.005890 	 -3.053365 	 1.000000 
5210.446289 	 44537.226562 	 16081.114258 	 133.310104 	 230.485306 	 11.222355 	 6.000000 
3668.899902 	 44313.820312 	 15655.290039 	 133.410141 	 243.543533 	 -5.393881 	 0.000000 
4236.451660 	 44837.789062 	 15312.632812 	 162.792267 	 214.811798 	 90.507431 	 1.000000 
3906.402100 	 44602.632812 	 15303.296875 	 162.119568 	 229.705063 	 24.460888 	 1.000000 
3671.128906 	 44949.257812 	 14875.377930 	 225.068726 	 123.465599 	 130.643387 	 1.000000 
3441.938232 	 44654.593750 	 15051.204102 	 150.118576 	 221.406708 	 -8.854209 	 1.000000 
4299.000488 	 44820.218750 	 15066.249023 	 166.996857 	 211.775940 	 65.465424 	 1.000000 
4003.613281 	 44590.046875 	 15152.752930 	 187.763016 	 151.293243 	 121.403648 	 1.000000 
4127.762695 	 46042.662598 	 16068.818359 	 123.165535 	 102.833221 	 86.663483 	 1.000000 
4093.043945 	 45876.971436 	 15816.445312 	 175.872025 	 263.579712 	 112.934059 	 1.000000 
4092.389648 	 45853.978088 	 15566.170898 	 111.834305 	 215.478836 	 51.794125 	 1.000000 
4044.027344 	 45971.450928 	 15815.326172 	 128.775726 	 259.754547 	 -27.326960 	 1.000000 
4095.543945 	 46069.999512 	 16044.750000 	 239.516235 	 130.684036 	 197.048691 	 1.000000 
4072.448486 	 46150.863647 	 16113.839844 	 225.726898 	 199.849686 	 113.951172 	 1.000000 
4103.437500 	 45679.031189 	 15713.242188 	 233.160049 	 276.115326 	 78.445343 	 1.000000 
4046.306396 	 45681.077759 	 15821.867188 	 116.298996 	 319.120972 	 -24.541319 	 1.000000 
4060.258789 	 45651.755249 	 15742.232422 	 110.755058 	 307.176392 	 21.629044 	 1.000000 
4271.718262 	 46009.441833 	 15759.477539 	 194.143509 	 228.632629 	 178.660202 	 1.000000 
4035.818115 	 46234.735352 	 16049.820312 	 73.150627 	 81.240791 	 31.441746 	 1.000000 
4179.019043 	 46109.550659 	 15959.541016 	 199.581146 	 107.188850 	 -122.690201 	 1.000000 
3918.760986 	 45701.380371 	 15857.215820 	 246.656662 	 155.673508 	 122.660431 	 1.000000 
4141.021484 	 45755.518677 	 15792.918945 	 299.617584 	 202.303787 	 204.603958 	 1.000000 
3996.735596 	 45938.738953 	 16054.565430 	 154.244415 	 71.821953 	 108.493294 	 1.000000 
4098.981934 	 46013.680908 	 16171.029297 	 225.541519 	 303.687958 	 -85.979584 	 1.000000 
3992.853516 	 45815.800781 	 15615.121094 	 215.533493 	 355.542725 	 131.903290 	 1.000000 
4083.350586 	 45913.254578 	 15763.790039 	 302.501434 	 273.219055 	 271.566162 	 1.000000 
4060.856445 	 46158.785400 	 16207.392578 	 198.097183 	 195.060989 	 69.515572 	 1.000000 
4095.688965 	 46063.442261 	 16019.406250 	 194.475677 	 248.772125 	 -65.210808 	 1.000000 
4094.283203 	 45876.516968 	 15714.356445 	 22.824806 	 180.970703 	 264.428711 	 1.000000 
4129.246094 	 45992.949036 	 16070.251953 	 106.258354 	 114.276207 	 41.246292 	 1.000000 
4010.161865 	 46239.705322 	 16071.211914 	 141.377396 	 129.511520 	 -88.393196 	 1.000000 
3990.766602 	 46258.125977 	 16147.916992 	 99.140167 	 155.196869 	 -96.377800 	 1.000000 
3951.552490 	 45900.679138 	 15913.907227 	 260.656250 	 217.841629 	 66.801163 	 1.000000 
4134.970703 	 46086.673462 	 16132.556641 	 259.060120 	 -55.664215 	 42.910427 	 1.000000 
4075.386230 	 45921.131897 	 16120.422852 	 150.205582 	 135.643097 	 151.796982 	 1.000000 
4073.100830 	 46090.450073 	 16139.066406 	 152.026917 	 177.836685 	 -168.990555 	 1.000000 
4043.010498 	 45824.790955 	 15790.545898 	 65.044952 	 210.431564 	 26.496532 	 1.000000 
4108.732910 	 46067.661499 	 15816.418945 	 71.930237 	 239.914505 	 201.964966 	 1.000000 
4000.253662 	 45774.984680 	 15768.221680 	 175.580872 	 250.662689 	 160.689407 	 1.000000 
4173.821777 	 45960.723450 	 15906.839844 	 62.351391 	 155.903168 	 -26.403360 	 1.000000 
4207.200684 	 45760.312988 	 15700.289062 	 139.198273 	 334.378754 	 -56.839291 	 1.000000 
4073.787598 	 45930.226135 	 15878.751953 	 108.742943 	 383.272217 	 -88.840080 	 1.000000 
4042.364502 	 45786.619812 	 15897.471680 	 192.226318 	 110.698936 	 230.969498 	 1.000000 
4185.994629 	 46215.260986 	 16069.679688 	 105.069633 	 104.052567 	 38.247952 	 1.000000 
4027.176270 	 45751.372742 	 15734.398438 	 89.908951 	 298.003876 	 -57.379086 	 1.000000 
4239.947754 	 46233.548828 	 16104.795898 	 154.277908 	 68.807175 	 15.380823 	 1.000000 
4052.096191 	 45729.552612 	 15916.154297 	 198.761185 	 117.377396 	 56.561375 	 1.000000 
4158.249023 	 46091.923584 	 15836.132812 	 140.575363 	 124.200592 	 37.785141 	 1.000000 
4113.349121 	 46001.327759 	 16096.900391 	 100.532982 	 176.141830 	 243.104034 	 1.000000 
3943.518555 	 45865.748901 	 15884.639648 	 166.532425 	 319.995697 	 118.195320 	 1.000000 
4039.362549 	 45590.327515 	 15704.674805 	 241.269562 	 310.585175 	 138.254074 	 1.000000 
4001.919189 	 45970.540405 	 16037.354492 	 262.868500 	 116.294472 	 153.714233 	 1.000000 
3990.132080 	 46159.392700 	 16113.726562 	 18.869896 	 47.461254 	 64.726929 	 1.000000 
4176.608887 	 46117.246582 	 16183.462891 	 189.418472 	 181.829361 	 16.944109 	 1.000000 
3950.923584 	 45949.135681 	 16037.741211 	 190.210785 	 325.972809 	 -83.564636 	 1.000000 
4046.266602 	 45838.127930 	 15719.935547 	 34.461136 	 262.571381 	 179.788101 	 1.000000 
3986.107422 	 46290.262695 	 16111.665039 	 201.035019 	 165.216370 	 -70.436790 	 1.000000 
3944.564209 	 45990.591675 	 16078.231445 	 58.129204 	 67.901314 	 23.016554 	 1.000000 
4138.530273 	 46063.973999 	 16026.757812 	 250.105133 	 166.729385 	 292.797119 	 1.000000 
4156.519043 	 45773.135437 	 15788.568359 	 246.947464 	 229.934326 	 199.012848 	 1.000000 
4208.546875 	 46226.627686 	 16114.127930 	 188.299881 	 227.980331 	 -103.393875 	 1.000000 
4089.211914 	 45817.375671 	 15915.354492 	 273.032684 	 80.427460 	 93.242371 	 1.000000 
4061.109375 	 45759.535522 	 15941.293945 	 215.143219 	 165.434753 	 222.986938 	 1.000000 
3959.740723 	 45832.307617 	 15909.167969 	 17.386347 	 250.884750 	 240.630035 	 1.000000 
4190.458984 	 46149.250610 	 16251.958008 	 44.500557 	 201.660904 	 132.264496 	 1.000000 
4011.993408 	 45968.885742 	 15855.458984 	 117.311607 	 242.974854 	 3.578171 	 1.000000 
4002.939941 	 45818.683716 	 15919.349609 	 185.956482 	 107.558273 	 127.220863 	 1.000000 
4084.717529 	 45879.820740 	 16090.191406 	 136.533417 	 196.936707 	 18.299335 	 1.000000 
4175.759277 	 46065.166504 	 15761.767578 	 167.818542 	 208.231705 	 111.924904 	 1.000000 
3942.291992 	 45928.737793 	 15920.080078 	 77.986221 	 -1.363351 	 96.504250 	 1.000000 
3944.793945 	 46069.097900 	 16006.906250 	 18.897215 	 22.156382 	 183.725616 	 1.000000 
4020.756104 	 46044.459351 	 16038.023438 	 169.961014 	 -97.674225 	 143.836258 	 1.000000 
4002.900635 	 46075.888306 	 15959.067383 	 153.413406 	 126.795441 	 106.998177 	 1.000000 
4127.561523 	 46141.060181 	 15964.016602 	 11.713141 	 2.145966 	 -5.131006 	 1.000000 
4176.248047 	 45868.988098 	 15628.880859 	 43.822361 	 301.199158 	 81.681030 	 1.000000 
4058.850342 	 46082.022949 	 16120.517578 	 291.133698 	 93.927391 	 234.828934 	 1.000000 
4040.952881 	 46016.414246 	 16133.517578 	 93.674225 	 -59.092022 	 87.496483 	 1.000000 
4115.786133 	 45842.852356 	 15615.333984 	 64.628349 	 348.509247 	 -18.835627 	 1.000000 
4017.138916 	 45768.354919 	 15630.254883 	 132.311401 	 221.131775 	 96.186089 	 1.000000 
4167.575684 	 45935.992249 	 15637.418945 	 34.752544 	 267.805878 	 118.807945 	 1.000000 
4171.137695 	 45990.285706 	 16116.988281 	 325.101318 	 87.367561 	 59.525768 	 1.000000 
4197.609375 	 46096.535034 	 15965.634766 	 338.048340 	 231.371719 	 130.836472 	 1.000000 
4141.485352 	 46108.386475 	 16043.234375 	 165.429459 	 392.532288 	 27.240452 	 1.000000 
4090.689941 	 46188.134277 	 16031.245117 	 104.117004 	 169.667389 	 163.049042 	 1.000000 
4069.107666 	 45849.670471 	 16045.705078 	 141.082886 	 64.775330 	 125.122345 	 1.000000 
4144.222168 	 45799.570740 	 15811.449219 	 336.783264 	 190.161987 	 208.215958 	 1.000000 
4145.305176 	 45838.961426 	 15660.000977 	 33.753719 	 195.123703 	 248.988419 	 1.000000 
4234.611328 	 46205.358154 	 16059.266602 	 156.527130 	 117.300163 	 26.056465 	 1.000000 
4097.420898 	 46017.399109 	 15868.759766 	 133.020737 	 353.477386 	 -0.604546 	 1.000000 
3966.002930 	 45739.386475 	 15677.223633 	 202.206039 	 321.861359 	 65.711510 	 1.000000 
4069.906982 	 45995.233704 	 16005.255859 	 187.450333 	 289.058624 	 195.330444 	 1.000000 
4051.125000 	 45859.751648 	 15781.821289 	 41.093952 	 51.205856 	 299.184937 	 1.000000 
4244.157715 	 46164.915771 	 16133.677734 	 138.230179 	 123.218529 	 10.557632 	 1.000000 
4060.234375 	 46198.619995 	 16144.487305 	 95.410446 	 130.081146 	 -144.298538 	 1.000000 
4216.530762 	 45928.522827 	 15822.126953 	 119.507713 	 182.018967 	 164.046692 	 1.000000 
4229.674316 	 46233.559937 	 16171.000977 	 203.909363 	 139.465897 	 111.396858 	 1.000000 
4002.767334 	 45869.373962 	 15861.347656 	 308.607758 	 161.247742 	 175.666779 	 1.000000 
4070.790771 	 45859.350220 	 15676.362305 	 96.463081 	 233.773483 	 267.349823 	 1.000000 
4102.400391 	 45666.179810 	 15750.665039 	 215.917389 	 179.618790 	 -9.903546 	 1.000000 
4093.658447 	 45647.304932 	 15700.973633 	 216.949707 	 269.777832 	 101.477768 	 1.000000 
4193.531738 	 46162.600098 	 16198.418945 	 201.791397 	 261.496552 	 -86.115974 	 1.000000 
4176.481445 	 46123.739746 	 16205.128906 	 82.516006 	 28.341473 	 -52.872143 	 1.000000 
4163.333008 	 45997.060181 	 16091.058594 	 6.563826 	 -67.184135 	 -50.396187 	 1.000000 
4041.905029 	 45827.866577 	 15825.999023 	 301.529816 	 170.977982 	 -32.737537 	 1.000000 
4240.241211 	 46158.746826 	 16119.042969 	 180.517883 	 147.583267 	 101.204544 	 1.000000 
3981.980225 	 45835.831360 	 15737.941406 	 180.844986 	 239.808670 	 167.502686 	 1.000000 
4260.575684 	 46029.335938 	 15764.702148 	 214.783600 	 203.729004 	 210.899918 	 1.000000 
4319.529785 	 46023.638611 	 15752.214844 	 239.794083 	 228.007294 	 161.959915 	 1.000000 
4062.862305 	 45827.101746 	 15657.249023 	 310.954224 	 109.290344 	 120.473221 	 1.000000 
4035.839600 	 45857.395569 	 16025.550781 	 177.163589 	 142.076645 	 134.391068 	 1.000000 
4197.370605 	 45872.626709 	 15816.708008 	 94.619293 	 326.052704 	 107.977921 	 1.000000 
3993.007568 	 45981.406860 	 15883.828125 	 85.112000 	 -41.344318 	 73.769493 	 1.000000 
4200.068359 	 45802.971741 	 15675.158203 	 8.304961 	 119.143372 	 208.354782 	 1.000000 
4023.323242 	 45820.955322 	 15849.108398 	 124.692825 	 123.361954 	 -20.640854 	 1.000000 
4051.362793 	 45869.593872 	 15690.636719 	 187.945679 	 386.184570 	 124.610863 	 1.000000 
4029.226074 	 45824.263367 	 15633.286133 	 213.602249 	 343.590485 	 160.342972 	 1.000000 
3988.991943 	 45786.557068 	 15905.366211 	 202.846313 	 7.379753 	 15.596804 	 1.000000 
3981.459229 	 45795.869751 	 15772.764648 	 301.752472 	 118.501625 	 112.663567 	 1.000000 
3959.190918 	 46408.011719 	 16364.271484 	 166.087158 	 159.645508 	 -17.338549 	 1.000000 
3894.754395 	 46216.881714 	 16377.029297 	 272.783905 	 270.007812 	 27.553959 	 1.000000 
4023.274658 	 46432.213013 	 16418.687500 	 291.647156 	 216.571320 	 -91.008667 	 1.000000 
3891.777344 	 46448.850708 	 16371.916992 	 208.978241 	 80.512421 	 -7.315661 	 1.000000 
4002.995361 	 46346.992798 	 16400.863281 	 230.024521 	 323.133667 	 -59.480244 	 1.000000 
3948.621338 	 46335.046631 	 16340.001953 	 59.294567 	 175.213562 	 54.222687 	 1.000000 
3958.655518 	 46432.718994 	 16407.746094 	 321.834961 	 61.619930 	 34.287254 	 1.000000 
3952.614990 	 46183.933350 	 16392.300781 	 216.517212 	 155.015656 	 63.162907 	 1.000000 
3968.904053 	 46395.064331 	 16360.140625 	 336.962952 	 254.791840 	 -53.207211 	 1.000000 
3917.976807 	 46551.439819 	 16436.599609 	 237.554199 	 213.074905 	 -51.061768 	 1.000000 
3980.123535 	 46286.432983 	 16320.169922 	 34.394066 	 125.874992 	 122.460617 	 1.000000 
3903.098633 	 46454.476440 	 16342.469727 	 205.147491 	 41.942287 	 60.116642 	 1.000000 
4007.012451 	 46461.206787 	 16334.996094 	 76.018166 	 138.956741 	 -97.264862 	 1.000000 
3928.845947 	 46436.152222 	 16382.969727 	 183.106613 	 123.999184 	 -167.411819 	 1.000000 
3868.039307 	 46346.944092 	 16458.013672 	 212.229126 	 121.751846 	 -66.556404 	 1.000000 
3849.410400 	 46371.635010 	 16409.210938 	 173.224670 	 187.309052 	 82.835121 	 1.000000 
4009.228760 	 46384.467651 	 16298.869141 	 166.295059 	 146.082809 	 90.187004 	 1.000000 
4058.128418 	 46423.688477 	 16337.782227 	 156.701416 	 256.103088 	 -61.731762 	 1.000000 
4039.523438 	 46375.465454 	 16398.679688 	 233.786789 	 224.077942 	 -65.714088 	 1.000000 
3973.847168 	 46387.389160 	 16363.209961 	 -2.956430 	 47.582481 	 76.808937 	 1.000000 
3972.968994 	 46377.158691 	 16330.124023 	 49.112106 	 114.286476 	 112.291435 	 1.000000 
4035.427002 	 46416.084473 	 16397.250000 	 135.548691 	 19.342855 	 217.040131 	 1.000000 
3845.106445 	 46496.908813 	 16411.562500 	 164.411911 	 91.083694 	 -34.161068 	 1.000000 
3642.310791 	 47494.252441 	 15958.218750 	 218.260910 	 140.461227 	 115.787933 	 11.000000 
3609.840576 	 47581.096924 	 16030.132812 	 222.417725 	 64.810562 	 78.224586 	 11.000000 
3791.904785 	 47365.735596 	 15928.011719 	 254.840530 	 134.390701 	 157.979614 	 11.000000 
3704.280518 	 47434.058838 	 16004.737305 	 281.053070 	 288.183594 	 56.915836 	 11.000000 
3620.566895 	 47463.388184 	 15952.662109 	 240.744537 	 110.357597 	 144.710281 	 11.000000 
3632.709229 	 47547.114746 	 16026.229492 	 99.015572 	 261.879822 	 75.475578 	 11.000000 
3641.561768 	 47562.640137 	 15963.869141 	 86.181572 	 214.816803 	 106.689880 	 11.000000 
3642.772949 	 47500.097168 	 15996.390625 	 237.808060 	 101.063293 	 171.271515 	 11.000000 
3608.042480 	 47559.291748 	 15901.779297 	 199.511322 	 -18.866730 	 38.002224 	 11.000000 
3594.101318 	 47593.822021 	 15912.944336 	 73.235359 	 177.059662 	 135.920731 	 11.000000 
3756.200928 	 47440.441406 	 15988.370117 	 216.828049 	 221.334656 	 -14.749341 	 11.000000 
3590.976074 	 47599.626465 	 15988.178711 	 169.085129 	 60.811146 	 105.210739 	 11.000000 
3641.434326 	 47447.308594 	 16012.352539 	 197.460251 	 8.261011 	 139.304840 	 11.000000 
3662.720703 	 47503.307617 	 15902.716797 	 240.668167 	 57.285816 	 279.565887 	 11.000000 
3591.405518 	 47505.096924 	 15880.021484 	 322.499817 	 35.444519 	 26.453432 	 11.000000 
3673.145020 	 47516.031250 	 15990.170898 	 215.365189 	 262.526520 	 249.957138 	 11.000000 
3668.535400 	 47539.883789 	 15997.519531 	 293.263306 	 35.432724 	 157.320160 	 11.000000 
3677.319824 	 47385.757812 	 16002.164062 	 283.425842 	 165.607086 	 63.768188 	 11.000000 
3702.156494 	 47482.870361 	 16011.514648 	 286.312408 	 141.250183 	 -12.757179 	 11.000000 
3604.637451 	 47608.523438 	 15935.305664 	 201.974350 	 99.609657 	 118.832108 	 11.000000 
3706.345703 	 47576.520996 	 16018.716797 	 102.024124 	 112.150543 	 144.739212 	 11.000000 
3702.967285 	 45985.963196 	 16699.291016 	 236.713837 	 232.320251 	 1.815091 	 1.000000 
3632.283691 	 46072.958984 	 16654.580078 	 261.601471 	 166.055344 	 73.300568 	 1.000000 
3728.566650 	 45964.512329 	 16645.816406 	 177.604507 	 282.634613 	 -64.750511 	 1.000000 
3707.287354 	 46032.327393 	 16573.386719 	 246.064499 	 156.825668 	 2.510429 	 1.000000 
3754.002930 	 46005.579529 	 16617.628906 	 89.365280 	 290.358978 	 -5.342014 	 1.000000 
3709.632568 	 45977.713623 	 16741.779297 	 308.005737 	 229.621841 	 118.130638 	 1.000000 
3622.515869 	 46143.235840 	 16641.021484 	 262.476593 	 246.836975 	 25.440222 	 1.000000 
3623.011963 	 46110.578613 	 16703.496094 	 278.948944 	 206.824158 	 26.077692 	 1.000000 
3877.118164 	 47479.269287 	 17684.916016 	 156.218704 	 173.578217 	 90.744476 	 1.000000 
3912.601562 	 47414.548340 	 17772.902344 	 128.770065 	 120.925491 	 89.653435 	 1.000000 
3938.745361 	 47515.127441 	 17737.347656 	 178.870163 	 199.519897 	 16.317610 	 1.000000 
3803.934326 	 47482.870605 	 17677.433594 	 142.480026 	 95.756729 	 118.103767 	 1.000000 
3955.341797 	 47537.208984 	 17730.492188 	 165.048004 	 140.022491 	 73.134781 	 1.000000 
3937.208252 	 47431.094482 	 17681.927734 	 150.447723 	 229.486374 	 47.310970 	 1.000000 
3852.105225 	 47421.182861 	 17748.722656 	 182.270142 	 113.346680 	 120.752434 	 1.000000 
3974.883789 	 45619.682251 	 15364.286133 	 205.221558 	 301.241516 	 74.195847 	 1.000000 
3946.190674 	 45581.137085 	 15466.079102 	 170.918320 	 312.637848 	 50.396008 	 1.000000 
4024.073730 	 45563.164734 	 15389.268555 	 200.230301 	 320.225311 	 100.179306 	 1.000000 
3996.230469 	 45541.012451 	 15362.593750 	 225.687866 	 267.107239 	 108.947533 	 1.000000 
4028.796143 	 45616.690002 	 15319.294922 	 257.049927 	 296.928589 	 118.866241 	 1.000000 
3940.144531 	 46843.391602 	 16187.157227 	 193.008652 	 107.969002 	 143.815170 	 1.000000 
2216.586670 	 45223.630981 	 16324.755859 	 231.083893 	 146.953430 	 72.943428 	 1.000000 
2223.817139 	 45252.937653 	 16357.446289 	 261.876831 	 77.674019 	 110.798950 	 1.000000 
2192.302490 	 45256.857758 	 16314.989258 	 187.061035 	 192.608139 	 51.639462 	 1.000000 
2198.974854 	 45253.283249 	 16270.046875 	 234.307816 	 77.059792 	 84.195312 	 1.000000 
2214.511719 	 45248.071762 	 16249.495117 	 213.431335 	 133.190964 	 36.584728 	 1.000000 
2571.868896 	 45410.059296 	 17068.269531 	 219.746429 	 181.395676 	 48.622807 	 1.000000 
2524.545654 	 45412.204895 	 17084.867188 	 268.170807 	 191.547089 	 9.363369 	 1.000000 
2991.544189 	 46765.609985 	 15853.770508 	 262.202393 	 158.835922 	 119.727776 	 2.000000 
2118.991455 	 45830.303772 	 16825.886719 	 246.270767 	 154.699097 	 71.042564 	 1.000000 
2107.149902 	 45760.445862 	 16813.099609 	 280.699921 	 143.903198 	 77.507423 	 1.000000 
2191.482178 	 45800.767273 	 16836.253906 	 210.292862 	 134.596313 	 96.490982 	 1.000000 
2993.365967 	 47632.443115 	 17032.890625 	 239.867676 	 183.354385 	 106.331047 	 12.000000 
3068.663330 	 47615.278076 	 17047.244141 	 246.047791 	 158.919708 	 121.852814 	 12.000000 
5413.546875 	 45797.040344 	 14712.917969 	 172.430481 	 117.241318 	 81.851707 	 1.000000 
3873.813965 	 46761.781006 	 17132.210938 	 154.478195 	 125.667259 	 63.489655 	 1.000000 
3899.498047 	 46769.916992 	 17120.910156 	 125.263542 	 107.799187 	 36.710102 	 1.000000 
3860.458008 	 46754.035522 	 17128.572266 	 156.788651 	 154.532547 	 8.690503 	 1.000000 
2769.029053 	 46219.466064 	 16458.339844 	 245.162369 	 161.283279 	 82.517082 	 1.000000 
2748.182373 	 46251.680664 	 16431.558594 	 222.819061 	 141.016266 	 84.116791 	 1.000000 
3007.947510 	 47670.570801 	 17175.468750 	 248.525101 	 170.410522 	 81.920769 	 12.000000 
3028.559570 	 47717.655029 	 17218.763672 	 223.089523 	 194.108337 	 81.850266 	 12.000000 
3042.370850 	 47742.427002 	 17211.923828 	 244.925949 	 191.057556 	 92.910736 	 12.000000 
2978.142578 	 47686.261719 	 17168.283203 	 229.233459 	 152.481873 	 115.083069 	 12.000000 
4926.583008 	 46070.325806 	 15342.680664 	 90.367104 	 134.006897 	 58.429539 	 1.000000 
4962.407227 	 46056.404541 	 15360.778320 	 71.309631 	 157.859680 	 49.202824 	 1.000000 
4931.314941 	 46086.889893 	 15351.082031 	 92.274086 	 172.039932 	 67.376549 	 1.000000 
3940.432129 	 47079.096191 	 17383.990234 	 137.107452 	 207.287994 	 30.937799 	 1.000000 
3894.571289 	 45371.102875 	 15431.241211 	 158.663574 	 265.706665 	 141.341248 	 1.000000 
3788.960693 	 46704.401123 	 17032.699219 	 82.604675 	 175.124832 	 19.290388 	 1.000000 
3744.251465 	 46691.277344 	 17052.347656 	 160.799194 	 156.902481 	 21.358000 	 1.000000 
3318.541992 	 47397.985596 	 16490.167969 	 249.155243 	 158.297485 	 79.719467 	 11.000000 
3316.805176 	 47413.870117 	 16506.302734 	 270.499298 	 170.076370 	 61.433102 	 11.000000 
3475.266357 	 47983.760742 	 15669.367188 	 212.645630 	 166.403641 	 175.506729 	 11.000000 
3483.836914 	 47933.758545 	 15692.072266 	 230.012863 	 166.162720 	 162.970825 	 11.000000 
4115.194336 	 46513.570190 	 16821.535156 	 135.858551 	 150.018707 	 -17.264555 	 1.000000 
4598.913086 	 45784.535461 	 15327.836914 	 100.405098 	 156.298370 	 112.832703 	 1.000000 
3957.356201 	 45311.066742 	 15750.228516 	 134.932327 	 277.865295 	 116.064941 	 1.000000 
2410.173584 	 45831.180664 	 15532.860352 	 232.954971 	 141.209824 	 114.891388 	 2.000000 
2386.840576 	 45835.356934 	 15542.078125 	 223.297211 	 162.218155 	 125.510681 	 2.000000 
3272.292725 	 47054.018311 	 15170.390625 	 232.420593 	 161.431885 	 155.079117 	 8.000000 
3676.253906 	 46516.214844 	 17653.464844 	 218.586868 	 196.888428 	 40.925819 	 1.000000 
3710.748779 	 46283.182983 	 17367.019531 	 214.657349 	 192.229462 	 18.013132 	 1.000000 
2611.482910 	 45543.506775 	 16466.238281 	 215.538574 	 167.280106 	 75.200394 	 1.000000 
2604.580566 	 45548.832397 	 16467.650391 	 218.757233 	 165.610214 	 69.531960 	 1.000000 
2636.879639 	 45507.424347 	 16491.251953 	 215.375824 	 162.393753 	 57.158180 	 1.000000 
3795.905762 	 47186.997803 	 17813.945312 	 151.834778 	 210.573837 	 55.239838 	 1.000000 
3009.779297 	 45834.207581 	 17263.726562 	 207.509323 	 221.314407 	 20.282278 	 1.000000 
3030.409668 	 45806.881470 	 17255.162109 	 189.133148 	 224.698593 	 30.094452 	 1.000000 
3502.432617 	 46975.326050 	 16182.251953 	 269.216827 	 180.208649 	 81.544807 	 11.000000 
3511.004639 	 46984.278442 	 16156.924805 	 255.860138 	 201.399231 	 77.631088 	 11.000000 
3415.033936 	 47973.431885 	 16167.643555 	 192.934967 	 109.807732 	 86.574837 	 11.000000 
2844.534180 	 45770.279541 	 17445.966797 	 201.936890 	 215.845657 	 25.552422 	 1.000000 
2844.211914 	 45773.715454 	 17433.861328 	 196.567368 	 197.237457 	 29.753798 	 1.000000 
2864.981934 	 45752.200256 	 17436.488281 	 189.466675 	 222.503494 	 3.797568 	 1.000000 
4122.840332 	 45423.972412 	 15814.918945 	 149.690933 	 292.301422 	 118.238983 	 1.000000 
4106.222656 	 45398.501373 	 15819.015625 	 154.306229 	 302.854675 	 136.023193 	 1.000000 
4111.719727 	 45415.336517 	 15826.779297 	 151.222305 	 310.292053 	 114.300583 	 1.000000 
4098.248535 	 45443.569885 	 15812.275391 	 141.360336 	 290.708557 	 137.597656 	 1.000000 
5216.748047 	 46294.726318 	 15485.544922 	 101.480255 	 119.136108 	 64.582512 	 1.000000 
5179.958496 	 46291.074829 	 15494.480469 	 121.692131 	 109.579849 	 54.294590 	 1.000000 
4524.219727 	 48226.822754 	 16393.638672 	 133.653259 	 151.266434 	 109.889175 	 17.000000 
2922.879883 	 46879.574585 	 16607.867188 	 254.202286 	 170.173477 	 75.941818 	 1.000000 
4500.716309 	 47942.556885 	 16321.347656 	 129.736465 	 143.506958 	 107.053528 	 17.000000 
3869.918945 	 45314.149200 	 15278.412109 	 212.772583 	 297.483734 	 39.260044 	 1.000000 
5002.323730 	 45851.899536 	 15177.684570 	 139.493851 	 122.472229 	 109.900841 	 1.000000 
4962.022949 	 45851.339661 	 15184.015625 	 147.810287 	 145.565186 	 107.514824 	 1.000000 
3522.517822 	 47724.838623 	 16181.904297 	 193.000732 	 106.963387 	 38.926685 	 11.000000 
3722.491943 	 47100.954590 	 17436.898438 	 130.926270 	 216.212570 	 36.432583 	 1.000000 
3652.416748 	 47124.834473 	 17420.505859 	 129.983276 	 219.321411 	 32.387947 	 1.000000 
2488.849854 	 45342.215088 	 16797.447266 	 199.771194 	 222.467789 	 55.052326 	 1.000000 
2444.515381 	 45345.319733 	 16802.201172 	 196.097000 	 229.035721 	 40.925617 	 1.000000 
4514.889160 	 45817.205383 	 15278.168945 	 113.256012 	 191.486893 	 111.987671 	 1.000000 
4500.929199 	 45809.333313 	 15280.559570 	 103.033638 	 185.351929 	 120.388268 	 1.000000 
4109.491699 	 46148.245605 	 15752.127930 	 148.656326 	 152.865295 	 122.071350 	 1.000000 
3463.189697 	 48182.530273 	 16383.586914 	 178.704544 	 135.620499 	 90.194550 	 11.000000 
3453.671631 	 48184.609131 	 16374.895508 	 181.005035 	 104.685089 	 85.366890 	 11.000000 
2601.543945 	 45411.123962 	 16928.949219 	 207.662598 	 215.324066 	 69.171745 	 1.000000 
4062.478027 	 45503.330688 	 15973.666992 	 82.406021 	 220.902542 	 22.869284 	 1.000000 
3929.826904 	 45629.041443 	 15531.806641 	 142.659134 	 287.310730 	 36.878277 	 1.000000 
4130.852539 	 45092.231186 	 15545.169922 	 213.112579 	 244.434647 	 108.247658 	 1.000000 
4189.543457 	 46430.197632 	 16147.851562 	 273.008057 	 79.647835 	 111.990448 	 1.000000 
3714.601562 	 46643.377075 	 16959.367188 	 172.570923 	 116.465698 	 62.908276 	 1.000000 
4943.536133 	 45465.448120 	 16784.880859 	 117.478302 	 236.042145 	 15.392165 	 0.000000 
3706.409668 	 46554.640015 	 16900.412109 	 92.567787 	 155.575180 	 13.054216 	 1.000000 
2002.081421 	 46684.041626 	 16393.605469 	 249.041901 	 157.013962 	 96.215187 	 10.000000 
2020.365356 	 46680.150024 	 16367.010742 	 231.668304 	 153.854584 	 95.617035 	 10.000000 
3925.134033 	 45645.762451 	 15806.872070 	 202.147629 	 204.277176 	 163.879807 	 1.000000 
4757.057617 	 47953.197266 	 16503.535156 	 115.176170 	 161.590698 	 87.538116 	 17.000000 
4747.622070 	 47953.879150 	 16494.009766 	 107.915474 	 152.924622 	 93.294731 	 17.000000 
4756.469238 	 47977.486816 	 16487.345703 	 118.559219 	 152.893982 	 108.943977 	 17.000000 
3604.734375 	 46549.926392 	 17777.796875 	 162.023117 	 249.415573 	 23.196255 	 1.000000 
2659.012939 	 45990.455505 	 16478.558594 	 258.988403 	 156.326492 	 87.758339 	 1.000000 
2674.762451 	 45996.574341 	 16483.375000 	 249.075470 	 135.251770 	 105.333015 	 1.000000 
3367.259766 	 46587.447144 	 15237.799805 	 233.704865 	 150.213150 	 147.042786 	 8.000000 
5357.715332 	 46210.043701 	 14966.237305 	 182.679276 	 107.411461 	 103.609940 	 1.000000 
2466.355225 	 46120.620972 	 15583.554688 	 246.096146 	 146.062012 	 102.722572 	 2.000000 
4014.118408 	 45463.645691 	 15799.501953 	 319.256012 	 227.632568 	 92.213913 	 1.000000 
2627.293457 	 47189.268555 	 15829.791016 	 263.923767 	 155.073776 	 109.954109 	 9.000000 
2240.426025 	 45595.778625 	 16595.550781 	 227.592056 	 158.352997 	 55.208729 	 1.000000 
2414.152832 	 45952.040710 	 15824.880859 	 241.416885 	 148.585419 	 92.414146 	 2.000000 
3938.489258 	 47763.775635 	 17457.929688 	 172.598907 	 152.468750 	 129.432373 	 1.000000 
3543.097656 	 45622.648254 	 15164.609375 	 238.454391 	 139.721664 	 151.504745 	 0.000000 
4133.700195 	 46936.870850 	 17467.019531 	 143.026764 	 198.108429 	 43.435852 	 1.000000 
4139.009766 	 45054.248108 	 15630.109375 	 182.379929 	 193.146729 	 152.621384 	 1.000000 
2292.125488 	 46251.637329 	 15563.193359 	 255.393372 	 140.973206 	 107.215874 	 2.000000 
4129.099609 	 47036.360718 	 15076.523438 	 185.642029 	 138.997726 	 159.634964 	 14.000000 
4023.985107 	 46236.086060 	 16512.556641 	 212.806427 	 184.811401 	 14.524142 	 1.000000 
4004.642090 	 46213.496582 	 16512.275391 	 237.180695 	 164.388199 	 24.575741 	 1.000000 
4473.663086 	 47857.479736 	 16260.368164 	 134.180405 	 151.367279 	 107.318565 	 17.000000 
3924.864014 	 45868.449829 	 17159.425781 	 126.903702 	 257.902527 	 -7.360787 	 1.000000 
3538.863770 	 47218.997803 	 15927.365234 	 237.705505 	 157.004089 	 153.302460 	 11.000000 
3725.000488 	 46058.177979 	 17243.689453 	 208.716736 	 184.291168 	 9.696860 	 1.000000 
2886.531250 	 45321.122589 	 16426.830078 	 218.920258 	 202.395859 	 63.075459 	 1.000000 
5053.413574 	 47699.197510 	 16263.823242 	 118.005440 	 154.602966 	 85.335617 	 1.000000 
2024.412231 	 46679.987671 	 16497.763672 	 245.222168 	 156.027649 	 86.430977 	 10.000000 
4110.500977 	 46012.886780 	 16274.201172 	 167.469727 	 26.068937 	 201.777405 	 1.000000 
3354.362549 	 46306.715210 	 18097.501953 	 177.909470 	 240.423492 	 42.881008 	 1.000000 
3699.838867 	 46999.439697 	 17370.771484 	 142.966995 	 206.775299 	 45.940639 	 1.000000 
4172.944824 	 45155.407089 	 15631.142578 	 224.059570 	 244.169434 	 111.118042 	 1.000000 
3869.883301 	 46077.655762 	 15847.872070 	 177.728149 	 138.534012 	 139.123123 	 1.000000 
3444.948486 	 45978.293152 	 16764.642578 	 287.983307 	 219.482956 	 -1.355590 	 1.000000 
3525.412109 	 47734.144531 	 15984.829102 	 225.220917 	 186.625031 	 58.017796 	 11.000000 
3505.784424 	 47759.993164 	 15961.209961 	 190.070190 	 124.711510 	 133.697083 	 11.000000 
4802.990234 	 46597.777344 	 15787.272461 	 91.714302 	 111.514168 	 75.928764 	 1.000000 
2377.009277 	 45166.206848 	 16811.093750 	 212.734894 	 209.077713 	 50.776798 	 1.000000 
3659.258789 	 47266.158203 	 16055.344727 	 168.212494 	 208.242371 	 198.460922 	 11.000000 
3652.083252 	 47297.302002 	 16042.683594 	 234.358810 	 146.545425 	 171.901672 	 11.000000 
2735.159180 	 46659.696533 	 15766.466797 	 272.882202 	 144.331390 	 112.837807 	 2.000000 
2343.950684 	 45387.650970 	 16359.479492 	 189.388367 	 166.279007 	 59.286049 	 1.000000 
2690.895020 	 45655.427185 	 16470.337891 	 221.422440 	 154.156433 	 77.907600 	 1.000000 
3926.418701 	 46208.892334 	 16169.841797 	 252.210449 	 158.816422 	 -54.453781 	 1.000000 
2834.741455 	 47265.686035 	 15901.464844 	 268.153534 	 155.267746 	 109.218582 	 9.000000 
2537.042969 	 46578.157715 	 15673.791016 	 261.822205 	 145.011093 	 111.335732 	 2.000000 
4313.384766 	 45935.596191 	 15585.714844 	 24.341658 	 115.680756 	 134.054337 	 1.000000 
4057.984863 	 45560.992920 	 16022.590820 	 156.007111 	 178.597000 	 124.762405 	 1.000000 
3251.891113 	 46005.685425 	 16949.960938 	 246.729446 	 217.911743 	 9.236602 	 1.000000 
4155.378906 	 46235.595459 	 16268.134766 	 182.548309 	 166.037399 	 54.663097 	 1.000000 
3394.472412 	 46344.551636 	 17460.101562 	 198.770065 	 229.686005 	 11.129920 	 1.000000 
2943.697266 	 46474.608032 	 16452.482422 	 243.421982 	 163.596527 	 91.728882 	 1.000000 
2333.792236 	 45681.731201 	 16813.939453 	 228.702072 	 164.559677 	 55.265968 	 1.000000 
3501.583252 	 47300.923584 	 16023.223633 	 204.599442 	 168.321747 	 133.938553 	 11.000000 
3436.876465 	 45670.167236 	 16474.068359 	 208.546432 	 283.274445 	 15.354414 	 1.000000 
2532.338867 	 45110.550446 	 16133.028320 	 198.929504 	 191.065201 	 61.285851 	 1.000000 
2473.602295 	 45377.726440 	 15315.411133 	 216.946579 	 134.023453 	 113.596443 	 2.000000 
4295.069824 	 46055.480469 	 15914.889648 	 128.620697 	 -16.429886 	 93.796417 	 1.000000 
4317.768555 	 46093.514160 	 15965.267578 	 264.817993 	 89.565941 	 16.471718 	 1.000000 
3913.493408 	 46329.046753 	 16209.545898 	 205.126068 	 166.305023 	 56.821243 	 1.000000 
3347.332764 	 46548.521973 	 15195.949219 	 240.507599 	 158.674088 	 156.701920 	 8.000000 
2444.314697 	 45566.746826 	 16951.431641 	 234.803864 	 156.720215 	 55.868732 	 1.000000 
2927.470215 	 46499.486328 	 16492.818359 	 253.262192 	 156.071289 	 73.163200 	 1.000000 
3887.562256 	 46967.207642 	 17353.052734 	 76.041969 	 193.851776 	 45.273964 	 1.000000 
4182.903320 	 45306.505035 	 15913.306641 	 170.433136 	 223.885864 	 167.259171 	 1.000000 
4596.688477 	 47071.291504 	 15458.731445 	 135.570038 	 112.174026 	 114.781464 	 1.000000 
3441.391602 	 47350.785156 	 16285.288086 	 258.171204 	 160.566025 	 58.742008 	 11.000000 
2438.434814 	 45595.771790 	 16470.599609 	 221.604156 	 147.640945 	 83.662575 	 1.000000 
4564.515625 	 45841.970825 	 15238.188477 	 125.050858 	 151.567474 	 132.345047 	 1.000000 
3989.270752 	 46890.376465 	 17504.515625 	 73.736534 	 192.506897 	 42.041634 	 1.000000 
3860.692383 	 46179.031250 	 16455.927734 	 210.750504 	 246.698669 	 -31.282629 	 1.000000 
2135.889160 	 46740.458862 	 15787.329102 	 246.440063 	 147.841751 	 104.805542 	 2.000000 
3929.315430 	 47266.404297 	 17898.320312 	 159.681717 	 266.302307 	 37.145462 	 1.000000 
3726.656006 	 47883.399170 	 16519.917969 	 193.497650 	 149.304642 	 65.705841 	 11.000000 
2943.338135 	 45965.830505 	 15421.805664 	 240.072571 	 148.776321 	 123.499390 	 4.000000 
3985.846191 	 45802.062439 	 16158.000000 	 156.885956 	 289.403473 	 91.761879 	 1.000000 
4172.756348 	 47743.602539 	 16841.171875 	 112.207222 	 148.957062 	 89.939087 	 18.000000 
4080.354980 	 45229.805267 	 15434.548828 	 200.476822 	 255.607559 	 122.001915 	 1.000000 
3738.787842 	 46451.135986 	 16402.064453 	 204.210403 	 180.680664 	 78.439804 	 1.000000 
4036.379639 	 45452.778412 	 15889.579102 	 293.471130 	 263.539459 	 32.311691 	 1.000000 
4277.614746 	 46881.626343 	 17302.589844 	 166.107376 	 173.161087 	 44.084549 	 1.000000 
4011.105957 	 45620.260925 	 16286.161133 	 273.109283 	 238.203445 	 32.043221 	 1.000000 
4792.032715 	 46135.503052 	 15388.398438 	 83.569313 	 134.854492 	 36.003159 	 1.000000 
2216.599609 	 45329.058868 	 16367.216797 	 180.814682 	 128.450333 	 60.508141 	 1.000000 
4077.118896 	 45598.073730 	 15939.657227 	 63.409630 	 304.392792 	 148.861542 	 1.000000 
3585.995605 	 47689.024902 	 15830.762695 	 133.212570 	 181.071396 	 138.500412 	 11.000000 
3573.935059 	 47826.054932 	 15855.873047 	 191.070541 	 156.043350 	 117.639008 	 11.000000 
3302.405518 	 46506.805908 	 15642.408203 	 255.710602 	 158.408859 	 138.173126 	 8.000000 
2670.272461 	 47564.951416 	 15881.167969 	 262.349609 	 161.456833 	 108.618904 	 9.000000 
4598.079102 	 47156.463867 	 15467.311523 	 134.364471 	 109.722870 	 106.840546 	 1.000000 
4105.353516 	 46637.330200 	 17032.320312 	 136.723160 	 138.550003 	 23.029144 	 1.000000 
4325.717285 	 46111.682861 	 15999.262695 	 109.385994 	 -32.500881 	 66.543297 	 1.000000 
3921.424561 	 45247.420120 	 15960.040039 	 130.110168 	 294.089966 	 -20.589298 	 1.000000 
3552.915283 	 45405.122437 	 16186.308594 	 260.937469 	 217.012039 	 58.226192 	 1.000000 
4057.813232 	 47632.758789 	 17624.250000 	 129.553040 	 183.186890 	 47.759178 	 1.000000 
5162.355957 	 45249.909531 	 14917.434570 	 199.107895 	 159.095337 	 98.403030 	 1.000000 
2352.673828 	 45793.505188 	 15711.748047 	 242.587326 	 148.335419 	 94.336975 	 2.000000 
3830.166748 	 46068.918701 	 15858.844727 	 165.506042 	 159.371735 	 136.529633 	 1.000000 
3834.614502 	 46071.458008 	 15885.481445 	 78.103134 	 139.232620 	 170.804352 	 1.000000 
4286.523926 	 45439.708191 	 15462.825195 	 230.280762 	 293.989166 	 37.879314 	 1.000000 
3790.875977 	 46188.701904 	 16179.497070 	 185.863235 	 119.777283 	 -77.861908 	 1.000000 
2364.930908 	 45663.739075 	 16906.517578 	 229.813293 	 154.391602 	 47.358070 	 1.000000 
3948.219482 	 46100.425049 	 16449.417969 	 94.462410 	 157.229050 	 -45.103138 	 1.000000 
3741.774902 	 46586.610107 	 17778.037109 	 216.399979 	 184.781845 	 54.409519 	 1.000000 
4023.885254 	 46157.073486 	 15947.023438 	 178.313538 	 12.181115 	 208.970917 	 1.000000 
3850.470703 	 47339.722412 	 17801.904297 	 206.743607 	 156.321396 	 111.543533 	 1.000000 
3199.671143 	 47295.007080 	 16593.123047 	 259.587250 	 185.634109 	 78.209541 	 11.000000 
3998.140137 	 45542.209473 	 15913.972656 	 62.225712 	 223.396942 	 17.392914 	 1.000000 
5683.098633 	 46049.218994 	 15326.763672 	 121.421043 	 157.496124 	 21.345383 	 1.000000 
2871.343506 	 45300.773712 	 15081.966797 	 227.321259 	 130.960083 	 114.716957 	 2.000000 
3919.609131 	 46402.753784 	 16598.191406 	 101.065948 	 208.762665 	 -55.185619 	 1.000000 
3898.236572 	 47120.108398 	 15430.798828 	 184.266205 	 141.132812 	 179.447433 	 14.000000 
4884.255371 	 46620.134644 	 15778.784180 	 87.184143 	 113.763016 	 74.571144 	 1.000000 
3767.617676 	 47369.384766 	 15985.120117 	 216.987137 	 159.289795 	 165.334869 	 11.000000 
4112.437012 	 45737.876465 	 16271.339844 	 253.734146 	 269.342010 	 4.365032 	 1.000000 
2626.149170 	 45594.238342 	 15303.876953 	 224.088745 	 137.433365 	 115.758972 	 2.000000 
3468.310547 	 47454.880371 	 16079.361328 	 157.439407 	 114.242340 	 127.371399 	 11.000000 
4953.947754 	 46421.452271 	 14853.516602 	 148.406509 	 103.600449 	 97.373825 	 16.000000 
4191.640137 	 46018.368896 	 15589.231445 	 1.772867 	 137.753586 	 114.165779 	 1.000000 
3804.241943 	 46091.727417 	 15847.343750 	 142.748657 	 156.010513 	 133.253555 	 1.000000 
4165.132324 	 45147.966278 	 15794.977539 	 181.944626 	 205.879181 	 165.174667 	 1.000000 
4564.716797 	 45858.940063 	 15299.587891 	 103.823769 	 182.259613 	 127.551933 	 1.000000 
4724.358398 	 47111.323975 	 17967.851562 	 102.840645 	 206.435867 	 81.904884 	 1.000000 
5399.915039 	 46339.697754 	 15421.407227 	 108.060463 	 122.186195 	 65.595482 	 1.000000 
3825.066406 	 46551.254150 	 16570.582031 	 108.622742 	 52.635845 	 21.249834 	 1.000000 
4248.811035 	 47013.842041 	 17421.257812 	 165.223770 	 175.406937 	 54.908733 	 1.000000 
3983.188232 	 46382.376343 	 16759.292969 	 133.199066 	 141.887939 	 -31.267555 	 1.000000 
3698.754395 	 47254.393311 	 15995.087891 	 219.900009 	 100.355232 	 58.548782 	 11.000000 
4962.114258 	 46579.976807 	 14868.568359 	 150.954514 	 104.547371 	 96.098213 	 16.000000 
4996.960938 	 46155.114014 	 15403.394531 	 87.690323 	 107.309586 	 52.717220 	 1.000000 
3750.965820 	 45973.467407 	 16827.822266 	 117.577560 	 277.763947 	 -58.947559 	 1.000000 
3415.573242 	 46291.207031 	 17275.597656 	 210.995544 	 222.406342 	 2.724711 	 1.000000 
4426.176758 	 45409.889587 	 15717.781250 	 183.805130 	 267.484924 	 103.783806 	 1.000000 
3863.461426 	 45767.413574 	 15690.460938 	 159.683151 	 266.763214 	 164.957977 	 1.000000 
4100.181641 	 46273.158447 	 16245.425781 	 179.698196 	 264.776764 	 -54.769630 	 1.000000 
3774.006592 	 46066.074707 	 16542.886719 	 192.978989 	 272.876862 	 47.577976 	 1.000000 
2315.863525 	 46250.503052 	 15617.166016 	 241.266998 	 135.059402 	 110.820091 	 2.000000 
2318.480957 	 46121.755981 	 16764.949219 	 228.496460 	 152.703781 	 67.862183 	 1.000000 
4099.826660 	 46177.666382 	 16294.859375 	 200.461121 	 189.991257 	 68.920181 	 1.000000 
3861.390869 	 45498.270630 	 15572.279297 	 218.594101 	 243.528793 	 141.067169 	 1.000000 
2991.275146 	 45977.969788 	 14685.032227 	 224.617447 	 137.556000 	 129.621918 	 3.000000 
3244.015625 	 47470.264893 	 15983.375977 	 303.198059 	 156.351379 	 107.094910 	 11.000000 
3798.127686 	 46418.895630 	 16421.970703 	 250.230911 	 176.986801 	 70.565659 	 1.000000 
5025.479492 	 46044.897095 	 15293.896484 	 75.328789 	 159.856506 	 63.265606 	 1.000000 
4223.828613 	 47303.145264 	 16509.304688 	 105.219444 	 125.877365 	 79.725891 	 15.000000 
4242.065918 	 46059.372559 	 15501.978516 	 257.486115 	 283.036407 	 92.249405 	 1.000000 
3503.113281 	 47174.924072 	 15813.135742 	 225.288971 	 125.292183 	 146.110123 	 11.000000 
4402.526367 	 45449.533142 	 15654.836914 	 214.555832 	 272.900818 	 67.059082 	 1.000000 
3522.532471 	 46396.552856 	 17404.744141 	 174.616348 	 244.633011 	 0.688417 	 1.000000 
3513.800781 	 46394.940796 	 17391.435547 	 180.287460 	 243.992065 	 8.665730 	 1.000000 
3263.196533 	 45726.594238 	 17120.238281 	 242.479431 	 191.581299 	 23.062231 	 1.000000 
3495.736816 	 47843.285889 	 15714.539062 	 228.056595 	 142.398270 	 167.969055 	 11.000000 
4070.050049 	 45780.200623 	 16483.058594 	 227.489487 	 264.842468 	 15.327551 	 1.000000 
4054.182861 	 46340.438721 	 16079.731445 	 219.971176 	 9.239013 	 100.904411 	 1.000000 
3967.750977 	 47471.372314 	 17761.509766 	 153.598541 	 136.829895 	 139.946899 	 1.000000 
3200.579590 	 45216.532700 	 16757.292969 	 175.048035 	 255.624573 	 11.179571 	 1.000000 
2702.780518 	 45316.017120 	 15146.085938 	 223.656525 	 133.950150 	 113.922195 	 2.000000 
4646.080078 	 45962.877991 	 15551.853516 	 66.496246 	 123.569572 	 89.750069 	 1.000000 
3946.017334 	 47527.827148 	 17594.447266 	 91.822868 	 183.594711 	 130.413895 	 1.000000 
3843.308594 	 46788.069458 	 17189.892578 	 152.626709 	 212.130280 	 -6.316755 	 1.000000 
5592.863281 	 45974.588806 	 15165.234375 	 119.480324 	 132.542419 	 41.495132 	 1.000000 
3837.704834 	 45082.695824 	 15554.029297 	 200.125214 	 273.877960 	 -14.214291 	 1.000000 
3300.439453 	 45178.947266 	 16584.548828 	 177.335205 	 256.746307 	 11.408153 	 1.000000 
3237.890625 	 47656.201416 	 15105.264648 	 226.047806 	 179.144302 	 154.640564 	 0.000000 
2422.489502 	 45884.450623 	 15630.971680 	 251.035202 	 142.169403 	 90.811775 	 2.000000 
3599.125488 	 47327.186279 	 16188.756836 	 216.293381 	 165.399475 	 113.534668 	 11.000000 
3697.690186 	 45077.718155 	 15175.887695 	 132.805984 	 263.768311 	 40.593319 	 1.000000 
3469.694336 	 46332.319214 	 17598.691406 	 179.061356 	 246.601624 	 14.060468 	 1.000000 
2246.724609 	 45524.278198 	 16424.677734 	 226.573257 	 153.560974 	 46.952217 	 1.000000 
3902.578613 	 46029.243042 	 16480.656250 	 208.109589 	 268.967468 	 20.037821 	 1.000000 
3586.350586 	 45266.704468 	 16047.201172 	 198.967911 	 270.212494 	 -3.620709 	 1.000000 
4132.346680 	 45278.852448 	 15650.803711 	 231.266083 	 251.255783 	 144.063538 	 1.000000 
3939.390381 	 46747.319702 	 16411.615234 	 191.625961 	 105.532059 	 142.741730 	 1.000000 
5200.291992 	 46750.430420 	 15711.777344 	 105.545197 	 132.737686 	 58.082024 	 1.000000 
4008.799072 	 45605.823120 	 16076.416016 	 128.021362 	 207.700363 	 63.007336 	 1.000000 
4006.929932 	 47446.446045 	 17572.326172 	 113.951508 	 156.408936 	 83.905830 	 1.000000 
3998.599609 	 46968.296143 	 17439.240234 	 180.028076 	 249.285507 	 12.301370 	 1.000000 
3537.966064 	 45886.411011 	 16501.273438 	 255.365082 	 182.568680 	 11.483006 	 1.000000 
3570.098145 	 46782.478027 	 15775.625000 	 259.485016 	 162.758423 	 152.247803 	 1.000000 
4735.392090 	 46067.328857 	 15404.273438 	 88.920609 	 117.659752 	 62.075802 	 1.000000 
2256.478027 	 45290.815186 	 16408.908203 	 210.052017 	 174.648651 	 15.611805 	 1.000000 
2401.574463 	 45330.051300 	 16771.156250 	 204.454483 	 224.938110 	 61.755299 	 1.000000 
2609.264893 	 45780.541565 	 17602.884766 	 192.558563 	 222.695023 	 39.060417 	 1.000000 
5153.997070 	 45893.875427 	 15238.976562 	 96.550484 	 175.040268 	 21.909243 	 1.000000 
5260.128418 	 45971.337952 	 15081.141602 	 108.206398 	 143.617523 	 48.305260 	 1.000000 
3966.895264 	 47091.079590 	 15283.472656 	 186.798203 	 139.036758 	 172.963501 	 14.000000 
3857.510742 	 46616.436646 	 15784.040039 	 257.890961 	 144.088394 	 169.913116 	 1.000000 
4124.845215 	 45402.219330 	 15974.857422 	 167.324280 	 251.173477 	 163.745468 	 1.000000 
5213.585938 	 45935.007874 	 15093.375977 	 107.163010 	 144.901077 	 46.238190 	 1.000000 
3227.006348 	 45981.046936 	 17042.044922 	 225.800919 	 207.532394 	 -2.830677 	 1.000000 
3021.084961 	 45792.809143 	 17204.945312 	 197.335556 	 204.633530 	 25.687929 	 1.000000 
3756.067627 	 45930.133972 	 16938.332031 	 236.388763 	 196.925278 	 -50.586464 	 1.000000 
3795.586914 	 45549.352173 	 16185.717773 	 274.885773 	 235.431976 	 43.797832 	 1.000000 
4371.769043 	 46240.802734 	 15877.614258 	 114.380356 	 61.278427 	 214.797516 	 1.000000 
3721.536621 	 46195.967407 	 16925.089844 	 225.154190 	 188.940277 	 -37.395260 	 1.000000 
3039.825684 	 45995.999756 	 15703.743164 	 248.734741 	 158.921249 	 111.852921 	 4.000000 
4010.362305 	 46179.429321 	 16275.411133 	 148.093948 	 204.245209 	 97.573784 	 1.000000 
3684.982178 	 46929.893921 	 18125.507812 	 219.778122 	 210.895386 	 70.256012 	 13.000000 
3716.216553 	 47665.294678 	 16005.598633 	 168.344376 	 82.323174 	 13.382211 	 11.000000 
3927.551758 	 45772.621948 	 15715.673828 	 223.947418 	 381.707245 	 94.515076 	 1.000000 
3915.551514 	 46324.609009 	 16005.784180 	 82.147621 	 128.766159 	 -29.485064 	 1.000000 
5167.208496 	 45868.869141 	 15155.034180 	 102.032578 	 186.667740 	 20.727194 	 1.000000 
3367.613037 	 47430.088623 	 16472.398438 	 241.719604 	 142.917450 	 68.381828 	 11.000000 
3629.409912 	 47324.143066 	 16067.390625 	 148.133408 	 217.353134 	 191.626160 	 11.000000 
2958.895996 	 45280.457581 	 16410.093750 	 216.526688 	 200.485092 	 71.957382 	 1.000000 
3556.068604 	 47334.010498 	 15909.371094 	 134.410477 	 134.352631 	 132.877792 	 11.000000 
3643.576660 	 47117.940186 	 17494.384766 	 105.722389 	 224.481201 	 40.695423 	 1.000000 
3440.832764 	 47426.803955 	 16332.636719 	 275.295715 	 159.104782 	 73.740829 	 11.000000 
4086.698486 	 47368.269531 	 17587.851562 	 113.709503 	 234.499680 	 41.853733 	 1.000000 
4763.483887 	 45951.842041 	 15157.312500 	 98.160210 	 150.709747 	 71.381065 	 1.000000 
3881.906738 	 45386.540436 	 15704.785156 	 104.955948 	 267.924957 	 130.471497 	 1.000000 
3106.579102 	 45909.388733 	 17131.082031 	 224.089691 	 214.735428 	 22.864092 	 1.000000 
3482.112793 	 47423.415527 	 16330.834961 	 263.071198 	 159.324524 	 63.012722 	 11.000000 
2301.681885 	 46174.780762 	 15610.537109 	 249.639313 	 147.142517 	 124.055122 	 2.000000 
4491.232422 	 45436.343292 	 15590.691406 	 137.123413 	 189.609314 	 164.755447 	 1.000000 
3722.877686 	 46702.817261 	 16905.734375 	 170.160751 	 169.942688 	 -6.635605 	 1.000000 
4978.522949 	 46053.185913 	 15295.820312 	 68.355545 	 155.496841 	 66.913795 	 1.000000 
4064.793945 	 45444.019775 	 15863.911133 	 289.534515 	 268.054443 	 45.105045 	 1.000000 
3870.896973 	 47137.307861 	 17749.009766 	 83.763702 	 220.048996 	 50.229855 	 1.000000 
3846.953125 	 47178.600098 	 17567.199219 	 179.398178 	 177.237289 	 102.376503 	 1.000000 
5373.005859 	 45991.331421 	 15259.551758 	 105.590683 	 133.875351 	 45.388580 	 1.000000 
4023.780273 	 47370.792969 	 17482.888672 	 122.592659 	 191.004013 	 95.612862 	 1.000000 
5100.344238 	 45272.019135 	 16108.342773 	 114.335274 	 233.708817 	 10.428043 	 0.000000 
4938.804199 	 45613.369080 	 14661.212891 	 162.323303 	 189.096039 	 58.635273 	 1.000000 
3835.066895 	 46388.146484 	 16205.636719 	 169.635727 	 193.706665 	 26.174707 	 1.000000 
3576.959961 	 46265.175049 	 16854.527344 	 219.555313 	 182.925293 	 -23.948092 	 1.000000 
3722.625244 	 45934.713013 	 16901.187500 	 266.863220 	 280.699280 	 -20.666790 	 1.000000 
3656.413574 	 47784.003174 	 15951.740234 	 254.859283 	 71.187843 	 75.649323 	 11.000000 
3038.226562 	 45452.453583 	 16767.863281 	 231.867233 	 200.293350 	 64.817787 	 1.000000 
3972.379395 	 47474.652832 	 17811.158203 	 127.643845 	 150.004608 	 99.266052 	 1.000000 
3855.252441 	 45932.822144 	 16565.150391 	 112.038101 	 293.935120 	 -28.128044 	 1.000000 
3692.405273 	 47857.706787 	 16527.078125 	 196.630310 	 140.905762 	 71.514923 	 11.000000 
3715.677490 	 46921.913086 	 17705.166016 	 239.613098 	 193.727585 	 68.929665 	 1.000000 
2212.562500 	 45821.959045 	 15415.240234 	 239.027481 	 132.512131 	 120.935661 	 2.000000 
3849.004639 	 45407.371735 	 15711.705078 	 121.070366 	 270.744476 	 118.368629 	 1.000000 
3332.781006 	 45843.865784 	 16920.228516 	 192.600540 	 272.692169 	 -13.583013 	 1.000000 
4666.985352 	 46846.830811 	 15552.968750 	 139.222534 	 101.538445 	 121.100502 	 1.000000 
4315.591309 	 45246.462769 	 15628.709961 	 138.704575 	 197.457291 	 164.422333 	 1.000000 
3879.907959 	 45820.501221 	 15693.945312 	 238.741714 	 140.880646 	 120.332909 	 1.000000 
3784.932617 	 46265.539917 	 16295.799805 	 167.308105 	 80.561745 	 -83.207153 	 1.000000 
4118.357910 	 47223.781982 	 14579.432617 	 197.826172 	 142.860901 	 144.522491 	 0.000000 
3926.077881 	 46160.229858 	 16155.466797 	 311.251984 	 253.222885 	 21.039238 	 1.000000 
3912.154297 	 46589.816650 	 16393.406250 	 215.138443 	 187.514771 	 -62.815968 	 1.000000 
3985.655518 	 46939.389648 	 17371.119141 	 133.782471 	 235.311508 	 9.493019 	 1.000000 
3995.964355 	 45718.234741 	 16835.908203 	 119.883064 	 276.433167 	 -14.966699 	 1.000000 
2555.101807 	 45853.193420 	 16466.703125 	 254.289841 	 148.290710 	 101.708633 	 1.000000 
4215.201172 	 46018.096436 	 15530.356445 	 278.742035 	 273.806946 	 90.921394 	 1.000000 
3960.829834 	 45489.917450 	 15303.195312 	 172.346817 	 260.579315 	 148.942307 	 1.000000 
4273.873535 	 47212.034668 	 16240.010742 	 115.653740 	 110.042114 	 91.194283 	 15.000000 
3975.344238 	 45012.094860 	 15101.219727 	 150.663437 	 215.472839 	 98.350334 	 1.000000 
3965.255615 	 46803.032837 	 17051.277344 	 176.594513 	 228.736618 	 -15.254835 	 1.000000 
2919.102783 	 47729.118164 	 17138.185547 	 282.369995 	 187.018784 	 86.166679 	 12.000000 
2775.313721 	 46687.116333 	 16591.708984 	 252.001099 	 169.158920 	 65.197113 	 1.000000 
4225.727051 	 45987.021179 	 15558.772461 	 289.457550 	 275.244293 	 66.108284 	 1.000000 
3753.060303 	 46178.605591 	 16582.212891 	 197.416138 	 206.555801 	 -2.933108 	 1.000000 
4047.053955 	 45522.554810 	 15636.805664 	 273.122528 	 174.724152 	 197.385742 	 1.000000 
5027.325195 	 46075.913818 	 15263.687500 	 91.185951 	 155.454666 	 75.598228 	 1.000000 
3939.594238 	 47184.663818 	 17533.662109 	 168.535187 	 253.700638 	 20.241486 	 1.000000 
4115.057617 	 45666.382629 	 16297.618164 	 257.465851 	 259.364990 	 12.388860 	 1.000000 
3875.654053 	 46879.266724 	 17032.953125 	 58.056595 	 194.102524 	 20.005222 	 1.000000 
4156.461426 	 45780.707886 	 16135.943359 	 128.481934 	 309.400055 	 187.345566 	 1.000000 
3564.715332 	 47708.806396 	 15577.545898 	 221.691315 	 173.309235 	 193.943619 	 11.000000 
3913.250244 	 46149.304321 	 16391.251953 	 220.133820 	 131.339050 	 63.366428 	 1.000000 
3677.011719 	 45794.360596 	 16970.849609 	 147.965042 	 280.870300 	 -22.373545 	 1.000000 
3534.773193 	 46363.449341 	 17320.578125 	 186.001328 	 246.043961 	 0.730065 	 1.000000 
3037.198730 	 45301.736603 	 15060.096680 	 224.564423 	 135.012939 	 116.417526 	 2.000000 
3977.346680 	 45622.368103 	 15613.710938 	 103.728683 	 253.068069 	 192.174286 	 1.000000 
3936.726562 	 46433.962158 	 16631.910156 	 91.887589 	 199.348038 	 -38.371262 	 1.000000 
5335.146973 	 45854.821655 	 15022.000977 	 111.224976 	 143.853439 	 40.275364 	 1.000000 
2251.455811 	 46056.384521 	 16774.851562 	 247.998703 	 140.460541 	 92.083488 	 1.000000 
2909.306885 	 45440.698151 	 16687.941406 	 226.677734 	 195.352707 	 66.475952 	 1.000000 
4311.779785 	 45752.184937 	 15951.180664 	 128.863037 	 362.105255 	 80.234413 	 1.000000 
3465.452881 	 47555.779541 	 15435.426758 	 233.098709 	 172.918076 	 178.897461 	 11.000000 
2334.955811 	 46183.989380 	 15625.948242 	 242.789108 	 143.493210 	 118.029709 	 2.000000 
4291.078613 	 45794.794983 	 15618.790039 	 159.450424 	 357.848175 	 75.655090 	 1.000000 
3952.578857 	 46562.211426 	 16118.000977 	 198.282394 	 62.217491 	 80.681877 	 1.000000 
3420.547119 	 46325.431885 	 15320.577148 	 245.557114 	 155.300430 	 147.835999 	 8.000000 
4156.599609 	 45277.375763 	 15660.582031 	 282.759338 	 244.699066 	 66.896622 	 1.000000 
3849.839111 	 46695.378662 	 17191.902344 	 73.330986 	 183.407578 	 10.762733 	 1.000000 
3928.996582 	 45695.885864 	 15278.430664 	 227.571960 	 327.971466 	 89.509697 	 1.000000 
3994.660889 	 45220.756668 	 15355.258789 	 203.157684 	 295.370483 	 -6.225707 	 1.000000 
2991.003662 	 46488.149780 	 14803.072266 	 229.869415 	 147.448074 	 140.183060 	 0.000000 
3125.362793 	 46857.001099 	 15882.044922 	 256.019867 	 141.610504 	 111.950569 	 2.000000 
4280.895996 	 46212.237915 	 16173.275391 	 186.558655 	 82.061508 	 121.306068 	 1.000000 
4005.572510 	 45388.822510 	 15535.570312 	 121.650749 	 299.752472 	 105.757614 	 1.000000 
3903.567871 	 45063.475941 	 14987.182617 	 132.659607 	 201.721725 	 97.626183 	 1.000000 
3731.470703 	 46189.367065 	 16177.221680 	 169.558884 	 117.219856 	 -87.113724 	 1.000000 
3199.482178 	 45451.505371 	 16660.599609 	 197.011917 	 262.385223 	 22.565363 	 1.000000 
4256.573242 	 45951.059326 	 15423.458008 	 61.284927 	 140.701324 	 138.613388 	 1.000000 
3867.360596 	 45667.511902 	 15391.379883 	 227.549011 	 317.654114 	 -9.867697 	 1.000000 
2311.839600 	 45669.488464 	 15445.245117 	 240.545654 	 139.035126 	 97.184334 	 2.000000 
3978.669434 	 47668.959473 	 17660.097656 	 126.705070 	 169.330795 	 100.588928 	 1.000000 
3970.818604 	 45920.556946 	 16221.826172 	 181.644562 	 78.849449 	 155.370132 	 1.000000 
4404.933594 	 47379.797852 	 16336.737305 	 102.561432 	 133.632965 	 81.425201 	 15.000000 
3476.620605 	 46356.243896 	 16870.085938 	 190.032150 	 213.836304 	 -25.093910 	 1.000000 
3637.623535 	 46354.951782 	 16937.353516 	 263.308807 	 152.588364 	 37.455902 	 1.000000 
4259.889648 	 45561.398071 	 16063.531250 	 122.767250 	 302.453064 	 87.789185 	 1.000000 
4044.427246 	 46882.201660 	 16264.114258 	 240.356613 	 113.935524 	 129.800827 	 1.000000 
4974.479004 	 46539.921509 	 15704.047852 	 93.079971 	 117.554749 	 72.794724 	 1.000000 
4140.939941 	 46758.345337 	 16155.151367 	 211.911011 	 127.675552 	 192.650284 	 1.000000 
3473.802979 	 47182.375000 	 15495.635742 	 214.603043 	 169.272964 	 182.628860 	 11.000000 
4172.698242 	 45110.513512 	 15515.619141 	 117.895309 	 221.073273 	 123.658188 	 1.000000 
4014.583984 	 47113.408691 	 17326.664062 	 170.628403 	 214.874161 	 1.113735 	 1.000000 
3390.519775 	 45983.177551 	 16679.435547 	 250.238663 	 285.965027 	 19.693316 	 1.000000 
2901.009033 	 45539.572449 	 17059.970703 	 220.670364 	 182.773529 	 37.452713 	 1.000000 
4115.561523 	 46840.143188 	 16804.826172 	 157.155914 	 98.271988 	 70.258759 	 1.000000 
2950.445068 	 45529.353577 	 16885.880859 	 222.021301 	 220.937561 	 43.870300 	 1.000000 
2776.886475 	 45496.490326 	 17047.585938 	 207.747055 	 178.393234 	 40.186790 	 1.000000 
5115.334961 	 45524.694763 	 14841.962891 	 157.962555 	 143.118790 	 66.611397 	 1.000000 
3999.109619 	 46931.965698 	 17064.347656 	 122.698151 	 136.573517 	 68.473419 	 1.000000 
4614.833496 	 47484.499268 	 16279.484375 	 108.892860 	 141.582489 	 84.322464 	 15.000000 
3150.399170 	 46195.834961 	 17859.369141 	 188.007858 	 232.262299 	 36.731800 	 1.000000 
2227.121338 	 46366.930176 	 16622.076172 	 253.408630 	 151.350174 	 94.123123 	 1.000000 
3961.668945 	 47118.802979 	 17701.564453 	 231.420837 	 201.484924 	 70.710403 	 1.000000 
3679.147705 	 45829.411072 	 17001.041016 	 264.054016 	 265.733917 	 19.685440 	 1.000000 
2601.529053 	 45426.119110 	 16801.873047 	 196.465073 	 221.231705 	 56.386215 	 1.000000 
3851.961182 	 46129.923218 	 15688.572266 	 277.553101 	 126.993378 	 193.594193 	 1.000000 
3155.901611 	 45619.497864 	 15192.896484 	 237.517944 	 143.849442 	 121.794884 	 2.000000 
3925.138184 	 45759.262024 	 16058.731445 	 334.743927 	 207.782471 	 54.261978 	 1.000000 
4152.960449 	 46513.361816 	 16545.859375 	 88.188629 	 220.030823 	 6.364159 	 1.000000 
4022.225098 	 46464.924438 	 16108.019531 	 182.160233 	 30.951345 	 85.935722 	 1.000000 
3817.570557 	 47581.552734 	 17613.800781 	 93.801910 	 148.970261 	 91.296082 	 1.000000 
4079.906738 	 45031.528158 	 16176.474609 	 121.356918 	 268.697998 	 -8.241805 	 1.000000 
3908.979492 	 45681.933411 	 16489.101562 	 257.548737 	 241.754868 	 48.886391 	 1.000000 
4365.360352 	 46043.755127 	 16303.039062 	 138.778946 	 10.655609 	 129.104874 	 1.000000 
3362.076172 	 47986.194336 	 15303.124023 	 201.912201 	 158.673203 	 163.091797 	 0.000000 
3666.634766 	 46823.841309 	 17080.046875 	 164.767029 	 194.461975 	 4.605331 	 1.000000 
3721.358643 	 46723.073120 	 16749.578125 	 99.497765 	 164.585999 	 -3.660561 	 1.000000 
3836.070557 	 46072.359497 	 16331.688477 	 239.878067 	 236.990326 	 -7.698240 	 1.000000 
2655.224854 	 46155.120361 	 16525.431641 	 267.046265 	 148.236282 	 72.719505 	 1.000000 
2250.816895 	 46515.101685 	 17057.929688 	 236.405457 	 161.163574 	 88.490883 	 0.000000 
3169.282959 	 45777.731750 	 16819.632812 	 250.038483 	 229.410492 	 38.632008 	 1.000000 
5039.263184 	 45816.208313 	 15254.699219 	 131.577789 	 132.230759 	 100.447342 	 1.000000 
4254.753418 	 45664.857971 	 15909.185547 	 284.051270 	 285.181213 	 -10.825449 	 1.000000 
4132.458496 	 46515.696167 	 16585.042969 	 86.964729 	 212.331406 	 4.027875 	 1.000000 
3891.052246 	 46907.315430 	 16651.222656 	 103.060005 	 99.911903 	 62.343559 	 1.000000 
4166.633789 	 47264.618896 	 17822.894531 	 150.742996 	 207.202469 	 56.972771 	 1.000000 
2493.606201 	 45426.452515 	 17143.187500 	 269.090057 	 189.942871 	 36.402405 	 1.000000 
3801.919922 	 47968.426025 	 17115.324219 	 201.517685 	 161.895111 	 103.629425 	 0.000000 
3493.375977 	 45305.561401 	 14913.712891 	 226.541763 	 132.325638 	 138.457275 	 0.000000 
2624.341797 	 46348.301758 	 15652.071289 	 248.686111 	 153.884079 	 118.982445 	 2.000000 
3800.343506 	 45474.510345 	 15533.872070 	 182.230316 	 320.686371 	 -17.816303 	 1.000000 
3756.336914 	 46321.871948 	 16496.820312 	 162.022964 	 113.610245 	 -28.506090 	 1.000000 
4479.832520 	 45831.188171 	 15189.359375 	 114.964165 	 160.737885 	 130.432877 	 1.000000 
4914.302246 	 45989.780334 	 15082.709961 	 102.714043 	 149.797211 	 60.802555 	 1.000000 
4846.361816 	 46091.213623 	 15346.165039 	 100.238998 	 133.253082 	 32.435986 	 1.000000 
5417.824219 	 45901.875610 	 16237.939453 	 112.082985 	 202.722656 	 21.784790 	 7.000000 
3049.654297 	 45921.491028 	 17532.779297 	 197.886856 	 206.121277 	 21.395903 	 1.000000 
3061.709473 	 47664.913818 	 17157.318359 	 233.486893 	 193.061920 	 58.969936 	 12.000000 
2958.608643 	 47267.450439 	 16893.259766 	 259.967560 	 185.373749 	 84.956253 	 12.000000 
2313.157715 	 45557.927185 	 15440.265625 	 240.048538 	 133.542084 	 100.858986 	 2.000000 
3981.124268 	 45811.289795 	 16012.957031 	 0.617032 	 175.199005 	 88.474403 	 1.000000 
4172.341309 	 47606.559814 	 16819.964844 	 111.227325 	 145.812454 	 86.796570 	 18.000000 
4539.176270 	 46144.649048 	 15603.875000 	 41.173969 	 132.502182 	 57.203655 	 1.000000 
5048.325195 	 47482.610107 	 16185.430664 	 117.151749 	 149.222610 	 83.365959 	 1.000000 
2926.446777 	 47635.975342 	 17113.380859 	 250.975449 	 204.326004 	 110.685593 	 12.000000 
3195.093994 	 47383.711670 	 16593.957031 	 268.488007 	 182.734116 	 83.133362 	 11.000000 
2778.307129 	 45594.801941 	 16530.437500 	 216.972809 	 173.075638 	 72.009407 	 1.000000 
2954.142334 	 47701.320068 	 16920.777344 	 243.974121 	 191.434906 	 122.819603 	 12.000000 
3339.698975 	 46882.068726 	 15221.889648 	 215.451477 	 161.177292 	 165.786804 	 8.000000 
2433.230225 	 46616.261475 	 15666.008789 	 262.151825 	 143.718658 	 107.100029 	 2.000000 
5353.178223 	 45947.468567 	 14625.211914 	 200.078262 	 108.875244 	 96.426697 	 1.000000 
4160.656738 	 46318.839233 	 15818.042969 	 209.744095 	 189.877441 	 1.892631 	 1.000000 
3704.591553 	 46477.554810 	 16444.511719 	 209.620438 	 128.085724 	 -51.440193 	 1.000000 
3730.634521 	 46179.088989 	 16365.343750 	 268.396881 	 197.848389 	 15.114147 	 1.000000 
4780.328125 	 45973.394897 	 15373.012695 	 73.964165 	 177.982681 	 37.518070 	 1.000000 
3267.260742 	 46112.810425 	 17089.179688 	 220.778732 	 210.073425 	 -5.714431 	 1.000000 
2595.459229 	 45878.481262 	 16472.457031 	 234.124741 	 164.340500 	 81.451210 	 1.000000 
4256.817871 	 45958.174377 	 16372.868164 	 82.612701 	 31.956890 	 109.123169 	 1.000000 
3897.105713 	 46045.974976 	 15786.083008 	 83.002266 	 134.977310 	 189.195847 	 1.000000 
5001.734375 	 47226.545654 	 16065.563477 	 111.388184 	 139.262482 	 79.365921 	 1.000000 
4402.841797 	 47060.718994 	 17838.093750 	 88.182487 	 206.470474 	 70.330597 	 1.000000 
2397.025635 	 45278.978455 	 16783.845703 	 205.330322 	 226.206635 	 40.896202 	 1.000000 
4431.272461 	 46264.454712 	 16034.030273 	 183.768524 	 19.374201 	 83.480644 	 1.000000 
2985.542725 	 46061.948608 	 14729.343750 	 224.612732 	 136.742844 	 130.087494 	 3.000000 
3401.001221 	 47572.816895 	 15546.175781 	 236.624634 	 171.856262 	 188.033752 	 11.000000 
5000.721680 	 46291.083740 	 15309.731445 	 164.182480 	 106.759026 	 133.149094 	 1.000000 
4248.402344 	 46153.576904 	 15789.166016 	 -19.441565 	 103.783211 	 93.806389 	 1.000000 
3814.869385 	 46977.956909 	 17432.537109 	 154.340057 	 220.560181 	 13.340285 	 1.000000 
4008.140625 	 45875.614990 	 17655.996094 	 133.057861 	 250.004288 	 24.953085 	 0.000000 
2460.671143 	 45862.912781 	 15746.569336 	 247.308105 	 147.237122 	 93.705154 	 2.000000 
3321.785645 	 45727.952637 	 16848.365234 	 268.784119 	 178.382629 	 53.848709 	 1.000000 
4061.070312 	 47190.982910 	 17715.654297 	 212.291077 	 207.089798 	 65.911827 	 1.000000 
5139.229004 	 45516.601868 	 14823.911133 	 163.411774 	 153.317459 	 65.621178 	 1.000000 
5068.693848 	 46286.888794 	 15247.412109 	 175.068848 	 102.341682 	 135.601715 	 1.000000 
4151.786133 	 45935.881714 	 15492.633789 	 17.488535 	 176.471512 	 127.689919 	 1.000000 
4788.143066 	 45688.498352 	 14882.317383 	 118.539780 	 152.930298 	 67.849243 	 1.000000 
2210.417969 	 45779.623779 	 16812.464844 	 232.993286 	 159.299149 	 98.499397 	 1.000000 
2495.359619 	 45508.934814 	 16502.396484 	 222.694061 	 152.992966 	 79.886650 	 1.000000 
2803.939697 	 45570.134766 	 16829.363281 	 213.258011 	 221.113770 	 48.392651 	 1.000000 
2862.494873 	 45653.483887 	 16768.025391 	 215.735336 	 228.619034 	 53.831188 	 1.000000 
3066.724121 	 45403.526764 	 15125.141602 	 230.069595 	 135.563690 	 122.552147 	 2.000000 
3626.445801 	 47776.755615 	 15774.017578 	 199.289032 	 71.642097 	 133.681534 	 11.000000 
4161.634766 	 46460.539551 	 16355.704102 	 159.595795 	 36.083603 	 123.725548 	 1.000000 
3074.260498 	 45110.075089 	 16631.214844 	 185.238907 	 244.614639 	 23.728884 	 1.000000 
2874.868652 	 45834.728699 	 17249.480469 	 207.735886 	 202.282135 	 25.211411 	 1.000000 
2936.674805 	 47608.374023 	 17062.050781 	 285.554077 	 209.484482 	 86.165451 	 12.000000 
4292.160645 	 46712.552856 	 17035.365234 	 171.773544 	 137.101791 	 49.315781 	 1.000000 
3765.442383 	 45526.156860 	 16192.244141 	 278.329437 	 233.489029 	 50.330475 	 1.000000 
3382.505371 	 46505.029907 	 15361.276367 	 237.680511 	 154.020508 	 147.717941 	 8.000000 
3009.898682 	 46767.834717 	 15929.503906 	 257.017822 	 168.693802 	 112.077774 	 2.000000 
4841.368164 	 45948.230896 	 15380.097656 	 133.207047 	 102.339905 	 125.913643 	 1.000000 
4079.830811 	 46211.360718 	 15854.771484 	 113.360977 	 161.463974 	 152.561035 	 1.000000 
4184.399902 	 47073.712402 	 17805.814453 	 88.442284 	 184.558258 	 69.856621 	 1.000000 
3343.792725 	 45117.309349 	 16474.613281 	 178.455658 	 254.783676 	 10.557828 	 1.000000 
3731.301758 	 47864.498291 	 16332.755859 	 204.370041 	 147.394913 	 51.499321 	 11.000000 
3719.639404 	 46611.701050 	 15692.055664 	 247.948761 	 148.145340 	 173.711853 	 1.000000 
4990.400879 	 45454.190948 	 14909.913086 	 156.343521 	 153.776672 	 73.708748 	 1.000000 
3914.550781 	 46825.217163 	 17301.087891 	 74.421822 	 156.920776 	 51.435215 	 1.000000 
3885.059082 	 47538.091797 	 17839.392578 	 171.501633 	 191.324417 	 26.995060 	 1.000000 
5139.684082 	 47521.302002 	 16164.054688 	 114.921669 	 151.087845 	 83.285286 	 1.000000 
4868.830078 	 46326.259155 	 16683.718750 	 83.359550 	 200.230347 	 24.561411 	 0.000000 
3870.463135 	 45170.257141 	 14915.245117 	 146.554596 	 214.965729 	 91.997757 	 1.000000 
3005.864014 	 45682.606079 	 16765.451172 	 208.972061 	 251.877090 	 30.687197 	 1.000000 
2271.145508 	 45177.900406 	 16242.511719 	 211.893326 	 120.694870 	 70.634575 	 1.000000 
2291.212402 	 45864.581360 	 16636.570312 	 239.865158 	 139.986237 	 87.531693 	 1.000000 
2563.358398 	 45965.449951 	 16393.599609 	 256.310760 	 147.207733 	 105.721184 	 1.000000 
3718.528076 	 46905.985962 	 18158.310547 	 215.445328 	 215.568893 	 72.287086 	 13.000000 
4212.513672 	 45325.343933 	 15813.707031 	 204.300781 	 210.222519 	 184.471771 	 1.000000 
3925.030029 	 47190.685547 	 16042.479492 	 220.377960 	 187.264816 	 162.829544 	 11.000000 
3202.650635 	 46371.465088 	 15570.645508 	 253.121643 	 157.482376 	 134.431412 	 8.000000 
2778.543701 	 46688.102905 	 15509.747070 	 249.617325 	 152.988861 	 137.152252 	 2.000000 
5031.958008 	 45944.171570 	 14962.192383 	 126.270210 	 107.794533 	 83.139847 	 1.000000 
3962.915283 	 46464.604858 	 16633.976562 	 195.427460 	 188.181625 	 -37.142136 	 1.000000 
3715.229248 	 46966.605713 	 17719.814453 	 238.682800 	 190.494019 	 68.892220 	 1.000000 
4884.227539 	 46786.498779 	 15866.872070 	 96.962234 	 116.469360 	 73.701988 	 1.000000 
3826.897705 	 45848.448364 	 16985.763672 	 212.115845 	 198.230072 	 -30.710314 	 1.000000 
3776.156982 	 46940.932373 	 17652.417969 	 169.870163 	 254.742157 	 24.788746 	 1.000000 
3509.815186 	 46380.447388 	 16935.201172 	 184.591034 	 222.177689 	 -24.998077 	 1.000000 
3815.162598 	 45139.404892 	 15246.150391 	 170.894913 	 283.179565 	 26.352116 	 1.000000 
3392.693115 	 45781.118958 	 16718.816406 	 268.403259 	 244.777115 	 18.579901 	 1.000000 
2890.596191 	 46149.197266 	 17852.496094 	 223.796127 	 185.974838 	 63.900124 	 1.000000 
4166.371582 	 46476.440308 	 16512.210938 	 146.530762 	 45.438408 	 142.622040 	 1.000000 
4315.780273 	 45670.805481 	 15561.120117 	 191.040619 	 330.813782 	 57.442665 	 1.000000 
4419.424805 	 46067.796631 	 15547.233398 	 31.267723 	 142.168427 	 77.552177 	 1.000000 
4513.339355 	 46443.194458 	 15628.884766 	 108.657143 	 75.545387 	 131.930542 	 1.000000 
3800.920898 	 46238.944458 	 16556.126953 	 185.599609 	 103.340691 	 -58.509396 	 1.000000 
4107.646484 	 46245.983643 	 15873.077148 	 268.079071 	 108.223320 	 96.420593 	 1.000000 
3925.953613 	 47370.355713 	 17642.812500 	 159.995789 	 152.894928 	 124.513313 	 1.000000 
5614.951172 	 45839.190369 	 16219.875000 	 121.228012 	 205.415527 	 22.391863 	 7.000000 
3243.724365 	 45738.644836 	 17153.597656 	 173.519623 	 263.882629 	 2.637097 	 1.000000 
2645.859863 	 46459.101440 	 16679.960938 	 245.698944 	 164.714584 	 63.263748 	 1.000000 
2900.563965 	 47646.608398 	 17144.978516 	 240.449493 	 162.814423 	 57.874901 	 12.000000 
3029.543457 	 46597.501465 	 16399.558594 	 248.279709 	 167.843613 	 90.222054 	 1.000000 
2637.809326 	 46473.774536 	 15745.204102 	 262.157501 	 149.816498 	 112.037201 	 2.000000 
2636.302734 	 46072.007446 	 16257.983398 	 257.105865 	 149.224503 	 104.110413 	 1.000000 
4294.333496 	 46443.376099 	 16021.690430 	 216.283600 	 47.385445 	 89.404701 	 1.000000 
3473.966797 	 45668.547424 	 16911.746094 	 265.014740 	 220.358322 	 17.120089 	 1.000000 
4310.043457 	 45669.738586 	 15843.136719 	 251.334564 	 329.283722 	 17.333963 	 1.000000 
4083.264893 	 46109.933350 	 16291.707031 	 260.403625 	 299.904663 	 -32.199791 	 1.000000 
4076.674561 	 46895.069458 	 17406.142578 	 131.677734 	 223.726639 	 27.032816 	 1.000000 
3889.183594 	 46957.709351 	 17444.503906 	 147.773163 	 213.543564 	 12.598247 	 1.000000 
3732.883545 	 47211.275146 	 17324.718750 	 170.233688 	 179.122330 	 75.547981 	 1.000000 
4016.116943 	 46572.308960 	 16186.322266 	 175.271835 	 68.569763 	 158.670029 	 1.000000 
4763.960449 	 48158.784912 	 16551.605469 	 113.115837 	 163.428726 	 89.798332 	 17.000000 
3561.248535 	 46320.962280 	 17056.785156 	 225.842209 	 202.495987 	 -12.832667 	 1.000000 
3070.939453 	 47527.849609 	 16948.121094 	 252.907822 	 210.174164 	 99.111404 	 12.000000 
3285.133789 	 45592.347961 	 16613.498047 	 250.344330 	 199.030563 	 72.166023 	 1.000000 
3640.343262 	 47795.205078 	 16240.683594 	 185.144943 	 127.632217 	 41.089001 	 11.000000 
4250.798340 	 45551.432434 	 15953.534180 	 177.081482 	 262.953064 	 196.949127 	 1.000000 
3632.484375 	 47165.226074 	 15982.059570 	 185.934387 	 185.998108 	 203.835220 	 11.000000 
4563.984375 	 45769.251892 	 15109.574219 	 127.866600 	 204.411621 	 107.624924 	 1.000000 
4955.684082 	 47033.474731 	 15982.845703 	 105.484612 	 128.773514 	 76.672531 	 1.000000 
5875.473145 	 45504.859772 	 15753.555664 	 140.376572 	 210.880753 	 10.227263 	 0.000000 
2890.633301 	 45777.642700 	 17476.291016 	 210.285263 	 207.305405 	 30.150110 	 1.000000 
2920.156494 	 45768.850525 	 17263.363281 	 202.800995 	 222.775238 	 15.618887 	 1.000000 
2425.821289 	 45674.951111 	 16474.574219 	 243.595856 	 134.677826 	 91.657982 	 1.000000 
2995.020996 	 46938.424194 	 16669.365234 	 245.353699 	 165.985199 	 81.647659 	 1.000000 
2322.245605 	 45573.602112 	 16418.970703 	 226.036636 	 134.245163 	 75.141068 	 1.000000 
3659.100586 	 47930.324219 	 16345.847656 	 196.199326 	 146.150864 	 56.297241 	 11.000000 
3732.047852 	 46659.562378 	 16600.785156 	 127.635117 	 158.351044 	 37.268307 	 1.000000 
3623.124023 	 45425.869934 	 16193.316406 	 259.729187 	 223.228897 	 59.356651 	 1.000000 
3415.489014 	 46387.158203 	 15353.563477 	 239.672882 	 156.763168 	 148.108093 	 8.000000 
2969.945801 	 45877.010315 	 14610.558594 	 223.596481 	 135.472870 	 125.229408 	 3.000000 
3939.364990 	 46255.121338 	 15724.168945 	 279.978577 	 122.214340 	 185.294479 	 1.000000 
2535.985840 	 46426.117798 	 15664.979492 	 260.790924 	 147.836472 	 114.515984 	 2.000000 
4198.126953 	 46355.715454 	 16010.047852 	 182.895584 	 29.913321 	 125.134880 	 1.000000 
3804.537598 	 45754.441589 	 15846.363281 	 162.367676 	 124.265976 	 162.702911 	 1.000000 
3777.820557 	 47207.135498 	 17603.765625 	 147.936966 	 178.283264 	 106.618118 	 1.000000 
5095.030273 	 46092.550537 	 15227.333984 	 82.767365 	 152.724274 	 38.574612 	 1.000000 
5207.803223 	 46844.795898 	 15780.324219 	 108.072044 	 134.502625 	 55.392906 	 1.000000 
3267.792725 	 45906.134949 	 16896.451172 	 242.476135 	 231.932068 	 0.416596 	 1.000000 
3719.898926 	 46523.863403 	 17429.484375 	 190.584534 	 206.109406 	 19.168274 	 1.000000 
3993.468750 	 46879.179810 	 17205.593750 	 180.092285 	 232.901413 	 -3.149916 	 1.000000 
3476.295654 	 46540.169312 	 17953.699219 	 183.998291 	 234.614487 	 36.907822 	 1.000000 
3657.089355 	 46589.844727 	 17760.580078 	 217.067764 	 188.013077 	 36.060741 	 1.000000 
2887.988770 	 46329.633789 	 16373.547852 	 258.253937 	 150.514236 	 106.306953 	 1.000000 
4170.354492 	 46236.767700 	 16799.554688 	 215.215256 	 183.088745 	 -30.359728 	 1.000000 
3234.269043 	 45509.456299 	 16859.017578 	 240.636169 	 214.869492 	 59.538460 	 1.000000 
3990.097412 	 46690.921753 	 16196.594727 	 182.190186 	 103.270454 	 112.574951 	 1.000000 
