39419.796875 	 9984.520508 	 55747.867188 	 -81.946663 	 -109.989319 	 -119.395500 	 2.000000 
39290.519531 	 9804.722656 	 55509.464844 	 -20.749828 	 11.316413 	 -75.692551 	 2.000000 
39209.753906 	 9734.629883 	 55541.566406 	 32.687756 	 23.443735 	 -76.175064 	 2.000000 
39328.746094 	 9920.012695 	 55526.902344 	 -153.952591 	 -52.982475 	 -1.791476 	 2.000000 
39345.773438 	 9963.925781 	 55879.449219 	 -69.997696 	 -169.274811 	 -162.289474 	 2.000000 
39379.773438 	 10067.075195 	 55553.308594 	 -17.245920 	 -19.445820 	 -134.074692 	 2.000000 
39450.289062 	 9946.790039 	 55573.058594 	 -29.871576 	 -178.423737 	 -78.807465 	 2.000000 
39273.667969 	 10113.320312 	 55673.507812 	 -54.884193 	 -203.879700 	 -181.400253 	 2.000000 
39328.406250 	 9930.055664 	 55521.613281 	 -145.889496 	 -45.387302 	 11.868841 	 2.000000 
39486.531250 	 9881.125977 	 55656.082031 	 32.504707 	 -96.904015 	 -26.545992 	 2.000000 
39369.335938 	 10054.245117 	 55636.585938 	 -133.975601 	 -87.001427 	 -142.293655 	 2.000000 
39417.398438 	 9933.772461 	 55603.789062 	 -87.016357 	 -237.250061 	 -129.405731 	 2.000000 
39335.183594 	 10011.582031 	 55495.320312 	 -183.283081 	 -164.041656 	 -11.789298 	 2.000000 
39507.945312 	 9921.575195 	 55548.093750 	 -30.546848 	 -73.071442 	 -124.693382 	 2.000000 
39499.761719 	 9890.072266 	 55765.734375 	 -245.257431 	 -124.501152 	 -158.810318 	 2.000000 
39406.843750 	 9953.711914 	 55456.644531 	 -29.770788 	 -16.154501 	 10.371607 	 2.000000 
39279.210938 	 9873.377930 	 55468.593750 	 -26.150490 	 -155.647369 	 -37.222889 	 2.000000 
39351.351562 	 10031.000000 	 55643.652344 	 -49.582325 	 -301.132843 	 -138.927521 	 2.000000 
39386.890625 	 9981.520508 	 55770.480469 	 -140.035553 	 -92.721832 	 -261.571320 	 2.000000 
39421.003906 	 9876.584961 	 55802.207031 	 -169.923904 	 -235.814041 	 -162.155548 	 2.000000 
39246.832031 	 9920.042969 	 55803.160156 	 -149.763138 	 -187.627075 	 -112.150337 	 2.000000 
39457.285156 	 10138.733398 	 55627.621094 	 -218.191574 	 -206.541565 	 -68.946182 	 2.000000 
39401.558594 	 10039.233398 	 55674.640625 	 -16.731771 	 -144.959747 	 -169.387848 	 2.000000 
39363.957031 	 9979.632812 	 55567.453125 	 6.020464 	 -178.975647 	 -79.915489 	 2.000000 
39422.207031 	 9965.778320 	 55647.375000 	 -97.147881 	 -292.450684 	 -34.228458 	 2.000000 
39330.003906 	 10000.747070 	 55743.707031 	 -156.532471 	 -240.339493 	 -125.398216 	 2.000000 
39400.925781 	 9919.910156 	 55733.597656 	 86.806831 	 -188.128647 	 -60.813465 	 2.000000 
39502.445312 	 9765.715820 	 55804.222656 	 -30.408346 	 -134.992767 	 -40.759514 	 2.000000 
39421.253906 	 9919.063477 	 55934.449219 	 -125.333000 	 -63.764217 	 -114.453575 	 2.000000 
39379.093750 	 9933.875000 	 55732.082031 	 -112.242340 	 -57.095253 	 -351.315094 	 2.000000 
39384.652344 	 9926.170898 	 55652.468750 	 -79.172150 	 30.688719 	 -194.491806 	 2.000000 
39253.636719 	 9830.373047 	 55507.898438 	 -187.205521 	 -72.571968 	 -0.959295 	 2.000000 
39345.574219 	 9990.754883 	 55715.843750 	 -103.439232 	 32.041832 	 -104.550850 	 2.000000 
39340.636719 	 9898.658203 	 55741.656250 	 -32.252621 	 -119.622574 	 -305.796722 	 2.000000 
39477.761719 	 10023.841797 	 55603.292969 	 -79.833076 	 -9.495461 	 -104.886581 	 2.000000 
39423.464844 	 9916.551758 	 55719.406250 	 13.051143 	 -182.124878 	 -294.346466 	 2.000000 
39309.929688 	 10033.673828 	 55909.230469 	 -205.042908 	 -157.105057 	 -44.808590 	 2.000000 
39413.636719 	 10048.102539 	 55779.488281 	 106.426537 	 -147.246964 	 -75.727898 	 2.000000 
39410.886719 	 9900.337891 	 55586.656250 	 12.525352 	 -131.121735 	 -91.516670 	 2.000000 
39503.062500 	 10059.587891 	 55710.828125 	 -119.968323 	 -292.062225 	 -103.795265 	 2.000000 
39276.687500 	 10053.778320 	 55633.867188 	 -43.566250 	 -4.821649 	 -51.825157 	 2.000000 
39509.347656 	 9929.766602 	 55757.542969 	 -174.275925 	 -180.669128 	 -167.874313 	 2.000000 
39447.718750 	 9970.578125 	 55497.125000 	 -45.360050 	 -27.015564 	 29.404829 	 2.000000 
39163.949219 	 9701.924805 	 55502.042969 	 51.295502 	 -5.079945 	 -48.615993 	 2.000000 
39374.281250 	 10123.275391 	 55673.398438 	 -119.883957 	 -35.751190 	 -117.938873 	 2.000000 
39450.042969 	 10078.526367 	 55719.277344 	 -69.396202 	 -65.033363 	 63.133522 	 2.000000 
39377.261719 	 10024.258789 	 55575.000000 	 -66.195007 	 -41.487366 	 -189.107483 	 2.000000 
39529.828125 	 10071.462891 	 55718.578125 	 -105.382378 	 -278.570984 	 -108.784096 	 2.000000 
39464.417969 	 10076.189453 	 55675.832031 	 -108.390266 	 3.251513 	 -212.946869 	 2.000000 
39304.796875 	 10090.081055 	 55831.042969 	 28.047031 	 -153.551941 	 -91.351036 	 2.000000 
39516.105469 	 9808.586914 	 55795.949219 	 -171.041489 	 -76.414078 	 -227.511627 	 2.000000 
39521.562500 	 10019.131836 	 55698.812500 	 -125.495514 	 -268.564362 	 -40.952759 	 2.000000 
39382.402344 	 9952.514648 	 55531.921875 	 -19.200792 	 -38.315266 	 -234.538940 	 2.000000 
39491.078125 	 10100.910156 	 55705.882812 	 -211.448181 	 -56.089081 	 9.126457 	 2.000000 
39346.132812 	 9855.996094 	 55729.316406 	 -57.357159 	 -127.354187 	 -244.761108 	 2.000000 
39560.539062 	 9679.628906 	 56048.699219 	 -107.885147 	 -38.200260 	 -176.036423 	 2.000000 
39705.585938 	 9639.436523 	 56109.113281 	 -154.608261 	 -64.996193 	 -94.451813 	 2.000000 
39445.101562 	 9653.458008 	 56091.726562 	 -114.945633 	 -191.583893 	 -83.356621 	 2.000000 
39557.917969 	 9677.953125 	 56044.359375 	 -254.516434 	 -2.731085 	 -107.940575 	 2.000000 
39631.757812 	 9663.066406 	 56051.218750 	 -179.077194 	 -74.679359 	 -62.651726 	 2.000000 
39623.324219 	 9771.532227 	 56148.937500 	 -9.847368 	 -66.347672 	 -149.121414 	 2.000000 
39719.859375 	 9700.511719 	 56123.105469 	 -264.736694 	 -104.649025 	 -121.246872 	 2.000000 
39641.277344 	 9571.102539 	 56061.714844 	 -186.972351 	 -102.159981 	 -283.894379 	 2.000000 
39590.167969 	 9678.782227 	 56063.066406 	 -203.551483 	 -26.250662 	 98.694969 	 2.000000 
39493.960938 	 9711.108398 	 55967.312500 	 -79.494141 	 -173.672440 	 -182.978104 	 2.000000 
39526.140625 	 9618.479492 	 56088.937500 	 -29.929682 	 152.769958 	 -87.008118 	 2.000000 
39531.589844 	 9565.913086 	 56156.867188 	 -57.225040 	 104.350906 	 -118.103241 	 2.000000 
39633.886719 	 9749.197266 	 56016.628906 	 -185.036743 	 -113.391548 	 -219.418594 	 2.000000 
39489.074219 	 9751.073242 	 56023.582031 	 -105.656853 	 33.392769 	 -80.058105 	 2.000000 
39578.312500 	 9717.831055 	 56089.039062 	 41.929111 	 -152.419647 	 -205.382965 	 2.000000 
39552.757812 	 9649.387695 	 56170.027344 	 -216.173431 	 -21.785212 	 -181.188461 	 2.000000 
39423.230469 	 9651.829102 	 55994.671875 	 -197.791504 	 -62.675095 	 -297.776184 	 2.000000 
39511.785156 	 9562.954102 	 55980.140625 	 -95.666023 	 -112.125542 	 -94.914780 	 2.000000 
39523.050781 	 9526.663086 	 56004.089844 	 -93.987793 	 -66.425064 	 -101.402725 	 2.000000 
39624.402344 	 9768.335938 	 56009.117188 	 -282.965179 	 -122.080742 	 -72.127998 	 2.000000 
39682.027344 	 9718.429688 	 56197.871094 	 -154.236359 	 -13.154140 	 -263.837982 	 2.000000 
39595.460938 	 9712.605469 	 56195.734375 	 -71.211159 	 -29.900845 	 -290.308563 	 2.000000 
39539.328125 	 9683.072266 	 56081.128906 	 55.006996 	 45.181229 	 -320.975311 	 2.000000 
39488.890625 	 9623.278320 	 56061.328125 	 -86.737038 	 -251.064835 	 -180.790253 	 2.000000 
40168.617188 	 10201.718750 	 54061.402344 	 -145.878326 	 -82.839142 	 -71.392128 	 2.000000 
40150.164062 	 9916.410156 	 54258.800781 	 -100.463875 	 22.998299 	 -95.155960 	 2.000000 
40174.910156 	 10104.369141 	 54155.402344 	 -101.396965 	 61.449696 	 -26.453835 	 2.000000 
40099.578125 	 10211.467773 	 54023.183594 	 -127.545845 	 45.810032 	 -194.853149 	 2.000000 
40197.824219 	 10328.497070 	 54030.109375 	 -128.531357 	 -7.938243 	 -34.290867 	 2.000000 
40198.394531 	 10070.764648 	 54161.996094 	 -124.202820 	 8.184593 	 -150.789093 	 2.000000 
40154.597656 	 10150.476562 	 53997.000000 	 -111.431557 	 -25.793865 	 -92.795441 	 2.000000 
40188.019531 	 10105.931641 	 54086.902344 	 -82.735703 	 78.788101 	 14.970400 	 2.000000 
40227.515625 	 10205.179688 	 53996.253906 	 -283.914490 	 -150.581497 	 27.177322 	 2.000000 
40169.906250 	 9960.643555 	 54238.183594 	 -36.029270 	 -22.385199 	 -52.111969 	 2.000000 
40126.316406 	 10216.025391 	 54021.816406 	 -75.887177 	 39.537354 	 -249.151718 	 2.000000 
40147.144531 	 10069.584961 	 54148.906250 	 -81.911003 	 58.393742 	 -2.819784 	 2.000000 
40059.656250 	 9948.093750 	 54252.867188 	 -125.839409 	 67.939072 	 -130.157211 	 2.000000 
40218.152344 	 10401.011719 	 54034.816406 	 -200.038513 	 -99.060188 	 48.027016 	 2.000000 
40229.535156 	 10290.775391 	 54114.339844 	 -89.011749 	 -193.263214 	 -176.437805 	 2.000000 
40069.773438 	 9944.960938 	 54190.703125 	 -59.857544 	 29.912479 	 -108.381752 	 2.000000 
40180.382812 	 10334.920898 	 54080.500000 	 -192.345383 	 -122.878563 	 69.068161 	 2.000000 
40143.382812 	 10120.036133 	 54170.875000 	 -154.704590 	 26.568916 	 -51.493107 	 2.000000 
40084.011719 	 10238.761719 	 54070.121094 	 -315.545532 	 -129.000626 	 6.098907 	 2.000000 
40048.417969 	 10143.768555 	 53967.855469 	 -70.048149 	 -46.908096 	 -105.664986 	 2.000000 
40277.007812 	 10119.584961 	 53998.378906 	 -152.287598 	 0.038687 	 36.419495 	 2.000000 
40166.988281 	 10054.510742 	 54188.093750 	 -207.410492 	 -33.632511 	 -89.686531 	 2.000000 
40117.875000 	 10214.546875 	 53987.769531 	 -203.101471 	 -142.423141 	 18.380945 	 2.000000 
40139.710938 	 10109.839844 	 54184.386719 	 -101.340080 	 27.268747 	 -41.097240 	 2.000000 
40161.433594 	 10110.564453 	 54201.117188 	 -254.526611 	 -46.273491 	 -200.101929 	 2.000000 
40200.230469 	 10157.723633 	 54033.242188 	 -147.930695 	 70.791916 	 -97.518021 	 2.000000 
40104.316406 	 10184.852539 	 54095.847656 	 -85.697159 	 -99.041573 	 85.911919 	 2.000000 
40123.855469 	 9887.350586 	 54175.089844 	 -105.131958 	 -22.070492 	 -77.521370 	 2.000000 
40166.578125 	 9933.315430 	 54237.773438 	 -68.937164 	 -80.615807 	 -129.841980 	 2.000000 
40194.074219 	 10261.188477 	 54015.046875 	 -315.657623 	 -32.246735 	 34.077499 	 2.000000 
40260.296875 	 10213.515625 	 54201.382812 	 -82.494827 	 -126.126747 	 4.780301 	 2.000000 
40166.667969 	 10397.829102 	 54024.457031 	 -144.978333 	 -14.880958 	 -73.419365 	 2.000000 
40261.394531 	 10323.138672 	 54097.410156 	 -194.914505 	 17.435986 	 -127.189125 	 2.000000 
40175.796875 	 10010.599609 	 54072.464844 	 -145.015671 	 51.463917 	 -10.607612 	 2.000000 
40119.484375 	 10056.628906 	 54037.648438 	 -45.070877 	 -61.050930 	 -182.550705 	 2.000000 
40130.773438 	 10247.508789 	 54011.292969 	 -268.355621 	 -33.373589 	 -168.480621 	 2.000000 
40181.355469 	 10204.252930 	 54006.859375 	 -140.521851 	 21.238600 	 122.650810 	 2.000000 
40202.000000 	 10112.548828 	 54184.746094 	 -203.541458 	 34.899673 	 -23.239328 	 2.000000 
40298.042969 	 10237.867188 	 54039.570312 	 -303.490112 	 -31.384441 	 -84.020058 	 2.000000 
40127.726562 	 10261.480469 	 54070.972656 	 -208.279724 	 -250.477844 	 -84.400398 	 2.000000 
40011.039062 	 10064.447266 	 54083.746094 	 -136.889633 	 -86.494888 	 -165.540878 	 2.000000 
40215.542969 	 10159.818359 	 54058.187500 	 -218.070374 	 -41.180351 	 -135.794846 	 2.000000 
40223.292969 	 10282.783203 	 54133.292969 	 -231.154068 	 26.567745 	 -0.518351 	 2.000000 
40125.609375 	 10120.772461 	 54099.003906 	 -264.994446 	 60.521515 	 -77.258347 	 2.000000 
40224.503906 	 10157.601562 	 53979.546875 	 -112.561523 	 -4.208552 	 -183.845749 	 2.000000 
40174.984375 	 10234.249023 	 54160.917969 	 -142.851898 	 -180.747864 	 57.254326 	 2.000000 
40146.363281 	 10129.125977 	 53963.562500 	 -168.738281 	 54.339447 	 21.054586 	 2.000000 
40130.480469 	 10161.269531 	 54044.152344 	 -225.261108 	 111.106117 	 -161.974197 	 2.000000 
40286.859375 	 10199.343750 	 54057.332031 	 -303.781616 	 -16.695507 	 -61.344318 	 2.000000 
40129.031250 	 10116.541016 	 54049.933594 	 -227.108704 	 73.142456 	 -154.271942 	 2.000000 
40182.652344 	 10200.683594 	 54074.628906 	 -54.408730 	 122.548172 	 -12.373384 	 2.000000 
40148.625000 	 9955.253906 	 54228.613281 	 -159.510986 	 -25.193762 	 -38.552048 	 2.000000 
38912.281250 	 10376.838867 	 55183.968750 	 -24.286674 	 -51.329781 	 -67.060471 	 2.000000 
38834.925781 	 10422.848633 	 55259.218750 	 -92.238403 	 -63.175457 	 35.974712 	 2.000000 
38810.671875 	 10409.835938 	 55096.207031 	 -37.856991 	 -63.360722 	 -98.137947 	 2.000000 
38923.929688 	 10321.932617 	 55106.750000 	 3.548697 	 40.954853 	 25.932320 	 2.000000 
39018.058594 	 10341.484375 	 55121.261719 	 -200.350220 	 -111.267998 	 -62.223713 	 2.000000 
38859.753906 	 10397.520508 	 55099.195312 	 65.962090 	 31.805065 	 -147.551620 	 2.000000 
38931.835938 	 10369.083984 	 55220.312500 	 -117.673180 	 -178.917694 	 -86.928154 	 2.000000 
39018.578125 	 10295.847656 	 55238.292969 	 76.756340 	 -37.386517 	 -67.112091 	 2.000000 
38853.230469 	 10408.721680 	 55171.187500 	 121.056343 	 -80.341568 	 38.891319 	 2.000000 
38988.625000 	 10404.885742 	 55079.488281 	 -165.079971 	 -169.027512 	 -22.310678 	 2.000000 
38917.242188 	 10338.068359 	 55106.960938 	 -182.151810 	 -172.747253 	 -72.175140 	 2.000000 
38986.171875 	 10396.525391 	 55229.242188 	 -32.105606 	 37.252419 	 -94.152611 	 2.000000 
38870.410156 	 10400.644531 	 55143.312500 	 -170.475754 	 -141.834061 	 -72.482605 	 2.000000 
38908.421875 	 10415.971680 	 55225.531250 	 -185.110229 	 -32.740089 	 -162.012436 	 2.000000 
40270.199219 	 10769.038086 	 54207.585938 	 -48.507191 	 -63.812153 	 -115.409698 	 2.000000 
39508.183594 	 10994.333984 	 54269.203125 	 -77.124268 	 -109.653595 	 -60.376419 	 2.000000 
39489.910156 	 11083.316406 	 54332.726562 	 -61.333523 	 -49.360558 	 -11.522216 	 2.000000 
39512.546875 	 10992.948242 	 54317.171875 	 -185.098816 	 -52.409866 	 -111.275520 	 2.000000 
39545.234375 	 11067.349609 	 54261.468750 	 -107.526215 	 -122.133553 	 20.835739 	 2.000000 
39504.101562 	 11057.799805 	 54363.781250 	 -49.951481 	 -149.570206 	 -136.186264 	 2.000000 
38759.687500 	 10861.270508 	 54962.312500 	 -69.471489 	 -116.422142 	 -52.644711 	 2.000000 
38788.230469 	 11011.294922 	 54950.183594 	 -36.503609 	 -156.278687 	 -125.833160 	 2.000000 
38843.910156 	 10902.919922 	 54912.882812 	 -121.480789 	 -101.548378 	 -106.581612 	 2.000000 
38809.617188 	 10933.030273 	 54988.804688 	 -78.710434 	 -128.279755 	 7.981926 	 2.000000 
38809.804688 	 10959.375000 	 54873.011719 	 -63.102486 	 -145.646317 	 -125.371506 	 2.000000 
38791.316406 	 11022.030273 	 54962.628906 	 -46.954056 	 -120.977043 	 -90.128311 	 2.000000 
38677.421875 	 10809.363281 	 54909.519531 	 -48.003075 	 -95.634186 	 -97.550880 	 2.000000 
38792.691406 	 10995.281250 	 54980.937500 	 -154.910660 	 -124.129410 	 -23.839453 	 2.000000 
38732.218750 	 10864.626953 	 54922.875000 	 68.172890 	 -114.828003 	 -65.651749 	 2.000000 
38850.582031 	 10802.402344 	 54958.082031 	 -52.195396 	 -101.858482 	 14.775108 	 2.000000 
38685.765625 	 10884.829102 	 54990.542969 	 -112.476501 	 -157.458740 	 -32.321602 	 2.000000 
38851.683594 	 10809.263672 	 55021.558594 	 -56.695477 	 -144.043518 	 -93.033752 	 2.000000 
38793.984375 	 10979.900391 	 54872.320312 	 -111.958214 	 -138.165909 	 6.281726 	 2.000000 
38852.394531 	 10814.114258 	 55054.792969 	 -99.379280 	 -103.306816 	 -44.088501 	 2.000000 
39674.687500 	 9557.036133 	 55190.152344 	 -120.014000 	 -7.471356 	 -61.675739 	 2.000000 
39635.968750 	 9582.637695 	 55268.855469 	 -130.254333 	 56.547413 	 -36.234791 	 2.000000 
39725.703125 	 9545.239258 	 55179.882812 	 -133.651443 	 -55.958824 	 -117.020027 	 2.000000 
39664.625000 	 9550.090820 	 55169.613281 	 -198.945633 	 32.305740 	 2.998612 	 2.000000 
39553.027344 	 9548.518555 	 55139.773438 	 -106.946045 	 9.559616 	 -6.295884 	 2.000000 
39690.582031 	 9494.668945 	 55280.335938 	 -68.293411 	 -15.531426 	 -67.706474 	 2.000000 
39748.617188 	 9502.340820 	 55218.363281 	 -91.135132 	 -28.962215 	 -28.768923 	 2.000000 
39669.882812 	 9545.268555 	 55102.804688 	 -128.845383 	 36.939140 	 17.426996 	 2.000000 
39699.257812 	 9486.394531 	 55238.460938 	 -216.441589 	 7.900762 	 -121.877525 	 2.000000 
40146.125000 	 9122.664062 	 54087.105469 	 -108.143341 	 -29.310621 	 -75.579613 	 2.000000 
40074.203125 	 9067.200195 	 54057.488281 	 -97.510414 	 -20.897671 	 -89.696251 	 2.000000 
39094.468750 	 10355.693359 	 55025.835938 	 -97.480026 	 -130.820679 	 -86.195107 	 2.000000 
39116.167969 	 10317.504883 	 55012.886719 	 -58.394920 	 -124.016289 	 -98.751183 	 2.000000 
39067.910156 	 10371.309570 	 55008.687500 	 -120.409775 	 -81.439728 	 25.153301 	 2.000000 
38510.824219 	 8009.381348 	 55725.085938 	 -66.263107 	 -91.949959 	 -80.941628 	 2.000000 
39790.128906 	 9226.498047 	 56706.632812 	 -80.039886 	 -44.952633 	 -141.145279 	 2.000000 
39021.035156 	 10606.632812 	 54849.238281 	 -9.092402 	 -104.856216 	 -86.465607 	 2.000000 
39032.300781 	 10594.830078 	 54791.937500 	 18.315832 	 -74.975937 	 -67.939278 	 2.000000 
39443.121094 	 10260.171875 	 55966.648438 	 -141.736145 	 -178.106796 	 -196.257355 	 2.000000 
39405.582031 	 10219.721680 	 56015.511719 	 -81.347122 	 -69.632607 	 -199.476105 	 2.000000 
39434.117188 	 10302.824219 	 56009.652344 	 -207.845886 	 -181.679062 	 -158.790222 	 2.000000 
39408.851562 	 10213.885742 	 56008.511719 	 -75.548050 	 -59.210888 	 -202.637863 	 2.000000 
40054.859375 	 10230.789062 	 54454.351562 	 -64.382339 	 -72.716019 	 -122.365883 	 2.000000 
38366.410156 	 8352.591797 	 55561.925781 	 -65.209885 	 -79.431313 	 -64.645546 	 2.000000 
38378.390625 	 8288.209961 	 55558.699219 	 -40.228794 	 -62.378555 	 -41.845589 	 2.000000 
38371.312500 	 8292.652344 	 55550.589844 	 -31.348053 	 -68.407921 	 -31.840462 	 2.000000 
40038.589844 	 10133.556641 	 54411.167969 	 -50.655472 	 -91.059525 	 -90.553780 	 2.000000 
39059.480469 	 11262.748047 	 55473.585938 	 -79.398232 	 -85.463219 	 -138.787643 	 2.000000 
39380.558594 	 9922.625977 	 55362.167969 	 -163.432877 	 -12.677299 	 -14.869537 	 2.000000 
39353.285156 	 9965.998047 	 55358.058594 	 -27.405325 	 -91.897667 	 -155.703537 	 2.000000 
39412.613281 	 9916.234375 	 55377.964844 	 -206.584656 	 -130.934479 	 -33.288189 	 2.000000 
39260.496094 	 10356.612305 	 55486.835938 	 -62.825569 	 -183.521118 	 -133.617554 	 2.000000 
38725.859375 	 10880.723633 	 54775.218750 	 18.514099 	 -84.664307 	 -64.992470 	 2.000000 
39680.554688 	 8770.570312 	 56945.335938 	 -63.158035 	 -52.092728 	 -80.958435 	 2.000000 
39742.792969 	 8776.475586 	 56939.824219 	 -76.505157 	 -69.117966 	 -118.717773 	 2.000000 
39685.914062 	 9905.143555 	 54969.476562 	 -152.929855 	 -79.194023 	 -79.149292 	 2.000000 
39687.992188 	 9949.114258 	 54980.027344 	 -141.151855 	 -76.489784 	 -63.882771 	 2.000000 
40254.160156 	 8864.388672 	 57358.042969 	 -95.772194 	 -123.882385 	 -127.908676 	 2.000000 
40250.777344 	 8858.422852 	 57376.277344 	 -109.974373 	 -135.013489 	 -123.351372 	 2.000000 
38215.164062 	 9978.245117 	 54237.976562 	 -64.542908 	 -39.910660 	 -40.056458 	 2.000000 
39586.640625 	 10223.418945 	 54873.929688 	 -91.672142 	 -72.818108 	 -51.371964 	 2.000000 
39703.156250 	 10983.795898 	 54160.449219 	 -122.007584 	 -83.480827 	 -53.431297 	 2.000000 
39300.953125 	 10452.048828 	 55242.675781 	 -69.216881 	 -151.738388 	 -115.829697 	 2.000000 
41161.433594 	 9534.570312 	 55009.976562 	 -144.356064 	 -63.733265 	 -106.631531 	 2.000000 
41150.734375 	 9548.738281 	 55007.890625 	 -122.584709 	 -87.516129 	 -102.267570 	 2.000000 
39480.246094 	 9518.208008 	 55537.648438 	 -96.931160 	 21.475935 	 -82.738617 	 2.000000 
39873.062500 	 10573.898438 	 55156.503906 	 -158.854279 	 -116.428360 	 -111.933685 	 2.000000 
39893.164062 	 10595.673828 	 55148.578125 	 -172.963547 	 -148.151352 	 -111.961899 	 2.000000 
39152.031250 	 8592.152344 	 55867.906250 	 -43.370255 	 -62.461605 	 -109.436569 	 2.000000 
39250.613281 	 10183.117188 	 55499.218750 	 -7.522926 	 -108.621902 	 -80.911835 	 2.000000 
38713.410156 	 11148.945312 	 54865.003906 	 -64.590355 	 -150.137405 	 -49.608521 	 2.000000 
40557.378906 	 9945.152344 	 56570.058594 	 -147.004272 	 -108.348824 	 -100.682793 	 2.000000 
40536.246094 	 9922.505859 	 56567.695312 	 -150.369110 	 -124.926849 	 -99.345596 	 2.000000 
39093.519531 	 10185.617188 	 55313.199219 	 -117.677200 	 -46.532352 	 -36.318394 	 2.000000 
39117.453125 	 10169.165039 	 55332.160156 	 -136.619308 	 -51.124386 	 -9.126109 	 2.000000 
38328.929688 	 8226.972656 	 55399.175781 	 -45.075211 	 -75.014847 	 -58.571167 	 2.000000 
38343.828125 	 8236.456055 	 55435.097656 	 -71.345802 	 -86.901062 	 -50.018238 	 2.000000 
38651.003906 	 11259.819336 	 54927.882812 	 6.434921 	 -98.414337 	 -153.349991 	 2.000000 
39305.632812 	 10258.746094 	 55450.953125 	 -82.205971 	 -183.009796 	 -123.713341 	 2.000000 
39333.359375 	 10244.679688 	 55424.953125 	 -100.895607 	 -190.679810 	 -126.917076 	 2.000000 
40109.839844 	 11139.899414 	 55367.257812 	 -151.921814 	 -97.059067 	 -113.613190 	 2.000000 
40102.933594 	 11129.666992 	 55388.527344 	 -142.696228 	 -116.326393 	 -132.941650 	 2.000000 
37923.089844 	 9793.499023 	 56670.082031 	 -36.162701 	 -96.451653 	 -142.826080 	 5.000000 
39787.777344 	 10237.247070 	 56480.183594 	 -124.824417 	 -125.357971 	 -176.178116 	 2.000000 
40002.863281 	 9863.341797 	 56927.027344 	 -103.799545 	 -121.711830 	 -159.893997 	 7.000000 
38866.492188 	 11112.394531 	 54869.062500 	 -16.714203 	 -143.491760 	 -162.331116 	 2.000000 
39905.769531 	 9003.490234 	 57209.707031 	 -117.572029 	 -92.381325 	 -116.587341 	 2.000000 
39179.457031 	 10380.959961 	 55767.277344 	 -30.836754 	 -167.476746 	 -147.791107 	 2.000000 
39763.843750 	 11321.420898 	 56484.035156 	 -115.966370 	 -79.106483 	 -139.934250 	 2.000000 
40266.781250 	 9649.937500 	 56397.769531 	 -169.866699 	 -92.841812 	 -99.134079 	 2.000000 
39616.164062 	 10703.822266 	 56245.984375 	 -133.990372 	 -123.714409 	 -160.628204 	 2.000000 
40212.824219 	 8806.814453 	 57508.722656 	 -109.071198 	 -87.669281 	 -91.987076 	 2.000000 
39237.886719 	 9287.243164 	 55670.753906 	 -29.155321 	 -5.632410 	 -105.414787 	 2.000000 
39575.625000 	 9458.644531 	 55997.230469 	 -189.675629 	 -22.849306 	 -240.124634 	 2.000000 
38898.039062 	 8069.618652 	 56236.488281 	 -54.531174 	 -99.983398 	 -98.838280 	 2.000000 
38907.800781 	 8042.938965 	 56237.613281 	 -60.364861 	 -96.189735 	 -103.510559 	 2.000000 
39871.898438 	 10621.879883 	 54073.128906 	 -63.881084 	 -88.102936 	 -73.413658 	 2.000000 
39561.265625 	 9825.627930 	 55900.656250 	 -100.735565 	 -205.134216 	 -146.098602 	 2.000000 
39574.984375 	 9875.442383 	 55321.406250 	 -188.591324 	 -94.235062 	 -50.086823 	 2.000000 
39317.996094 	 10112.354492 	 55926.031250 	 -166.846786 	 -127.768005 	 -45.053196 	 2.000000 
39303.449219 	 10083.345703 	 55943.777344 	 -165.853851 	 -181.642029 	 -217.757462 	 2.000000 
39647.734375 	 9512.359375 	 55054.777344 	 -153.034958 	 -27.834101 	 -88.920601 	 2.000000 
40690.601562 	 9744.512695 	 54497.156250 	 -178.434189 	 -58.648186 	 -115.200073 	 2.000000 
39621.554688 	 10650.548828 	 54466.695312 	 -66.232430 	 -67.624687 	 -54.177082 	 2.000000 
39616.679688 	 10633.440430 	 54485.777344 	 -61.173359 	 -65.460129 	 -71.141273 	 2.000000 
37955.566406 	 9918.194336 	 54566.269531 	 -55.897728 	 -56.967117 	 -43.683193 	 2.000000 
39828.558594 	 9104.094727 	 56158.613281 	 -125.831329 	 -69.742226 	 -180.640778 	 2.000000 
39852.582031 	 9116.952148 	 56158.628906 	 -135.198456 	 -78.944321 	 -193.888626 	 2.000000 
38616.324219 	 10385.336914 	 55091.503906 	 30.689322 	 -24.433784 	 -22.202932 	 2.000000 
39783.652344 	 11416.993164 	 56529.257812 	 -122.581955 	 -82.253937 	 -138.707062 	 2.000000 
38212.468750 	 10064.368164 	 54462.000000 	 -61.000652 	 -37.987785 	 -41.846176 	 2.000000 
38448.269531 	 11001.407227 	 54855.292969 	 -12.037419 	 -83.476860 	 -93.550369 	 2.000000 
38319.113281 	 9897.375000 	 55453.910156 	 5.544067 	 -65.310104 	 -145.978683 	 2.000000 
39964.320312 	 9329.283203 	 55380.835938 	 -172.479889 	 -29.591721 	 -93.206345 	 2.000000 
39657.175781 	 9881.615234 	 54692.570312 	 -139.947083 	 -87.913841 	 -98.412521 	 2.000000 
41261.988281 	 9501.036133 	 54919.546875 	 -156.478027 	 -79.275887 	 -93.938614 	 2.000000 
39937.843750 	 10867.688477 	 54272.656250 	 -86.958969 	 -87.054100 	 -83.758415 	 2.000000 
38367.167969 	 10127.240234 	 54596.960938 	 -46.715816 	 -64.023125 	 -22.591806 	 2.000000 
40026.910156 	 8900.218750 	 57001.507812 	 -99.899231 	 -131.479385 	 -143.538254 	 2.000000 
39855.796875 	 9710.227539 	 54875.304688 	 -133.168488 	 -31.130524 	 -66.535995 	 2.000000 
38198.671875 	 11063.782227 	 54996.843750 	 -50.137459 	 -91.855576 	 -74.244400 	 2.000000 
39724.511719 	 9559.998047 	 55935.226562 	 -63.087605 	 41.054192 	 -75.971161 	 2.000000 
38900.332031 	 11048.541992 	 55347.113281 	 -55.975025 	 -100.758865 	 -160.153992 	 2.000000 
39577.117188 	 9834.932617 	 55348.031250 	 -122.911118 	 -18.177849 	 -31.194334 	 2.000000 
38984.757812 	 11149.286133 	 54906.773438 	 -45.200138 	 -116.185448 	 -149.575089 	 2.000000 
38895.207031 	 10546.608398 	 55011.925781 	 -121.315651 	 -104.519058 	 -8.206061 	 2.000000 
39980.347656 	 8907.028320 	 57082.148438 	 -94.936638 	 -104.704414 	 -139.855286 	 2.000000 
39619.906250 	 8892.055664 	 56867.496094 	 -50.930950 	 -48.222408 	 -73.202217 	 2.000000 
40028.726562 	 8499.031250 	 57075.726562 	 -77.006325 	 -86.729401 	 -106.427826 	 2.000000 
39395.464844 	 10219.858398 	 55120.414062 	 -106.374275 	 -74.760956 	 -29.722939 	 2.000000 
38697.261719 	 10703.799805 	 54999.390625 	 -98.398613 	 -119.532997 	 -124.164093 	 2.000000 
39119.765625 	 10178.736328 	 55432.195312 	 -94.404030 	 -60.160419 	 -41.529827 	 2.000000 
39788.460938 	 10498.996094 	 54806.660156 	 -161.772461 	 -110.763870 	 -117.997513 	 2.000000 
39108.480469 	 10271.380859 	 55426.234375 	 34.380081 	 -93.479843 	 -194.786957 	 2.000000 
39130.503906 	 10292.292969 	 55399.289062 	 28.025612 	 -107.602493 	 -190.287643 	 2.000000 
39754.445312 	 10437.628906 	 54016.699219 	 -39.526958 	 -75.634964 	 -39.322666 	 2.000000 
38811.023438 	 9174.038086 	 55171.222656 	 -14.386914 	 -44.143070 	 -87.936432 	 0.000000 
38938.191406 	 10491.400391 	 55012.273438 	 -72.236755 	 -58.928787 	 -106.398766 	 2.000000 
38922.183594 	 10473.997070 	 55037.531250 	 53.746189 	 -15.191448 	 -77.565666 	 2.000000 
39332.058594 	 10017.743164 	 56089.152344 	 -86.929230 	 -134.325623 	 -14.880396 	 2.000000 
39281.343750 	 9937.183594 	 55940.957031 	 -154.185043 	 -0.234118 	 -136.816666 	 2.000000 
39753.179688 	 9445.278320 	 56257.699219 	 -67.961403 	 -69.642151 	 -218.366180 	 2.000000 
38740.601562 	 11185.114258 	 55437.128906 	 -75.411591 	 -93.193550 	 -165.829269 	 2.000000 
39798.507812 	 8346.319336 	 57030.171875 	 -24.265810 	 -120.986191 	 -125.247017 	 2.000000 
39805.359375 	 9715.613281 	 56209.574219 	 -230.234085 	 -101.547157 	 -129.100601 	 2.000000 
39194.656250 	 9252.408203 	 55601.937500 	 -20.374228 	 -8.973967 	 -110.903175 	 2.000000 
39914.898438 	 9989.879883 	 54596.167969 	 -107.734344 	 -36.551754 	 -110.243530 	 2.000000 
39471.539062 	 9921.482422 	 55140.363281 	 -194.826904 	 -66.381187 	 -70.436104 	 2.000000 
39876.753906 	 8521.952148 	 57112.031250 	 -80.116623 	 -87.716843 	 -110.975166 	 2.000000 
39613.140625 	 10131.000000 	 55772.667969 	 -181.806976 	 -175.240372 	 -206.477112 	 2.000000 
39703.410156 	 9783.273438 	 56214.652344 	 -116.380997 	 -129.956146 	 -130.830811 	 2.000000 
38708.304688 	 8448.776367 	 55657.027344 	 -59.947144 	 -77.151100 	 -82.914131 	 2.000000 
39445.777344 	 8801.872070 	 55792.773438 	 -81.159378 	 -24.721640 	 -73.876137 	 2.000000 
39239.878906 	 10134.865234 	 55741.320312 	 -77.687592 	 -33.257858 	 -5.156899 	 2.000000 
38878.000000 	 10649.695312 	 55484.730469 	 -58.790924 	 -133.614868 	 -174.890366 	 2.000000 
39652.132812 	 10029.953125 	 54863.492188 	 -102.500656 	 -73.599724 	 -65.071960 	 2.000000 
39662.597656 	 10043.909180 	 54877.816406 	 -147.298523 	 -80.673767 	 -97.814781 	 2.000000 
39698.730469 	 10190.365234 	 56361.031250 	 -123.736923 	 -131.399460 	 -184.181473 	 2.000000 
39538.902344 	 9690.230469 	 55849.843750 	 -183.130096 	 -82.649155 	 -130.542068 	 2.000000 
39318.503906 	 9929.895508 	 55308.769531 	 -32.681427 	 -71.496696 	 -182.631210 	 2.000000 
39973.613281 	 11664.025391 	 56175.800781 	 -136.045807 	 -79.954315 	 -99.050751 	 2.000000 
38579.195312 	 10123.554688 	 54782.613281 	 -13.212803 	 -41.277451 	 -35.924381 	 2.000000 
40518.769531 	 9844.283203 	 54382.464844 	 -192.913177 	 -48.581123 	 -122.111977 	 2.000000 
39658.863281 	 10718.431641 	 54226.289062 	 -104.312737 	 -104.225761 	 -57.962624 	 2.000000 
40553.183594 	 9482.323242 	 56583.945312 	 -147.814362 	 -97.197495 	 -85.125282 	 2.000000 
39357.898438 	 10674.404297 	 55562.710938 	 -47.082474 	 -147.946716 	 -124.479210 	 2.000000 
39657.851562 	 10905.134766 	 54305.601562 	 -126.122078 	 -76.147789 	 -46.828289 	 2.000000 
38051.554688 	 9907.652344 	 54619.707031 	 -29.778307 	 -71.077240 	 -91.907883 	 2.000000 
39634.003906 	 9096.293945 	 56430.023438 	 -88.521538 	 -60.404560 	 -163.686951 	 2.000000 
40381.097656 	 9384.334961 	 56740.667969 	 -141.402649 	 -97.291672 	 -97.632660 	 2.000000 
40008.996094 	 9247.849609 	 54254.933594 	 -96.048347 	 -16.751795 	 -95.543015 	 2.000000 
39483.023438 	 9690.873047 	 55881.242188 	 -54.881592 	 -151.855438 	 -42.207771 	 2.000000 
38534.062500 	 10144.638672 	 55276.785156 	 28.668606 	 -61.951248 	 -159.772629 	 2.000000 
41162.578125 	 9523.195312 	 54946.339844 	 -156.104568 	 -82.410561 	 -78.610641 	 2.000000 
39126.964844 	 9664.916992 	 55534.761719 	 51.615616 	 12.480788 	 -38.909245 	 2.000000 
38362.562500 	 10280.862305 	 54919.652344 	 -22.235767 	 -25.382608 	 -31.577085 	 2.000000 
40030.578125 	 9986.044922 	 56302.230469 	 -176.614548 	 -117.395981 	 -126.052704 	 2.000000 
39926.582031 	 10550.370117 	 54193.898438 	 -63.049934 	 -95.647301 	 -98.024529 	 2.000000 
40035.714844 	 9091.149414 	 57123.503906 	 -124.848328 	 -128.795029 	 -119.352608 	 2.000000 
38547.378906 	 10171.404297 	 55084.433594 	 -3.361719 	 -45.375107 	 -6.798924 	 2.000000 
37969.355469 	 9877.193359 	 54484.539062 	 -52.968086 	 -49.298367 	 -77.404945 	 2.000000 
39940.570312 	 10095.466797 	 54089.667969 	 -258.616974 	 -149.311310 	 -67.135551 	 2.000000 
38744.640625 	 10191.412109 	 55216.792969 	 12.164770 	 41.755470 	 -73.481667 	 2.000000 
38872.269531 	 8011.591797 	 56252.503906 	 -46.596954 	 -86.163147 	 -91.606682 	 2.000000 
38715.542969 	 10653.834961 	 54937.585938 	 -53.043694 	 -111.443695 	 -112.463448 	 2.000000 
38696.824219 	 11036.925781 	 54708.535156 	 18.854935 	 -82.285881 	 -78.942802 	 2.000000 
39013.500000 	 11181.198242 	 55836.953125 	 -59.909199 	 -85.919144 	 -145.166489 	 2.000000 
38788.394531 	 10449.756836 	 55239.535156 	 97.781204 	 -54.123768 	 -54.643192 	 2.000000 
39480.066406 	 10114.559570 	 55474.023438 	 -208.059341 	 -160.022278 	 -57.448677 	 2.000000 
39646.683594 	 9892.954102 	 55855.394531 	 -145.467773 	 -183.547028 	 -133.098831 	 2.000000 
38434.187500 	 10065.189453 	 54593.015625 	 -17.218956 	 -63.733459 	 -59.313690 	 2.000000 
40464.136719 	 10160.916992 	 54074.703125 	 -240.338409 	 -32.726082 	 -102.749924 	 2.000000 
38628.785156 	 10275.616211 	 54191.855469 	 -59.895538 	 -60.607574 	 -36.796860 	 2.000000 
38224.937500 	 10123.786133 	 54812.914062 	 -31.920948 	 -37.257450 	 -42.590382 	 2.000000 
38225.035156 	 10116.333008 	 54817.675781 	 -25.907515 	 -39.674358 	 -41.179928 	 2.000000 
39310.750000 	 10139.518555 	 55527.363281 	 -67.071182 	 -223.587967 	 -128.258316 	 2.000000 
39688.796875 	 8715.340820 	 57023.046875 	 -61.270439 	 -66.173592 	 -118.660278 	 2.000000 
40147.707031 	 9727.848633 	 54153.507812 	 -43.065132 	 14.043174 	 -35.822567 	 2.000000 
38847.875000 	 7924.160156 	 56265.046875 	 -52.897705 	 -87.441055 	 -91.979088 	 2.000000 
40136.261719 	 8354.892578 	 54730.707031 	 -127.243637 	 -64.568115 	 -99.384995 	 0.000000 
40021.535156 	 9661.992188 	 56820.250000 	 -104.239456 	 -120.981499 	 -168.253281 	 7.000000 
39823.445312 	 11177.125000 	 56539.339844 	 -125.973167 	 -83.727959 	 -138.887009 	 2.000000 
39786.070312 	 8923.074219 	 56869.746094 	 -101.738739 	 -102.776016 	 -154.832993 	 2.000000 
40272.289062 	 11186.688477 	 55389.222656 	 -145.852554 	 -103.976097 	 -112.381302 	 2.000000 
38214.515625 	 9835.121094 	 56078.683594 	 -14.959993 	 -84.589508 	 -150.972061 	 6.000000 
40115.589844 	 9985.542969 	 54359.101562 	 -30.649187 	 6.757341 	 -95.220154 	 2.000000 
40136.480469 	 8914.476562 	 56913.500000 	 -95.788872 	 -128.277847 	 -144.413635 	 2.000000 
38046.101562 	 10085.922852 	 54533.453125 	 -43.346321 	 -78.538467 	 -41.620655 	 2.000000 
39696.417969 	 8455.266602 	 57159.292969 	 -69.088348 	 -102.302803 	 -118.084595 	 2.000000 
39603.691406 	 10012.180664 	 54989.363281 	 -128.898270 	 -115.791916 	 -73.788589 	 2.000000 
38963.152344 	 10332.833008 	 54939.109375 	 -24.639624 	 -154.020218 	 -68.007042 	 2.000000 
39386.304688 	 8396.629883 	 55834.210938 	 -96.629761 	 -47.354408 	 -72.204056 	 2.000000 
39882.621094 	 9772.222656 	 54862.453125 	 -108.631989 	 -33.681068 	 -59.809032 	 2.000000 
40845.136719 	 10173.367188 	 56726.058594 	 -136.593735 	 -105.997086 	 -96.906387 	 2.000000 
40361.359375 	 9425.893555 	 56564.597656 	 -151.611465 	 -74.067406 	 -84.648575 	 2.000000 
39604.019531 	 10500.031250 	 54590.234375 	 -76.239334 	 -76.146301 	 -65.664474 	 2.000000 
39484.191406 	 10683.923828 	 56228.898438 	 -135.642136 	 -134.336121 	 -134.446701 	 2.000000 
39262.968750 	 7868.897949 	 56539.847656 	 -89.628883 	 -85.603951 	 -65.490700 	 0.000000 
39991.839844 	 10812.348633 	 55229.148438 	 -157.483688 	 -115.314751 	 -115.534119 	 2.000000 
39822.316406 	 8939.148438 	 56957.554688 	 -93.049515 	 -93.067924 	 -156.417465 	 2.000000 
39389.847656 	 11093.394531 	 55549.824219 	 -71.375038 	 -102.583298 	 -117.508118 	 2.000000 
39385.960938 	 10598.953125 	 57407.183594 	 -44.903053 	 -93.264954 	 -151.256821 	 10.000000 
40133.878906 	 9708.297852 	 54257.210938 	 -113.136620 	 31.706078 	 -33.273884 	 2.000000 
38311.687500 	 8190.354004 	 55606.648438 	 -61.956619 	 -56.000622 	 -58.862911 	 2.000000 
39246.125000 	 8918.955078 	 55745.058594 	 -39.393394 	 -36.084946 	 -107.497391 	 2.000000 
39840.953125 	 8722.976562 	 57174.058594 	 -94.981186 	 -100.077736 	 -137.891464 	 2.000000 
39742.105469 	 9177.277344 	 56435.218750 	 -96.689850 	 -61.565117 	 -167.935333 	 2.000000 
39474.437500 	 8897.537109 	 55814.257812 	 -92.384834 	 -21.117994 	 -85.957787 	 2.000000 
39312.101562 	 10252.564453 	 55778.183594 	 -10.257864 	 -133.183075 	 -49.880562 	 2.000000 
39005.496094 	 7982.584473 	 56208.421875 	 -52.873951 	 -94.290466 	 -94.942825 	 2.000000 
39212.406250 	 10367.572266 	 55708.449219 	 -27.123735 	 -159.886261 	 -144.978088 	 2.000000 
38918.691406 	 10771.194336 	 55720.253906 	 -60.762207 	 -128.943558 	 -122.028351 	 2.000000 
40350.449219 	 11508.184570 	 55314.910156 	 -150.210022 	 -85.687370 	 -109.274620 	 2.000000 
39912.558594 	 9308.863281 	 54549.042969 	 -104.897278 	 -13.707051 	 -76.728455 	 2.000000 
38393.132812 	 10144.803711 	 54314.386719 	 -51.600056 	 -66.668373 	 -32.073719 	 2.000000 
39114.531250 	 10182.910156 	 54353.074219 	 -59.831261 	 -39.999382 	 -34.874981 	 3.000000 
39656.046875 	 9342.583984 	 55489.882812 	 -101.727539 	 25.341862 	 -76.664566 	 2.000000 
39381.292969 	 10684.513672 	 57320.742188 	 -42.967800 	 -95.344177 	 -149.432159 	 10.000000 
39744.839844 	 9218.569336 	 56558.453125 	 -118.650681 	 -49.144699 	 -145.873459 	 2.000000 
39866.832031 	 11649.737305 	 56421.054688 	 -127.388428 	 -75.470787 	 -107.984749 	 2.000000 
40039.242188 	 10695.988281 	 54177.367188 	 -61.838741 	 -139.454117 	 -73.499153 	 2.000000 
39410.011719 	 10518.718750 	 55101.136719 	 -32.828510 	 -115.834877 	 -144.420746 	 2.000000 
39782.339844 	 10945.611328 	 56092.832031 	 -99.250420 	 -112.083649 	 -164.124619 	 2.000000 
39524.738281 	 10400.559570 	 56015.019531 	 -186.980179 	 -157.129318 	 -137.350555 	 2.000000 
40071.488281 	 10147.838867 	 54212.363281 	 -190.427689 	 -119.371475 	 -159.917053 	 2.000000 
38623.691406 	 10222.984375 	 55111.773438 	 5.901909 	 -30.231600 	 -3.810654 	 2.000000 
38957.996094 	 9235.415039 	 55550.417969 	 -23.863810 	 -15.823111 	 -81.663620 	 2.000000 
39864.382812 	 8977.666992 	 56754.070312 	 -96.805244 	 -58.714527 	 -140.629868 	 2.000000 
39853.859375 	 8680.881836 	 56763.457031 	 -25.606041 	 -103.912918 	 -140.648972 	 2.000000 
39924.015625 	 9264.454102 	 56032.480469 	 -138.597931 	 -46.642483 	 -170.437119 	 2.000000 
38804.261719 	 10275.002930 	 54925.382812 	 -8.564326 	 -40.890820 	 -62.391800 	 2.000000 
38936.910156 	 7983.572754 	 56178.105469 	 -58.848034 	 -96.217827 	 -105.851814 	 2.000000 
39353.144531 	 9560.663086 	 56273.625000 	 -80.857094 	 -33.822990 	 -236.112137 	 2.000000 
39285.207031 	 11369.495117 	 55669.574219 	 -82.338432 	 -83.657997 	 -121.485138 	 2.000000 
40854.570312 	 9457.375000 	 55107.886719 	 -142.038712 	 -49.050648 	 -96.807861 	 2.000000 
39395.707031 	 11260.649414 	 55585.402344 	 -72.874184 	 -95.530724 	 -109.353622 	 2.000000 
39765.246094 	 8432.763672 	 57119.875000 	 -82.162506 	 -102.966202 	 -126.967606 	 2.000000 
39949.687500 	 10427.073242 	 54621.734375 	 -152.054260 	 -120.406960 	 -131.275238 	 2.000000 
41060.472656 	 9489.657227 	 54926.085938 	 -142.231598 	 -70.488258 	 -96.046677 	 2.000000 
39811.117188 	 9327.263672 	 54746.136719 	 -113.488335 	 -6.817342 	 -62.253735 	 2.000000 
39616.992188 	 10535.961914 	 54592.734375 	 -77.601860 	 -80.664742 	 -60.158279 	 2.000000 
38670.273438 	 10942.517578 	 54927.402344 	 -93.766441 	 -123.081284 	 -108.584747 	 2.000000 
41261.335938 	 9515.184570 	 55101.687500 	 -143.653351 	 -57.629826 	 -113.290474 	 2.000000 
38836.855469 	 10984.217773 	 54772.894531 	 -114.989075 	 -98.103905 	 -12.939487 	 2.000000 
39634.023438 	 9678.609375 	 55230.121094 	 -77.767792 	 -7.916971 	 -17.960854 	 2.000000 
39634.617188 	 10006.560547 	 55642.757812 	 -137.502686 	 15.576034 	 -72.085556 	 2.000000 
38948.570312 	 10659.088867 	 55709.035156 	 -54.229984 	 -133.122421 	 -128.763306 	 2.000000 
40177.277344 	 10620.367188 	 54240.718750 	 -55.960110 	 -90.453415 	 -74.548180 	 2.000000 
39707.320312 	 8822.316406 	 57047.140625 	 -69.297836 	 -68.072021 	 -114.572960 	 2.000000 
38809.757812 	 11055.966797 	 54836.980469 	 26.794619 	 -119.196541 	 -126.414856 	 2.000000 
39404.636719 	 9372.262695 	 56436.593750 	 -111.720749 	 -45.622803 	 -189.466904 	 2.000000 
40208.097656 	 9997.661133 	 54001.019531 	 -62.473934 	 -52.047661 	 -144.785416 	 2.000000 
39487.750000 	 9260.860352 	 55551.722656 	 -91.630699 	 17.514378 	 -75.856056 	 2.000000 
38595.019531 	 11298.173828 	 55174.093750 	 -77.631271 	 -125.206032 	 -95.800690 	 2.000000 
38264.703125 	 9973.817383 	 54292.144531 	 -59.383579 	 -34.236839 	 -62.686523 	 2.000000 
39342.445312 	 8809.993164 	 55730.496094 	 -93.351753 	 -26.384552 	 -83.621719 	 2.000000 
40282.085938 	 9463.923828 	 56605.652344 	 -151.380890 	 -95.368820 	 -103.787743 	 2.000000 
39221.070312 	 10467.507812 	 55107.867188 	 -54.728806 	 -162.926437 	 -122.508286 	 2.000000 
39074.011719 	 9910.205078 	 55350.351562 	 1.071111 	 -9.776156 	 -65.112816 	 2.000000 
38244.304688 	 10133.575195 	 54512.386719 	 -22.165396 	 -76.200508 	 -72.183144 	 2.000000 
39647.972656 	 9977.132812 	 55435.460938 	 -167.777145 	 -22.212027 	 -38.943630 	 2.000000 
40260.597656 	 10856.385742 	 57404.210938 	 -62.492626 	 -90.085655 	 -142.548004 	 0.000000 
39832.042969 	 10568.700195 	 55113.253906 	 -155.063721 	 -109.247772 	 -87.758942 	 2.000000 
39528.042969 	 10045.990234 	 53973.519531 	 -43.939087 	 -40.740940 	 -54.120270 	 0.000000 
39140.890625 	 10260.511719 	 55179.101562 	 -50.514107 	 -74.418503 	 -50.062737 	 2.000000 
38291.277344 	 10572.753906 	 56747.914062 	 -33.055973 	 -89.349152 	 -152.357986 	 0.000000 
39989.761719 	 10267.584961 	 54155.304688 	 -144.403519 	 -107.939240 	 -121.467751 	 2.000000 
39161.171875 	 9646.198242 	 55614.273438 	 12.643064 	 51.414375 	 -84.979195 	 2.000000 
38579.625000 	 11301.375000 	 54952.066406 	 6.490981 	 -105.972160 	 -158.596008 	 2.000000 
39329.019531 	 10192.637695 	 55736.656250 	 -56.355503 	 10.783137 	 -161.120728 	 2.000000 
39281.699219 	 10249.778320 	 55361.042969 	 24.737133 	 -116.191879 	 -172.852600 	 2.000000 
40150.855469 	 9830.291016 	 57079.703125 	 -101.669189 	 -122.433296 	 -153.267654 	 7.000000 
39517.042969 	 10151.005859 	 55936.730469 	 -21.143061 	 -57.898178 	 -61.491894 	 2.000000 
39312.285156 	 9820.128906 	 55793.082031 	 -66.103065 	 -126.688393 	 -262.696472 	 2.000000 
40871.003906 	 9773.769531 	 54731.140625 	 -170.002899 	 -69.786789 	 -98.307503 	 2.000000 
39047.199219 	 10171.906250 	 53991.843750 	 -57.061787 	 -50.143303 	 -50.714153 	 3.000000 
39529.066406 	 8203.272461 	 55339.777344 	 -80.986313 	 -59.947689 	 -65.358894 	 2.000000 
39843.132812 	 8958.586914 	 56852.339844 	 -78.929298 	 -40.784538 	 -94.815872 	 2.000000 
39876.449219 	 9020.347656 	 57041.089844 	 -121.078407 	 -123.533768 	 -128.551376 	 2.000000 
40238.238281 	 10135.766602 	 54360.035156 	 -49.021538 	 -55.239788 	 -114.880150 	 2.000000 
39002.234375 	 10398.153320 	 57453.542969 	 -39.964561 	 -97.139389 	 -146.448288 	 0.000000 
39513.667969 	 10132.617188 	 54869.164062 	 -78.404572 	 -59.548195 	 -48.954727 	 2.000000 
38600.375000 	 11152.797852 	 55073.351562 	 -72.204674 	 -145.366470 	 -103.857971 	 2.000000 
39723.667969 	 9094.239258 	 56470.683594 	 -77.807365 	 -53.014103 	 -153.623032 	 2.000000 
40154.996094 	 9900.366211 	 57722.453125 	 -52.271179 	 -115.381592 	 -141.095688 	 0.000000 
41336.660156 	 9406.050781 	 55017.230469 	 -154.959305 	 -81.475861 	 -85.714699 	 2.000000 
38259.902344 	 8279.349609 	 55432.246094 	 -42.591709 	 -75.424217 	 -70.034180 	 2.000000 
40940.339844 	 9622.264648 	 54704.886719 	 -161.522446 	 -70.770279 	 -100.978615 	 2.000000 
39695.062500 	 9481.558594 	 56082.988281 	 -193.421295 	 -28.917355 	 -166.699219 	 2.000000 
39428.957031 	 10551.129883 	 55068.250000 	 -42.653126 	 -130.601883 	 -129.667160 	 2.000000 
38423.027344 	 10159.821289 	 54816.007812 	 -37.846737 	 -60.693722 	 -12.849464 	 2.000000 
39492.828125 	 9673.508789 	 55850.871094 	 -58.695061 	 -92.839767 	 -25.608828 	 2.000000 
38345.933594 	 10028.314453 	 55843.406250 	 0.780965 	 -81.288612 	 -156.011475 	 6.000000 
38675.386719 	 11169.584961 	 55694.246094 	 -103.438156 	 -97.418030 	 -140.311035 	 2.000000 
40392.941406 	 10687.539062 	 56259.117188 	 -151.003418 	 -100.661140 	 -109.365601 	 11.000000 
39207.097656 	 8068.605469 	 55979.222656 	 -102.454468 	 -65.822769 	 -76.383240 	 2.000000 
39597.949219 	 9742.326172 	 56216.609375 	 -49.827885 	 34.751396 	 -219.364777 	 2.000000 
39942.441406 	 8861.403320 	 56871.058594 	 -97.688004 	 -92.930260 	 -150.861069 	 2.000000 
39642.656250 	 8272.840820 	 57132.511719 	 -18.403048 	 -134.482834 	 -125.196922 	 2.000000 
38864.925781 	 11361.938477 	 55419.617188 	 -41.965645 	 -92.153648 	 -102.640663 	 2.000000 
39639.621094 	 10535.138672 	 55772.886719 	 -177.043930 	 -145.034760 	 -119.400291 	 2.000000 
40112.832031 	 8891.168945 	 57332.933594 	 -82.375259 	 -122.247612 	 -132.392212 	 2.000000 
41295.070312 	 9194.504883 	 55290.199219 	 -128.358154 	 -59.973904 	 -89.248444 	 2.000000 
39393.996094 	 10302.592773 	 55360.699219 	 -72.726051 	 -136.969864 	 -72.416504 	 2.000000 
39276.800781 	 10808.209961 	 55533.203125 	 -42.426929 	 -131.354904 	 -118.855530 	 2.000000 
40069.687500 	 9397.153320 	 54438.703125 	 -113.394958 	 -10.480754 	 -89.708069 	 2.000000 
39670.683594 	 8003.625488 	 55095.378906 	 -86.624825 	 -68.213821 	 -68.877426 	 2.000000 
38181.484375 	 10150.050781 	 57023.910156 	 -37.919426 	 -94.743553 	 -146.019608 	 9.000000 
39723.980469 	 10529.274414 	 54169.796875 	 -43.591705 	 -70.266693 	 -44.031837 	 2.000000 
39573.519531 	 11087.844727 	 54218.093750 	 -111.165482 	 -84.066727 	 -2.459617 	 2.000000 
40168.777344 	 9198.960938 	 57148.039062 	 -90.869934 	 -134.408463 	 -149.331009 	 2.000000 
39594.113281 	 10496.405273 	 55754.550781 	 -178.699799 	 -148.157303 	 -112.854347 	 2.000000 
39422.238281 	 8008.255859 	 55801.250000 	 -118.761566 	 -67.687012 	 -78.378273 	 2.000000 
38852.062500 	 10462.067383 	 55259.660156 	 -114.257050 	 -16.491003 	 -36.395672 	 2.000000 
38703.097656 	 8910.201172 	 55533.968750 	 -69.916931 	 -42.308502 	 -55.534473 	 2.000000 
38104.984375 	 9050.055664 	 56118.992188 	 -24.161222 	 -95.967628 	 -130.442200 	 4.000000 
39945.511719 	 9026.141602 	 57159.226562 	 -111.366913 	 -79.911888 	 -106.506935 	 2.000000 
41137.160156 	 8797.135742 	 55277.167969 	 -128.635101 	 -66.180519 	 -85.996223 	 0.000000 
39010.691406 	 10096.271484 	 55003.136719 	 -39.669746 	 -103.732628 	 -37.825874 	 2.000000 
39189.390625 	 11083.138672 	 55057.460938 	 -50.349098 	 -110.961754 	 -132.572403 	 2.000000 
39607.261719 	 10763.893555 	 56124.527344 	 -102.981453 	 -133.154144 	 -156.151535 	 2.000000 
40213.453125 	 9999.043945 	 54077.394531 	 -157.299164 	 39.501579 	 -15.726604 	 2.000000 
40222.101562 	 10502.628906 	 54190.675781 	 -52.486259 	 -116.374626 	 -60.814854 	 2.000000 
39469.105469 	 9924.227539 	 55400.515625 	 -52.837212 	 -48.654995 	 -130.523605 	 2.000000 
40165.160156 	 8965.662109 	 56562.421875 	 -91.454834 	 -105.121048 	 -164.289383 	 2.000000 
39226.171875 	 10358.603516 	 55253.726562 	 -3.562861 	 -118.586075 	 -181.272537 	 2.000000 
40043.316406 	 9388.747070 	 54545.582031 	 -118.544952 	 -10.470249 	 -90.782913 	 2.000000 
38502.945312 	 8575.498047 	 55538.828125 	 -63.302811 	 -80.295067 	 -63.394665 	 2.000000 
39812.609375 	 10328.848633 	 54239.632812 	 -60.572002 	 -109.220070 	 -102.858871 	 2.000000 
39940.742188 	 9047.946289 	 54572.210938 	 -114.253525 	 -20.045729 	 -87.791954 	 2.000000 
39961.460938 	 9936.327148 	 54173.890625 	 -82.250793 	 -73.638878 	 -161.195984 	 2.000000 
39872.710938 	 8523.040039 	 57182.433594 	 -77.772057 	 -90.097580 	 -120.053116 	 2.000000 
40824.304688 	 9836.414062 	 56509.378906 	 -150.024841 	 -104.909492 	 -81.641640 	 2.000000 
39779.250000 	 8655.621094 	 56954.636719 	 -86.007057 	 -88.825478 	 -138.640076 	 2.000000 
38800.531250 	 10834.002930 	 55407.863281 	 -74.169937 	 -122.715469 	 -174.940094 	 2.000000 
40553.082031 	 9835.421875 	 56584.113281 	 -149.518875 	 -93.644760 	 -94.465576 	 2.000000 
40869.101562 	 9041.382812 	 57206.085938 	 -96.165886 	 -123.689812 	 -75.699257 	 2.000000 
40266.156250 	 10357.222656 	 54164.722656 	 -61.940018 	 -157.127289 	 -107.765129 	 2.000000 
38349.214844 	 10196.568359 	 54886.835938 	 -13.517384 	 -30.036812 	 -44.245331 	 2.000000 
39778.437500 	 9364.045898 	 55851.503906 	 -154.978531 	 -24.535170 	 -165.320801 	 2.000000 
40957.839844 	 9525.741211 	 56743.097656 	 -138.595367 	 -118.270973 	 -80.383209 	 2.000000 
40038.136719 	 8851.530273 	 57273.847656 	 -108.193909 	 -82.386322 	 -112.194672 	 2.000000 
41286.230469 	 9138.305664 	 55284.929688 	 -127.781784 	 -56.345612 	 -87.028336 	 2.000000 
39601.058594 	 10945.647461 	 54127.562500 	 -125.820091 	 -67.046234 	 -51.659180 	 2.000000 
39571.726562 	 10952.254883 	 54127.511719 	 -83.007362 	 -89.913513 	 19.595694 	 2.000000 
39069.992188 	 10606.501953 	 54782.468750 	 3.157464 	 -84.202782 	 -99.038078 	 2.000000 
38802.597656 	 8645.741211 	 55643.902344 	 -53.631382 	 -62.060928 	 -102.385742 	 2.000000 
39429.378906 	 9180.848633 	 56676.035156 	 -56.777092 	 -31.728506 	 -109.970810 	 2.000000 
39072.339844 	 10597.786133 	 55490.250000 	 -85.247498 	 -159.067993 	 -132.462433 	 2.000000 
39951.812500 	 10416.171875 	 56487.878906 	 -97.711273 	 -122.866859 	 -174.947189 	 2.000000 
39478.230469 	 10301.359375 	 55928.402344 	 -112.523605 	 -194.022369 	 -173.000076 	 2.000000 
39773.968750 	 10612.250977 	 55975.750000 	 -173.315948 	 -124.828758 	 -122.553345 	 2.000000 
40444.964844 	 9680.249023 	 55007.167969 	 -163.466934 	 -58.702690 	 -110.351860 	 0.000000 
40117.433594 	 9087.569336 	 57191.980469 	 -123.931023 	 -128.507782 	 -117.178062 	 2.000000 
39455.238281 	 9927.537109 	 55200.781250 	 -208.263153 	 -66.788956 	 -72.454880 	 2.000000 
40151.917969 	 8868.542969 	 56943.375000 	 -88.072128 	 -99.308861 	 -151.232025 	 2.000000 
39914.378906 	 11429.790039 	 56637.121094 	 -126.740295 	 -76.136322 	 -133.135574 	 2.000000 
39050.203125 	 10808.593750 	 54536.960938 	 -91.887177 	 -84.578178 	 -51.851677 	 2.000000 
39440.375000 	 8963.207031 	 55770.890625 	 -73.681145 	 -18.918676 	 -70.383911 	 2.000000 
40176.996094 	 9161.563477 	 55475.796875 	 -157.120041 	 -38.126137 	 -89.547813 	 2.000000 
37927.937500 	 8850.392578 	 54932.082031 	 -70.925308 	 -58.674221 	 -63.297573 	 1.000000 
39899.773438 	 10437.226562 	 54684.730469 	 -149.120728 	 -113.637245 	 -125.724091 	 2.000000 
39822.570312 	 11647.652344 	 56412.734375 	 -128.916702 	 -77.956146 	 -98.096970 	 2.000000 
39740.582031 	 9033.523438 	 55166.421875 	 -138.559952 	 -12.118715 	 -90.935051 	 0.000000 
41311.652344 	 9265.225586 	 55257.074219 	 -129.282593 	 -59.412983 	 -90.205460 	 2.000000 
38735.714844 	 10953.128906 	 55024.535156 	 -19.169760 	 -160.811707 	 -98.630646 	 2.000000 
38668.347656 	 10241.300781 	 55091.257812 	 37.749878 	 -67.463776 	 -11.704758 	 2.000000 
39212.894531 	 9435.968750 	 55581.953125 	 -19.682821 	 7.375569 	 -110.939690 	 2.000000 
39369.359375 	 9991.807617 	 56008.128906 	 -90.720314 	 -128.982910 	 -134.971634 	 2.000000 
39681.613281 	 8833.084961 	 56757.671875 	 -79.783760 	 -85.592789 	 -152.645340 	 2.000000 
41264.464844 	 9311.330078 	 56411.339844 	 -136.242126 	 -99.061317 	 -62.874878 	 0.000000 
38707.949219 	 10231.369141 	 54917.191406 	 -75.716873 	 -64.007057 	 -54.405273 	 2.000000 
39591.472656 	 10106.879883 	 54893.171875 	 -148.723602 	 -74.579193 	 -81.919182 	 2.000000 
39744.820312 	 10350.132812 	 55277.515625 	 -171.776993 	 -125.340439 	 -104.281990 	 2.000000 
39922.445312 	 10119.361328 	 54192.863281 	 -118.422211 	 -40.593136 	 -177.869461 	 2.000000 
38759.519531 	 10166.559570 	 54869.191406 	 -21.051662 	 -55.232403 	 -101.011391 	 2.000000 
39307.660156 	 10025.860352 	 55945.832031 	 18.245964 	 -104.133194 	 -182.961914 	 2.000000 
39295.078125 	 9659.421875 	 55510.707031 	 -38.148693 	 36.374172 	 -42.502239 	 2.000000 
38869.851562 	 9752.467773 	 55241.960938 	 -6.384104 	 -6.634708 	 -60.412334 	 2.000000 
39409.261719 	 9907.003906 	 55451.582031 	 -179.984329 	 -23.476822 	 -26.749964 	 2.000000 
39707.187500 	 9790.865234 	 55765.644531 	 -86.396637 	 17.959379 	 -80.158997 	 2.000000 
39590.746094 	 8790.149414 	 56238.285156 	 -31.670010 	 -52.906136 	 -118.190758 	 2.000000 
38865.468750 	 10646.181641 	 55444.449219 	 -59.676643 	 -143.557861 	 -122.936119 	 2.000000 
39006.164062 	 11146.357422 	 55068.101562 	 -45.161694 	 -115.523483 	 -135.610428 	 2.000000 
39553.304688 	 9141.169922 	 56587.882812 	 -106.793488 	 -80.109962 	 -167.345154 	 2.000000 
39513.292969 	 10853.703125 	 54263.242188 	 -118.064865 	 -50.191002 	 -60.698315 	 2.000000 
38772.339844 	 10971.296875 	 54774.027344 	 -128.563339 	 -154.391464 	 -46.655346 	 2.000000 
38725.734375 	 8506.333008 	 55826.437500 	 -74.962303 	 -62.502537 	 -84.772842 	 2.000000 
40134.910156 	 8766.502930 	 57158.554688 	 -75.987526 	 -104.079697 	 -144.454926 	 2.000000 
39952.441406 	 10269.482422 	 56591.199219 	 -121.908066 	 -120.512466 	 -169.294968 	 2.000000 
39060.101562 	 10655.713867 	 55780.468750 	 -53.972649 	 -137.898956 	 -141.815659 	 2.000000 
38786.914062 	 10892.177734 	 54777.773438 	 -146.806656 	 -133.819763 	 -40.181946 	 2.000000 
39976.863281 	 10578.592773 	 55184.390625 	 -163.239014 	 -129.059875 	 -103.362717 	 2.000000 
38064.585938 	 8688.260742 	 55136.035156 	 -42.055977 	 -83.850998 	 -100.502403 	 1.000000 
39606.496094 	 9593.491211 	 55054.511719 	 -129.842560 	 17.834013 	 -134.897690 	 2.000000 
39837.972656 	 8907.452148 	 57002.968750 	 -95.459831 	 -113.926651 	 -155.388596 	 2.000000 
38987.785156 	 11320.052734 	 56730.621094 	 -38.260727 	 -75.558113 	 -168.161667 	 0.000000 
38859.074219 	 11609.579102 	 56288.835938 	 -27.010408 	 -63.166515 	 -179.521042 	 8.000000 
39305.921875 	 10420.989258 	 55149.152344 	 -54.702766 	 -151.029510 	 -110.171555 	 2.000000 
39633.226562 	 10096.303711 	 54788.554688 	 -138.260178 	 -71.639763 	 -85.872688 	 2.000000 
39227.554688 	 10953.700195 	 54583.968750 	 -72.189857 	 -108.324745 	 -59.684467 	 2.000000 
38770.496094 	 10659.126953 	 55238.507812 	 -61.047703 	 -150.370590 	 -129.181366 	 2.000000 
38790.644531 	 9470.090820 	 55570.488281 	 -14.152692 	 -14.487571 	 -94.345711 	 2.000000 
40066.644531 	 10423.255859 	 57048.808594 	 -54.610592 	 -107.727966 	 -161.676544 	 12.000000 
40857.355469 	 9182.667969 	 56974.988281 	 -114.824913 	 -129.555634 	 -84.897919 	 2.000000 
39578.156250 	 10704.511719 	 54468.828125 	 -56.562820 	 -66.392044 	 -50.758640 	 2.000000 
38400.992188 	 10312.841797 	 54908.261719 	 -28.762733 	 -27.224150 	 -26.339046 	 2.000000 
38746.445312 	 10662.520508 	 55183.910156 	 -57.754799 	 -149.533524 	 -126.176949 	 2.000000 
40116.398438 	 8923.767578 	 57348.371094 	 -124.220955 	 -101.618767 	 -80.870209 	 2.000000 
39313.218750 	 9922.517578 	 54350.632812 	 -55.680386 	 -28.862047 	 -45.824039 	 3.000000 
39296.167969 	 7877.186035 	 55872.480469 	 -94.110275 	 -74.284760 	 -70.062523 	 2.000000 
39709.371094 	 9201.714844 	 56268.484375 	 -122.810722 	 -36.969013 	 -173.900360 	 2.000000 
39328.890625 	 10429.916016 	 55630.535156 	 -93.488487 	 -189.633408 	 -141.764709 	 2.000000 
38989.378906 	 10963.031250 	 54760.117188 	 -100.202026 	 -122.728775 	 -31.714600 	 2.000000 
40324.093750 	 10172.521484 	 54228.332031 	 -69.126503 	 -50.717674 	 -156.782150 	 2.000000 
38659.128906 	 9758.243164 	 54992.371094 	 -18.899076 	 -12.804803 	 -64.798927 	 2.000000 
39611.343750 	 9175.097656 	 55535.363281 	 -92.836021 	 10.079902 	 -79.398750 	 2.000000 
38504.589844 	 10116.579102 	 55358.406250 	 20.186630 	 -67.969292 	 -167.633667 	 2.000000 
38402.843750 	 9990.413086 	 55362.398438 	 10.928938 	 -64.963142 	 -150.613388 	 2.000000 
39037.859375 	 10519.428711 	 54842.632812 	 -60.378819 	 -94.655609 	 -64.563171 	 2.000000 
39854.875000 	 9475.038086 	 56347.796875 	 -135.452820 	 -122.983902 	 -212.417603 	 2.000000 
38951.625000 	 10434.739258 	 55509.000000 	 -44.895744 	 -147.619003 	 -134.672684 	 2.000000 
40002.621094 	 10838.941406 	 55208.085938 	 -155.788422 	 -123.494186 	 -113.150597 	 2.000000 
39985.132812 	 9057.867188 	 57112.167969 	 -119.570381 	 -124.956657 	 -124.623436 	 2.000000 
38736.605469 	 10216.051758 	 54958.691406 	 5.514007 	 -22.290503 	 -7.547815 	 2.000000 
38738.433594 	 8872.098633 	 55482.710938 	 -43.780674 	 -48.468658 	 -86.760803 	 2.000000 
38543.269531 	 10110.212891 	 54668.386719 	 -14.851147 	 -36.317272 	 -48.394596 	 2.000000 
38853.007812 	 10540.377930 	 55307.515625 	 -62.638126 	 -166.152390 	 -134.191071 	 2.000000 
39818.089844 	 9548.349609 	 56229.878906 	 -90.738518 	 -115.640877 	 -190.270081 	 2.000000 
39881.769531 	 9990.010742 	 56338.140625 	 -115.055969 	 -135.142654 	 -197.281647 	 2.000000 
39778.570312 	 10539.340820 	 55054.878906 	 -157.263168 	 -115.492920 	 -98.613640 	 2.000000 
40665.074219 	 9478.044922 	 56623.976562 	 -145.763702 	 -98.309235 	 -80.359657 	 2.000000 
40925.343750 	 9757.926758 	 54731.933594 	 -155.180145 	 -68.399834 	 -114.280067 	 2.000000 
38246.179688 	 8825.383789 	 55136.484375 	 -35.044079 	 -75.265862 	 -99.633476 	 1.000000 
39227.347656 	 10388.490234 	 54966.593750 	 -142.175262 	 -120.127594 	 -50.222141 	 2.000000 
39279.660156 	 10230.754883 	 55498.332031 	 -72.475853 	 -204.319016 	 -152.820023 	 2.000000 
40025.019531 	 8731.874023 	 56926.167969 	 -82.477608 	 -75.493492 	 -115.434288 	 2.000000 
38140.781250 	 8913.318359 	 56162.945312 	 -29.405519 	 -96.025543 	 -126.851639 	 4.000000 
40804.738281 	 9658.412109 	 54530.027344 	 -165.781937 	 -59.913597 	 -118.013985 	 2.000000 
40589.437500 	 9005.123047 	 57383.500000 	 -105.138977 	 -101.240356 	 -71.794273 	 2.000000 
39927.921875 	 10199.771484 	 54556.054688 	 -62.369152 	 -46.301888 	 -110.292725 	 2.000000 
39074.210938 	 10318.298828 	 55304.808594 	 -98.113838 	 -93.171104 	 -118.011589 	 2.000000 
39639.660156 	 9813.133789 	 55999.417969 	 -176.610458 	 -75.185112 	 -276.710785 	 2.000000 
39917.988281 	 10884.235352 	 54281.832031 	 -79.523987 	 -75.384827 	 -92.432365 	 2.000000 
39702.195312 	 9397.741211 	 55057.054688 	 -110.610878 	 38.315384 	 -50.337132 	 2.000000 
37809.972656 	 9901.639648 	 56558.773438 	 -29.955706 	 -94.765541 	 -139.306229 	 5.000000 
38845.769531 	 10211.284180 	 55563.898438 	 30.106569 	 -82.305969 	 -183.099548 	 2.000000 
39519.847656 	 10786.616211 	 55202.492188 	 -67.073387 	 -129.761017 	 -133.735977 	 2.000000 
40399.824219 	 8823.854492 	 57258.402344 	 -77.198402 	 -124.514595 	 -122.756523 	 2.000000 
39303.972656 	 11307.464844 	 55739.339844 	 -71.988541 	 -87.080284 	 -133.973862 	 2.000000 
38849.984375 	 10739.668945 	 55700.625000 	 -61.347637 	 -131.544601 	 -115.920990 	 2.000000 
40462.726562 	 10690.336914 	 55974.523438 	 -159.341782 	 -95.288589 	 -104.661324 	 11.000000 
38904.054688 	 10794.066406 	 54956.070312 	 -115.373611 	 -77.283722 	 2.954334 	 2.000000 
40255.089844 	 9661.632812 	 54374.691406 	 -73.853119 	 20.989250 	 -87.791855 	 2.000000 
38462.007812 	 8754.178711 	 55505.511719 	 -56.017456 	 -66.575600 	 -51.301384 	 2.000000 
38577.546875 	 8208.776367 	 55675.882812 	 -73.806442 	 -94.695587 	 -82.174355 	 2.000000 
38787.953125 	 10726.430664 	 55706.281250 	 -85.312515 	 -133.011459 	 -114.945396 	 2.000000 
39506.570312 	 9357.508789 	 56819.671875 	 -145.654984 	 -76.620903 	 -138.980972 	 2.000000 
39774.625000 	 9148.409180 	 54367.023438 	 -113.589561 	 -22.695021 	 -87.824425 	 2.000000 
40218.406250 	 10037.380859 	 54114.226562 	 -167.721741 	 24.881666 	 -116.132408 	 2.000000 
40062.242188 	 9403.236328 	 54457.628906 	 -110.129211 	 -11.396152 	 -89.809593 	 2.000000 
37818.175781 	 9932.784180 	 56526.339844 	 -32.033905 	 -96.391708 	 -135.033340 	 5.000000 
39771.355469 	 11249.125000 	 56165.222656 	 -93.827873 	 -91.647980 	 -156.040573 	 2.000000 
38501.097656 	 11015.252930 	 54881.804688 	 -8.317347 	 -95.982254 	 -89.657372 	 2.000000 
40952.105469 	 9768.153320 	 54516.542969 	 -176.334824 	 -89.204521 	 -107.316116 	 2.000000 
39747.511719 	 8952.565430 	 57119.781250 	 -97.310692 	 -80.694542 	 -134.350555 	 2.000000 
41202.703125 	 9498.527344 	 55109.289062 	 -154.336502 	 -64.655365 	 -105.202728 	 2.000000 
38531.765625 	 10089.314453 	 54987.214844 	 6.904362 	 -50.048271 	 -33.409882 	 2.000000 
38248.125000 	 8304.072266 	 55507.414062 	 -33.467556 	 -91.313652 	 -52.664963 	 2.000000 
39650.660156 	 8385.251953 	 55214.121094 	 -96.373230 	 -48.665947 	 -73.146545 	 2.000000 
40157.339844 	 8872.737305 	 56983.570312 	 -89.607132 	 -105.593475 	 -140.787521 	 2.000000 
38615.203125 	 10737.936523 	 57458.574219 	 -45.186577 	 -93.493782 	 -141.460358 	 0.000000 
39645.042969 	 9772.682617 	 55495.800781 	 -90.439629 	 -190.068024 	 -92.697227 	 2.000000 
38407.414062 	 11233.339844 	 56847.542969 	 -34.011002 	 -76.787354 	 -155.621140 	 0.000000 
39056.207031 	 11040.051758 	 55331.773438 	 -44.639793 	 -110.126793 	 -118.908791 	 2.000000 
41051.687500 	 9593.600586 	 54797.500000 	 -159.673645 	 -75.382416 	 -92.780083 	 2.000000 
38506.343750 	 10074.177734 	 54966.773438 	 7.601382 	 -32.459835 	 -57.812931 	 2.000000 
39046.156250 	 10735.038086 	 54874.292969 	 -25.542906 	 -74.714577 	 -80.077133 	 2.000000 
37812.378906 	 9611.658203 	 54694.355469 	 -68.035439 	 -35.097046 	 -75.333672 	 2.000000 
39339.597656 	 8023.536133 	 55877.964844 	 -94.988327 	 -69.591896 	 -69.970032 	 2.000000 
39825.285156 	 8614.309570 	 56874.261719 	 -95.053185 	 -83.809860 	 -130.377518 	 2.000000 
39919.890625 	 8584.526367 	 57147.695312 	 -73.903503 	 -95.384178 	 -109.614059 	 2.000000 
39164.531250 	 8589.196289 	 56702.699219 	 -19.227137 	 -106.975113 	 -129.221939 	 0.000000 
39894.847656 	 9299.344727 	 55999.281250 	 -142.073059 	 -43.312214 	 -175.241409 	 2.000000 
39158.527344 	 10452.982422 	 55755.664062 	 -39.543598 	 -163.293533 	 -119.410835 	 2.000000 
40672.789062 	 9798.666016 	 56663.488281 	 -150.217224 	 -101.649986 	 -94.003830 	 2.000000 
40151.464844 	 9379.217773 	 54129.238281 	 -115.633896 	 -18.843740 	 -95.646988 	 2.000000 
39289.515625 	 10189.900391 	 55703.695312 	 5.344609 	 -64.637840 	 -11.497504 	 2.000000 
39132.390625 	 10248.820312 	 55426.773438 	 -24.244184 	 -109.240318 	 -122.297119 	 2.000000 
39178.035156 	 10264.324219 	 55238.421875 	 -79.114555 	 -17.731831 	 -62.257629 	 2.000000 
39131.546875 	 10088.014648 	 55442.558594 	 -32.502422 	 -168.996033 	 -160.249451 	 2.000000 
38667.550781 	 10188.244141 	 54740.531250 	 0.058078 	 -67.282570 	 -38.706833 	 2.000000 
39549.515625 	 9852.730469 	 56174.246094 	 -36.262856 	 -81.360054 	 -102.303474 	 2.000000 
39616.355469 	 9948.339844 	 56234.648438 	 -72.578033 	 -106.180389 	 -165.585648 	 2.000000 
39195.816406 	 8162.096680 	 55963.613281 	 -102.944450 	 -64.370422 	 -79.347305 	 2.000000 
39774.707031 	 8881.742188 	 56663.183594 	 -99.540512 	 -57.840370 	 -143.982605 	 2.000000 
37788.308594 	 10487.432617 	 56301.539062 	 -32.548214 	 -85.573860 	 -149.503189 	 0.000000 
40075.203125 	 8942.051758 	 57028.382812 	 -101.858757 	 -140.238235 	 -153.070541 	 2.000000 
40321.054688 	 9420.724609 	 55314.957031 	 -162.941330 	 -50.014469 	 -95.280716 	 2.000000 
40588.308594 	 10038.695312 	 54470.113281 	 -199.664902 	 -54.708145 	 -115.167282 	 2.000000 
38893.500000 	 10402.930664 	 54886.605469 	 -96.417229 	 -36.910782 	 -72.297333 	 2.000000 
38398.179688 	 8240.640625 	 55469.738281 	 -59.578671 	 -86.228615 	 -48.674179 	 2.000000 
39813.035156 	 9623.854492 	 56000.429688 	 -133.364471 	 -100.536926 	 -203.314941 	 2.000000 
39757.390625 	 9083.830078 	 56447.746094 	 -125.058533 	 -57.695827 	 -162.290466 	 2.000000 
38645.488281 	 11389.161133 	 56566.386719 	 -30.845419 	 -72.726471 	 -166.163727 	 8.000000 
40087.132812 	 10142.764648 	 56691.023438 	 -65.211906 	 -119.278961 	 -179.081619 	 2.000000 
39398.472656 	 10779.424805 	 55429.234375 	 -60.039722 	 -136.231476 	 -122.131905 	 2.000000 
39726.285156 	 9914.271484 	 54850.824219 	 -141.192535 	 -63.659325 	 -72.822891 	 2.000000 
40140.039062 	 9662.393555 	 56340.476562 	 -177.729538 	 -93.329094 	 -100.402191 	 2.000000 
41129.746094 	 9611.239258 	 54961.109375 	 -127.124237 	 -80.379242 	 -97.725464 	 2.000000 
39155.902344 	 10629.280273 	 54443.503906 	 -57.482635 	 -63.463097 	 -24.411102 	 2.000000 
39204.355469 	 10359.377930 	 55036.343750 	 -156.038788 	 -118.219505 	 -52.513702 	 2.000000 
39238.566406 	 10319.417969 	 55257.996094 	 -122.996994 	 -81.461914 	 -17.557259 	 2.000000 
38531.140625 	 10071.269531 	 54714.722656 	 -23.032904 	 -42.386288 	 -42.799915 	 2.000000 
39871.128906 	 9349.159180 	 56354.355469 	 -134.670197 	 -33.730881 	 -165.346771 	 2.000000 
39631.136719 	 9148.157227 	 56502.054688 	 -94.222427 	 -48.594315 	 -146.962616 	 2.000000 
38786.398438 	 10214.691406 	 55591.792969 	 28.167645 	 -78.558022 	 -181.702866 	 2.000000 
39393.777344 	 10562.664062 	 55018.332031 	 -37.551056 	 -137.943115 	 -137.542755 	 2.000000 
40168.453125 	 11085.884766 	 55416.882812 	 -153.824783 	 -91.127388 	 -104.021751 	 2.000000 
40344.324219 	 9244.675781 	 57236.500000 	 -114.878891 	 -130.329514 	 -107.954933 	 2.000000 
40076.000000 	 9089.884766 	 54176.355469 	 -102.295876 	 -38.230465 	 -34.351131 	 2.000000 
40256.917969 	 9896.797852 	 54222.761719 	 -139.007797 	 33.314384 	 -125.322258 	 2.000000 
38517.996094 	 8603.314453 	 55628.179688 	 -67.773659 	 -75.392937 	 -95.487648 	 2.000000 
38644.785156 	 8419.219727 	 55626.046875 	 -63.466190 	 -79.505211 	 -77.879585 	 2.000000 
38770.226562 	 8798.168945 	 55550.000000 	 -51.942982 	 -50.154766 	 -83.438522 	 2.000000 
38787.335938 	 10630.497070 	 55010.949219 	 41.666904 	 -99.375168 	 -171.630646 	 2.000000 
39550.023438 	 9978.181641 	 55936.050781 	 -49.066498 	 -220.481750 	 -121.539841 	 2.000000 
39054.433594 	 10140.702148 	 55574.488281 	 48.024609 	 -86.202179 	 -187.647675 	 2.000000 
40256.683594 	 8684.159180 	 57092.882812 	 -55.070827 	 -107.838577 	 -141.035812 	 2.000000 
39084.941406 	 11596.773438 	 56229.679688 	 -38.142189 	 -62.956978 	 -188.472824 	 8.000000 
38837.800781 	 11619.184570 	 56393.566406 	 -27.131844 	 -66.581718 	 -178.255096 	 8.000000 
39922.859375 	 10001.646484 	 55161.699219 	 -196.005035 	 -92.565102 	 -108.741745 	 2.000000 
38434.941406 	 10169.376953 	 54195.394531 	 -53.680389 	 -69.519493 	 -39.037960 	 2.000000 
39603.808594 	 10565.770508 	 54516.042969 	 -78.361534 	 -80.171013 	 -71.803474 	 2.000000 
38750.035156 	 10636.741211 	 55045.917969 	 -109.322067 	 -104.614799 	 -51.495358 	 2.000000 
38771.890625 	 10683.807617 	 54983.160156 	 38.904846 	 -90.986023 	 -171.288513 	 2.000000 
38781.125000 	 10457.777344 	 54820.726562 	 19.415398 	 -73.007309 	 -30.335546 	 2.000000 
39169.097656 	 10333.544922 	 55335.902344 	 15.554637 	 -110.981186 	 -192.023254 	 2.000000 
39774.039062 	 8390.969727 	 55100.484375 	 -89.869774 	 -50.427990 	 -68.012299 	 2.000000 
38933.984375 	 8199.250000 	 56203.742188 	 -51.504452 	 -94.131699 	 -95.170937 	 2.000000 
38095.191406 	 9043.399414 	 54948.402344 	 -50.229584 	 -56.683487 	 -83.712051 	 1.000000 
38671.265625 	 8005.580078 	 56037.984375 	 -88.649567 	 -82.695824 	 -80.950310 	 2.000000 
39303.261719 	 9502.866211 	 55979.371094 	 -56.776508 	 33.648758 	 -88.908966 	 2.000000 
39148.976562 	 10230.834961 	 54992.132812 	 2.203614 	 -105.718948 	 -32.445545 	 2.000000 
38824.925781 	 10640.398438 	 55371.441406 	 -58.106342 	 -147.945602 	 -125.725876 	 2.000000 
40739.992188 	 10088.028320 	 56681.507812 	 -140.492249 	 -107.783180 	 -99.413231 	 2.000000 
40765.175781 	 9916.241211 	 56627.117188 	 -147.398605 	 -105.154137 	 -101.026642 	 2.000000 
39880.476562 	 11557.086914 	 56588.304688 	 -121.355362 	 -78.986176 	 -112.120033 	 2.000000 
40031.734375 	 10036.334961 	 54150.828125 	 -146.109177 	 -32.366913 	 -82.419807 	 2.000000 
39003.976562 	 10213.285156 	 55214.281250 	 65.836990 	 -41.783974 	 -83.655319 	 2.000000 
38797.921875 	 10738.536133 	 55100.082031 	 -92.952843 	 -108.409065 	 -50.351227 	 2.000000 
39230.796875 	 10531.914062 	 55137.757812 	 -71.048340 	 -132.187485 	 -117.747154 	 2.000000 
38121.761719 	 9953.448242 	 54566.058594 	 -45.390167 	 -20.666294 	 -84.957359 	 2.000000 
39451.550781 	 8246.281250 	 55475.894531 	 -98.126373 	 -54.533455 	 -73.434135 	 2.000000 
39432.773438 	 7990.525879 	 55468.054688 	 -98.343124 	 -67.761101 	 -73.373001 	 2.000000 
39652.804688 	 9937.430664 	 55417.890625 	 -154.349640 	 -21.248583 	 -53.445683 	 2.000000 
39314.375000 	 9836.091797 	 56004.410156 	 -75.502670 	 -146.109055 	 -129.463242 	 2.000000 
39415.019531 	 10287.195312 	 54969.554688 	 -108.635406 	 -59.624657 	 -49.961456 	 2.000000 
39658.925781 	 9632.819336 	 56197.382812 	 -182.016037 	 -142.844864 	 -200.901932 	 2.000000 
40231.460938 	 8726.647461 	 57133.113281 	 -55.141911 	 -121.285278 	 -151.452087 	 2.000000 
38835.695312 	 10698.552734 	 55707.394531 	 -67.517990 	 -128.363785 	 -119.971916 	 2.000000 
40292.257812 	 11397.026367 	 55339.300781 	 -149.708008 	 -91.225822 	 -113.036926 	 2.000000 
40069.152344 	 9028.815430 	 57162.257812 	 -124.799911 	 -121.542465 	 -119.374924 	 2.000000 
41212.363281 	 9409.303711 	 55175.773438 	 -138.933990 	 -81.913124 	 -113.114403 	 2.000000 
38575.097656 	 11372.129883 	 54810.386719 	 -43.579014 	 -114.887962 	 -63.219994 	 2.000000 
40207.136719 	 9710.768555 	 54229.476562 	 -58.377934 	 29.193991 	 -40.952007 	 2.000000 
38470.300781 	 8430.105469 	 55697.062500 	 -61.695171 	 -86.149437 	 -95.787178 	 2.000000 
39281.144531 	 9814.396484 	 55999.242188 	 -83.939354 	 -161.862289 	 -119.737526 	 2.000000 
38693.429688 	 11525.325195 	 55605.976562 	 -0.008154 	 -57.938034 	 -176.547195 	 2.000000 
38691.636719 	 11080.246094 	 55498.593750 	 0.685165 	 -79.827248 	 -178.741241 	 2.000000 
40131.328125 	 10325.317383 	 57108.246094 	 -101.937042 	 -110.344223 	 -146.592590 	 12.000000 
39084.718750 	 11690.570312 	 55635.652344 	 -54.119781 	 -29.437262 	 -95.448242 	 0.000000 
38575.875000 	 10803.299805 	 54784.460938 	 -0.307892 	 -121.941719 	 -76.455025 	 2.000000 
40973.960938 	 9549.808594 	 54712.496094 	 -152.395630 	 -68.494713 	 -107.008537 	 2.000000 
39824.156250 	 8900.958008 	 56931.226562 	 -97.992744 	 -106.050034 	 -152.023102 	 2.000000 
39969.062500 	 8705.226562 	 54853.738281 	 -135.770065 	 -43.712070 	 -93.371094 	 0.000000 
39783.246094 	 9358.668945 	 54744.140625 	 -121.443336 	 -4.905016 	 -72.358078 	 2.000000 
40228.109375 	 10147.924805 	 54354.445312 	 -52.601700 	 -57.055725 	 -117.194931 	 2.000000 
40272.699219 	 9751.395508 	 54287.289062 	 -82.305481 	 42.827324 	 -54.110100 	 2.000000 
38109.929688 	 8538.746094 	 55149.152344 	 -38.807552 	 -92.055420 	 -110.205109 	 1.000000 
39742.921875 	 9753.711914 	 54961.789062 	 -121.050217 	 -52.638859 	 -54.748001 	 2.000000 
39627.152344 	 8613.841797 	 56910.394531 	 -56.737896 	 -54.571682 	 -86.514221 	 2.000000 
39840.945312 	 9147.235352 	 56870.148438 	 -49.439064 	 -59.411629 	 -147.004349 	 2.000000 
37958.648438 	 10115.748047 	 56234.835938 	 -24.564177 	 -89.367783 	 -148.428268 	 0.000000 
38652.082031 	 11028.436523 	 54882.808594 	 31.183720 	 -93.564796 	 -167.175339 	 2.000000 
39839.359375 	 9070.473633 	 56165.132812 	 -118.017899 	 -73.503693 	 -170.228012 	 2.000000 
39485.222656 	 9795.972656 	 55313.585938 	 -168.614960 	 -73.766670 	 -24.880543 	 2.000000 
39653.253906 	 9161.207031 	 56814.839844 	 -101.116295 	 -76.883362 	 -166.092468 	 2.000000 
38999.253906 	 10186.372070 	 55145.234375 	 48.680191 	 -47.187588 	 -81.114296 	 2.000000 
39046.468750 	 10434.575195 	 55514.167969 	 -50.325333 	 -53.198528 	 -100.360786 	 2.000000 
39752.917969 	 9459.793945 	 55177.496094 	 -147.670029 	 21.702707 	 -123.302116 	 2.000000 
40340.234375 	 9155.503906 	 54115.156250 	 -126.346092 	 -39.761433 	 -50.273109 	 2.000000 
38572.078125 	 8661.200195 	 55536.871094 	 -79.114174 	 -57.585594 	 -52.681892 	 2.000000 
38167.484375 	 10211.932617 	 54771.570312 	 -24.841080 	 -24.211809 	 -73.584351 	 2.000000 
37969.769531 	 9723.608398 	 54804.835938 	 -55.086483 	 -30.397783 	 -75.468544 	 2.000000 
38867.015625 	 8626.542969 	 55883.902344 	 -70.077499 	 -51.745110 	 -79.395470 	 2.000000 
39525.722656 	 9080.540039 	 55697.246094 	 -75.911118 	 -6.227210 	 -70.686989 	 2.000000 
39476.980469 	 10201.476562 	 55932.773438 	 -143.396912 	 -161.397278 	 -228.526184 	 2.000000 
39637.156250 	 9985.071289 	 55461.203125 	 -71.643753 	 -2.905115 	 -72.141533 	 2.000000 
38780.609375 	 10144.301758 	 57119.082031 	 -34.360233 	 -100.098190 	 -152.471680 	 0.000000 
38125.203125 	 10137.866211 	 57297.640625 	 -40.356152 	 -97.223991 	 -140.477859 	 9.000000 
39115.859375 	 10999.482422 	 54875.156250 	 -53.907368 	 -113.781776 	 -144.103699 	 2.000000 
40284.093750 	 8787.374023 	 57016.082031 	 -60.108559 	 -107.701538 	 -147.765366 	 2.000000 
40241.281250 	 8564.808594 	 57304.320312 	 -48.673389 	 -123.472946 	 -139.391586 	 2.000000 
38917.917969 	 10381.613281 	 55745.429688 	 -54.690441 	 -157.501099 	 -137.123016 	 2.000000 
39929.339844 	 10861.247070 	 55576.996094 	 -157.696228 	 -111.482170 	 -118.682152 	 2.000000 
40036.746094 	 9589.879883 	 54241.722656 	 -80.553291 	 12.016896 	 -83.592636 	 2.000000 
