71845.593750 	 48109.648438 	 28336.248047 	 185.952667 	 -5.812794 	 123.169388 	 1.000000 
72121.132812 	 48091.593750 	 28166.972656 	 -27.874018 	 41.234936 	 146.932892 	 1.000000 
71992.945312 	 48023.226562 	 28482.435547 	 307.910431 	 107.061485 	 244.231537 	 1.000000 
71742.828125 	 48303.218750 	 28373.939453 	 215.981216 	 6.126152 	 144.595642 	 1.000000 
71710.703125 	 48232.566406 	 28336.820312 	 335.096619 	 -253.606857 	 95.892433 	 1.000000 
71992.757812 	 47954.332031 	 28173.984375 	 120.332062 	 -6.991510 	 -33.771961 	 1.000000 
72119.945312 	 47964.566406 	 28566.060547 	 285.243317 	 -9.865432 	 3.275529 	 1.000000 
71888.023438 	 48191.925781 	 28117.119141 	 17.677176 	 50.509506 	 218.024475 	 1.000000 
71635.531250 	 48135.179688 	 28125.589844 	 213.308533 	 -48.542381 	 117.984718 	 1.000000 
71690.156250 	 48001.425781 	 28044.468750 	 209.166138 	 -82.597351 	 160.016006 	 1.000000 
71904.179688 	 48175.496094 	 28038.326172 	 419.992004 	 -11.740274 	 141.365906 	 1.000000 
71735.289062 	 48034.414062 	 28585.500000 	 178.216782 	 -116.989395 	 226.054520 	 1.000000 
71685.218750 	 48129.894531 	 28410.119141 	 180.274872 	 120.848213 	 31.807541 	 1.000000 
72126.054688 	 48124.679688 	 28438.707031 	 276.758148 	 68.317154 	 191.854691 	 1.000000 
71930.695312 	 48048.460938 	 28210.050781 	 234.963943 	 -228.206009 	 99.758766 	 1.000000 
71771.492188 	 47994.214844 	 28615.314453 	 210.364868 	 -6.779115 	 -31.074995 	 1.000000 
71869.773438 	 48113.246094 	 28320.281250 	 -164.173691 	 127.826492 	 88.037003 	 1.000000 
71683.429688 	 48176.992188 	 28369.498047 	 365.232086 	 -11.238475 	 9.648226 	 1.000000 
71745.687500 	 48039.816406 	 28166.371094 	 224.827698 	 -1.405996 	 286.427826 	 1.000000 
72086.703125 	 48004.187500 	 28542.054688 	 214.568146 	 62.275574 	 105.174995 	 1.000000 
71846.164062 	 48058.695312 	 28358.820312 	 237.384293 	 239.118561 	 -106.893730 	 1.000000 
71777.632812 	 48076.082031 	 28416.699219 	 290.362762 	 173.166840 	 89.311295 	 1.000000 
72455.984375 	 46658.246094 	 28445.765625 	 150.179611 	 27.641567 	 110.598557 	 5.000000 
72698.890625 	 46686.480469 	 28404.398438 	 -0.713507 	 -49.059139 	 207.535599 	 5.000000 
72365.625000 	 46645.972656 	 28427.322266 	 18.554764 	 36.672703 	 285.082336 	 5.000000 
72624.210938 	 46557.070312 	 28312.376953 	 202.798004 	 100.279449 	 133.138092 	 5.000000 
72506.726562 	 46722.484375 	 28652.349609 	 280.321716 	 -37.378143 	 56.352554 	 5.000000 
72579.484375 	 46563.828125 	 28368.505859 	 141.006638 	 174.678986 	 183.677475 	 5.000000 
72614.773438 	 46678.671875 	 28480.642578 	 81.418266 	 -93.141563 	 108.628883 	 5.000000 
72379.945312 	 46681.550781 	 28557.630859 	 90.272858 	 -50.345417 	 212.053757 	 5.000000 
72420.054688 	 46797.328125 	 28415.875000 	 144.873276 	 22.406681 	 214.696442 	 5.000000 
72487.960938 	 46699.078125 	 28402.947266 	 135.578537 	 230.422165 	 222.452347 	 5.000000 
72391.671875 	 46716.437500 	 28384.277344 	 180.522171 	 -86.387566 	 56.741478 	 5.000000 
72452.578125 	 46569.914062 	 28494.644531 	 185.209183 	 -18.530354 	 -38.449539 	 5.000000 
72368.531250 	 46848.003906 	 28523.351562 	 194.822327 	 28.089659 	 147.653809 	 5.000000 
72285.554688 	 48433.484375 	 28726.458984 	 43.205753 	 -71.821175 	 52.745441 	 1.000000 
72448.734375 	 48412.156250 	 28809.859375 	 -11.442173 	 -187.121292 	 -11.017241 	 1.000000 
72231.890625 	 48330.468750 	 28739.021484 	 -114.928574 	 -94.222115 	 95.503059 	 1.000000 
72269.445312 	 48511.269531 	 28921.625000 	 -68.027138 	 -10.286858 	 39.895844 	 1.000000 
72234.460938 	 48322.808594 	 28568.222656 	 14.949502 	 -112.956039 	 173.650604 	 1.000000 
72360.804688 	 48409.679688 	 28781.423828 	 -7.352482 	 -34.020214 	 -126.944809 	 1.000000 
73099.664062 	 46746.417969 	 28878.511719 	 69.647476 	 -7.998377 	 31.710384 	 0.000000 
72383.031250 	 47661.343750 	 28499.939453 	 38.025112 	 22.399004 	 17.979994 	 1.000000 
72391.375000 	 47669.417969 	 28489.650391 	 -7.948074 	 -60.763195 	 66.497223 	 1.000000 
71111.257812 	 46823.695312 	 28026.894531 	 215.383789 	 28.428364 	 122.941620 	 2.000000 
71101.023438 	 46821.988281 	 28056.669922 	 173.309357 	 16.944002 	 128.478088 	 2.000000 
71054.273438 	 46868.269531 	 28105.402344 	 235.651520 	 47.744274 	 132.816208 	 2.000000 
72019.460938 	 49821.308594 	 28913.121094 	 115.231209 	 -12.300339 	 101.365311 	 0.000000 
72677.562500 	 47731.472656 	 28254.656250 	 69.511749 	 21.127628 	 68.667320 	 6.000000 
72711.273438 	 47720.132812 	 28247.320312 	 87.940865 	 31.615843 	 27.356899 	 6.000000 
71643.875000 	 47593.179688 	 28116.759766 	 237.105759 	 105.812584 	 170.270721 	 3.000000 
71616.023438 	 47597.320312 	 28035.609375 	 216.103745 	 135.129028 	 207.107300 	 3.000000 
72764.054688 	 47163.351562 	 28787.763672 	 57.359634 	 -23.567789 	 20.602903 	 0.000000 
71184.898438 	 47945.746094 	 28319.316406 	 289.495026 	 44.549675 	 176.426956 	 0.000000 
72278.750000 	 46598.292969 	 27948.281250 	 233.173843 	 54.357864 	 161.287689 	 4.000000 
73435.523438 	 46929.640625 	 28846.136719 	 118.875549 	 -35.322166 	 -39.643959 	 0.000000 
71904.312500 	 49804.066406 	 29727.775391 	 192.321320 	 21.704342 	 -19.619694 	 0.000000 
72196.156250 	 48318.148438 	 29027.677734 	 78.762238 	 19.208761 	 141.262177 	 1.000000 
71735.773438 	 49019.898438 	 28779.375000 	 201.173813 	 -28.252907 	 -52.909611 	 0.000000 
72446.125000 	 47302.390625 	 28461.025391 	 85.552681 	 27.052849 	 64.382828 	 1.000000 
70141.242188 	 48971.488281 	 28140.996094 	 123.047089 	 5.590261 	 184.580582 	 8.000000 
70895.226562 	 48641.421875 	 28558.380859 	 199.048355 	 -54.834534 	 158.845261 	 0.000000 
72340.906250 	 48348.460938 	 28485.210938 	 61.490234 	 -5.302035 	 79.073357 	 1.000000 
70980.445312 	 49923.125000 	 28453.851562 	 170.876190 	 -1.122307 	 111.329315 	 0.000000 
70628.929688 	 48976.964844 	 28087.410156 	 171.511536 	 10.889671 	 164.566406 	 8.000000 
71368.328125 	 49053.550781 	 28104.876953 	 151.212631 	 -86.863190 	 117.915733 	 7.000000 
72207.445312 	 47667.410156 	 28856.621094 	 55.394222 	 -1.797401 	 58.402836 	 1.000000 
71308.789062 	 49157.167969 	 28428.753906 	 167.803085 	 -78.603638 	 95.514153 	 7.000000 
70713.890625 	 48103.207031 	 28120.689453 	 232.027100 	 22.223585 	 184.491577 	 0.000000 
72252.578125 	 48778.414062 	 28884.990234 	 80.075737 	 -134.423355 	 -3.889961 	 1.000000 
71427.054688 	 49006.511719 	 28484.308594 	 188.135849 	 -78.159714 	 121.234406 	 7.000000 
72064.804688 	 47741.433594 	 28724.933594 	 92.731415 	 70.332664 	 37.892593 	 1.000000 
72913.468750 	 49320.187500 	 29029.789062 	 66.798645 	 -3.979602 	 35.386436 	 0.000000 
72134.359375 	 47700.066406 	 28467.908203 	 166.661697 	 12.338863 	 214.591644 	 1.000000 
72504.507812 	 48833.328125 	 28755.111328 	 51.891003 	 -47.473583 	 -5.499455 	 1.000000 
72907.476562 	 47655.945312 	 28146.703125 	 89.402016 	 51.533352 	 5.024581 	 6.000000 
71577.515625 	 48862.867188 	 28276.378906 	 212.729736 	 -71.396568 	 -18.147940 	 7.000000 
73343.773438 	 47029.234375 	 28161.992188 	 60.398216 	 -69.736000 	 175.290924 	 0.000000 
70417.117188 	 49114.968750 	 27994.419922 	 148.112381 	 12.031131 	 171.482269 	 8.000000 
71304.710938 	 48236.863281 	 28035.835938 	 222.738190 	 22.979939 	 85.492233 	 1.000000 
72341.078125 	 48763.855469 	 28621.712891 	 4.499217 	 -139.907379 	 44.866436 	 1.000000 
71947.007812 	 48045.175781 	 28652.406250 	 287.405396 	 -24.181547 	 10.216455 	 1.000000 
70067.718750 	 48417.832031 	 28291.029297 	 194.413223 	 13.437051 	 23.382948 	 0.000000 
70517.367188 	 49658.109375 	 28400.498047 	 165.577408 	 -1.790979 	 122.276131 	 0.000000 
72304.953125 	 46485.949219 	 28037.232422 	 187.724457 	 48.085152 	 149.127655 	 4.000000 
71468.031250 	 48553.410156 	 28498.675781 	 260.100311 	 -113.412323 	 134.460449 	 0.000000 
71650.828125 	 48395.355469 	 28148.425781 	 104.477196 	 -49.804329 	 82.407471 	 1.000000 
71505.250000 	 48066.636719 	 28525.757812 	 253.014008 	 -49.585983 	 42.870735 	 1.000000 
