66413.984375 	 21779.453125 	 72193.765625 	 185.455658 	 127.418350 	 177.833374 	 2.000000 
66430.601562 	 21773.664062 	 72182.515625 	 130.740036 	 106.676659 	 208.769989 	 2.000000 
66498.703125 	 21790.902344 	 72106.429688 	 136.727173 	 36.900894 	 220.409424 	 2.000000 
66232.109375 	 21478.734375 	 72164.054688 	 218.995560 	 274.984802 	 96.700600 	 2.000000 
66471.484375 	 21846.837891 	 72222.554688 	 247.478729 	 -44.617519 	 121.522575 	 2.000000 
66384.890625 	 21859.535156 	 72343.156250 	 46.400372 	 108.127014 	 267.428497 	 2.000000 
66537.046875 	 21677.148438 	 71961.046875 	 221.462875 	 115.132050 	 89.005524 	 2.000000 
66346.156250 	 21913.814453 	 72312.453125 	 45.569443 	 122.057175 	 275.828461 	 2.000000 
66526.390625 	 21776.734375 	 72185.531250 	 233.365891 	 42.941017 	 381.266083 	 2.000000 
66613.062500 	 21742.994141 	 72079.804688 	 307.066315 	 104.647797 	 100.563080 	 2.000000 
66237.234375 	 21861.554688 	 72363.812500 	 239.290466 	 216.553482 	 155.462494 	 2.000000 
66396.515625 	 21948.771484 	 72201.054688 	 60.862644 	 130.412277 	 100.739685 	 2.000000 
66400.687500 	 21638.015625 	 72207.328125 	 254.151962 	 125.079582 	 266.922974 	 2.000000 
66362.835938 	 21706.076172 	 72108.406250 	 178.358276 	 189.056412 	 324.813354 	 2.000000 
66490.187500 	 21744.880859 	 72321.656250 	 91.780540 	 -0.891004 	 196.335373 	 2.000000 
66489.335938 	 21738.935547 	 71937.257812 	 210.451782 	 60.678070 	 176.461014 	 2.000000 
66583.343750 	 21830.539062 	 72122.289062 	 215.049133 	 254.225677 	 251.990631 	 2.000000 
66387.093750 	 21867.312500 	 72208.734375 	 358.857666 	 135.614746 	 318.091125 	 2.000000 
66424.281250 	 21691.091797 	 72181.273438 	 260.774445 	 211.619415 	 65.445297 	 2.000000 
66428.703125 	 21848.224609 	 72195.023438 	 -105.426941 	 157.300964 	 198.771011 	 2.000000 
66527.765625 	 21790.701172 	 72048.085938 	 192.099869 	 23.343838 	 156.367676 	 2.000000 
66425.343750 	 21696.580078 	 71961.062500 	 15.026236 	 195.896820 	 181.026123 	 2.000000 
66337.531250 	 21725.521484 	 71966.523438 	 337.642822 	 85.443512 	 191.643768 	 2.000000 
66365.375000 	 21844.152344 	 72130.601562 	 297.789551 	 151.415848 	 -35.208916 	 2.000000 
66406.203125 	 21838.017578 	 72133.492188 	 167.652115 	 21.950808 	 156.076874 	 2.000000 
66384.968750 	 21797.033203 	 72142.453125 	 261.074188 	 426.480621 	 139.173706 	 2.000000 
66447.476562 	 21544.216797 	 72028.492188 	 93.527214 	 164.446747 	 301.535828 	 2.000000 
66429.617188 	 21613.162109 	 72081.445312 	 129.273743 	 40.667633 	 126.324951 	 2.000000 
66536.007812 	 21699.632812 	 72181.828125 	 255.257950 	 204.940170 	 82.630180 	 2.000000 
66325.078125 	 21752.138672 	 72205.281250 	 169.819672 	 170.053345 	 430.564087 	 2.000000 
66393.601562 	 21766.269531 	 72102.265625 	 138.053131 	 402.200043 	 186.425278 	 2.000000 
66362.164062 	 22009.177734 	 72286.789062 	 176.726059 	 152.037033 	 244.629868 	 2.000000 
66549.875000 	 21946.199219 	 72275.250000 	 227.100677 	 234.044022 	 305.879120 	 2.000000 
66448.429688 	 21515.906250 	 72117.632812 	 274.318451 	 15.014987 	 198.238281 	 2.000000 
66289.203125 	 21659.222656 	 72135.343750 	 267.499634 	 306.542816 	 109.257256 	 2.000000 
66508.937500 	 21719.287109 	 72233.242188 	 274.266113 	 52.789410 	 295.428345 	 2.000000 
66403.937500 	 21791.548828 	 72214.648438 	 390.589203 	 47.689079 	 357.555664 	 2.000000 
66276.109375 	 21774.541016 	 72064.664062 	 186.142303 	 171.708588 	 162.341629 	 2.000000 
66358.140625 	 21913.677734 	 72177.929688 	 187.809036 	 37.828041 	 181.230225 	 2.000000 
66411.031250 	 21838.783203 	 72067.578125 	 104.538292 	 78.179344 	 16.668514 	 2.000000 
66401.257812 	 21549.632812 	 72173.078125 	 253.267853 	 142.868546 	 35.192375 	 2.000000 
66381.773438 	 21770.054688 	 72134.789062 	 253.365509 	 421.483215 	 107.632797 	 2.000000 
66483.789062 	 21744.199219 	 72168.804688 	 237.095444 	 256.674103 	 36.633316 	 2.000000 
66493.421875 	 21899.080078 	 72174.078125 	 261.437439 	 263.371399 	 228.737747 	 2.000000 
66400.664062 	 21597.185547 	 72083.757812 	 76.831116 	 85.921173 	 73.233131 	 2.000000 
66368.835938 	 21704.960938 	 71968.437500 	 25.812326 	 199.904388 	 208.943878 	 2.000000 
66257.945312 	 21511.988281 	 72147.812500 	 212.838089 	 291.608490 	 121.833374 	 2.000000 
66417.562500 	 21881.187500 	 72200.601562 	 366.907379 	 94.982315 	 294.783691 	 2.000000 
66409.062500 	 21983.341797 	 72235.484375 	 271.644897 	 77.413765 	 85.240845 	 2.000000 
66267.359375 	 21629.591797 	 72093.554688 	 256.416077 	 293.392700 	 138.445541 	 2.000000 
66497.945312 	 21729.398438 	 71952.210938 	 79.767242 	 270.150818 	 194.147430 	 2.000000 
66405.460938 	 21582.076172 	 72149.351562 	 172.000504 	 -10.191216 	 125.563744 	 2.000000 
66510.304688 	 22008.150391 	 72139.851562 	 146.777771 	 -25.215330 	 279.138336 	 2.000000 
66392.414062 	 21875.238281 	 72306.515625 	 292.602234 	 232.586212 	 129.664948 	 2.000000 
66400.421875 	 21658.972656 	 72087.976562 	 56.915432 	 85.605461 	 74.546120 	 2.000000 
66472.265625 	 21875.257812 	 72329.140625 	 51.406399 	 79.043243 	 276.327148 	 2.000000 
66573.867188 	 21756.351562 	 72115.851562 	 178.405853 	 307.021606 	 293.792236 	 2.000000 
66390.296875 	 21701.144531 	 72103.148438 	 304.626617 	 351.736847 	 152.780350 	 2.000000 
66348.757812 	 21966.708984 	 72296.929688 	 49.882023 	 204.987808 	 304.931610 	 2.000000 
66335.351562 	 21838.173828 	 72366.937500 	 261.097900 	 214.411896 	 24.447912 	 2.000000 
66460.351562 	 21895.068359 	 72188.632812 	 119.096504 	 137.479904 	 39.404888 	 2.000000 
66323.164062 	 21710.794922 	 72288.304688 	 97.284050 	 263.297424 	 122.756981 	 2.000000 
66389.976562 	 21726.900391 	 72077.148438 	 160.009232 	 151.523239 	 342.247345 	 2.000000 
66384.656250 	 21665.175781 	 72104.312500 	 293.864410 	 339.793365 	 138.581955 	 2.000000 
66387.570312 	 21737.708984 	 71998.171875 	 199.179062 	 241.980011 	 237.089767 	 2.000000 
66577.835938 	 21714.705078 	 72096.070312 	 211.497757 	 296.688782 	 284.821228 	 2.000000 
66350.601562 	 21775.279297 	 72043.875000 	 364.685364 	 130.064651 	 207.755646 	 2.000000 
65957.210938 	 21764.929688 	 73198.062500 	 159.434174 	 194.323624 	 61.465721 	 2.000000 
65815.359375 	 21799.953125 	 73028.226562 	 152.859833 	 128.959183 	 160.048798 	 2.000000 
66064.664062 	 21672.621094 	 73151.312500 	 133.513321 	 163.202179 	 101.292282 	 2.000000 
65951.515625 	 21768.951172 	 73202.882812 	 220.185364 	 135.947998 	 160.187576 	 2.000000 
65951.015625 	 21771.519531 	 73197.968750 	 125.049721 	 240.837326 	 166.410278 	 2.000000 
65933.765625 	 21803.896484 	 73220.554688 	 291.735443 	 295.748230 	 24.269087 	 2.000000 
65842.390625 	 21714.125000 	 73210.523438 	 52.824852 	 181.808350 	 192.635544 	 2.000000 
65977.203125 	 21716.074219 	 73198.414062 	 68.043518 	 342.393250 	 -41.939823 	 2.000000 
66098.390625 	 21834.425781 	 73140.109375 	 24.414606 	 104.249496 	 29.362944 	 2.000000 
65879.507812 	 21814.525391 	 73157.062500 	 224.566437 	 294.484436 	 -1.222936 	 2.000000 
65845.007812 	 21734.921875 	 73366.390625 	 251.974121 	 208.206863 	 137.764206 	 2.000000 
65955.312500 	 21826.636719 	 73142.070312 	 -4.767721 	 232.086761 	 2.334871 	 2.000000 
65844.812500 	 21798.896484 	 73118.023438 	 167.349854 	 139.720184 	 107.175720 	 2.000000 
65907.250000 	 21747.455078 	 73198.421875 	 262.815735 	 371.303802 	 -25.533970 	 2.000000 
65861.257812 	 21897.757812 	 72953.882812 	 155.169556 	 213.775711 	 28.359135 	 2.000000 
65973.132812 	 21771.882812 	 73159.804688 	 68.667900 	 261.797180 	 -78.440788 	 2.000000 
65824.242188 	 21811.050781 	 72975.984375 	 165.060089 	 331.718964 	 34.475002 	 2.000000 
65754.140625 	 21859.021484 	 73036.453125 	 172.015869 	 201.594559 	 198.096878 	 2.000000 
65727.671875 	 21840.666016 	 73018.968750 	 179.160522 	 155.704178 	 96.772408 	 2.000000 
65929.421875 	 21848.986328 	 73188.726562 	 203.461533 	 298.497070 	 -2.013808 	 2.000000 
65832.078125 	 21750.595703 	 73169.906250 	 49.474365 	 165.881454 	 88.178978 	 2.000000 
65903.390625 	 21820.429688 	 73309.539062 	 99.798294 	 64.343475 	 101.739304 	 2.000000 
65790.750000 	 21737.527344 	 73084.312500 	 172.102646 	 217.340759 	 154.067810 	 2.000000 
67100.101562 	 21449.787109 	 72488.304688 	 84.029091 	 138.293152 	 55.243687 	 2.000000 
67185.882812 	 21353.763672 	 72313.781250 	 31.288420 	 149.064835 	 32.125484 	 2.000000 
67005.671875 	 21501.388672 	 72596.500000 	 12.420003 	 67.130211 	 100.621521 	 2.000000 
67173.531250 	 21572.058594 	 72492.265625 	 52.674923 	 152.705597 	 82.542793 	 2.000000 
67062.335938 	 21484.324219 	 72493.781250 	 67.510109 	 318.277313 	 71.416672 	 2.000000 
67221.562500 	 21474.318359 	 72463.390625 	 170.875397 	 215.401764 	 104.562523 	 2.000000 
67084.648438 	 21402.562500 	 72563.226562 	 113.890106 	 231.028793 	 -91.156891 	 2.000000 
67135.679688 	 21462.955078 	 72487.171875 	 199.387726 	 288.221558 	 -9.282711 	 2.000000 
67058.218750 	 21449.554688 	 72508.867188 	 -55.253658 	 -9.019878 	 -6.775177 	 2.000000 
67047.796875 	 21356.068359 	 72395.328125 	 51.692528 	 114.098419 	 -36.644028 	 2.000000 
67062.265625 	 21435.548828 	 72494.562500 	 126.862411 	 -28.591089 	 -17.124681 	 2.000000 
67094.289062 	 21581.136719 	 72526.156250 	 -14.601781 	 143.452286 	 152.224091 	 2.000000 
67117.828125 	 21459.500000 	 72535.718750 	 199.352753 	 51.869160 	 -97.940193 	 2.000000 
67009.460938 	 21558.916016 	 72537.734375 	 146.186172 	 73.110168 	 -11.978834 	 2.000000 
67114.796875 	 21405.748047 	 72529.843750 	 243.819214 	 61.230377 	 -25.324558 	 2.000000 
67152.281250 	 21628.394531 	 72488.742188 	 67.119797 	 11.888899 	 109.751228 	 2.000000 
67068.671875 	 21430.166016 	 72544.820312 	 116.947998 	 273.361389 	 -40.409355 	 2.000000 
67199.585938 	 21320.986328 	 72409.843750 	 81.019661 	 110.757454 	 -25.837790 	 2.000000 
67827.093750 	 20639.109375 	 71812.171875 	 114.437592 	 138.962128 	 54.126225 	 2.000000 
67758.468750 	 20518.779297 	 71899.257812 	 189.450394 	 228.421570 	 35.147110 	 2.000000 
67718.882812 	 20569.349609 	 71824.164062 	 182.417709 	 266.307648 	 -6.309134 	 2.000000 
67858.875000 	 20480.951172 	 71827.023438 	 146.143097 	 245.482666 	 31.804619 	 2.000000 
67966.007812 	 20671.515625 	 71774.234375 	 68.100250 	 203.218109 	 108.527718 	 2.000000 
67723.992188 	 20552.371094 	 71790.632812 	 187.693130 	 112.322182 	 44.661259 	 2.000000 
67773.796875 	 20590.636719 	 71729.406250 	 172.991364 	 184.031036 	 115.247627 	 2.000000 
67933.265625 	 20627.664062 	 71734.484375 	 78.814323 	 71.623634 	 38.893082 	 2.000000 
67969.843750 	 20685.898438 	 71714.929688 	 121.146317 	 100.716316 	 154.797379 	 2.000000 
67776.531250 	 20709.113281 	 71895.609375 	 31.244513 	 81.092628 	 42.741592 	 2.000000 
67728.070312 	 20655.365234 	 71922.437500 	 72.402519 	 87.048210 	 7.933370 	 2.000000 
67700.492188 	 20523.599609 	 71818.625000 	 155.779617 	 215.291321 	 96.798256 	 2.000000 
67795.046875 	 20691.412109 	 71873.234375 	 155.416870 	 71.972794 	 120.941650 	 2.000000 
67847.359375 	 20688.386719 	 71786.117188 	 262.819122 	 68.954971 	 43.116306 	 2.000000 
67676.398438 	 20625.503906 	 71846.054688 	 118.188927 	 77.059814 	 10.517679 	 2.000000 
67850.914062 	 20678.728516 	 71838.429688 	 257.769958 	 143.826813 	 97.954552 	 2.000000 
67867.093750 	 20608.263672 	 71805.890625 	 141.887894 	 322.351501 	 89.055687 	 2.000000 
67860.851562 	 20558.611328 	 71789.250000 	 187.476013 	 171.483307 	 -14.565968 	 2.000000 
65664.656250 	 22636.800781 	 72976.664062 	 178.448013 	 126.209023 	 101.040611 	 2.000000 
65770.187500 	 22499.488281 	 72879.031250 	 151.351501 	 157.092148 	 95.285660 	 2.000000 
65783.281250 	 22455.087891 	 72871.523438 	 129.816025 	 223.801392 	 119.857216 	 2.000000 
65838.578125 	 22438.343750 	 73043.109375 	 258.114410 	 168.254044 	 182.757629 	 2.000000 
65760.359375 	 22490.302734 	 72894.312500 	 193.039368 	 119.876801 	 55.393665 	 2.000000 
65659.429688 	 22587.718750 	 73104.328125 	 213.000717 	 143.627121 	 219.629364 	 2.000000 
65836.406250 	 22530.683594 	 73061.062500 	 215.965332 	 114.819359 	 230.403275 	 2.000000 
65818.414062 	 22563.689453 	 73059.875000 	 170.790771 	 172.744919 	 53.671444 	 2.000000 
65663.867188 	 22629.441406 	 73099.820312 	 105.337776 	 79.577705 	 95.956055 	 2.000000 
65710.281250 	 22529.820312 	 72942.484375 	 188.954071 	 157.462753 	 21.779243 	 2.000000 
65668.375000 	 22481.847656 	 72904.835938 	 255.916824 	 139.375504 	 121.443466 	 2.000000 
65749.859375 	 22582.792969 	 72971.968750 	 134.027115 	 126.543701 	 104.038292 	 2.000000 
65820.984375 	 22469.462891 	 72862.171875 	 189.436279 	 203.542099 	 143.579895 	 2.000000 
65709.484375 	 22472.628906 	 72920.226562 	 179.335251 	 245.872559 	 64.640289 	 2.000000 
65807.820312 	 22450.246094 	 72911.742188 	 217.143234 	 200.978485 	 140.600632 	 2.000000 
65637.570312 	 22598.189453 	 72939.492188 	 181.822571 	 76.302422 	 202.958527 	 2.000000 
65728.750000 	 22469.951172 	 72908.492188 	 163.300949 	 145.854233 	 40.934879 	 2.000000 
65671.343750 	 22533.619141 	 73023.890625 	 118.033752 	 122.499336 	 128.536224 	 2.000000 
65842.835938 	 22530.361328 	 72894.882812 	 226.480438 	 105.002151 	 253.374725 	 2.000000 
65686.343750 	 22603.166016 	 73098.421875 	 117.681976 	 95.106972 	 57.610641 	 2.000000 
65635.039062 	 22643.222656 	 72941.453125 	 249.976807 	 66.496826 	 136.179932 	 2.000000 
65740.242188 	 22569.162109 	 72947.414062 	 214.578629 	 223.807648 	 62.084766 	 2.000000 
65829.437500 	 22438.291016 	 73037.429688 	 186.025406 	 123.147575 	 242.449341 	 2.000000 
65818.226562 	 22498.123047 	 72927.640625 	 207.995682 	 118.295357 	 64.960915 	 2.000000 
65856.046875 	 22510.042969 	 72873.710938 	 90.416275 	 115.657486 	 91.909203 	 2.000000 
65720.476562 	 22547.414062 	 72968.726562 	 172.194107 	 186.442535 	 25.947392 	 2.000000 
65838.726562 	 21127.789062 	 73837.343750 	 104.721275 	 203.320755 	 49.702629 	 2.000000 
65767.968750 	 21156.453125 	 73879.484375 	 233.495911 	 191.213882 	 72.068916 	 2.000000 
65857.953125 	 21141.291016 	 73845.976562 	 93.228722 	 214.057236 	 78.356491 	 2.000000 
65790.554688 	 21110.689453 	 73756.445312 	 57.405006 	 195.484482 	 34.634026 	 2.000000 
65795.640625 	 21150.828125 	 73820.328125 	 130.628784 	 270.412720 	 70.968086 	 2.000000 
65806.812500 	 21116.894531 	 73877.859375 	 101.766502 	 277.483826 	 -4.581833 	 2.000000 
65789.773438 	 21050.996094 	 73810.632812 	 114.598518 	 242.191208 	 84.280594 	 2.000000 
65833.718750 	 21145.566406 	 73737.906250 	 81.916130 	 231.782196 	 76.460564 	 2.000000 
68027.929688 	 20260.523438 	 71507.398438 	 188.729645 	 173.413696 	 21.449989 	 2.000000 
67907.164062 	 20188.492188 	 71396.023438 	 74.351555 	 193.581543 	 95.579102 	 2.000000 
68041.460938 	 20232.710938 	 71520.867188 	 151.183411 	 162.772369 	 29.546049 	 2.000000 
67490.210938 	 21488.980469 	 71745.453125 	 136.727615 	 89.339508 	 185.304474 	 2.000000 
67516.429688 	 21515.369141 	 71785.960938 	 130.783478 	 141.413101 	 147.360077 	 2.000000 
67472.242188 	 21477.720703 	 71736.343750 	 76.800621 	 117.799332 	 102.305763 	 2.000000 
67659.664062 	 21617.171875 	 74156.460938 	 84.380867 	 156.567856 	 51.496346 	 2.000000 
67657.000000 	 21602.873047 	 74079.414062 	 98.809372 	 145.441330 	 40.372162 	 2.000000 
67687.632812 	 21610.388672 	 74210.382812 	 32.814194 	 184.195892 	 20.650621 	 2.000000 
66979.851562 	 21604.201172 	 71539.375000 	 107.208176 	 116.646118 	 173.773117 	 2.000000 
67026.585938 	 21563.074219 	 71488.898438 	 123.883041 	 84.417694 	 199.002960 	 2.000000 
66954.945312 	 21593.767578 	 71505.742188 	 60.387180 	 138.824326 	 152.086716 	 2.000000 
65803.960938 	 21280.623047 	 73583.554688 	 145.423019 	 201.166748 	 71.607979 	 2.000000 
65773.515625 	 21282.275391 	 73526.164062 	 123.862625 	 237.878860 	 104.470894 	 2.000000 
65786.781250 	 21291.089844 	 73585.937500 	 163.808380 	 230.549408 	 16.609358 	 2.000000 
65794.343750 	 21224.158203 	 73589.890625 	 143.908844 	 214.702988 	 56.233952 	 2.000000 
65839.062500 	 21267.058594 	 73622.710938 	 225.262009 	 261.180023 	 122.961243 	 2.000000 
67753.195312 	 21519.568359 	 73638.242188 	 53.268677 	 145.382797 	 53.136108 	 2.000000 
67744.750000 	 21535.882812 	 73645.437500 	 84.887566 	 176.916885 	 10.235194 	 2.000000 
67744.273438 	 21491.191406 	 73610.406250 	 17.884184 	 132.939667 	 65.588364 	 2.000000 
67728.976562 	 21539.212891 	 73700.296875 	 60.376545 	 152.813202 	 74.309746 	 2.000000 
67931.078125 	 22094.845703 	 71388.601562 	 176.181839 	 62.307285 	 142.943756 	 2.000000 
67908.960938 	 22112.876953 	 71381.789062 	 160.371674 	 80.857079 	 192.080185 	 2.000000 
67953.843750 	 22089.119141 	 71366.835938 	 125.006081 	 99.024208 	 122.620132 	 2.000000 
67942.234375 	 22079.082031 	 71346.039062 	 143.331009 	 90.977921 	 116.592140 	 2.000000 
66480.523438 	 23609.232422 	 72435.687500 	 121.210922 	 115.495888 	 195.997635 	 2.000000 
66113.203125 	 20966.828125 	 71740.570312 	 223.762375 	 195.943314 	 115.870033 	 2.000000 
66129.968750 	 20925.105469 	 71735.054688 	 256.305084 	 222.436920 	 119.551971 	 2.000000 
66118.312500 	 20950.406250 	 71762.718750 	 215.359665 	 164.848099 	 127.137169 	 2.000000 
65887.398438 	 22378.115234 	 72613.703125 	 197.770828 	 112.018433 	 171.677368 	 2.000000 
65872.093750 	 22402.878906 	 72653.289062 	 214.585968 	 104.061996 	 193.354599 	 2.000000 
67998.976562 	 20354.824219 	 71956.210938 	 67.530411 	 179.066727 	 -6.397394 	 2.000000 
67110.296875 	 21103.386719 	 73126.421875 	 81.097168 	 190.641815 	 22.912596 	 2.000000 
67129.953125 	 21165.171875 	 73128.687500 	 58.732025 	 146.636551 	 21.330803 	 2.000000 
66524.250000 	 21343.607422 	 71664.843750 	 212.126175 	 193.113266 	 205.736465 	 2.000000 
66533.742188 	 21344.291016 	 71679.695312 	 199.862778 	 136.220093 	 230.515869 	 2.000000 
66540.929688 	 21364.929688 	 71717.585938 	 206.834641 	 152.705978 	 212.329559 	 2.000000 
66486.101562 	 21354.433594 	 71716.789062 	 203.571091 	 209.788452 	 194.563583 	 2.000000 
67435.585938 	 20739.292969 	 72112.304688 	 136.016861 	 211.799316 	 33.324314 	 2.000000 
67491.335938 	 20722.375000 	 72151.117188 	 147.397369 	 187.097855 	 10.854364 	 2.000000 
67474.546875 	 20724.275391 	 72168.203125 	 145.580750 	 248.689331 	 -20.400776 	 2.000000 
65963.343750 	 22687.560547 	 72666.554688 	 160.750946 	 72.336975 	 239.958450 	 2.000000 
67981.898438 	 22879.435547 	 71646.546875 	 138.296478 	 85.664818 	 112.614662 	 2.000000 
67977.046875 	 22867.201172 	 71643.492188 	 86.881050 	 120.553589 	 111.830399 	 2.000000 
66873.679688 	 21662.845703 	 71622.875000 	 96.321815 	 147.301010 	 113.147560 	 2.000000 
66846.226562 	 21736.099609 	 71636.273438 	 120.223061 	 109.599693 	 148.754974 	 2.000000 
66902.898438 	 21672.427734 	 71596.664062 	 69.807808 	 139.573318 	 92.777397 	 2.000000 
66879.593750 	 21634.966797 	 71620.609375 	 127.234589 	 136.134064 	 105.335182 	 2.000000 
67655.484375 	 20534.453125 	 72074.531250 	 194.196274 	 204.112961 	 38.856796 	 2.000000 
67149.960938 	 21127.365234 	 72595.773438 	 115.809113 	 228.258209 	 31.523718 	 2.000000 
67166.664062 	 21066.310547 	 72553.976562 	 71.887512 	 233.725388 	 22.933336 	 2.000000 
67136.468750 	 21166.324219 	 72622.976562 	 129.123764 	 240.735428 	 1.856109 	 2.000000 
67133.773438 	 21099.876953 	 72604.179688 	 102.622643 	 233.390488 	 53.017780 	 2.000000 
67564.992188 	 21504.087891 	 73649.726562 	 91.094994 	 162.134262 	 50.694099 	 2.000000 
67592.718750 	 21515.646484 	 73696.203125 	 76.855797 	 141.439987 	 71.829216 	 2.000000 
66885.023438 	 21806.560547 	 72782.617188 	 75.661346 	 87.047821 	 30.260485 	 2.000000 
66930.687500 	 21156.003906 	 72878.007812 	 122.568314 	 214.946487 	 28.988724 	 2.000000 
66961.726562 	 21151.312500 	 72884.187500 	 98.802063 	 197.646530 	 53.137276 	 2.000000 
66091.375000 	 20831.587891 	 71753.570312 	 224.338913 	 207.080505 	 146.887344 	 2.000000 
66106.195312 	 20856.873047 	 71736.742188 	 203.215469 	 169.670410 	 126.986794 	 2.000000 
68150.593750 	 20499.070312 	 71347.812500 	 43.813808 	 112.545853 	 53.653793 	 2.000000 
68149.539062 	 20474.191406 	 71353.218750 	 140.793442 	 113.420586 	 105.918159 	 2.000000 
68178.546875 	 20465.386719 	 71327.804688 	 35.271927 	 107.527328 	 75.038963 	 2.000000 
66804.226562 	 21580.449219 	 71691.257812 	 132.255890 	 112.248589 	 185.190735 	 2.000000 
66834.968750 	 21592.298828 	 71680.335938 	 90.022293 	 158.910431 	 89.248863 	 2.000000 
66834.109375 	 21494.839844 	 71881.304688 	 117.948044 	 127.341011 	 222.781113 	 2.000000 
65645.773438 	 22286.443359 	 72794.437500 	 183.230942 	 151.580627 	 160.477264 	 2.000000 
66782.007812 	 20878.904297 	 71710.062500 	 206.586304 	 162.652023 	 182.342148 	 2.000000 
67946.843750 	 20786.687500 	 71666.742188 	 79.831047 	 88.263947 	 110.778313 	 2.000000 
67989.984375 	 20816.933594 	 71654.406250 	 122.229042 	 79.304184 	 135.878021 	 2.000000 
66205.820312 	 21386.144531 	 71803.843750 	 209.228729 	 222.064728 	 167.188828 	 2.000000 
66177.937500 	 21364.990234 	 71841.664062 	 236.615509 	 242.963120 	 135.818695 	 2.000000 
66222.429688 	 21350.636719 	 71829.023438 	 248.076691 	 229.204803 	 133.524094 	 2.000000 
66194.671875 	 21363.123047 	 71758.500000 	 186.777893 	 244.007050 	 168.779785 	 2.000000 
66900.007812 	 20310.781250 	 70902.382812 	 223.060104 	 102.778679 	 139.524170 	 2.000000 
66246.632812 	 21747.062500 	 72457.085938 	 179.785095 	 236.941055 	 59.470379 	 2.000000 
66305.984375 	 20837.722656 	 74178.343750 	 90.816444 	 173.854004 	 63.763916 	 2.000000 
66298.375000 	 20835.072266 	 74184.687500 	 105.736481 	 159.282913 	 70.820847 	 2.000000 
66293.367188 	 21373.371094 	 71868.843750 	 239.951477 	 220.565430 	 138.608566 	 2.000000 
65938.734375 	 20384.416016 	 71489.054688 	 214.201492 	 175.793793 	 114.232941 	 1.000000 
65932.789062 	 20404.158203 	 71464.835938 	 215.840179 	 180.048309 	 122.171242 	 1.000000 
65783.367188 	 21167.101562 	 73454.070312 	 140.354599 	 209.084824 	 38.714382 	 2.000000 
66038.117188 	 23438.871094 	 72604.382812 	 153.941788 	 111.888649 	 240.176392 	 2.000000 
66140.906250 	 21097.892578 	 73705.906250 	 73.364845 	 209.113708 	 75.338348 	 2.000000 
67787.062500 	 21476.802734 	 73502.734375 	 57.670467 	 140.460724 	 82.041641 	 2.000000 
67795.398438 	 21528.000000 	 73530.765625 	 37.368935 	 177.851807 	 65.662933 	 2.000000 
67763.960938 	 21487.990234 	 73532.671875 	 65.786026 	 151.954193 	 101.102165 	 2.000000 
65312.964844 	 22856.705078 	 72953.195312 	 127.028816 	 124.101883 	 92.099289 	 2.000000 
67411.664062 	 23254.433594 	 71660.140625 	 170.477798 	 85.908157 	 200.442154 	 2.000000 
66621.062500 	 21372.388672 	 71927.539062 	 149.781204 	 194.225128 	 234.959076 	 2.000000 
67576.250000 	 21397.492188 	 72613.007812 	 30.910028 	 133.076126 	 30.062218 	 2.000000 
65494.234375 	 22706.933594 	 72868.500000 	 193.482986 	 153.503098 	 116.321480 	 2.000000 
66738.242188 	 22197.251953 	 73282.960938 	 87.173531 	 141.966812 	 31.992718 	 2.000000 
66723.812500 	 22202.308594 	 73297.578125 	 67.071953 	 120.619156 	 20.008411 	 2.000000 
67355.031250 	 20572.287109 	 71260.773438 	 175.018860 	 100.516464 	 180.572174 	 11.000000 
67322.578125 	 20572.464844 	 71291.523438 	 193.857834 	 90.762375 	 184.158966 	 11.000000 
67363.093750 	 20558.568359 	 71245.906250 	 172.938248 	 128.005020 	 194.034698 	 11.000000 
66763.859375 	 20867.365234 	 71546.882812 	 165.750671 	 137.457733 	 198.855362 	 2.000000 
65658.398438 	 20749.367188 	 71531.125000 	 226.754471 	 148.828171 	 155.259888 	 1.000000 
67353.609375 	 20892.136719 	 72563.351562 	 74.180931 	 200.458084 	 12.321475 	 2.000000 
66351.437500 	 23430.369141 	 71582.820312 	 175.159363 	 95.917572 	 228.120636 	 6.000000 
67402.000000 	 20977.308594 	 72155.437500 	 111.347641 	 149.347717 	 73.330856 	 2.000000 
67888.757812 	 20231.656250 	 71517.640625 	 148.342606 	 176.657928 	 36.378880 	 2.000000 
67917.000000 	 20342.267578 	 71501.164062 	 67.077675 	 94.352448 	 63.970985 	 2.000000 
67901.054688 	 20344.707031 	 71485.289062 	 76.241646 	 103.872795 	 74.611794 	 2.000000 
65719.007812 	 21709.074219 	 73270.937500 	 208.648285 	 207.050552 	 148.887650 	 2.000000 
68358.171875 	 21276.195312 	 72211.257812 	 59.151871 	 123.482254 	 34.052414 	 2.000000 
67527.421875 	 23199.439453 	 72614.101562 	 79.060989 	 135.184891 	 107.632607 	 22.000000 
67274.906250 	 20933.673828 	 72348.546875 	 120.679153 	 211.109421 	 35.636703 	 2.000000 
67423.835938 	 22349.009766 	 71726.070312 	 153.707169 	 60.550953 	 154.742508 	 2.000000 
68307.625000 	 21545.945312 	 72902.757812 	 63.474564 	 126.592155 	 44.846287 	 20.000000 
67063.351562 	 20866.794922 	 72506.367188 	 166.064163 	 219.458649 	 70.959587 	 2.000000 
66833.406250 	 21613.607422 	 71564.046875 	 140.039093 	 147.610764 	 161.451538 	 2.000000 
66004.429688 	 22067.476562 	 72450.914062 	 151.845703 	 146.712433 	 94.177406 	 2.000000 
66507.125000 	 19880.113281 	 72858.296875 	 151.381424 	 194.051300 	 70.648201 	 5.000000 
68135.062500 	 21323.480469 	 71197.382812 	 116.959709 	 116.757919 	 52.364136 	 2.000000 
65614.195312 	 22590.521484 	 72733.601562 	 200.181763 	 94.255913 	 93.221291 	 2.000000 
68261.351562 	 21263.546875 	 72245.171875 	 70.054749 	 122.321312 	 34.421192 	 2.000000 
66329.031250 	 23300.078125 	 71243.835938 	 181.529343 	 93.052856 	 226.812653 	 6.000000 
67261.320312 	 21496.615234 	 71358.085938 	 121.213181 	 79.958916 	 119.359901 	 2.000000 
66465.234375 	 21807.855469 	 71784.531250 	 94.827217 	 112.390701 	 241.885101 	 2.000000 
66479.507812 	 21804.662109 	 71755.000000 	 64.338844 	 130.549789 	 192.361237 	 2.000000 
67795.835938 	 21660.306641 	 71258.281250 	 169.596436 	 127.371506 	 174.878281 	 2.000000 
67449.218750 	 23168.582031 	 72651.843750 	 89.762360 	 146.803391 	 91.127861 	 22.000000 
66558.359375 	 19905.791016 	 72863.421875 	 134.791855 	 184.156830 	 69.873215 	 5.000000 
68644.062500 	 20751.230469 	 72574.343750 	 72.074570 	 146.485489 	 29.517979 	 15.000000 
67575.734375 	 23202.802734 	 72669.515625 	 84.279617 	 131.659943 	 92.591148 	 22.000000 
67583.234375 	 23198.371094 	 72687.023438 	 75.101303 	 146.416763 	 83.097816 	 22.000000 
65872.429688 	 22030.154297 	 72738.445312 	 156.063248 	 149.190186 	 139.164749 	 2.000000 
66781.632812 	 20930.492188 	 74145.765625 	 77.823921 	 168.253281 	 76.839851 	 2.000000 
66526.601562 	 21957.673828 	 72516.562500 	 74.778229 	 70.015831 	 65.938393 	 2.000000 
68009.226562 	 20349.412109 	 72062.468750 	 56.448795 	 176.391434 	 -32.052135 	 2.000000 
66864.601562 	 21227.177734 	 70616.765625 	 200.490204 	 85.923782 	 211.732712 	 12.000000 
66834.562500 	 19969.039062 	 72544.828125 	 148.845352 	 193.120911 	 62.594219 	 13.000000 
65931.460938 	 21611.607422 	 73722.445312 	 198.426376 	 216.229034 	 59.053482 	 2.000000 
65665.937500 	 21530.205078 	 73959.234375 	 164.138412 	 146.164291 	 40.177361 	 2.000000 
65902.812500 	 22132.951172 	 72545.625000 	 166.353912 	 140.266342 	 124.312279 	 2.000000 
66365.687500 	 21031.851562 	 73769.453125 	 77.426468 	 198.589172 	 59.781475 	 2.000000 
67520.953125 	 21312.251953 	 71320.531250 	 150.785675 	 142.338577 	 150.592422 	 2.000000 
68056.242188 	 20410.658203 	 71363.523438 	 44.956535 	 127.048820 	 61.470692 	 2.000000 
66153.945312 	 21504.730469 	 73249.906250 	 101.454460 	 267.677673 	 84.313507 	 2.000000 
66010.171875 	 21832.154297 	 73034.671875 	 68.708755 	 207.729294 	 169.699661 	 2.000000 
66471.203125 	 20219.849609 	 73015.367188 	 140.581940 	 197.421921 	 72.500397 	 5.000000 
66753.546875 	 21303.875000 	 72973.453125 	 127.848160 	 200.561203 	 48.140873 	 2.000000 
68163.468750 	 21774.224609 	 71014.226562 	 159.754608 	 104.739235 	 70.166817 	 2.000000 
66084.789062 	 21672.529297 	 72074.703125 	 158.520493 	 126.256889 	 229.181534 	 2.000000 
65706.742188 	 21250.291016 	 73361.242188 	 141.832077 	 174.188797 	 46.559048 	 2.000000 
67641.359375 	 20610.105469 	 71906.406250 	 217.581894 	 224.374084 	 50.050030 	 2.000000 
65589.796875 	 20591.054688 	 73087.500000 	 197.299881 	 197.956253 	 114.425682 	 2.000000 
65597.523438 	 20582.310547 	 73083.781250 	 185.766083 	 204.912628 	 129.991333 	 2.000000 
67916.320312 	 20999.123047 	 72713.093750 	 61.615139 	 156.489960 	 25.612743 	 16.000000 
66544.828125 	 21133.640625 	 73418.820312 	 89.919731 	 204.390427 	 47.129417 	 2.000000 
66255.085938 	 20782.019531 	 74118.617188 	 82.509209 	 177.058746 	 84.545929 	 2.000000 
66604.000000 	 21284.103516 	 72943.320312 	 124.203430 	 196.044250 	 51.515545 	 2.000000 
67588.398438 	 21437.931641 	 71885.007812 	 90.677544 	 95.022842 	 86.682343 	 2.000000 
66757.742188 	 20480.962891 	 70801.585938 	 229.792862 	 120.679939 	 141.003769 	 2.000000 
66966.226562 	 21481.498047 	 72037.437500 	 168.838196 	 117.294640 	 262.506470 	 2.000000 
66945.023438 	 21482.455078 	 72057.375000 	 172.960983 	 126.337402 	 264.513855 	 2.000000 
67940.531250 	 20265.986328 	 71288.898438 	 73.009216 	 177.347229 	 100.707878 	 2.000000 
67659.117188 	 20708.433594 	 71874.562500 	 106.727661 	 84.312675 	 60.441769 	 2.000000 
66801.351562 	 21663.466797 	 72039.585938 	 100.158798 	 165.174835 	 228.149673 	 2.000000 
67539.234375 	 22791.316406 	 71626.843750 	 173.295334 	 74.101913 	 183.614594 	 2.000000 
65936.601562 	 22920.904297 	 72286.695312 	 177.484131 	 86.639038 	 250.255615 	 2.000000 
67527.421875 	 23167.328125 	 71607.515625 	 166.884018 	 87.701431 	 195.890030 	 2.000000 
66984.593750 	 21759.062500 	 71619.429688 	 98.661980 	 147.969833 	 139.529892 	 2.000000 
67366.679688 	 22791.820312 	 71830.281250 	 134.438980 	 70.693108 	 150.205292 	 2.000000 
66846.945312 	 21589.865234 	 72753.625000 	 145.734344 	 132.624283 	 49.647057 	 2.000000 
67264.039062 	 23502.080078 	 73087.914062 	 78.907303 	 154.328308 	 110.833145 	 22.000000 
65798.070312 	 20426.113281 	 72970.492188 	 175.799515 	 203.334595 	 106.705544 	 2.000000 
66623.632812 	 21633.726562 	 72194.062500 	 150.470428 	 53.532238 	 123.974503 	 2.000000 
66337.921875 	 21856.955078 	 71989.664062 	 284.259399 	 57.180180 	 75.192932 	 2.000000 
66735.468750 	 22337.734375 	 72180.070312 	 90.287994 	 66.855202 	 121.069603 	 2.000000 
65561.890625 	 22745.927734 	 72274.007812 	 192.102676 	 102.411247 	 254.409698 	 2.000000 
66112.492188 	 21782.441406 	 72168.859375 	 140.861160 	 133.712341 	 301.458954 	 2.000000 
65047.468750 	 22086.992188 	 72370.781250 	 218.878754 	 162.923264 	 192.234955 	 2.000000 
66771.250000 	 20543.603516 	 71119.242188 	 223.752686 	 125.181824 	 154.289520 	 2.000000 
66200.843750 	 21597.855469 	 72258.523438 	 99.484222 	 248.312897 	 167.562668 	 2.000000 
65993.625000 	 22321.419922 	 72311.304688 	 228.880600 	 106.115921 	 165.117554 	 2.000000 
65512.808594 	 22780.015625 	 73058.750000 	 122.951874 	 70.255409 	 186.875092 	 2.000000 
65604.093750 	 21113.402344 	 73833.585938 	 205.213028 	 194.666290 	 71.789658 	 2.000000 
68061.125000 	 20607.511719 	 71443.867188 	 108.405769 	 101.092651 	 109.356865 	 2.000000 
66704.742188 	 20275.351562 	 71166.757812 	 196.544586 	 106.331573 	 143.577606 	 2.000000 
66691.281250 	 20297.359375 	 71167.429688 	 197.952423 	 109.867683 	 134.701309 	 2.000000 
66014.570312 	 20524.671875 	 71482.101562 	 191.058334 	 180.499588 	 119.912140 	 1.000000 
65472.761719 	 22171.009766 	 72432.414062 	 244.244598 	 158.552826 	 201.912201 	 2.000000 
66506.078125 	 21971.912109 	 71922.937500 	 276.147003 	 67.405426 	 119.102982 	 2.000000 
67205.601562 	 20856.701172 	 72037.578125 	 94.944756 	 137.023621 	 75.307541 	 2.000000 
66782.562500 	 22425.529297 	 72020.039062 	 127.243050 	 56.669331 	 168.152191 	 2.000000 
67384.320312 	 21680.199219 	 73695.320312 	 89.854271 	 134.051682 	 50.743282 	 2.000000 
68119.179688 	 21320.677734 	 70938.203125 	 183.677933 	 130.119934 	 131.524445 	 2.000000 
66282.656250 	 21429.324219 	 72058.476562 	 257.059845 	 257.288971 	 119.656990 	 2.000000 
67923.656250 	 20551.695312 	 71666.601562 	 142.753464 	 144.972183 	 18.437708 	 2.000000 
67338.195312 	 22014.224609 	 71450.523438 	 134.954910 	 73.340149 	 129.504379 	 2.000000 
66605.984375 	 21383.445312 	 72664.937500 	 145.995636 	 229.009460 	 85.917366 	 2.000000 
67260.984375 	 21420.125000 	 72477.867188 	 158.768646 	 177.027283 	 77.455986 	 2.000000 
65735.367188 	 21053.046875 	 73746.460938 	 195.698029 	 242.436630 	 129.319748 	 2.000000 
66512.781250 	 20912.927734 	 74227.054688 	 88.122711 	 178.432114 	 83.218346 	 2.000000 
66522.375000 	 21663.365234 	 72797.875000 	 107.736794 	 146.590332 	 63.310722 	 2.000000 
67469.726562 	 21620.761719 	 73873.789062 	 96.556778 	 135.987961 	 54.505016 	 2.000000 
65898.789062 	 21541.482422 	 73341.757812 	 148.196487 	 236.758148 	 -5.254323 	 2.000000 
66440.734375 	 21446.294922 	 73031.476562 	 108.714546 	 210.473114 	 61.806248 	 2.000000 
67965.085938 	 20552.691406 	 72102.937500 	 53.468979 	 144.718506 	 -6.925031 	 2.000000 
67037.875000 	 22354.652344 	 74026.640625 	 81.059326 	 155.261078 	 56.647133 	 23.000000 
67025.007812 	 22349.777344 	 74032.632812 	 69.299454 	 165.464951 	 66.482620 	 23.000000 
65870.195312 	 22295.072266 	 73000.109375 	 206.849442 	 110.667122 	 255.377686 	 2.000000 
67171.789062 	 22617.228516 	 71920.359375 	 143.486771 	 69.969391 	 166.643280 	 2.000000 
66107.171875 	 21407.207031 	 73507.078125 	 170.895050 	 213.435898 	 48.142372 	 2.000000 
65646.828125 	 22735.857422 	 73048.820312 	 136.647079 	 120.269875 	 73.972954 	 2.000000 
68102.890625 	 22267.292969 	 71256.726562 	 191.143646 	 42.465378 	 162.102036 	 2.000000 
67255.492188 	 21366.621094 	 72355.710938 	 100.936417 	 147.859863 	 -7.238488 	 2.000000 
65861.281250 	 21033.511719 	 73767.500000 	 171.159760 	 156.015045 	 80.312225 	 2.000000 
65783.851562 	 21945.519531 	 73094.046875 	 210.570221 	 88.647919 	 17.471037 	 2.000000 
67956.460938 	 21462.890625 	 71344.976562 	 134.510284 	 109.565392 	 83.578979 	 2.000000 
66432.351562 	 21810.378906 	 71964.187500 	 284.656769 	 43.370243 	 88.627991 	 2.000000 
66439.046875 	 21795.642578 	 71945.125000 	 288.976746 	 42.304214 	 128.966125 	 2.000000 
65567.742188 	 22673.582031 	 72875.281250 	 167.121231 	 120.681694 	 175.149826 	 2.000000 
66498.632812 	 21105.425781 	 73319.867188 	 116.843094 	 226.405670 	 70.351768 	 2.000000 
65695.265625 	 22661.890625 	 73150.078125 	 165.309494 	 165.667633 	 175.898483 	 2.000000 
68126.929688 	 21523.183594 	 71160.898438 	 154.814728 	 120.538651 	 89.276993 	 2.000000 
67307.914062 	 20657.164062 	 72309.132812 	 164.861923 	 223.788727 	 40.234905 	 2.000000 
67352.570312 	 20515.921875 	 72376.132812 	 137.968948 	 220.835205 	 23.818407 	 2.000000 
67107.914062 	 21365.939453 	 71459.593750 	 154.583344 	 180.224152 	 153.724976 	 2.000000 
67041.039062 	 21072.103516 	 73597.898438 	 74.792442 	 169.937607 	 36.180305 	 2.000000 
66215.984375 	 21083.361328 	 71702.031250 	 240.583557 	 176.697342 	 187.307236 	 2.000000 
65250.867188 	 22796.417969 	 73189.835938 	 206.083847 	 134.758392 	 227.921616 	 2.000000 
67076.570312 	 21569.726562 	 71986.015625 	 109.211266 	 100.827972 	 190.582626 	 2.000000 
66058.132812 	 21239.044922 	 73784.750000 	 68.459030 	 203.574615 	 70.467461 	 2.000000 
68012.140625 	 20550.517578 	 71686.109375 	 144.653671 	 193.158646 	 100.030182 	 2.000000 
65656.203125 	 21543.277344 	 74108.101562 	 161.226044 	 145.728088 	 43.522568 	 2.000000 
66662.015625 	 21748.646484 	 72600.367188 	 120.394821 	 162.264236 	 42.388386 	 2.000000 
66878.492188 	 21546.285156 	 72280.140625 	 122.116463 	 159.631699 	 234.593704 	 2.000000 
65989.132812 	 21073.787109 	 73836.625000 	 105.417969 	 159.398621 	 29.338058 	 2.000000 
68057.234375 	 20475.582031 	 71355.046875 	 124.873207 	 91.539215 	 117.346230 	 2.000000 
65687.140625 	 21735.445312 	 73800.148438 	 168.758682 	 138.866104 	 30.624989 	 2.000000 
66642.023438 	 21597.017578 	 72203.906250 	 106.341484 	 133.711014 	 230.822601 	 2.000000 
68029.070312 	 21717.847656 	 71500.992188 	 177.743134 	 96.415001 	 179.703583 	 2.000000 
65600.210938 	 22729.945312 	 72350.359375 	 193.916107 	 103.754631 	 247.408203 	 2.000000 
66248.398438 	 21979.792969 	 72367.453125 	 265.098724 	 65.531494 	 100.675972 	 2.000000 
65748.390625 	 22158.625000 	 72845.171875 	 181.703979 	 84.578773 	 202.872208 	 2.000000 
67653.750000 	 21489.455078 	 73158.187500 	 55.238125 	 136.846390 	 53.153061 	 2.000000 
65854.718750 	 22014.410156 	 72538.718750 	 169.163345 	 153.915436 	 123.294212 	 2.000000 
67443.195312 	 22187.384766 	 71385.632812 	 163.053802 	 67.776199 	 154.230515 	 2.000000 
67259.281250 	 22001.431641 	 72420.054688 	 75.157112 	 74.057686 	 93.111740 	 2.000000 
66559.734375 	 22307.816406 	 73407.453125 	 98.340912 	 136.479645 	 41.375313 	 2.000000 
66572.429688 	 22289.375000 	 73394.882812 	 97.185257 	 143.924744 	 42.907310 	 2.000000 
65968.828125 	 21504.957031 	 72028.953125 	 281.261658 	 177.909302 	 191.298874 	 2.000000 
66124.257812 	 21611.978516 	 72335.820312 	 110.552513 	 198.435196 	 264.101929 	 2.000000 
65865.617188 	 21335.798828 	 73486.898438 	 121.143288 	 191.773788 	 51.754761 	 2.000000 
67397.101562 	 21558.261719 	 71367.984375 	 110.434494 	 66.544678 	 116.771439 	 2.000000 
65776.328125 	 22236.847656 	 72788.734375 	 165.032211 	 167.937180 	 150.121185 	 2.000000 
68042.843750 	 21492.542969 	 71312.492188 	 135.815735 	 114.299896 	 83.935448 	 2.000000 
67045.445312 	 21130.609375 	 71480.921875 	 190.793762 	 108.218040 	 242.396698 	 2.000000 
65661.695312 	 22797.326172 	 73157.835938 	 232.318329 	 108.959198 	 177.033157 	 2.000000 
65649.171875 	 22799.091797 	 73138.835938 	 220.309814 	 111.089294 	 174.094604 	 2.000000 
66268.703125 	 21535.281250 	 71982.609375 	 270.333618 	 247.124969 	 140.606812 	 2.000000 
67661.585938 	 21255.634766 	 71565.281250 	 162.829071 	 122.955292 	 198.301086 	 2.000000 
66848.679688 	 23118.419922 	 72164.710938 	 131.925552 	 93.313065 	 181.187363 	 18.000000 
66132.000000 	 20018.916016 	 73453.312500 	 135.973938 	 192.843628 	 90.975204 	 5.000000 
65805.562500 	 20752.923828 	 73092.937500 	 174.037766 	 215.016495 	 112.668167 	 2.000000 
67647.898438 	 20681.330078 	 73003.546875 	 84.823006 	 184.971954 	 28.680696 	 0.000000 
65038.261719 	 21613.380859 	 72062.953125 	 213.069839 	 155.985458 	 182.180054 	 2.000000 
68393.453125 	 20433.572266 	 72815.914062 	 76.681549 	 150.151154 	 33.248055 	 0.000000 
67002.843750 	 21530.371094 	 71910.546875 	 125.727882 	 170.376984 	 221.493134 	 2.000000 
67529.492188 	 20520.978516 	 71868.578125 	 162.339310 	 113.256119 	 59.321213 	 2.000000 
65709.578125 	 20355.150391 	 72229.726562 	 204.470963 	 180.781601 	 105.233261 	 4.000000 
67455.882812 	 21389.146484 	 73567.046875 	 91.454590 	 179.199188 	 37.449760 	 2.000000 
65568.953125 	 22877.607422 	 73128.375000 	 217.815033 	 122.561378 	 186.643723 	 2.000000 
66624.320312 	 21691.097656 	 71723.031250 	 101.111000 	 101.187294 	 208.250107 	 2.000000 
67359.304688 	 21633.994141 	 72238.484375 	 58.145672 	 72.864822 	 102.979103 	 2.000000 
67709.625000 	 21165.564453 	 72007.726562 	 53.196655 	 101.672371 	 50.722092 	 2.000000 
66914.234375 	 21755.753906 	 71655.804688 	 103.401794 	 120.338089 	 141.372696 	 2.000000 
67765.343750 	 21648.052734 	 74028.750000 	 51.023949 	 134.032059 	 67.000130 	 2.000000 
67469.062500 	 22145.232422 	 71454.359375 	 162.777023 	 77.095131 	 159.593018 	 2.000000 
67688.179688 	 20019.193359 	 71622.039062 	 201.868286 	 179.310715 	 56.379292 	 2.000000 
66646.312500 	 21218.937500 	 72951.085938 	 127.027580 	 204.565384 	 42.063099 	 2.000000 
67963.070312 	 21084.253906 	 72188.078125 	 51.984035 	 135.077576 	 22.656897 	 2.000000 
66534.414062 	 21424.996094 	 72652.507812 	 148.226898 	 226.011948 	 78.861450 	 2.000000 
65056.335938 	 22781.125000 	 72632.476562 	 199.022842 	 161.889389 	 208.566040 	 2.000000 
68246.570312 	 20860.392578 	 71097.187500 	 116.211411 	 127.301651 	 87.449097 	 2.000000 
67051.109375 	 21303.320312 	 72700.359375 	 95.427864 	 194.960052 	 -25.973110 	 2.000000 
66919.343750 	 21893.812500 	 73029.359375 	 61.761295 	 127.546516 	 12.061768 	 2.000000 
67732.265625 	 20748.441406 	 71768.359375 	 111.573448 	 225.037308 	 82.404007 	 2.000000 
67461.914062 	 20793.425781 	 72200.437500 	 180.753418 	 204.230591 	 19.434950 	 2.000000 
66021.484375 	 21723.109375 	 72828.570312 	 73.619156 	 152.324112 	 108.095047 	 2.000000 
65976.398438 	 21148.093750 	 73812.640625 	 183.561478 	 166.421906 	 108.927040 	 2.000000 
66369.406250 	 22347.271484 	 72368.210938 	 258.778412 	 106.322586 	 143.150146 	 2.000000 
65227.386719 	 22782.556641 	 73087.781250 	 220.329391 	 152.508423 	 216.149017 	 2.000000 
65658.882812 	 22198.898438 	 73458.000000 	 227.115326 	 166.565506 	 66.488899 	 0.000000 
67819.070312 	 20564.705078 	 71670.140625 	 127.482506 	 136.571915 	 -1.859871 	 2.000000 
67456.031250 	 21266.595703 	 71657.960938 	 134.386719 	 153.739670 	 113.079781 	 2.000000 
65850.226562 	 21411.667969 	 73517.648438 	 222.279373 	 201.909668 	 58.631241 	 2.000000 
67636.859375 	 21570.859375 	 71364.445312 	 156.754715 	 69.155411 	 173.528305 	 2.000000 
67828.320312 	 22918.009766 	 71505.390625 	 188.987305 	 78.414413 	 194.419586 	 2.000000 
66671.359375 	 23684.884766 	 72191.468750 	 138.492477 	 117.082809 	 213.688980 	 2.000000 
65852.492188 	 21003.449219 	 73854.789062 	 80.647186 	 195.959061 	 73.690636 	 2.000000 
66729.437500 	 21037.673828 	 73016.414062 	 133.746277 	 232.660339 	 56.593933 	 2.000000 
67344.445312 	 21132.767578 	 72093.742188 	 44.071674 	 130.689026 	 63.268768 	 2.000000 
66044.968750 	 20977.763672 	 73678.468750 	 126.465004 	 246.525696 	 104.888245 	 2.000000 
65559.945312 	 22625.941406 	 72831.757812 	 233.973099 	 137.082062 	 90.676277 	 2.000000 
66442.242188 	 21490.333984 	 72322.367188 	 104.902214 	 142.475418 	 196.843414 	 2.000000 
66683.523438 	 22979.185547 	 73497.187500 	 59.812859 	 156.463013 	 91.709465 	 10.000000 
67205.523438 	 21616.898438 	 71902.843750 	 126.078323 	 147.007141 	 202.615814 	 2.000000 
67705.718750 	 21211.822266 	 71661.515625 	 82.687927 	 99.463821 	 63.528393 	 2.000000 
65497.593750 	 22762.582031 	 73125.648438 	 188.200211 	 99.831970 	 178.384216 	 2.000000 
66620.312500 	 21969.365234 	 72217.312500 	 219.318192 	 34.355042 	 218.179062 	 2.000000 
68131.101562 	 22729.568359 	 71215.453125 	 212.712234 	 68.560738 	 191.139954 	 2.000000 
66206.867188 	 22025.646484 	 72416.992188 	 255.289749 	 71.109528 	 121.822601 	 2.000000 
67185.484375 	 21383.746094 	 71830.460938 	 143.284073 	 160.476959 	 205.164825 	 2.000000 
67216.656250 	 21954.679688 	 71482.023438 	 137.129105 	 67.378883 	 148.249344 	 2.000000 
66141.367188 	 21653.664062 	 72540.640625 	 220.007187 	 65.712685 	 133.518692 	 2.000000 
66045.132812 	 21494.585938 	 73413.820312 	 158.832275 	 178.231369 	 35.341080 	 2.000000 
66503.546875 	 20933.878906 	 71093.882812 	 212.042938 	 157.413651 	 154.773666 	 2.000000 
66802.546875 	 21879.087891 	 72946.921875 	 78.927177 	 106.200500 	 29.430424 	 2.000000 
66400.992188 	 23409.224609 	 71408.117188 	 169.684219 	 89.001976 	 232.548019 	 6.000000 
67826.445312 	 21198.546875 	 71770.273438 	 99.866386 	 90.858315 	 78.764458 	 2.000000 
66750.726562 	 23154.505859 	 73422.921875 	 72.373695 	 165.799042 	 87.343948 	 10.000000 
67925.843750 	 22046.283203 	 71589.453125 	 184.976410 	 84.389481 	 144.164886 	 2.000000 
65625.796875 	 20483.650391 	 72848.375000 	 196.964081 	 190.968018 	 114.790253 	 2.000000 
68083.914062 	 21243.478516 	 71275.953125 	 109.840935 	 93.014633 	 43.353134 	 2.000000 
66379.703125 	 22796.341797 	 73192.695312 	 89.146317 	 140.997147 	 80.238503 	 10.000000 
66259.664062 	 23535.380859 	 72670.179688 	 118.790787 	 127.682076 	 184.580994 	 2.000000 
66079.882812 	 20873.457031 	 71687.726562 	 247.893753 	 171.979935 	 113.934181 	 2.000000 
64921.058594 	 21439.033203 	 72035.304688 	 206.763489 	 152.812775 	 181.014496 	 2.000000 
67604.101562 	 21518.105469 	 73720.179688 	 70.828781 	 152.822708 	 29.823290 	 2.000000 
68087.015625 	 20355.505859 	 71456.617188 	 97.834900 	 141.416763 	 50.134624 	 2.000000 
67709.695312 	 20767.357422 	 71798.843750 	 120.822418 	 205.228271 	 97.038483 	 2.000000 
68000.234375 	 20201.068359 	 71603.085938 	 169.676102 	 202.867966 	 9.146985 	 2.000000 
66107.304688 	 22200.416016 	 72859.414062 	 214.693909 	 117.986450 	 178.082977 	 2.000000 
68152.429688 	 21209.140625 	 71471.648438 	 103.250748 	 126.686501 	 76.750320 	 2.000000 
68155.718750 	 21223.636719 	 71464.382812 	 113.392487 	 97.121284 	 56.939884 	 2.000000 
65315.820312 	 21976.369141 	 73705.484375 	 215.123871 	 175.088684 	 83.675415 	 0.000000 
66344.976562 	 21148.775391 	 73501.914062 	 104.594109 	 224.329941 	 75.769943 	 2.000000 
65647.539062 	 19982.726562 	 71929.632812 	 202.204727 	 162.713669 	 97.221291 	 0.000000 
66122.320312 	 21685.583984 	 72159.843750 	 200.154678 	 143.101425 	 231.627808 	 2.000000 
66944.671875 	 21538.949219 	 71380.101562 	 85.102180 	 125.099297 	 145.148682 	 2.000000 
67391.617188 	 22135.416016 	 71446.585938 	 164.572906 	 69.847137 	 155.957275 	 2.000000 
66072.796875 	 22528.578125 	 72540.437500 	 166.954391 	 66.912132 	 259.930603 	 2.000000 
67550.046875 	 21662.712891 	 73884.015625 	 80.369339 	 155.051453 	 54.447079 	 2.000000 
67930.210938 	 20833.667969 	 71714.914062 	 145.769791 	 92.446739 	 126.889801 	 2.000000 
65574.937500 	 22742.896484 	 73053.000000 	 77.894730 	 102.246010 	 39.033890 	 2.000000 
67238.093750 	 20745.267578 	 72364.179688 	 174.038300 	 207.666718 	 67.118683 	 2.000000 
66262.265625 	 21698.812500 	 72827.406250 	 116.648155 	 223.804749 	 101.500961 	 2.000000 
68501.625000 	 20667.099609 	 72504.945312 	 72.220360 	 154.602203 	 28.826408 	 15.000000 
66499.304688 	 21710.007812 	 71778.046875 	 90.634964 	 118.216377 	 234.940842 	 2.000000 
65638.570312 	 22670.183594 	 72452.000000 	 194.634903 	 95.979897 	 248.692001 	 2.000000 
68032.257812 	 20580.037109 	 71397.492188 	 91.899651 	 106.689262 	 107.684853 	 2.000000 
67259.304688 	 21102.224609 	 72665.953125 	 100.975906 	 226.975937 	 30.841812 	 2.000000 
67113.007812 	 21371.246094 	 72285.093750 	 55.576221 	 169.706131 	 82.829369 	 2.000000 
65956.765625 	 21044.925781 	 72222.468750 	 225.700165 	 212.596451 	 104.576935 	 0.000000 
66278.781250 	 22014.966797 	 72525.171875 	 221.174026 	 81.891647 	 103.150963 	 2.000000 
68463.554688 	 21261.214844 	 72172.023438 	 62.285389 	 133.120132 	 43.692123 	 2.000000 
68447.093750 	 21280.996094 	 72167.500000 	 61.538696 	 140.997223 	 28.483669 	 2.000000 
66485.218750 	 21397.697266 	 72152.156250 	 58.656448 	 121.241692 	 217.432190 	 2.000000 
66639.148438 	 21120.480469 	 73169.976562 	 103.255302 	 181.069397 	 34.278515 	 2.000000 
67358.601562 	 20940.757812 	 72370.632812 	 119.606018 	 216.459885 	 39.716949 	 2.000000 
67920.460938 	 22046.607422 	 71477.218750 	 138.884766 	 55.579796 	 132.998016 	 2.000000 
65832.734375 	 22367.781250 	 72947.640625 	 150.380569 	 214.188995 	 87.648643 	 2.000000 
66225.117188 	 21976.898438 	 72650.000000 	 199.670166 	 194.671219 	 108.118378 	 2.000000 
66149.757812 	 21843.685547 	 72122.953125 	 98.417549 	 113.814423 	 149.296097 	 2.000000 
67796.265625 	 21160.037109 	 72116.210938 	 50.490139 	 106.876503 	 40.631012 	 2.000000 
66232.343750 	 21753.166016 	 72376.265625 	 173.270538 	 229.313843 	 49.083290 	 2.000000 
66505.125000 	 20991.826172 	 73526.273438 	 87.558403 	 174.000290 	 45.922894 	 2.000000 
65483.699219 	 22804.132812 	 72260.906250 	 195.632431 	 105.505760 	 247.821411 	 2.000000 
66647.921875 	 23482.804688 	 71418.164062 	 175.495392 	 93.643471 	 228.998688 	 6.000000 
65779.796875 	 20651.484375 	 73257.546875 	 175.433945 	 213.618820 	 108.332550 	 2.000000 
66659.734375 	 21048.142578 	 73607.992188 	 87.538887 	 204.491333 	 52.906631 	 2.000000 
66787.359375 	 21574.068359 	 72077.414062 	 129.134125 	 58.789143 	 279.891327 	 2.000000 
67556.312500 	 22998.042969 	 71562.179688 	 174.113358 	 81.456703 	 202.898682 	 2.000000 
66662.695312 	 20156.851562 	 72840.859375 	 142.313461 	 194.289413 	 67.805641 	 5.000000 
67649.117188 	 20637.455078 	 71722.039062 	 102.379478 	 152.249741 	 28.378614 	 2.000000 
67282.125000 	 21461.455078 	 73098.601562 	 62.889816 	 150.011856 	 23.571344 	 2.000000 
67499.171875 	 23133.250000 	 72620.367188 	 78.841805 	 153.209137 	 99.289734 	 22.000000 
66118.109375 	 21014.343750 	 74034.343750 	 70.863708 	 185.268784 	 59.859196 	 2.000000 
67031.578125 	 20933.437500 	 73736.312500 	 73.740051 	 193.845062 	 50.008595 	 2.000000 
66632.414062 	 22804.281250 	 73329.984375 	 77.349533 	 145.884048 	 78.010231 	 10.000000 
66284.523438 	 20733.431641 	 74138.875000 	 106.843727 	 164.000305 	 66.688194 	 2.000000 
66614.445312 	 21171.564453 	 73154.718750 	 112.807610 	 206.794266 	 44.284386 	 2.000000 
67804.375000 	 20738.828125 	 71943.085938 	 48.820461 	 107.561012 	 62.456360 	 2.000000 
67621.296875 	 23181.037109 	 72609.218750 	 74.550682 	 127.469437 	 112.208412 	 22.000000 
66819.000000 	 22163.255859 	 72095.164062 	 78.009041 	 63.304344 	 116.490990 	 2.000000 
68179.257812 	 21814.128906 	 71110.367188 	 205.689713 	 90.837524 	 141.159088 	 2.000000 
66860.132812 	 21123.279297 	 72876.937500 	 144.815994 	 195.037308 	 38.481472 	 2.000000 
65733.578125 	 21396.716797 	 73864.148438 	 189.251602 	 208.888138 	 77.622063 	 2.000000 
66454.617188 	 21804.742188 	 72642.125000 	 106.668793 	 170.825638 	 45.615707 	 2.000000 
66427.093750 	 21843.378906 	 71970.906250 	 296.362854 	 45.805584 	 116.877037 	 2.000000 
67763.031250 	 21201.193359 	 71832.796875 	 61.782291 	 97.681793 	 51.716747 	 2.000000 
68610.023438 	 20751.341797 	 72509.960938 	 70.417488 	 152.188416 	 39.875832 	 15.000000 
65560.507812 	 22665.568359 	 73077.757812 	 220.392868 	 86.399536 	 190.582901 	 2.000000 
67595.414062 	 21154.828125 	 72114.304688 	 47.665539 	 111.692337 	 47.365868 	 2.000000 
65788.781250 	 21200.699219 	 73826.382812 	 234.657150 	 169.905396 	 96.672592 	 2.000000 
66718.101562 	 21528.183594 	 71952.859375 	 144.884720 	 217.932114 	 216.139679 	 2.000000 
67483.421875 	 23321.794922 	 72870.164062 	 85.124260 	 142.562149 	 101.235764 	 22.000000 
66817.351562 	 21068.431641 	 73035.765625 	 126.136002 	 209.928558 	 33.766941 	 2.000000 
65836.257812 	 21382.101562 	 73535.609375 	 227.588608 	 199.222992 	 59.568813 	 2.000000 
68019.773438 	 20512.503906 	 71407.335938 	 92.803528 	 110.232170 	 99.777321 	 2.000000 
66931.390625 	 21061.660156 	 74243.703125 	 79.730446 	 147.154068 	 53.781021 	 2.000000 
66715.367188 	 20775.839844 	 74161.976562 	 66.870537 	 155.643326 	 70.117073 	 2.000000 
67362.023438 	 23260.537109 	 72791.242188 	 80.252121 	 146.246582 	 92.480980 	 22.000000 
66870.609375 	 21466.359375 	 72103.625000 	 156.677780 	 126.873749 	 267.315369 	 2.000000 
66888.296875 	 21519.693359 	 72593.640625 	 171.423889 	 130.591599 	 28.946779 	 2.000000 
66501.390625 	 21255.238281 	 71847.718750 	 163.225143 	 235.387573 	 121.623703 	 2.000000 
67935.039062 	 22068.968750 	 71535.703125 	 186.280396 	 34.414532 	 133.466003 	 2.000000 
65724.468750 	 21290.185547 	 73600.125000 	 142.984680 	 204.276428 	 36.257500 	 2.000000 
67636.304688 	 21544.566406 	 71386.093750 	 155.279343 	 85.070526 	 182.230820 	 2.000000 
67528.921875 	 22183.886719 	 71439.460938 	 163.771774 	 49.780266 	 151.728577 	 2.000000 
65680.132812 	 21674.662109 	 73748.148438 	 170.454834 	 142.944504 	 30.261747 	 2.000000 
66252.117188 	 21075.417969 	 73491.835938 	 117.230453 	 235.407333 	 87.083153 	 2.000000 
67587.976562 	 21696.267578 	 71316.570312 	 126.130058 	 74.287170 	 109.161179 	 2.000000 
65253.953125 	 21805.578125 	 72173.781250 	 226.398376 	 161.009109 	 187.772583 	 2.000000 
66052.992188 	 22269.654297 	 72411.296875 	 132.850754 	 41.162071 	 174.099274 	 2.000000 
67798.257812 	 21342.998047 	 73246.539062 	 60.430611 	 164.798233 	 49.999336 	 2.000000 
66233.140625 	 21666.585938 	 72389.132812 	 211.107391 	 226.655533 	 237.631592 	 2.000000 
68670.164062 	 21774.654297 	 72307.906250 	 77.147278 	 120.654991 	 38.427208 	 2.000000 
67473.507812 	 20056.089844 	 71784.929688 	 174.030762 	 199.586746 	 36.052704 	 2.000000 
65572.421875 	 23099.937500 	 72836.062500 	 203.948441 	 166.266632 	 109.360611 	 2.000000 
66948.445312 	 20601.560547 	 71296.710938 	 181.620697 	 110.753456 	 185.066467 	 2.000000 
66655.187500 	 21125.291016 	 71761.210938 	 173.838867 	 172.516068 	 205.483444 	 2.000000 
65738.070312 	 21189.960938 	 73977.843750 	 175.826569 	 191.887878 	 42.884190 	 2.000000 
67036.476562 	 20837.408203 	 73256.593750 	 98.777069 	 215.582657 	 40.453823 	 2.000000 
67303.734375 	 21319.875000 	 72295.234375 	 71.469780 	 128.344055 	 -14.484173 	 2.000000 
65845.960938 	 22114.162109 	 72698.281250 	 133.135712 	 146.109909 	 130.133102 	 2.000000 
65853.382812 	 22377.357422 	 72837.312500 	 136.952698 	 101.327705 	 180.914032 	 2.000000 
67345.328125 	 21508.800781 	 71647.820312 	 138.500443 	 172.119446 	 121.821701 	 2.000000 
67502.523438 	 21274.730469 	 71641.156250 	 145.548782 	 164.968323 	 119.888252 	 2.000000 
65492.039062 	 22992.884766 	 73112.210938 	 206.886002 	 143.914139 	 180.415070 	 2.000000 
66066.593750 	 22084.404297 	 72469.718750 	 100.097824 	 68.646523 	 92.759575 	 2.000000 
67066.328125 	 21136.228516 	 72684.742188 	 97.348091 	 221.531311 	 1.064957 	 2.000000 
68027.710938 	 20921.865234 	 71525.695312 	 130.429352 	 104.834106 	 115.974533 	 2.000000 
65410.718750 	 22724.117188 	 72706.609375 	 230.278397 	 150.232285 	 220.727768 	 2.000000 
66894.921875 	 22035.960938 	 72713.757812 	 76.528008 	 84.142441 	 34.511932 	 2.000000 
65657.359375 	 22217.277344 	 72698.078125 	 175.599930 	 145.521545 	 165.580536 	 2.000000 
66724.437500 	 21609.884766 	 72172.468750 	 62.273251 	 41.962582 	 198.893448 	 2.000000 
66334.789062 	 23117.539062 	 71873.937500 	 170.524719 	 94.957207 	 235.162659 	 8.000000 
67901.273438 	 20861.185547 	 71234.664062 	 187.285248 	 103.145958 	 193.480682 	 2.000000 
65045.183594 	 21852.832031 	 72273.906250 	 220.190048 	 160.179672 	 187.026215 	 2.000000 
65928.296875 	 21376.125000 	 73690.382812 	 148.436127 	 188.601059 	 33.910702 	 2.000000 
67727.679688 	 20985.957031 	 71108.171875 	 173.117950 	 131.693558 	 135.945099 	 2.000000 
65984.109375 	 22214.199219 	 72727.062500 	 160.735947 	 54.867168 	 219.784790 	 2.000000 
65509.464844 	 22351.167969 	 72767.109375 	 155.596848 	 156.784714 	 59.052769 	 2.000000 
67258.320312 	 21598.523438 	 71524.945312 	 103.219826 	 80.830322 	 95.954353 	 2.000000 
67096.781250 	 21634.111328 	 71925.992188 	 126.084076 	 37.055687 	 190.711990 	 2.000000 
66064.632812 	 21947.318359 	 73020.648438 	 121.395897 	 184.052124 	 114.660500 	 2.000000 
66247.179688 	 21529.689453 	 72378.148438 	 181.936981 	 271.853638 	 73.444656 	 2.000000 
65712.937500 	 22550.707031 	 73030.320312 	 89.541321 	 147.449509 	 82.387474 	 2.000000 
66720.718750 	 20628.388672 	 71148.835938 	 225.391830 	 137.535965 	 148.406342 	 2.000000 
67969.851562 	 21301.755859 	 71284.937500 	 105.066864 	 121.504715 	 56.209892 	 2.000000 
68119.734375 	 23102.527344 	 71761.601562 	 120.883682 	 87.812462 	 107.191101 	 2.000000 
66964.757812 	 21564.066406 	 72123.140625 	 79.913399 	 95.238174 	 120.627640 	 2.000000 
67853.523438 	 22165.003906 	 71620.789062 	 181.416763 	 44.996674 	 160.079102 	 2.000000 
65960.218750 	 21139.839844 	 73740.164062 	 122.420853 	 252.224380 	 25.812822 	 2.000000 
67794.078125 	 20823.123047 	 71827.687500 	 48.548603 	 133.534012 	 91.330658 	 2.000000 
66004.335938 	 22299.181641 	 72981.671875 	 189.300201 	 158.013672 	 31.603294 	 2.000000 
64827.453125 	 21626.146484 	 71827.460938 	 204.199417 	 148.604507 	 175.996704 	 2.000000 
65400.136719 	 22771.552734 	 72758.500000 	 201.842194 	 110.891983 	 255.949509 	 2.000000 
66565.515625 	 21541.156250 	 72011.601562 	 179.229263 	 252.234726 	 232.168137 	 2.000000 
67759.203125 	 21555.824219 	 73912.578125 	 49.263046 	 169.587082 	 49.521938 	 2.000000 
66112.062500 	 22189.037109 	 72467.382812 	 236.854004 	 151.366882 	 155.272766 	 2.000000 
67323.984375 	 20248.242188 	 72056.187500 	 168.101669 	 208.425812 	 42.591099 	 2.000000 
67387.007812 	 20530.052734 	 72394.750000 	 121.223297 	 216.388855 	 12.394585 	 2.000000 
66751.085938 	 20948.136719 	 71247.257812 	 213.537674 	 151.897827 	 175.095810 	 2.000000 
67074.726562 	 20078.820312 	 71158.140625 	 230.816559 	 99.421997 	 134.861832 	 2.000000 
64741.332031 	 21235.570312 	 71894.117188 	 198.837234 	 147.015182 	 173.832001 	 2.000000 
64760.695312 	 21231.083984 	 71897.085938 	 193.304565 	 144.104355 	 179.128174 	 2.000000 
67200.765625 	 20973.865234 	 72193.593750 	 108.699898 	 166.239655 	 85.781464 	 2.000000 
66136.078125 	 21990.451172 	 71990.382812 	 261.428925 	 82.794243 	 124.238304 	 2.000000 
67730.007812 	 22088.677734 	 71209.359375 	 170.566376 	 91.193001 	 126.578682 	 2.000000 
67893.453125 	 21851.488281 	 71135.406250 	 151.717331 	 89.525017 	 95.271088 	 2.000000 
65839.906250 	 21613.462891 	 73900.554688 	 128.352890 	 139.719757 	 29.933914 	 2.000000 
65793.234375 	 20457.638672 	 72894.843750 	 171.754913 	 200.276123 	 112.369743 	 2.000000 
65913.210938 	 22354.718750 	 72864.148438 	 153.016495 	 181.895935 	 87.187271 	 2.000000 
66244.656250 	 21665.136719 	 71938.164062 	 137.534515 	 136.165665 	 253.696747 	 2.000000 
66533.578125 	 21469.931641 	 71657.289062 	 219.256882 	 178.689606 	 234.791107 	 2.000000 
67968.664062 	 20665.533203 	 71563.179688 	 164.262039 	 127.892914 	 136.140076 	 2.000000 
67902.882812 	 20965.001953 	 72126.507812 	 49.122585 	 135.554596 	 13.547502 	 2.000000 
65215.863281 	 22778.541016 	 73137.953125 	 221.543228 	 158.574936 	 204.111053 	 2.000000 
66379.398438 	 23371.318359 	 71386.476562 	 175.148544 	 95.390572 	 233.410583 	 6.000000 
66989.257812 	 20932.292969 	 73727.132812 	 89.903412 	 171.853287 	 53.551342 	 2.000000 
68139.187500 	 20638.197266 	 71546.906250 	 137.979614 	 115.483398 	 115.777344 	 2.000000 
67536.031250 	 20865.457031 	 73471.945312 	 75.851471 	 177.011459 	 40.258358 	 17.000000 
67182.632812 	 21688.685547 	 71530.125000 	 93.805588 	 112.933945 	 182.361801 	 2.000000 
66252.484375 	 21140.882812 	 71797.148438 	 222.602081 	 210.963608 	 111.118721 	 2.000000 
67847.039062 	 20253.072266 	 71853.992188 	 187.224609 	 212.553833 	 51.532375 	 2.000000 
66587.406250 	 23263.197266 	 73443.593750 	 97.905952 	 174.411575 	 92.294724 	 10.000000 
66942.226562 	 21823.527344 	 72812.421875 	 104.751984 	 60.449146 	 46.635441 	 2.000000 
66243.531250 	 21632.437500 	 72720.757812 	 94.512352 	 154.679520 	 66.245789 	 2.000000 
67091.296875 	 21126.992188 	 72968.812500 	 75.628075 	 172.372482 	 27.127285 	 2.000000 
65730.890625 	 21800.472656 	 72863.960938 	 177.980957 	 113.948608 	 123.764336 	 2.000000 
65806.648438 	 20457.666016 	 71423.250000 	 222.251297 	 159.259781 	 135.399551 	 1.000000 
66145.187500 	 20933.773438 	 71691.109375 	 187.582748 	 202.257538 	 97.091454 	 2.000000 
66879.117188 	 20178.359375 	 71456.335938 	 204.665970 	 106.292404 	 157.771347 	 2.000000 
66772.531250 	 20842.029297 	 74232.976562 	 50.610481 	 170.810074 	 63.977726 	 2.000000 
65781.585938 	 20628.673828 	 73229.476562 	 175.718323 	 215.570282 	 115.850769 	 2.000000 
66134.835938 	 21199.328125 	 73810.726562 	 84.886841 	 211.325150 	 85.027679 	 2.000000 
65768.429688 	 21703.076172 	 73628.695312 	 136.513336 	 127.896194 	 7.329600 	 2.000000 
66853.023438 	 22029.445312 	 72965.773438 	 88.108269 	 129.694260 	 15.586225 	 2.000000 
65722.742188 	 22272.517578 	 73040.437500 	 140.434967 	 178.199600 	 97.858284 	 2.000000 
67206.414062 	 23331.945312 	 72278.460938 	 117.018318 	 120.000420 	 140.323608 	 0.000000 
65667.960938 	 22644.222656 	 72801.718750 	 152.748428 	 82.192543 	 131.132355 	 2.000000 
66196.851562 	 21947.001953 	 72248.414062 	 171.892151 	 -34.079468 	 162.182449 	 2.000000 
67181.789062 	 21541.804688 	 71519.031250 	 128.331665 	 184.554718 	 147.235489 	 2.000000 
65498.945312 	 20362.142578 	 73062.015625 	 191.281860 	 192.047943 	 110.425301 	 2.000000 
66512.093750 	 20492.781250 	 71426.585938 	 233.899612 	 139.506378 	 169.578201 	 3.000000 
66788.281250 	 21513.027344 	 72061.289062 	 81.643753 	 115.239235 	 191.178146 	 2.000000 
67711.484375 	 21390.275391 	 71843.781250 	 95.797585 	 100.072060 	 87.158669 	 2.000000 
67990.953125 	 22017.015625 	 71491.992188 	 187.139221 	 53.430824 	 118.174980 	 2.000000 
67219.578125 	 23113.091797 	 71738.875000 	 166.256195 	 87.277397 	 191.736969 	 2.000000 
65696.226562 	 21286.427734 	 73658.164062 	 151.761688 	 181.989487 	 94.957527 	 2.000000 
66273.640625 	 20127.667969 	 73334.726562 	 137.551025 	 196.020218 	 83.498474 	 5.000000 
67080.039062 	 21541.169922 	 72624.085938 	 83.641083 	 93.944336 	 154.004929 	 2.000000 
66050.679688 	 21587.742188 	 73534.546875 	 189.042969 	 203.486801 	 7.050727 	 2.000000 
65443.359375 	 20417.910156 	 72248.000000 	 209.850266 	 173.638275 	 111.335915 	 4.000000 
66367.039062 	 21792.406250 	 71943.437500 	 266.276764 	 219.388840 	 286.206360 	 2.000000 
67812.632812 	 20926.289062 	 71706.562500 	 154.982758 	 105.369461 	 126.006386 	 2.000000 
68335.398438 	 21466.392578 	 71261.578125 	 118.743279 	 139.015564 	 49.570591 	 2.000000 
68015.554688 	 22804.275391 	 71309.687500 	 202.433182 	 68.937248 	 193.035355 	 2.000000 
66547.382812 	 22973.880859 	 71178.140625 	 178.982010 	 91.795860 	 222.555756 	 7.000000 
65890.593750 	 21079.306641 	 73099.414062 	 175.613266 	 237.475540 	 114.978035 	 2.000000 
65964.781250 	 21387.712891 	 73579.867188 	 213.985825 	 235.278946 	 133.855957 	 2.000000 
65917.085938 	 20487.732422 	 71479.015625 	 228.404831 	 157.864441 	 136.534744 	 1.000000 
68099.820312 	 21346.437500 	 71432.757812 	 132.450333 	 106.909714 	 75.844673 	 2.000000 
67621.539062 	 21719.843750 	 71420.101562 	 160.289978 	 122.584747 	 188.537750 	 2.000000 
66873.007812 	 21503.476562 	 71534.734375 	 110.144051 	 107.786430 	 131.661179 	 2.000000 
67294.835938 	 21311.570312 	 71794.523438 	 152.027664 	 154.540634 	 200.886719 	 2.000000 
65828.820312 	 22753.201172 	 73107.906250 	 134.162415 	 101.195129 	 144.200989 	 2.000000 
66533.710938 	 21187.103516 	 72957.984375 	 146.086395 	 235.008072 	 78.712692 	 2.000000 
67078.992188 	 21097.312500 	 73213.039062 	 71.537071 	 174.755234 	 -5.298129 	 2.000000 
66791.265625 	 21210.367188 	 72947.156250 	 114.034805 	 179.805283 	 18.232479 	 2.000000 
66030.015625 	 22161.326172 	 72581.078125 	 202.333694 	 163.492630 	 79.660629 	 2.000000 
65731.765625 	 21095.861328 	 74078.906250 	 208.583801 	 174.647964 	 76.865288 	 2.000000 
66291.757812 	 21966.421875 	 72495.679688 	 243.626236 	 76.428406 	 101.382553 	 2.000000 
67593.093750 	 21126.818359 	 71662.585938 	 142.807983 	 142.707947 	 125.329536 	 2.000000 
68543.117188 	 21270.435547 	 71724.843750 	 75.840378 	 120.486992 	 28.975096 	 0.000000 
67797.875000 	 21581.146484 	 73845.625000 	 54.120975 	 130.088989 	 49.073380 	 2.000000 
65891.640625 	 20945.585938 	 73837.328125 	 131.398224 	 262.070435 	 101.017540 	 2.000000 
66255.710938 	 21819.015625 	 72391.757812 	 228.491409 	 211.468155 	 119.327362 	 2.000000 
67527.960938 	 21233.525391 	 71628.906250 	 152.703568 	 167.993881 	 123.828117 	 2.000000 
67807.281250 	 20638.220703 	 71205.757812 	 185.404251 	 94.781311 	 194.347092 	 2.000000 
68035.437500 	 20661.748047 	 71737.609375 	 100.610146 	 200.983917 	 92.516487 	 2.000000 
66198.351562 	 21989.220703 	 72330.664062 	 240.517548 	 28.850990 	 124.184410 	 2.000000 
67166.046875 	 21857.253906 	 72453.203125 	 66.068367 	 60.228584 	 88.026131 	 2.000000 
67679.742188 	 22249.427734 	 71493.242188 	 175.334747 	 55.634056 	 146.435272 	 2.000000 
66154.093750 	 21939.582031 	 72683.414062 	 185.870560 	 30.742947 	 200.678787 	 2.000000 
67457.937500 	 21017.314453 	 72374.703125 	 114.466103 	 193.280304 	 45.592281 	 2.000000 
65872.859375 	 22395.787109 	 72953.695312 	 149.268951 	 198.296341 	 102.267410 	 2.000000 
66225.328125 	 21603.189453 	 71919.281250 	 148.721512 	 207.925598 	 176.825500 	 2.000000 
66410.710938 	 21704.529297 	 72399.757812 	 143.201218 	 246.288269 	 122.468842 	 2.000000 
66033.070312 	 21073.810547 	 71789.148438 	 209.084930 	 188.454224 	 109.117752 	 2.000000 
64815.441406 	 21275.044922 	 71910.179688 	 198.223419 	 144.160080 	 177.646851 	 2.000000 
67656.960938 	 20361.824219 	 71740.187500 	 106.061264 	 168.512726 	 83.253609 	 2.000000 
64835.781250 	 22396.474609 	 72624.945312 	 196.609314 	 152.795456 	 231.323959 	 0.000000 
66900.429688 	 21015.628906 	 72624.554688 	 164.451584 	 229.749756 	 70.616249 	 2.000000 
66161.906250 	 21769.099609 	 72690.968750 	 131.706940 	 205.694641 	 99.646591 	 2.000000 
65559.140625 	 22755.078125 	 72932.703125 	 136.622299 	 72.200378 	 206.832489 	 2.000000 
66175.554688 	 21976.326172 	 72825.500000 	 180.856445 	 198.964066 	 137.840607 	 2.000000 
66168.257812 	 22121.083984 	 73052.820312 	 206.974426 	 115.376213 	 188.086105 	 2.000000 
66680.218750 	 21116.666016 	 71432.328125 	 209.976242 	 168.184021 	 190.479263 	 2.000000 
68138.421875 	 21251.146484 	 72195.359375 	 63.576111 	 136.280411 	 33.853966 	 2.000000 
66529.398438 	 22001.121094 	 72669.835938 	 80.372910 	 82.282509 	 69.770699 	 2.000000 
66860.406250 	 23582.498047 	 72565.539062 	 101.693604 	 136.837234 	 143.357376 	 21.000000 
65954.179688 	 21218.191406 	 73863.171875 	 141.792969 	 147.002243 	 41.905182 	 2.000000 
66948.781250 	 20389.458984 	 70954.539062 	 216.002777 	 101.242073 	 142.792465 	 2.000000 
67325.484375 	 21279.359375 	 71388.164062 	 155.903061 	 164.645111 	 142.851883 	 2.000000 
67318.687500 	 23311.074219 	 71731.703125 	 169.784714 	 83.526009 	 193.666046 	 2.000000 
66002.718750 	 21059.142578 	 73930.500000 	 98.263046 	 218.863373 	 90.046120 	 2.000000 
65849.937500 	 20292.119141 	 71551.437500 	 204.654846 	 180.090714 	 93.613037 	 1.000000 
64921.390625 	 21573.400391 	 72279.640625 	 213.291077 	 179.690536 	 136.958115 	 2.000000 
68175.921875 	 21162.048828 	 71951.726562 	 60.094578 	 121.266121 	 37.514515 	 2.000000 
67123.125000 	 21527.935547 	 72740.156250 	 45.611115 	 139.161209 	 -33.141937 	 2.000000 
67856.398438 	 22230.041016 	 71596.773438 	 184.281097 	 41.709423 	 164.051514 	 2.000000 
66200.296875 	 21741.113281 	 72953.820312 	 95.002884 	 226.828171 	 110.315010 	 2.000000 
67362.210938 	 20861.402344 	 72491.226562 	 74.902069 	 207.273010 	 24.869194 	 2.000000 
67992.343750 	 20556.763672 	 72121.812500 	 46.362778 	 147.120117 	 -12.982972 	 2.000000 
67290.906250 	 20786.685547 	 72508.507812 	 110.419083 	 224.202667 	 15.807295 	 2.000000 
66166.398438 	 21592.171875 	 72997.367188 	 71.842537 	 220.887802 	 79.715347 	 2.000000 
65901.664062 	 22648.121094 	 73097.976562 	 135.103714 	 148.418686 	 96.502930 	 2.000000 
65711.078125 	 22560.093750 	 73084.679688 	 164.607132 	 128.849777 	 29.224182 	 2.000000 
66160.179688 	 21856.279297 	 72216.492188 	 124.943192 	 143.641342 	 285.639191 	 2.000000 
67078.710938 	 21704.974609 	 71584.640625 	 103.137260 	 178.247421 	 139.370148 	 2.000000 
67973.578125 	 21215.666016 	 72201.640625 	 56.433617 	 115.932541 	 40.085091 	 2.000000 
65475.886719 	 23011.125000 	 73196.851562 	 198.944351 	 145.224030 	 187.097305 	 2.000000 
66254.062500 	 21206.375000 	 71818.546875 	 236.340042 	 216.295609 	 120.371597 	 2.000000 
66380.523438 	 21570.970703 	 71793.593750 	 175.102203 	 245.690903 	 181.338684 	 2.000000 
65868.429688 	 20201.853516 	 71147.773438 	 219.165665 	 117.147781 	 162.232224 	 0.000000 
67228.992188 	 20971.392578 	 71857.593750 	 85.238632 	 139.964005 	 61.370937 	 2.000000 
67867.453125 	 21208.406250 	 71444.640625 	 96.253098 	 97.956985 	 58.676613 	 2.000000 
67187.398438 	 21981.142578 	 71686.898438 	 140.601135 	 55.708126 	 161.432877 	 2.000000 
67948.453125 	 22024.367188 	 71513.140625 	 177.253448 	 26.600052 	 138.752731 	 2.000000 
65887.367188 	 20614.728516 	 73775.179688 	 132.868866 	 223.252594 	 95.561142 	 2.000000 
66430.570312 	 21355.820312 	 72037.914062 	 232.749191 	 232.929688 	 197.207565 	 2.000000 
67776.476562 	 20466.273438 	 71934.539062 	 193.619446 	 239.803070 	 53.330036 	 2.000000 
67759.414062 	 20405.703125 	 71710.062500 	 132.152512 	 182.128479 	 86.706696 	 2.000000 
67102.914062 	 21102.113281 	 72534.945312 	 103.731750 	 255.427322 	 44.589119 	 2.000000 
66422.609375 	 21727.162109 	 71895.367188 	 107.409698 	 113.244591 	 293.857910 	 2.000000 
68019.070312 	 20464.724609 	 71268.609375 	 67.834373 	 111.098099 	 60.408867 	 2.000000 
68058.726562 	 21955.970703 	 72239.156250 	 72.191383 	 108.535698 	 51.573669 	 2.000000 
66311.468750 	 23427.082031 	 71950.359375 	 170.947876 	 102.813828 	 235.458588 	 8.000000 
64938.343750 	 21417.347656 	 72979.359375 	 215.078674 	 186.582703 	 128.038147 	 0.000000 
65991.203125 	 21642.328125 	 73065.460938 	 221.656891 	 135.406158 	 132.566879 	 2.000000 
66873.101562 	 21350.275391 	 72833.328125 	 116.602943 	 170.290588 	 0.433751 	 2.000000 
65753.265625 	 22288.515625 	 72879.265625 	 181.019928 	 186.955719 	 144.917328 	 2.000000 
66415.914062 	 21079.039062 	 71616.539062 	 175.003220 	 208.034744 	 129.241165 	 2.000000 
67336.070312 	 20068.808594 	 71047.468750 	 178.874786 	 65.806374 	 158.005264 	 2.000000 
66779.640625 	 21792.912109 	 72802.710938 	 86.720383 	 109.525017 	 25.020426 	 2.000000 
67651.812500 	 21218.455078 	 71972.289062 	 87.713058 	 95.659523 	 85.116447 	 2.000000 
67331.726562 	 23294.921875 	 72832.906250 	 82.205597 	 145.889969 	 93.056648 	 22.000000 
67875.726562 	 22496.179688 	 71562.039062 	 195.257324 	 66.814484 	 193.051010 	 2.000000 
65939.031250 	 21549.595703 	 73351.148438 	 128.573364 	 244.794296 	 1.096877 	 2.000000 
65788.054688 	 20555.302734 	 73112.750000 	 176.361938 	 210.736389 	 109.599968 	 2.000000 
67030.226562 	 21293.970703 	 72735.343750 	 73.279144 	 200.889343 	 -11.253404 	 2.000000 
66519.265625 	 21252.966797 	 73192.093750 	 112.443771 	 202.377243 	 53.545673 	 2.000000 
65765.921875 	 22263.789062 	 72990.140625 	 173.957123 	 103.292046 	 208.998535 	 2.000000 
66305.484375 	 21028.988281 	 71554.710938 	 186.282791 	 204.589188 	 136.256714 	 2.000000 
66889.921875 	 21724.945312 	 71674.710938 	 63.143082 	 160.029861 	 120.986122 	 2.000000 
67825.882812 	 21046.822266 	 71519.468750 	 94.054169 	 99.836502 	 70.540863 	 2.000000 
67401.757812 	 20997.345703 	 72045.406250 	 102.703514 	 183.880646 	 30.235767 	 2.000000 
66838.671875 	 23426.867188 	 73326.968750 	 52.687599 	 167.765335 	 107.384102 	 10.000000 
66961.992188 	 22370.892578 	 73031.789062 	 91.413147 	 117.110703 	 63.032566 	 2.000000 
66235.796875 	 21133.371094 	 73760.328125 	 82.760643 	 196.927307 	 74.359093 	 2.000000 
67519.187500 	 20639.201172 	 71939.140625 	 138.391708 	 207.488419 	 11.484260 	 2.000000 
67709.367188 	 20477.794922 	 71995.023438 	 192.153412 	 232.447647 	 46.149837 	 2.000000 
65728.398438 	 22404.322266 	 72828.367188 	 173.885239 	 176.099304 	 180.112656 	 2.000000 
66163.234375 	 21893.531250 	 72916.742188 	 145.006622 	 223.786758 	 141.049896 	 2.000000 
66324.546875 	 21497.037109 	 72109.593750 	 256.989624 	 267.770050 	 118.841423 	 2.000000 
66495.109375 	 21664.447266 	 71905.484375 	 34.808739 	 176.848831 	 163.053101 	 2.000000 
66632.195312 	 21733.925781 	 72472.734375 	 227.461853 	 111.000420 	 74.476250 	 2.000000 
67635.554688 	 21149.296875 	 71166.179688 	 151.726944 	 132.930969 	 131.866821 	 2.000000 
68046.804688 	 20340.734375 	 71903.851562 	 57.343819 	 151.018372 	 22.881792 	 2.000000 
66969.460938 	 22269.630859 	 73064.007812 	 83.736969 	 113.283516 	 55.481903 	 2.000000 
68234.203125 	 22094.634766 	 71353.976562 	 185.563354 	 48.297455 	 150.331589 	 2.000000 
66779.140625 	 19618.607422 	 72504.351562 	 150.407349 	 183.177963 	 61.045940 	 13.000000 
65871.507812 	 21893.027344 	 72778.390625 	 76.924660 	 97.920578 	 99.418922 	 2.000000 
66286.289062 	 21558.210938 	 72274.851562 	 265.488464 	 265.635071 	 73.525146 	 2.000000 
65933.703125 	 22092.554688 	 72588.562500 	 173.383621 	 145.676208 	 117.278244 	 2.000000 
66977.601562 	 20060.050781 	 71142.929688 	 217.501022 	 90.309883 	 135.007370 	 2.000000 
67964.398438 	 21020.150391 	 71445.742188 	 86.484337 	 114.284180 	 83.660454 	 2.000000 
67492.578125 	 21643.568359 	 71371.328125 	 123.065926 	 63.470188 	 112.011330 	 2.000000 
67952.640625 	 21963.630859 	 71466.859375 	 172.163239 	 53.928986 	 135.139282 	 2.000000 
65503.269531 	 22832.681641 	 73243.640625 	 158.021835 	 96.167587 	 192.739090 	 2.000000 
66312.375000 	 20686.261719 	 71095.953125 	 215.232422 	 94.376060 	 212.097763 	 2.000000 
65938.992188 	 21608.830078 	 73682.414062 	 211.336853 	 221.239822 	 56.298832 	 2.000000 
67333.156250 	 21328.400391 	 72469.046875 	 105.470078 	 238.559723 	 100.958069 	 2.000000 
65800.210938 	 21629.564453 	 73268.601562 	 124.757622 	 181.309082 	 -6.380768 	 2.000000 
65663.898438 	 22760.576172 	 72776.226562 	 133.954971 	 145.282959 	 77.790398 	 2.000000 
65830.585938 	 22936.765625 	 72920.273438 	 183.553833 	 142.576218 	 60.157825 	 2.000000 
66275.835938 	 22025.439453 	 72461.039062 	 220.439224 	 39.648560 	 119.054131 	 2.000000 
66129.343750 	 21048.687500 	 71833.515625 	 241.439697 	 198.846619 	 114.470222 	 2.000000 
66347.820312 	 21426.009766 	 71580.546875 	 224.604462 	 199.599335 	 182.950165 	 2.000000 
68000.312500 	 20958.630859 	 71628.898438 	 94.767517 	 87.986496 	 78.154930 	 2.000000 
68173.523438 	 21433.253906 	 71033.835938 	 110.261993 	 139.649246 	 40.157169 	 2.000000 
67718.804688 	 23454.263672 	 72322.898438 	 120.177330 	 122.792496 	 136.808929 	 19.000000 
67336.164062 	 22145.802734 	 71637.296875 	 159.326233 	 58.095970 	 161.334000 	 2.000000 
67596.921875 	 23317.958984 	 71535.601562 	 179.084076 	 83.755844 	 210.515991 	 2.000000 
66743.523438 	 22066.253906 	 73052.414062 	 86.931870 	 132.866165 	 27.541967 	 2.000000 
65860.164062 	 21209.501953 	 73947.882812 	 177.588852 	 196.383820 	 25.337885 	 2.000000 
65547.382812 	 19995.542969 	 72764.398438 	 184.579666 	 171.772156 	 94.207138 	 0.000000 
67929.195312 	 20252.765625 	 71625.515625 	 125.220245 	 210.930984 	 -16.163250 	 2.000000 
66892.632812 	 21979.615234 	 72831.187500 	 99.808823 	 128.295547 	 6.898215 	 2.000000 
66130.156250 	 21289.718750 	 73795.054688 	 187.214279 	 167.636047 	 57.895279 	 2.000000 
66236.585938 	 21600.964844 	 72430.335938 	 200.921860 	 214.142502 	 211.193329 	 2.000000 
65649.023438 	 20680.814453 	 72987.679688 	 210.654419 	 194.269180 	 122.095772 	 2.000000 
65616.968750 	 21709.953125 	 73441.468750 	 247.884308 	 170.641388 	 53.112991 	 2.000000 
66445.546875 	 21848.906250 	 71914.632812 	 36.962128 	 173.421753 	 208.660446 	 2.000000 
67262.851562 	 21642.005859 	 71515.398438 	 126.791237 	 159.583649 	 165.738327 	 2.000000 
67208.343750 	 21139.625000 	 73151.437500 	 53.607414 	 163.861313 	 12.780791 	 2.000000 
68188.468750 	 21218.423828 	 71208.367188 	 197.012497 	 122.062981 	 183.767136 	 2.000000 
67112.179688 	 21588.080078 	 71939.273438 	 106.358910 	 125.811180 	 175.575378 	 2.000000 
65706.601562 	 20855.748047 	 73685.921875 	 175.542892 	 231.841125 	 122.939911 	 2.000000 
66075.093750 	 20605.130859 	 73607.625000 	 135.103989 	 219.735352 	 97.010582 	 2.000000 
67785.976562 	 20262.490234 	 71831.609375 	 204.860977 	 207.612808 	 62.024189 	 2.000000 
65754.843750 	 21179.742188 	 73691.179688 	 165.677277 	 199.875687 	 85.229378 	 2.000000 
65631.140625 	 21733.968750 	 73415.851562 	 249.580963 	 162.904526 	 52.343651 	 2.000000 
65789.710938 	 20484.021484 	 71434.789062 	 224.586014 	 154.644852 	 137.389893 	 1.000000 
66246.234375 	 21082.314453 	 71764.781250 	 217.239380 	 203.999664 	 108.046417 	 2.000000 
64824.691406 	 22219.451172 	 72197.500000 	 205.814606 	 158.492279 	 193.792160 	 2.000000 
68382.812500 	 21316.824219 	 72197.789062 	 50.159248 	 141.606491 	 42.304127 	 2.000000 
68023.421875 	 21171.000000 	 72021.203125 	 55.355762 	 116.413017 	 41.763466 	 2.000000 
67935.164062 	 21234.095703 	 71424.500000 	 99.493721 	 113.541519 	 60.535877 	 2.000000 
66477.960938 	 23189.560547 	 73531.429688 	 101.321480 	 180.329987 	 64.709457 	 10.000000 
67178.750000 	 21687.978516 	 72050.000000 	 81.403343 	 77.244598 	 108.478218 	 2.000000 
66804.187500 	 22000.220703 	 72935.492188 	 92.844666 	 122.726013 	 19.426327 	 2.000000 
67316.085938 	 19947.750000 	 72579.218750 	 134.971390 	 194.849838 	 37.601482 	 14.000000 
67294.625000 	 20122.541016 	 72536.968750 	 138.596390 	 202.422729 	 36.450443 	 14.000000 
67890.523438 	 20843.859375 	 71712.843750 	 155.541153 	 91.606331 	 125.188965 	 2.000000 
65592.609375 	 23202.787109 	 72941.507812 	 203.238312 	 189.075470 	 83.511314 	 2.000000 
67148.570312 	 21038.328125 	 72100.656250 	 102.499382 	 158.165878 	 88.968018 	 2.000000 
68000.164062 	 21306.771484 	 72205.460938 	 60.063156 	 121.614479 	 35.875244 	 2.000000 
65769.304688 	 22226.550781 	 72832.320312 	 173.478836 	 176.242966 	 146.003235 	 2.000000 
66140.554688 	 22340.857422 	 72400.062500 	 120.594521 	 41.145363 	 170.310608 	 2.000000 
67413.500000 	 21482.617188 	 71870.570312 	 148.128830 	 61.583282 	 175.185455 	 2.000000 
65548.281250 	 21467.136719 	 73974.664062 	 218.911575 	 165.677002 	 89.733162 	 2.000000 
66792.921875 	 20764.255859 	 74142.929688 	 70.541985 	 164.397171 	 74.732254 	 2.000000 
66739.328125 	 20873.984375 	 74193.445312 	 80.108551 	 164.201401 	 70.473564 	 2.000000 
66682.632812 	 21041.720703 	 73203.296875 	 114.499588 	 205.164719 	 48.081139 	 2.000000 
65217.152344 	 22426.974609 	 73451.312500 	 201.881866 	 183.492508 	 68.700516 	 9.000000 
66606.281250 	 21874.427734 	 72031.554688 	 261.726166 	 42.803997 	 186.893875 	 2.000000 
66472.789062 	 21938.298828 	 72401.187500 	 68.237541 	 53.233322 	 54.214588 	 2.000000 
68273.851562 	 20917.951172 	 71312.390625 	 89.985283 	 125.317238 	 67.164719 	 2.000000 
67694.023438 	 23353.783203 	 72026.429688 	 113.297470 	 118.619095 	 119.418442 	 19.000000 
65426.375000 	 22680.333984 	 73115.304688 	 225.052841 	 120.397430 	 234.326416 	 2.000000 
65605.054688 	 22292.777344 	 72864.453125 	 91.941719 	 143.628983 	 74.369232 	 2.000000 
67220.421875 	 22063.271484 	 71494.820312 	 150.869095 	 58.710747 	 159.126801 	 2.000000 
65668.929688 	 21176.117188 	 73915.296875 	 121.597656 	 233.730896 	 49.168751 	 2.000000 
66064.007812 	 19961.714844 	 73400.820312 	 128.251938 	 195.374283 	 83.788551 	 5.000000 
66017.257812 	 22262.830078 	 72753.539062 	 147.978241 	 150.902115 	 111.052658 	 2.000000 
65745.820312 	 21463.035156 	 71986.257812 	 258.359192 	 166.005188 	 185.376877 	 2.000000 
66248.375000 	 21578.275391 	 72003.679688 	 234.134872 	 267.465607 	 145.822021 	 2.000000 
66343.796875 	 21395.490234 	 71542.562500 	 223.515198 	 201.869171 	 181.864227 	 2.000000 
67388.140625 	 21392.708984 	 71401.835938 	 144.858810 	 149.276306 	 162.057983 	 2.000000 
66407.234375 	 20446.500000 	 71404.757812 	 234.220551 	 137.020020 	 170.100403 	 3.000000 
65075.878906 	 21736.933594 	 72191.492188 	 221.388092 	 157.578781 	 184.522797 	 2.000000 
66353.359375 	 20136.275391 	 70974.148438 	 224.394424 	 86.231712 	 186.498795 	 0.000000 
68386.375000 	 21480.462891 	 72351.703125 	 66.747986 	 112.744255 	 36.792324 	 2.000000 
67283.976562 	 21556.896484 	 71886.000000 	 123.878273 	 113.765892 	 187.483734 	 2.000000 
66938.632812 	 21656.525391 	 71488.414062 	 144.877533 	 112.955093 	 181.639877 	 2.000000 
66520.414062 	 22933.255859 	 72347.398438 	 123.233200 	 92.370430 	 174.115891 	 0.000000 
65777.578125 	 22486.189453 	 70851.648438 	 180.743317 	 104.327652 	 206.816681 	 0.000000 
66724.726562 	 23315.783203 	 72009.851562 	 165.487106 	 101.358765 	 229.020508 	 18.000000 
68307.953125 	 22570.498047 	 71430.539062 	 149.369339 	 57.807243 	 110.555603 	 2.000000 
65818.015625 	 21168.896484 	 73565.914062 	 146.924911 	 215.855133 	 79.329391 	 2.000000 
65805.398438 	 21239.072266 	 74029.164062 	 211.305344 	 181.195389 	 68.310410 	 2.000000 
66322.523438 	 20098.800781 	 73072.320312 	 140.044876 	 197.837524 	 76.652473 	 5.000000 
66887.234375 	 21168.095703 	 72813.546875 	 136.337540 	 188.027420 	 43.479588 	 2.000000 
66833.421875 	 21656.048828 	 72794.851562 	 63.741924 	 78.380730 	 49.021084 	 2.000000 
65988.351562 	 21400.144531 	 73758.656250 	 219.757706 	 203.927109 	 94.415550 	 2.000000 
66021.656250 	 22332.972656 	 72987.187500 	 193.470703 	 158.417633 	 37.166752 	 2.000000 
66324.554688 	 21310.087891 	 71851.281250 	 217.777267 	 217.601471 	 168.983871 	 2.000000 
67557.406250 	 21220.890625 	 71200.882812 	 149.644257 	 136.998535 	 140.552429 	 2.000000 
67990.632812 	 20818.146484 	 70945.000000 	 180.954117 	 112.506310 	 132.167099 	 2.000000 
67380.695312 	 21515.865234 	 71430.101562 	 143.316452 	 163.590195 	 155.545578 	 2.000000 
67324.937500 	 20609.808594 	 71303.406250 	 181.189316 	 88.123169 	 179.572815 	 11.000000 
66850.515625 	 20642.511719 	 71406.953125 	 169.819473 	 123.627449 	 180.864731 	 2.000000 
67995.023438 	 21162.476562 	 72031.671875 	 58.789062 	 114.757545 	 38.218224 	 2.000000 
67894.296875 	 21102.634766 	 72940.585938 	 61.669380 	 158.237854 	 31.563692 	 16.000000 
67768.812500 	 21444.990234 	 73376.625000 	 63.692871 	 172.437698 	 62.646000 	 2.000000 
66945.109375 	 22520.103516 	 74089.218750 	 78.268600 	 159.907135 	 62.776001 	 23.000000 
68335.601562 	 21812.333984 	 72211.718750 	 77.473053 	 111.342949 	 42.002209 	 2.000000 
66630.546875 	 23135.898438 	 73401.062500 	 96.638191 	 164.483231 	 91.512032 	 10.000000 
67447.742188 	 21597.500000 	 71343.007812 	 99.054459 	 96.770103 	 111.407173 	 2.000000 
67196.000000 	 22225.712891 	 71689.945312 	 118.152855 	 73.679848 	 119.480400 	 2.000000 
65824.882812 	 23040.914062 	 72848.148438 	 105.798653 	 101.179031 	 183.345627 	 2.000000 
67314.687500 	 22326.283203 	 71600.757812 	 148.456558 	 51.890125 	 155.135818 	 2.000000 
67959.656250 	 21544.310547 	 71495.179688 	 166.426682 	 80.125648 	 171.989655 	 2.000000 
66889.070312 	 20891.871094 	 70379.320312 	 202.255539 	 84.609909 	 200.237030 	 12.000000 
66573.335938 	 22250.720703 	 73408.828125 	 96.106285 	 147.177490 	 31.862774 	 2.000000 
66101.171875 	 21187.494141 	 73570.210938 	 119.533897 	 243.421310 	 102.997978 	 2.000000 
66271.679688 	 20128.617188 	 73135.687500 	 135.816956 	 197.972046 	 76.299522 	 5.000000 
67387.843750 	 20729.224609 	 72066.093750 	 123.315529 	 195.743103 	 37.037560 	 2.000000 
68025.328125 	 20337.089844 	 71518.312500 	 158.506470 	 160.395859 	 15.880529 	 2.000000 
68007.773438 	 20555.185547 	 71653.984375 	 130.785767 	 214.579849 	 65.107063 	 2.000000 
65910.070312 	 21522.072266 	 73469.726562 	 201.967194 	 242.678528 	 49.790112 	 2.000000 
66515.710938 	 21670.484375 	 72827.867188 	 111.290535 	 131.575836 	 79.339531 	 2.000000 
66607.523438 	 21238.816406 	 71527.812500 	 225.957565 	 204.520523 	 188.828201 	 2.000000 
66227.148438 	 21282.144531 	 71911.843750 	 246.263123 	 231.378998 	 104.488136 	 2.000000 
67954.734375 	 20397.677734 	 71434.843750 	 53.288120 	 101.823837 	 68.655388 	 2.000000 
67538.960938 	 21268.601562 	 72274.320312 	 29.591204 	 127.781433 	 43.741886 	 2.000000 
68411.335938 	 21746.177734 	 72077.992188 	 76.949982 	 112.155289 	 39.511436 	 2.000000 
68836.031250 	 21856.513672 	 72270.898438 	 79.111786 	 124.500267 	 38.399017 	 2.000000 
67453.500000 	 21544.931641 	 72143.265625 	 49.111813 	 85.946571 	 84.470116 	 2.000000 
67901.679688 	 21174.564453 	 71600.890625 	 93.832108 	 96.476151 	 60.213928 	 2.000000 
66747.054688 	 23050.054688 	 73383.648438 	 73.021889 	 167.258301 	 62.033302 	 10.000000 
65376.847656 	 22984.671875 	 73090.359375 	 178.907181 	 188.754776 	 113.917381 	 2.000000 
66991.101562 	 21371.279297 	 72027.351562 	 164.164749 	 150.771027 	 250.999039 	 2.000000 
66556.015625 	 22673.384766 	 71330.046875 	 181.341003 	 85.257843 	 228.921097 	 7.000000 
66779.968750 	 21962.867188 	 72986.476562 	 105.496689 	 134.984650 	 20.312292 	 2.000000 
66324.679688 	 22122.292969 	 73463.367188 	 91.855698 	 139.485611 	 28.122780 	 2.000000 
66489.031250 	 21039.177734 	 73275.656250 	 124.999123 	 231.940002 	 74.092392 	 2.000000 
65908.062500 	 21109.056641 	 74035.070312 	 208.336792 	 182.478790 	 57.683517 	 2.000000 
68500.421875 	 21238.740234 	 72114.312500 	 61.381039 	 133.217560 	 36.860336 	 2.000000 
67549.343750 	 20795.292969 	 72315.414062 	 76.692337 	 182.231598 	 5.112823 	 2.000000 
66145.492188 	 21471.185547 	 72332.562500 	 170.890900 	 168.586517 	 260.757141 	 2.000000 
66962.062500 	 21306.296875 	 71918.632812 	 127.235161 	 70.280563 	 183.954132 	 2.000000 
66584.742188 	 20869.988281 	 71755.835938 	 220.889450 	 136.556381 	 229.462524 	 2.000000 
66685.890625 	 23486.244141 	 71428.804688 	 167.912537 	 93.240303 	 229.989410 	 6.000000 
65829.281250 	 21537.119141 	 73673.171875 	 186.678116 	 215.285721 	 44.269112 	 2.000000 
66163.890625 	 21606.529297 	 72954.554688 	 79.708679 	 221.289917 	 82.585518 	 2.000000 
67425.218750 	 21097.675781 	 72154.484375 	 111.327698 	 191.581848 	 40.226849 	 2.000000 
67342.390625 	 21176.337891 	 72269.585938 	 102.498016 	 211.728577 	 52.703815 	 2.000000 
67057.164062 	 21070.166016 	 72750.226562 	 128.323944 	 215.239395 	 37.160610 	 2.000000 
66135.914062 	 21325.562500 	 71886.570312 	 209.563843 	 237.661163 	 115.024582 	 2.000000 
67943.015625 	 21378.925781 	 71049.687500 	 174.790878 	 129.934296 	 137.195816 	 2.000000 
67844.867188 	 20928.048828 	 72088.265625 	 50.096111 	 128.983841 	 12.057069 	 2.000000 
67747.945312 	 20653.316406 	 73412.523438 	 79.877022 	 170.030609 	 41.831017 	 17.000000 
67849.335938 	 21234.601562 	 71688.429688 	 65.452332 	 97.754669 	 48.157436 	 2.000000 
68680.101562 	 21736.189453 	 71684.617188 	 86.029327 	 119.815132 	 21.528051 	 0.000000 
66679.093750 	 23008.101562 	 73370.929688 	 97.444489 	 160.352997 	 88.263992 	 10.000000 
65678.062500 	 22345.080078 	 72851.710938 	 186.620499 	 168.080933 	 149.394547 	 2.000000 
67199.820312 	 22074.583984 	 71593.046875 	 121.452965 	 71.469048 	 120.866951 	 2.000000 
68454.781250 	 21650.164062 	 71193.289062 	 224.687347 	 121.403679 	 156.901138 	 2.000000 
65787.078125 	 22680.505859 	 72345.523438 	 188.384262 	 91.429962 	 254.594070 	 2.000000 
65329.804688 	 22669.560547 	 72874.468750 	 238.837875 	 166.632126 	 214.959381 	 2.000000 
66266.960938 	 23317.359375 	 71247.929688 	 196.842331 	 97.938278 	 226.325516 	 6.000000 
65621.742188 	 21734.525391 	 73860.640625 	 168.924225 	 141.181854 	 32.773674 	 2.000000 
67110.843750 	 20735.917969 	 72516.312500 	 154.802658 	 224.060440 	 48.979919 	 2.000000 
66887.328125 	 20958.271484 	 73686.429688 	 82.610184 	 172.193161 	 46.690300 	 2.000000 
65791.031250 	 21651.611328 	 73343.054688 	 168.844528 	 137.871735 	 -42.212833 	 2.000000 
66768.617188 	 21801.449219 	 71944.687500 	 227.745132 	 29.239798 	 177.157196 	 2.000000 
67019.937500 	 21626.738281 	 71663.039062 	 88.035583 	 176.408325 	 111.069786 	 2.000000 
67534.468750 	 20811.146484 	 72177.601562 	 87.824577 	 182.709305 	 -0.798567 	 2.000000 
65398.457031 	 22183.937500 	 72433.757812 	 226.514099 	 125.521278 	 241.466812 	 2.000000 
66929.429688 	 23525.714844 	 72533.281250 	 103.364693 	 134.278687 	 146.572693 	 21.000000 
66010.757812 	 23113.775391 	 72666.054688 	 100.388908 	 109.339035 	 168.710907 	 2.000000 
67284.554688 	 21577.761719 	 71887.500000 	 136.438034 	 144.175079 	 205.057007 	 2.000000 
67323.921875 	 22446.134766 	 71646.328125 	 184.611649 	 68.882446 	 217.232132 	 2.000000 
65434.203125 	 22908.011719 	 73170.210938 	 137.866669 	 99.976265 	 188.272446 	 2.000000 
67280.796875 	 20590.060547 	 72269.773438 	 169.933350 	 224.715622 	 45.405872 	 2.000000 
66404.171875 	 21112.730469 	 73442.601562 	 90.519806 	 168.130463 	 43.811092 	 2.000000 
67253.257812 	 20674.851562 	 72433.914062 	 176.846878 	 203.313187 	 74.549484 	 2.000000 
66572.296875 	 21384.195312 	 72703.429688 	 147.366241 	 223.449677 	 81.904915 	 2.000000 
65993.531250 	 21987.162109 	 73151.953125 	 221.194473 	 154.285263 	 93.811462 	 2.000000 
67471.039062 	 21194.136719 	 72212.578125 	 64.784706 	 105.674469 	 99.858772 	 2.000000 
65841.703125 	 22119.771484 	 72577.250000 	 113.414459 	 91.661217 	 119.465439 	 2.000000 
66058.062500 	 21510.048828 	 73652.882812 	 206.400818 	 232.307571 	 99.903229 	 2.000000 
66317.695312 	 22129.537109 	 72329.734375 	 186.419983 	 0.237093 	 246.896271 	 2.000000 
65700.414062 	 21093.031250 	 71588.226562 	 239.008331 	 156.631836 	 157.428146 	 1.000000 
66847.156250 	 20546.931641 	 71029.007812 	 210.079727 	 120.960129 	 137.853287 	 2.000000 
66592.132812 	 21474.044922 	 71672.781250 	 100.073219 	 85.412392 	 177.084320 	 2.000000 
67280.882812 	 21535.763672 	 71506.601562 	 126.606323 	 158.120178 	 164.287201 	 2.000000 
68142.171875 	 21443.871094 	 71145.046875 	 194.323257 	 128.760788 	 165.077698 	 2.000000 
65283.542969 	 21887.669922 	 72223.585938 	 230.253738 	 155.810104 	 191.695648 	 2.000000 
67877.054688 	 20408.396484 	 71683.937500 	 125.965508 	 162.293503 	 102.910606 	 2.000000 
67198.031250 	 21016.105469 	 71980.734375 	 96.129349 	 145.962372 	 81.231369 	 2.000000 
67277.390625 	 21363.082031 	 73438.929688 	 72.600258 	 174.132996 	 37.036621 	 2.000000 
68151.875000 	 21539.843750 	 72972.765625 	 62.905071 	 130.524689 	 42.673328 	 20.000000 
68474.429688 	 21565.306641 	 72815.921875 	 62.886551 	 131.485489 	 40.720402 	 20.000000 
66657.843750 	 22352.091797 	 73163.648438 	 76.213524 	 116.853554 	 63.404102 	 2.000000 
67571.554688 	 22923.269531 	 72393.125000 	 84.485123 	 129.576447 	 92.307983 	 22.000000 
67313.640625 	 21739.964844 	 71480.789062 	 126.549408 	 113.325691 	 172.811707 	 2.000000 
65901.046875 	 22674.373047 	 72735.750000 	 84.688805 	 90.988792 	 139.929169 	 2.000000 
65927.640625 	 22530.296875 	 72663.960938 	 161.048080 	 80.242157 	 243.612793 	 2.000000 
65794.304688 	 22132.037109 	 72876.429688 	 177.904999 	 105.213326 	 206.277618 	 2.000000 
68185.039062 	 22960.375000 	 71696.765625 	 136.346985 	 67.365929 	 128.396286 	 2.000000 
66809.593750 	 21887.746094 	 73306.796875 	 84.628822 	 151.274979 	 22.063354 	 2.000000 
65980.835938 	 20613.634766 	 72477.000000 	 184.639343 	 204.469513 	 101.425964 	 0.000000 
66094.218750 	 21204.673828 	 73690.210938 	 97.885117 	 227.207657 	 96.748558 	 2.000000 
66819.585938 	 20957.167969 	 73672.671875 	 92.999474 	 207.384369 	 55.850803 	 2.000000 
68040.460938 	 20278.222656 	 71649.585938 	 59.120804 	 184.456375 	 -10.637452 	 2.000000 
66197.593750 	 21699.244141 	 72891.429688 	 103.930435 	 233.421585 	 104.107185 	 2.000000 
66207.601562 	 21734.001953 	 73171.085938 	 123.952080 	 216.575562 	 95.263718 	 2.000000 
66123.078125 	 21772.642578 	 72680.148438 	 194.860275 	 51.974510 	 170.710190 	 2.000000 
65236.824219 	 22360.425781 	 73439.187500 	 203.138947 	 182.056671 	 70.682869 	 9.000000 
66415.835938 	 22300.058594 	 72262.921875 	 250.007492 	 83.152130 	 135.123749 	 2.000000 
66292.421875 	 22404.105469 	 72442.140625 	 260.762177 	 131.560349 	 151.583145 	 2.000000 
65692.843750 	 21900.871094 	 72280.945312 	 263.529083 	 163.739975 	 192.851547 	 2.000000 
66293.023438 	 21221.613281 	 71780.687500 	 260.466797 	 197.026627 	 173.543259 	 2.000000 
66730.304688 	 21710.843750 	 72058.140625 	 297.576172 	 82.626778 	 119.557228 	 2.000000 
67260.125000 	 21396.535156 	 72051.023438 	 126.138496 	 173.052628 	 121.921448 	 2.000000 
66600.289062 	 21455.876953 	 71887.007812 	 134.292587 	 240.634338 	 130.795425 	 2.000000 
67711.523438 	 20376.884766 	 71087.562500 	 181.369553 	 83.261948 	 198.410233 	 2.000000 
65451.878906 	 21932.265625 	 72252.007812 	 241.915604 	 158.893356 	 193.662231 	 2.000000 
67535.164062 	 20775.550781 	 72327.453125 	 80.491516 	 190.780014 	 3.142217 	 2.000000 
67203.617188 	 21066.589844 	 73501.085938 	 67.885475 	 180.509094 	 33.133789 	 2.000000 
68208.976562 	 21372.345703 	 72424.265625 	 63.072433 	 114.413345 	 34.159725 	 2.000000 
68494.101562 	 21903.525391 	 72738.859375 	 74.180733 	 122.110680 	 49.243153 	 20.000000 
68001.789062 	 22664.007812 	 71518.039062 	 135.995758 	 90.181473 	 107.458054 	 2.000000 
67863.523438 	 21354.900391 	 71692.093750 	 110.656586 	 101.309593 	 85.028358 	 2.000000 
67623.960938 	 21656.679688 	 71222.843750 	 127.824425 	 92.386696 	 117.008591 	 2.000000 
67118.210938 	 22662.466797 	 71781.562500 	 136.029800 	 70.260498 	 158.290024 	 2.000000 
67660.812500 	 22188.808594 	 71645.992188 	 162.062424 	 54.429684 	 141.823868 	 2.000000 
66897.070312 	 21286.875000 	 70989.031250 	 202.163315 	 86.681053 	 226.139435 	 0.000000 
66866.492188 	 21205.423828 	 70499.015625 	 199.782501 	 86.835938 	 214.004105 	 12.000000 
65681.523438 	 22678.150391 	 72309.453125 	 188.242111 	 98.275902 	 254.907486 	 2.000000 
