11000.580078 	 5993.244629 	 3601.776611 	 235.776642 	 35.003643 	 173.602264 	 1.000000 
10954.095703 	 5999.242188 	 3628.581299 	 301.578461 	 7.204271 	 100.064484 	 1.000000 
10962.661133 	 5949.535645 	 3546.411377 	 364.565338 	 135.083725 	 -32.041817 	 1.000000 
10828.308594 	 6123.918457 	 3556.183350 	 365.369934 	 44.141430 	 241.119232 	 1.000000 
10857.541992 	 5943.184082 	 3590.305908 	 153.602921 	 69.154243 	 388.420624 	 1.000000 
10900.822266 	 5886.245605 	 3467.456787 	 271.746124 	 -74.288544 	 178.221069 	 1.000000 
11155.181641 	 5892.223145 	 3628.138184 	 216.626572 	 218.350830 	 117.765732 	 1.000000 
10959.514648 	 6042.975586 	 3698.396240 	 332.327911 	 136.261703 	 42.700600 	 1.000000 
11072.706055 	 5944.736816 	 3696.094971 	 266.518158 	 146.498886 	 314.725281 	 1.000000 
10731.678711 	 5912.251953 	 3503.979248 	 257.549225 	 90.628105 	 312.180328 	 1.000000 
10997.270508 	 5928.740723 	 3616.550537 	 331.416138 	 -120.109482 	 100.664246 	 1.000000 
10857.969727 	 6058.519043 	 3793.662109 	 138.763397 	 -119.961769 	 100.734901 	 1.000000 
10871.108398 	 5828.577148 	 3690.953857 	 280.779663 	 26.870405 	 288.009979 	 1.000000 
10960.906250 	 5952.826172 	 3623.336426 	 299.720978 	 298.690735 	 137.262497 	 1.000000 
11082.021484 	 6039.285645 	 3665.354736 	 237.542145 	 133.101608 	 14.247916 	 1.000000 
10853.146484 	 6066.549316 	 3570.106934 	 152.011902 	 -46.515369 	 170.654984 	 1.000000 
10982.517578 	 5957.227539 	 3608.037109 	 101.189240 	 191.821716 	 -67.773369 	 1.000000 
10885.341797 	 6103.713867 	 3677.240234 	 202.424667 	 -61.388035 	 181.106766 	 1.000000 
11136.660156 	 6024.245605 	 3651.839111 	 75.644753 	 50.250698 	 59.904510 	 1.000000 
10934.413086 	 5908.569336 	 3520.544189 	 38.846710 	 115.745773 	 315.782532 	 1.000000 
11034.267578 	 5877.882812 	 3428.853516 	 50.436852 	 54.835632 	 272.928162 	 1.000000 
10923.549805 	 6009.050293 	 3674.794922 	 349.886414 	 -89.081032 	 -77.549225 	 1.000000 
11150.626953 	 5939.284180 	 3647.559814 	 156.444214 	 -15.449553 	 82.653465 	 1.000000 
10973.611328 	 6000.568848 	 3634.437744 	 174.695953 	 -272.366302 	 211.889709 	 1.000000 
11020.665039 	 5926.299805 	 3639.282715 	 512.377441 	 88.511566 	 109.837410 	 1.000000 
11134.423828 	 6011.625488 	 3474.162354 	 137.638992 	 96.259140 	 157.095398 	 1.000000 
10923.660156 	 5956.545898 	 3549.669922 	 390.751282 	 10.677300 	 -69.656311 	 1.000000 
10987.632812 	 6015.635742 	 3551.625732 	 68.673500 	 131.376907 	 139.351273 	 1.000000 
10939.553711 	 6138.527832 	 3758.549316 	 219.998123 	 -108.189568 	 104.408325 	 1.000000 
10945.032227 	 5943.232422 	 3512.639893 	 316.341736 	 -69.642960 	 189.164566 	 1.000000 
10866.097656 	 5995.742676 	 3507.650879 	 185.424347 	 -148.927551 	 162.785614 	 1.000000 
10956.324219 	 6181.928711 	 3642.071289 	 317.329834 	 47.515743 	 290.290192 	 1.000000 
10956.732422 	 6034.291016 	 3339.521729 	 201.751083 	 129.164917 	 189.901764 	 1.000000 
11040.181641 	 5950.834961 	 3686.255127 	 246.816818 	 53.279453 	 4.912066 	 1.000000 
10896.635742 	 6211.538086 	 3560.452881 	 270.273041 	 -135.484848 	 163.498459 	 1.000000 
11084.358398 	 5878.912598 	 3653.744385 	 213.387680 	 118.944839 	 287.074493 	 1.000000 
11122.323242 	 5974.054688 	 3695.243896 	 4.326537 	 -22.902737 	 170.562714 	 1.000000 
10849.506836 	 5846.991699 	 3491.402100 	 233.047684 	 191.309296 	 257.598145 	 1.000000 
10951.553711 	 5883.177246 	 3647.186768 	 447.448212 	 90.711349 	 243.347946 	 1.000000 
10787.749023 	 5935.824219 	 3510.809570 	 193.175797 	 82.462364 	 76.610191 	 1.000000 
10912.992188 	 5992.760254 	 3734.435547 	 284.153717 	 -116.029007 	 28.272116 	 1.000000 
10924.869141 	 5881.089844 	 3546.436768 	 242.032288 	 51.326809 	 -101.779282 	 1.000000 
11106.292969 	 5956.760742 	 3593.770020 	 383.890320 	 80.747009 	 55.957973 	 1.000000 
10949.719727 	 5817.605957 	 3491.191406 	 194.365829 	 12.896391 	 339.363770 	 1.000000 
11054.608398 	 5954.641602 	 3638.680908 	 54.563889 	 13.927865 	 13.300078 	 1.000000 
10970.797852 	 5946.692871 	 3588.893799 	 320.669739 	 49.388039 	 -140.461517 	 1.000000 
10968.190430 	 6105.682617 	 3661.616943 	 226.997253 	 -80.785873 	 57.176113 	 1.000000 
10968.150391 	 5909.695312 	 3535.307373 	 295.982513 	 130.221390 	 191.544922 	 1.000000 
10874.178711 	 5928.249512 	 3675.507324 	 297.404572 	 102.195427 	 -1.385412 	 1.000000 
10993.258789 	 5893.687012 	 3453.161865 	 54.098728 	 65.127861 	 301.591003 	 1.000000 
11060.499023 	 6037.044922 	 3591.925049 	 55.660625 	 -47.678665 	 -27.801405 	 1.000000 
11046.218750 	 6050.307617 	 3655.214600 	 258.860199 	 167.209793 	 347.885742 	 1.000000 
11133.944336 	 5970.600098 	 3550.264893 	 306.971222 	 152.564255 	 97.030243 	 1.000000 
11009.744141 	 6121.938965 	 3652.905273 	 420.831635 	 -6.220500 	 201.247971 	 1.000000 
10977.169922 	 6038.369629 	 3425.528809 	 155.895859 	 96.915619 	 192.889160 	 1.000000 
11122.734375 	 5981.465332 	 3705.845459 	 169.309250 	 118.644257 	 357.805603 	 1.000000 
10880.572266 	 6152.869629 	 3634.407715 	 228.502869 	 -112.153404 	 159.478622 	 1.000000 
11031.558594 	 5900.545898 	 3647.084717 	 177.967056 	 280.662109 	 134.015472 	 1.000000 
11034.782227 	 5988.594727 	 3755.462891 	 182.977768 	 122.425117 	 117.721191 	 1.000000 
11153.424805 	 6042.812500 	 3662.173096 	 139.382523 	 123.923462 	 83.066765 	 1.000000 
10853.762695 	 5810.100586 	 3707.919678 	 285.601715 	 -8.204821 	 330.271057 	 1.000000 
11044.333008 	 5968.354004 	 3681.248047 	 -35.428452 	 -20.753626 	 135.765076 	 1.000000 
10993.324219 	 6075.787598 	 3681.743164 	 57.178627 	 128.458649 	 275.917053 	 1.000000 
11088.400391 	 5953.606934 	 3569.086914 	 315.434387 	 149.059448 	 387.815704 	 1.000000 
10930.542969 	 5776.341797 	 3706.017090 	 303.371490 	 -36.490440 	 189.821198 	 1.000000 
10912.779297 	 6016.161133 	 3762.964600 	 286.899963 	 114.504135 	 21.529736 	 1.000000 
11036.515625 	 5869.899414 	 3572.902100 	 272.609314 	 -0.696802 	 383.449402 	 1.000000 
11201.800781 	 6044.823242 	 3725.052490 	 170.296844 	 -2.069618 	 25.862722 	 1.000000 
10989.081055 	 6058.461914 	 3681.677734 	 204.020004 	 276.192444 	 173.559738 	 1.000000 
10994.000977 	 6006.483887 	 3671.781982 	 402.791016 	 62.596172 	 186.608765 	 1.000000 
11072.681641 	 6044.875488 	 3701.491943 	 171.788437 	 51.910561 	 103.549706 	 1.000000 
10942.913086 	 6047.207031 	 3543.365234 	 238.852966 	 217.123840 	 261.168854 	 1.000000 
11031.535156 	 6048.151855 	 3433.191162 	 225.658966 	 78.642838 	 335.465515 	 1.000000 
11130.347656 	 6092.196289 	 3683.323486 	 309.263031 	 -54.774303 	 90.075737 	 1.000000 
11002.403320 	 6106.685059 	 3754.509277 	 331.316010 	 -70.281532 	 132.335968 	 1.000000 
11026.546875 	 5962.512207 	 3628.337402 	 41.476902 	 55.978493 	 -48.710152 	 1.000000 
10915.919922 	 6069.511719 	 3503.930176 	 174.983246 	 36.232899 	 -17.168329 	 1.000000 
10900.546875 	 6121.971680 	 3615.867432 	 300.196289 	 -184.844009 	 149.599167 	 1.000000 
10839.945312 	 6095.151367 	 3623.403564 	 256.051453 	 27.077009 	 -54.090630 	 1.000000 
11065.270508 	 5907.651855 	 3598.596191 	 274.514587 	 32.232685 	 397.828156 	 1.000000 
10997.903320 	 6045.566895 	 3536.226074 	 240.284195 	 81.989319 	 372.134613 	 1.000000 
10766.552734 	 5972.497070 	 3545.018311 	 245.057114 	 -21.449865 	 219.103806 	 1.000000 
11840.438477 	 8201.470703 	 3259.927246 	 151.859543 	 -45.089092 	 179.427521 	 1.000000 
11686.100586 	 8344.425781 	 3044.833008 	 226.071503 	 -51.607933 	 272.086914 	 1.000000 
11680.701172 	 8341.981445 	 3264.392334 	 173.207306 	 21.856977 	 183.894043 	 1.000000 
11797.355469 	 8158.565918 	 3190.780518 	 91.984863 	 -78.511398 	 183.361603 	 1.000000 
11948.859375 	 8117.216309 	 3127.703613 	 113.483086 	 -46.212132 	 160.940292 	 1.000000 
11791.279297 	 8277.882812 	 3286.120850 	 163.920212 	 -19.926153 	 87.819397 	 1.000000 
11784.355469 	 8234.571289 	 3295.079346 	 106.775856 	 54.817440 	 21.504177 	 1.000000 
11969.291016 	 8126.847656 	 3250.698486 	 -0.747961 	 -107.826897 	 178.483337 	 1.000000 
11794.601562 	 8343.999023 	 3075.562500 	 250.851929 	 -9.121200 	 253.804398 	 1.000000 
11763.562500 	 8290.458008 	 3106.125732 	 88.973221 	 -18.515732 	 114.509720 	 1.000000 
11701.112305 	 8362.903320 	 3040.789307 	 203.940887 	 -47.605171 	 246.817688 	 1.000000 
11859.051758 	 8117.575684 	 3218.605957 	 37.561218 	 69.060219 	 58.717640 	 1.000000 
11857.680664 	 8378.527344 	 3310.252686 	 36.382969 	 -128.373047 	 166.290405 	 1.000000 
11915.425781 	 8298.200195 	 3355.724854 	 203.340164 	 -173.775726 	 206.049561 	 1.000000 
11884.086914 	 8347.412109 	 3313.012695 	 276.660187 	 -124.468468 	 197.900589 	 1.000000 
11838.408203 	 8265.664062 	 3070.042969 	 220.915359 	 -24.787907 	 333.424316 	 1.000000 
11862.491211 	 8221.676758 	 3184.036865 	 186.369263 	 40.368916 	 349.004486 	 1.000000 
11738.169922 	 8222.606445 	 3347.407715 	 31.543320 	 -136.382187 	 248.185287 	 1.000000 
11739.548828 	 8247.457031 	 3264.803467 	 153.226837 	 133.335190 	 201.162125 	 1.000000 
11884.675781 	 8279.786133 	 3245.694824 	 -10.628362 	 -26.939747 	 310.918304 	 1.000000 
11810.007812 	 8283.607422 	 3196.783203 	 233.145599 	 -184.517593 	 225.120590 	 1.000000 
11706.687500 	 8373.106445 	 3039.929199 	 130.708771 	 -91.520927 	 356.456879 	 1.000000 
11834.443359 	 8176.033691 	 3168.582764 	 159.750076 	 8.581686 	 100.315506 	 1.000000 
11717.657227 	 8201.455078 	 3277.970703 	 126.144684 	 -209.221313 	 121.468300 	 1.000000 
11759.456055 	 8153.144043 	 3304.378174 	 64.371727 	 -92.258224 	 109.563477 	 1.000000 
11737.800781 	 8137.689453 	 3249.724121 	 341.344604 	 -2.696596 	 198.024261 	 1.000000 
11774.645508 	 8207.520508 	 3097.715576 	 186.329193 	 -104.760345 	 76.613251 	 1.000000 
11834.250000 	 8177.232422 	 3339.294678 	 96.653442 	 -136.064240 	 326.527924 	 1.000000 
11836.114258 	 8175.878906 	 3221.537109 	 -43.800175 	 105.214149 	 144.920227 	 1.000000 
11808.627930 	 8218.475586 	 3278.991211 	 431.927582 	 -60.164867 	 201.568375 	 1.000000 
11728.892578 	 8251.089844 	 3023.284424 	 219.769913 	 -61.267910 	 250.364960 	 1.000000 
11280.394531 	 7293.527344 	 4127.271484 	 215.511261 	 -81.131721 	 187.120392 	 1.000000 
11347.657227 	 7478.008301 	 4074.866211 	 280.504059 	 -148.716400 	 267.068512 	 1.000000 
11177.800781 	 7171.986328 	 4050.130127 	 194.914291 	 -1.349881 	 181.906052 	 1.000000 
11314.391602 	 7441.700684 	 4134.325195 	 268.106384 	 -139.689392 	 308.370209 	 1.000000 
11313.192383 	 7148.051758 	 4063.183105 	 125.769852 	 17.315388 	 138.255005 	 1.000000 
11187.960938 	 7325.157227 	 4090.106934 	 208.259399 	 -226.516373 	 66.701447 	 1.000000 
11242.829102 	 7260.026367 	 4153.734375 	 247.512787 	 -291.785858 	 119.913612 	 1.000000 
11203.901367 	 7318.562500 	 4132.478027 	 143.824173 	 -117.002716 	 328.944275 	 1.000000 
11179.237305 	 7393.364258 	 4098.372070 	 167.638718 	 -213.907181 	 89.311882 	 1.000000 
11353.614258 	 7279.401855 	 3993.152100 	 253.981384 	 -200.764557 	 204.892105 	 1.000000 
11299.083008 	 7337.220703 	 4144.234863 	 143.030670 	 125.436470 	 70.913887 	 1.000000 
11223.292969 	 7352.890625 	 4166.264160 	 394.314087 	 -98.248009 	 205.784439 	 1.000000 
11116.462891 	 7257.314453 	 4196.660156 	 166.357925 	 -79.301956 	 173.394623 	 1.000000 
11326.062500 	 7363.672363 	 4191.860352 	 181.709427 	 -153.480637 	 221.849457 	 1.000000 
11325.315430 	 7284.067383 	 4182.347656 	 145.203186 	 -262.298096 	 169.598801 	 1.000000 
11281.434570 	 7338.307129 	 4147.163574 	 292.552643 	 -288.097290 	 299.054199 	 1.000000 
11203.121094 	 7380.320801 	 4094.437256 	 162.790375 	 -220.057266 	 64.988136 	 1.000000 
11317.475586 	 7473.145020 	 4066.967041 	 97.414970 	 -161.266129 	 108.139465 	 1.000000 
11137.881836 	 7411.730469 	 4146.744141 	 169.016861 	 -185.463806 	 85.340523 	 1.000000 
11403.648438 	 7386.143555 	 4134.345215 	 60.461555 	 -124.205452 	 123.006996 	 1.000000 
11293.136719 	 7254.203125 	 4143.967773 	 37.232765 	 -19.381826 	 325.940002 	 1.000000 
11294.156250 	 7354.561523 	 4177.560547 	 258.032745 	 -230.105942 	 307.245270 	 1.000000 
11323.392578 	 6945.365723 	 4641.116211 	 233.027695 	 -8.013111 	 156.744675 	 1.000000 
11307.917969 	 7061.195801 	 4604.794434 	 86.465706 	 -18.489857 	 154.495514 	 1.000000 
11450.267578 	 6960.571289 	 4752.878906 	 255.673340 	 -97.823814 	 201.172943 	 1.000000 
11316.882812 	 6928.708984 	 4511.638672 	 252.915451 	 -0.563389 	 314.458130 	 1.000000 
11212.001953 	 7060.824707 	 4695.791504 	 189.978577 	 -161.645050 	 85.986923 	 1.000000 
11404.699219 	 6896.610840 	 4537.332031 	 244.604660 	 -54.388035 	 212.799011 	 1.000000 
11440.556641 	 6833.530273 	 4618.496582 	 307.911896 	 68.766136 	 184.327377 	 1.000000 
11475.987305 	 7022.251465 	 4559.876465 	 227.995132 	 34.622166 	 208.744141 	 1.000000 
11324.994141 	 7112.556152 	 4627.167969 	 232.201111 	 32.646305 	 58.433903 	 1.000000 
11319.699219 	 6984.403809 	 4532.332520 	 291.435028 	 -157.997711 	 206.414398 	 1.000000 
11333.752930 	 6911.708984 	 4559.869629 	 213.788910 	 -56.737591 	 129.992569 	 1.000000 
11319.102539 	 7083.660156 	 4617.263672 	 69.790627 	 -28.753927 	 82.687073 	 1.000000 
11344.898438 	 6881.749512 	 4756.974121 	 261.386963 	 72.302711 	 248.515778 	 1.000000 
11348.209961 	 6873.279297 	 4562.287598 	 361.074890 	 -55.441349 	 90.484940 	 1.000000 
11304.191406 	 6993.067871 	 4661.481445 	 271.455597 	 -239.171890 	 63.349586 	 1.000000 
11366.541992 	 7012.406738 	 4711.580078 	 210.673889 	 -111.422714 	 111.502602 	 1.000000 
11412.583008 	 6837.389160 	 4598.825684 	 337.323395 	 62.434086 	 127.971107 	 1.000000 
10384.333008 	 6204.721191 	 2804.848877 	 341.961853 	 87.655106 	 153.482239 	 1.000000 
10307.738281 	 6315.045898 	 2863.381348 	 319.210571 	 19.878466 	 191.627869 	 1.000000 
10384.688477 	 6186.635742 	 2764.325439 	 355.086884 	 75.902229 	 178.787506 	 1.000000 
10259.870117 	 6339.806152 	 2786.646729 	 334.151611 	 -33.711613 	 192.171860 	 1.000000 
10449.626953 	 6177.956055 	 2757.814697 	 437.750977 	 36.903469 	 138.571503 	 1.000000 
10341.937500 	 6363.593750 	 2822.093506 	 331.706268 	 -62.969112 	 208.036407 	 1.000000 
10285.978516 	 6291.591797 	 2928.585449 	 376.555664 	 78.417274 	 152.122803 	 1.000000 
10430.782227 	 6174.395508 	 2822.759033 	 390.853516 	 55.587830 	 226.144455 	 1.000000 
10363.915039 	 6373.065430 	 2756.500488 	 319.484619 	 -38.724556 	 233.070343 	 1.000000 
10326.980469 	 6315.750488 	 2892.053711 	 392.478943 	 -3.655328 	 173.366745 	 1.000000 
10403.643555 	 6204.595215 	 2838.419434 	 342.448517 	 176.248398 	 84.181129 	 1.000000 
10326.007812 	 6228.298340 	 2766.496338 	 283.480804 	 47.184010 	 168.675369 	 1.000000 
10493.786133 	 6075.640137 	 2805.667480 	 387.131836 	 31.816328 	 192.149292 	 1.000000 
10351.896484 	 6213.155762 	 2811.993652 	 314.160004 	 -64.982819 	 166.600204 	 1.000000 
10415.071289 	 6164.364258 	 2854.719482 	 292.006592 	 125.348724 	 114.849854 	 1.000000 
10254.890625 	 6298.761230 	 2891.348633 	 389.242310 	 69.793243 	 151.005600 	 1.000000 
10441.216797 	 6153.585449 	 2854.116943 	 397.928619 	 125.630844 	 129.206207 	 1.000000 
10315.958984 	 6304.748535 	 2751.437012 	 289.260284 	 36.994564 	 169.105179 	 1.000000 
10363.599609 	 6176.729492 	 2820.980957 	 240.815201 	 26.679960 	 153.922089 	 1.000000 
10746.366211 	 6140.981445 	 2915.143311 	 171.578568 	 -17.294643 	 264.103760 	 1.000000 
10752.040039 	 6164.931152 	 2926.067383 	 259.283203 	 -10.234412 	 281.138031 	 1.000000 
10736.396484 	 6151.298340 	 2843.474121 	 152.403397 	 -52.897457 	 219.769287 	 1.000000 
10637.788086 	 6164.500488 	 2916.030762 	 128.100998 	 -27.033342 	 265.740906 	 1.000000 
10690.813477 	 6180.738770 	 2850.219238 	 152.921799 	 -6.256373 	 224.886154 	 1.000000 
10706.053711 	 6046.149902 	 2824.389404 	 104.957298 	 34.602367 	 283.569580 	 1.000000 
10727.755859 	 6254.666504 	 2924.877686 	 105.704895 	 -105.241447 	 240.196716 	 1.000000 
10659.824219 	 6134.097656 	 2973.948486 	 153.565735 	 -40.058769 	 299.028259 	 1.000000 
10641.310547 	 6181.717773 	 2961.791504 	 152.015625 	 -8.430482 	 295.344269 	 1.000000 
10797.112305 	 6110.449219 	 2907.847412 	 43.172421 	 23.823441 	 222.736603 	 1.000000 
10828.852539 	 6103.479004 	 2958.147461 	 121.039749 	 -29.756037 	 227.131226 	 1.000000 
10805.014648 	 6034.193848 	 2882.297607 	 170.212723 	 -12.187818 	 272.457977 	 1.000000 
10725.623047 	 6181.433594 	 2934.115234 	 105.544113 	 -104.185341 	 320.178558 	 1.000000 
10685.111328 	 6194.581543 	 2879.397949 	 132.939529 	 -0.250057 	 234.918579 	 1.000000 
10738.153320 	 6269.611328 	 3250.364502 	 283.807983 	 -60.091824 	 175.696487 	 1.000000 
10772.501953 	 6342.169922 	 3233.914062 	 281.497742 	 -118.285057 	 220.765167 	 1.000000 
10838.510742 	 6277.058594 	 3364.052979 	 222.722641 	 -54.221214 	 209.485535 	 1.000000 
10760.071289 	 6286.848145 	 3151.683350 	 286.675049 	 -13.047313 	 160.482361 	 1.000000 
10719.550781 	 6309.474609 	 3180.099365 	 242.613708 	 -17.739096 	 190.196869 	 1.000000 
10914.578125 	 5672.309082 	 2912.667236 	 277.821716 	 99.619957 	 173.184418 	 1.000000 
10398.445312 	 6495.092773 	 2897.375977 	 218.951172 	 -40.274445 	 245.074921 	 1.000000 
11435.358398 	 5797.060059 	 4855.030273 	 312.433533 	 40.911983 	 125.463669 	 1.000000 
11429.531250 	 5808.667969 	 4827.431641 	 301.932678 	 116.732422 	 109.446449 	 1.000000 
11229.112305 	 5922.080078 	 3821.099854 	 174.563522 	 30.720657 	 42.132053 	 1.000000 
11243.460938 	 5860.568359 	 3932.547607 	 257.786621 	 140.827423 	 85.967712 	 1.000000 
11252.412109 	 5904.381836 	 3804.193604 	 136.760422 	 34.813587 	 101.307915 	 1.000000 
11262.402344 	 5914.764648 	 3789.909424 	 298.540771 	 128.405365 	 76.591568 	 1.000000 
11216.207031 	 5838.546387 	 3896.087891 	 293.060150 	 172.045364 	 90.979691 	 1.000000 
11408.637695 	 7437.541016 	 4680.388672 	 144.851685 	 -119.399040 	 115.319099 	 1.000000 
11380.262695 	 7432.134766 	 4609.484863 	 148.695877 	 -122.077354 	 163.592300 	 1.000000 
11415.024414 	 7379.457520 	 4720.009277 	 89.693954 	 -104.130455 	 115.425301 	 1.000000 
11365.412109 	 7429.976562 	 4679.795410 	 198.834396 	 -86.868782 	 108.674721 	 1.000000 
11471.989258 	 7416.038574 	 4642.946777 	 110.756569 	 -80.716492 	 103.632004 	 1.000000 
11944.849609 	 7547.556152 	 4032.657715 	 106.241127 	 -14.877156 	 171.606781 	 1.000000 
11924.656250 	 7558.095215 	 3997.162109 	 146.741714 	 17.472057 	 173.074646 	 1.000000 
11905.300781 	 7540.882812 	 4044.023926 	 102.815117 	 45.085548 	 185.145676 	 1.000000 
11654.853516 	 6743.421875 	 6327.312012 	 308.218323 	 24.482985 	 259.909943 	 1.000000 
11635.546875 	 6677.574219 	 6298.066895 	 290.616730 	 35.597000 	 249.246063 	 1.000000 
11965.509766 	 7991.938965 	 3891.018066 	 137.649216 	 -91.997040 	 114.927986 	 1.000000 
11966.530273 	 7977.703125 	 3900.320312 	 218.628326 	 -65.286583 	 125.076996 	 1.000000 
11586.312500 	 6920.009766 	 4869.480957 	 227.271698 	 39.401566 	 105.625633 	 1.000000 
11666.456055 	 6925.547363 	 4909.425781 	 214.262161 	 46.014534 	 102.730072 	 1.000000 
11376.813477 	 5752.424316 	 4190.905762 	 324.635956 	 59.906208 	 95.639511 	 1.000000 
11439.623047 	 7726.189941 	 3793.846924 	 128.502869 	 -80.107719 	 137.747467 	 1.000000 
11469.142578 	 7774.865234 	 3788.274170 	 126.293404 	 -105.911102 	 161.130722 	 1.000000 
10905.907227 	 6625.459473 	 2900.116455 	 139.543091 	 -55.831738 	 234.430939 	 1.000000 
11722.411133 	 7527.281738 	 4136.332031 	 112.531303 	 -23.612648 	 161.718262 	 1.000000 
10554.340820 	 5800.370605 	 3049.121094 	 325.042358 	 70.765259 	 228.514771 	 1.000000 
10762.514648 	 6104.034668 	 3181.823975 	 135.112946 	 -34.978310 	 232.096954 	 1.000000 
10740.832031 	 6129.439941 	 3214.484375 	 315.677429 	 -85.328690 	 113.716873 	 1.000000 
10257.275391 	 6700.923828 	 2733.893066 	 345.217712 	 17.908070 	 199.237427 	 1.000000 
10250.767578 	 6701.527832 	 2711.938477 	 226.810089 	 -36.622845 	 195.138519 	 1.000000 
10797.547852 	 6444.784180 	 2918.016846 	 246.734421 	 -53.388592 	 204.680038 	 1.000000 
10822.416016 	 6421.238770 	 2888.436768 	 256.416870 	 -59.679039 	 233.288849 	 1.000000 
11538.823242 	 6980.109375 	 5100.290527 	 190.088745 	 -45.512062 	 127.122650 	 1.000000 
11227.899414 	 6658.503418 	 5308.081543 	 229.547684 	 -18.180084 	 154.730515 	 1.000000 
11244.813477 	 6613.543457 	 5322.030273 	 264.720917 	 -20.587439 	 147.330414 	 1.000000 
11223.491211 	 6642.573242 	 5298.556641 	 249.949585 	 -43.706020 	 157.708984 	 1.000000 
11239.287109 	 6673.905762 	 5298.081543 	 217.955536 	 -37.482082 	 154.660233 	 1.000000 
11238.648438 	 6626.089355 	 5327.694336 	 203.031860 	 -68.152626 	 133.293030 	 1.000000 
11158.280273 	 7666.531250 	 3652.033691 	 226.440292 	 -84.087585 	 223.574661 	 1.000000 
11520.314453 	 8067.979004 	 3788.224609 	 153.957382 	 -31.209053 	 161.743073 	 1.000000 
11509.317383 	 8039.632324 	 3808.942139 	 159.106522 	 -20.854042 	 182.361893 	 1.000000 
11299.246094 	 5806.427246 	 4357.387207 	 232.183640 	 64.007027 	 98.767548 	 1.000000 
10817.567383 	 5957.137207 	 3257.895264 	 256.288330 	 134.835403 	 254.348602 	 1.000000 
11102.874023 	 7692.289551 	 3538.827393 	 263.857208 	 -113.554207 	 183.341202 	 1.000000 
11136.927734 	 7730.794922 	 3528.493652 	 251.742676 	 -128.624878 	 158.030060 	 1.000000 
11063.262695 	 5781.169922 	 3830.039795 	 354.758820 	 118.128922 	 59.501064 	 1.000000 
11073.737305 	 5730.451660 	 3832.512451 	 323.602325 	 128.915085 	 55.668312 	 1.000000 
11069.393555 	 5802.478516 	 3794.505127 	 320.368347 	 115.227425 	 70.176567 	 1.000000 
10880.237305 	 6339.751465 	 3594.817627 	 259.997894 	 -108.669655 	 166.622665 	 1.000000 
10865.587891 	 6381.376465 	 3634.083008 	 258.966522 	 -130.770264 	 166.972000 	 1.000000 
10839.814453 	 6316.018555 	 3590.018555 	 257.144440 	 -80.411438 	 160.348129 	 1.000000 
11866.963867 	 6490.508789 	 5145.062500 	 118.099831 	 -30.559237 	 180.733337 	 1.000000 
11906.116211 	 6466.695312 	 5115.733887 	 100.747513 	 -36.471439 	 192.620056 	 1.000000 
12175.674805 	 8145.578613 	 3032.049561 	 110.497620 	 7.300874 	 251.981262 	 1.000000 
12168.123047 	 8153.790039 	 3004.806152 	 130.137970 	 5.380827 	 259.560822 	 1.000000 
11538.795898 	 5619.465332 	 4912.664551 	 246.514648 	 57.094620 	 142.240402 	 1.000000 
10162.704102 	 7149.468262 	 2784.492920 	 251.963531 	 33.406265 	 156.815674 	 1.000000 
11810.060547 	 8310.922852 	 2920.580322 	 245.236603 	 -4.976340 	 281.539612 	 1.000000 
11794.509766 	 8272.583984 	 2910.750244 	 291.273224 	 -7.252634 	 258.437897 	 1.000000 
12884.277344 	 7333.228516 	 3892.915771 	 147.758362 	 -4.347889 	 189.106064 	 1.000000 
12835.072266 	 7342.014648 	 3904.532715 	 166.871399 	 -12.586212 	 182.375488 	 1.000000 
10122.480469 	 5673.187500 	 3560.931396 	 324.303650 	 42.107105 	 82.386711 	 1.000000 
11068.305664 	 7537.857910 	 3585.288330 	 258.656464 	 -32.850170 	 224.438187 	 1.000000 
11090.229492 	 7541.436035 	 3629.723877 	 246.555954 	 -48.946854 	 223.368896 	 1.000000 
11072.713867 	 7513.313965 	 3603.897461 	 265.005493 	 -47.111317 	 250.711685 	 1.000000 
11055.601562 	 7546.504883 	 3598.747314 	 260.352997 	 -35.339943 	 201.980499 	 1.000000 
11353.087891 	 6623.669434 	 6320.547363 	 236.915329 	 -60.345123 	 276.010315 	 1.000000 
11484.002930 	 8129.883789 	 2964.861084 	 217.601974 	 28.952560 	 248.480347 	 1.000000 
11613.657227 	 7939.614746 	 3830.473389 	 180.859665 	 -126.078468 	 115.125694 	 1.000000 
10922.985352 	 6580.817871 	 4002.797119 	 277.782074 	 -52.719746 	 171.611008 	 1.000000 
12217.562500 	 8437.541992 	 4863.330566 	 159.584442 	 -73.081955 	 137.050018 	 12.000000 
11276.680664 	 7589.996094 	 3780.852783 	 220.078125 	 -157.331802 	 172.823227 	 1.000000 
11828.909180 	 8402.842773 	 3249.822510 	 259.646454 	 -83.450317 	 240.899704 	 1.000000 
11839.694336 	 8430.063477 	 3280.153076 	 259.187897 	 -59.108036 	 231.825668 	 1.000000 
11617.429688 	 5476.281738 	 4674.261230 	 212.765274 	 50.180779 	 176.891510 	 1.000000 
11515.235352 	 5859.463379 	 5863.935547 	 322.650208 	 57.886402 	 171.458878 	 1.000000 
11471.951172 	 5877.162109 	 5874.194336 	 321.709595 	 36.317192 	 174.054459 	 1.000000 
10689.790039 	 5843.283691 	 2890.690430 	 303.839569 	 84.761818 	 226.886337 	 1.000000 
10964.251953 	 6329.052246 	 3736.899414 	 215.943466 	 -107.695869 	 179.986160 	 1.000000 
11481.193359 	 5920.541992 	 5346.551270 	 314.844391 	 42.072037 	 138.862991 	 1.000000 
11468.968750 	 7588.194336 	 4584.658203 	 126.647270 	 -132.354355 	 127.374702 	 1.000000 
11460.741211 	 7590.221191 	 4600.931641 	 116.625862 	 -121.863960 	 116.023048 	 1.000000 
10618.047852 	 6044.224609 	 5459.492676 	 352.744629 	 38.927258 	 152.177704 	 7.000000 
10648.932617 	 6045.611328 	 5471.672852 	 329.464111 	 37.266369 	 146.349777 	 7.000000 
11336.847656 	 6982.583008 	 4856.934570 	 224.238342 	 -69.904831 	 60.608868 	 1.000000 
10487.995117 	 6056.706543 	 2863.457520 	 341.991608 	 132.126251 	 171.608490 	 1.000000 
11198.376953 	 6097.729492 	 3561.068115 	 166.027908 	 107.587318 	 64.417191 	 1.000000 
11087.077148 	 6676.551758 	 4867.627441 	 227.499374 	 -80.891594 	 95.131996 	 1.000000 
11106.417969 	 6646.198730 	 4864.100098 	 213.051193 	 -82.856918 	 98.270050 	 1.000000 
11293.301758 	 6780.190430 	 4749.369629 	 262.977966 	 -55.287701 	 85.240692 	 1.000000 
11929.444336 	 8012.479492 	 3283.720215 	 119.818771 	 -92.532364 	 103.463203 	 1.000000 
11921.794922 	 8031.119629 	 3252.514648 	 100.219666 	 -81.037773 	 106.385651 	 1.000000 
11132.457031 	 7169.028809 	 4253.724609 	 306.591187 	 -51.952412 	 117.295822 	 1.000000 
10684.989258 	 8313.069336 	 2820.761475 	 210.713425 	 -60.175602 	 177.512299 	 1.000000 
11033.927734 	 6348.209961 	 4383.428711 	 204.939987 	 25.604095 	 122.787613 	 1.000000 
11355.129883 	 6558.728027 	 3615.321045 	 257.758728 	 -48.152592 	 162.180237 	 1.000000 
11511.047852 	 7795.959961 	 3833.172363 	 197.864853 	 -144.248489 	 136.424500 	 1.000000 
11111.359375 	 7312.561523 	 2840.074463 	 170.928375 	 -27.440161 	 231.867737 	 1.000000 
11708.031250 	 6912.828125 	 5565.415527 	 209.648544 	 -45.330105 	 179.922852 	 1.000000 
10655.224609 	 8526.483398 	 3113.886475 	 226.094177 	 -65.754364 	 152.856766 	 1.000000 
11410.347656 	 6429.140137 	 3841.567383 	 221.121597 	 -37.723923 	 173.320801 	 1.000000 
12408.224609 	 8422.208008 	 3252.551270 	 102.804405 	 -51.208317 	 133.889542 	 1.000000 
10930.493164 	 6547.880371 	 3099.419434 	 281.469757 	 -85.186630 	 132.275467 	 1.000000 
10725.891602 	 6916.601074 	 3305.998535 	 237.457001 	 -71.189453 	 188.763168 	 1.000000 
12207.117188 	 6899.626953 	 3092.121094 	 145.687729 	 -9.275533 	 214.485245 	 1.000000 
12200.450195 	 6884.521973 	 3125.164795 	 134.811874 	 -9.381628 	 201.028793 	 1.000000 
11634.629883 	 7062.760742 	 5731.657227 	 233.617157 	 8.933791 	 194.251541 	 1.000000 
11641.638672 	 7026.928711 	 5746.600098 	 224.061203 	 -10.406995 	 188.693359 	 1.000000 
10901.135742 	 6013.208008 	 2898.686768 	 215.426193 	 -46.635323 	 254.398315 	 1.000000 
10864.507812 	 6026.422363 	 2854.760986 	 161.730316 	 58.348373 	 259.040558 	 1.000000 
10857.139648 	 6001.583008 	 2908.574951 	 140.123489 	 -68.759209 	 275.376221 	 1.000000 
11909.072266 	 6479.194336 	 5243.803223 	 120.119217 	 -37.487457 	 171.697144 	 1.000000 
11131.499023 	 6427.648926 	 5395.215820 	 235.111847 	 -59.927837 	 153.652222 	 1.000000 
10182.747070 	 5969.751953 	 3030.614990 	 387.402130 	 25.905598 	 164.950912 	 1.000000 
11361.594727 	 8289.137695 	 2914.100830 	 251.056122 	 -52.060787 	 200.508057 	 1.000000 
10907.675781 	 6221.243652 	 4054.927979 	 262.703033 	 -47.025642 	 112.189430 	 1.000000 
12364.622070 	 8361.676758 	 3268.155518 	 101.900986 	 -40.911350 	 130.331726 	 1.000000 
11707.671875 	 5409.312500 	 4757.143555 	 213.144165 	 34.444847 	 169.635605 	 1.000000 
11476.656250 	 5970.288086 	 3891.085449 	 202.427933 	 38.127632 	 71.363731 	 1.000000 
11094.050781 	 7038.223633 	 4632.310547 	 234.934189 	 -54.914501 	 159.516541 	 1.000000 
11140.855469 	 6991.097656 	 4622.051758 	 144.329758 	 -142.700058 	 146.321243 	 1.000000 
11119.884766 	 7226.290527 	 2891.058105 	 179.184250 	 -22.210806 	 232.033707 	 1.000000 
12513.115234 	 7149.043457 	 2774.653809 	 147.233200 	 -0.608406 	 219.859406 	 1.000000 
11708.187500 	 6724.320801 	 5018.145508 	 190.932770 	 -39.052853 	 128.837982 	 1.000000 
11946.914062 	 8246.917969 	 3454.430420 	 157.933060 	 -139.764099 	 68.669731 	 1.000000 
10595.244141 	 5868.602051 	 4667.682617 	 356.363312 	 25.320324 	 119.184563 	 1.000000 
10146.662109 	 5630.596680 	 4280.233887 	 352.747986 	 39.872742 	 109.425728 	 1.000000 
11799.016602 	 6738.887695 	 3114.187012 	 133.810074 	 -12.845034 	 215.244644 	 2.000000 
9698.976562 	 6605.330566 	 4059.784180 	 324.113373 	 13.338981 	 117.964127 	 0.000000 
11342.520508 	 5771.389160 	 5124.819824 	 301.865784 	 67.611710 	 122.161003 	 1.000000 
10889.588867 	 6616.935059 	 3062.263428 	 297.203918 	 -81.727409 	 138.704224 	 1.000000 
11966.212891 	 7843.043945 	 3201.826172 	 123.866882 	 48.718075 	 225.154572 	 1.000000 
10947.908203 	 5693.842285 	 3833.967529 	 367.934998 	 117.090561 	 96.397522 	 1.000000 
12395.982422 	 8367.018555 	 3211.475586 	 97.356689 	 -14.050459 	 214.295639 	 1.000000 
10952.738281 	 6269.551758 	 3799.564453 	 252.662903 	 -109.951927 	 145.745773 	 1.000000 
11000.146484 	 6221.305664 	 3678.973877 	 265.296844 	 16.963610 	 66.178635 	 1.000000 
11767.078125 	 8220.834961 	 3804.850098 	 186.057129 	 -121.957924 	 112.322891 	 1.000000 
11833.302734 	 6252.717285 	 5543.109375 	 122.376015 	 -25.156036 	 202.299667 	 1.000000 
10542.467773 	 5668.722656 	 3793.091064 	 360.276154 	 52.092876 	 95.694084 	 1.000000 
10162.234375 	 5629.089844 	 4330.268066 	 346.615814 	 38.895077 	 98.840660 	 1.000000 
11501.088867 	 7132.831543 	 5267.691406 	 316.635376 	 -46.096436 	 147.278259 	 1.000000 
12113.755859 	 7478.265625 	 3909.357666 	 100.910934 	 -17.656174 	 185.168015 	 1.000000 
12466.392578 	 7501.990234 	 3822.797363 	 121.427101 	 -29.610775 	 166.926376 	 1.000000 
10598.213867 	 8490.937500 	 4721.435059 	 241.485809 	 -63.439781 	 162.856705 	 9.000000 
10645.629883 	 7860.110352 	 2934.489014 	 226.842941 	 -56.646931 	 174.187668 	 1.000000 
11306.342773 	 6126.539551 	 3878.861084 	 219.187592 	 93.474442 	 91.404045 	 1.000000 
11665.732422 	 7115.425781 	 3152.751953 	 142.710724 	 0.282175 	 219.327682 	 1.000000 
11666.883789 	 7134.321289 	 3152.523926 	 138.196045 	 -13.937074 	 219.200058 	 1.000000 
11267.899414 	 7773.524414 	 3573.382812 	 179.093750 	 -63.961235 	 194.238220 	 1.000000 
12508.942383 	 7245.956543 	 2790.686035 	 149.411758 	 -4.931704 	 214.027084 	 1.000000 
11109.753906 	 8127.311035 	 2837.713379 	 228.395920 	 -54.740932 	 193.132996 	 1.000000 
10520.035156 	 6318.299805 	 3264.946777 	 237.493927 	 -81.473259 	 238.418518 	 1.000000 
11216.701172 	 7360.231445 	 3864.662598 	 263.860962 	 -74.001137 	 103.037315 	 1.000000 
10822.877930 	 6806.262695 	 5377.315918 	 209.912033 	 -42.792747 	 170.149170 	 1.000000 
10257.149414 	 6224.118164 	 2902.450684 	 318.272949 	 55.795200 	 189.271225 	 1.000000 
10943.256836 	 8090.083008 	 3009.709229 	 224.357803 	 -65.790489 	 189.589584 	 1.000000 
11799.464844 	 5428.105957 	 5086.716309 	 200.301575 	 -3.690878 	 197.659088 	 1.000000 
11788.480469 	 5414.848145 	 5092.995605 	 205.830185 	 -6.784585 	 183.357101 	 1.000000 
10897.374023 	 6066.568359 	 3972.851562 	 281.028259 	 -56.239128 	 80.179413 	 1.000000 
12378.539062 	 6649.732422 	 4776.283691 	 122.337173 	 -34.878998 	 171.408875 	 1.000000 
11266.921875 	 5614.817871 	 3981.066162 	 277.837158 	 129.998322 	 123.232162 	 1.000000 
11709.750000 	 5593.821289 	 4995.394531 	 265.898346 	 61.338787 	 140.135513 	 1.000000 
10500.074219 	 6297.020020 	 3471.150635 	 267.445312 	 -93.609810 	 174.194366 	 1.000000 
11009.725586 	 6293.706055 	 4068.076904 	 265.582214 	 -50.434872 	 141.708496 	 1.000000 
10995.535156 	 5749.672852 	 3663.083252 	 330.748749 	 3.062179 	 134.364639 	 1.000000 
12309.429688 	 8296.073242 	 3277.385986 	 109.220924 	 -106.863846 	 174.346771 	 1.000000 
11311.138672 	 8529.123047 	 2869.366455 	 182.586639 	 -35.522362 	 259.288422 	 1.000000 
11669.206055 	 7061.974121 	 6237.892578 	 209.019043 	 -52.934738 	 248.519470 	 1.000000 
10728.608398 	 5887.958008 	 4677.382324 	 350.363800 	 30.648296 	 113.834648 	 1.000000 
10821.629883 	 8128.520020 	 2925.647705 	 230.580154 	 -61.199051 	 175.164963 	 1.000000 
10920.140625 	 6284.115723 	 3055.920166 	 263.825531 	 -21.876188 	 214.399673 	 1.000000 
11214.979492 	 7187.137207 	 5147.676270 	 231.874023 	 -121.872162 	 140.281128 	 1.000000 
10590.306641 	 7477.490234 	 4610.452637 	 328.209808 	 -15.601290 	 145.969925 	 8.000000 
10645.125000 	 6548.171387 	 2787.092529 	 173.968964 	 -69.858948 	 262.469910 	 1.000000 
11456.179688 	 7341.816406 	 4128.166992 	 45.617046 	 -16.987217 	 159.722244 	 1.000000 
11451.895508 	 7334.986816 	 4129.177246 	 41.696678 	 -27.111952 	 149.948959 	 1.000000 
12326.782227 	 8309.944336 	 3136.902100 	 108.305519 	 -86.210823 	 140.139389 	 1.000000 
12314.025391 	 8331.648438 	 3161.876953 	 132.995926 	 -110.526100 	 209.078537 	 1.000000 
12279.324219 	 8254.591797 	 3227.025879 	 109.994995 	 -84.306938 	 112.631760 	 1.000000 
11905.475586 	 8757.006836 	 3789.784424 	 189.948410 	 -99.917038 	 130.979370 	 5.000000 
12194.973633 	 5987.035156 	 3992.227051 	 139.785522 	 -20.418327 	 195.257095 	 11.000000 
10760.729492 	 5932.563965 	 3570.754150 	 283.053864 	 -93.419365 	 257.683899 	 1.000000 
10612.723633 	 6454.914062 	 2865.562012 	 249.726700 	 -40.281574 	 197.564896 	 1.000000 
12460.823242 	 7582.732422 	 4003.694824 	 120.437920 	 -11.807507 	 179.208817 	 1.000000 
12456.693359 	 7563.846680 	 4022.238525 	 129.848984 	 -3.488986 	 181.768417 	 1.000000 
11809.778320 	 7897.069336 	 4212.133789 	 145.525803 	 -99.387573 	 116.487556 	 1.000000 
10199.228516 	 6940.856934 	 2705.727295 	 278.787323 	 28.087017 	 173.599274 	 1.000000 
11071.072266 	 7471.430176 	 3629.080811 	 282.152954 	 -60.957489 	 209.219666 	 1.000000 
10882.204102 	 6471.883301 	 3906.696533 	 270.461426 	 -63.234753 	 156.133408 	 1.000000 
10942.515625 	 8159.902832 	 3457.810791 	 221.951050 	 -108.475555 	 150.088150 	 1.000000 
11366.341797 	 6234.032715 	 4474.720703 	 249.146240 	 31.877295 	 110.121117 	 1.000000 
12303.942383 	 6655.393555 	 4008.791016 	 135.087585 	 -11.735064 	 194.350220 	 11.000000 
10412.777344 	 6209.174805 	 5888.659668 	 362.783020 	 43.067528 	 160.716263 	 7.000000 
10447.896484 	 6181.305176 	 5853.958008 	 350.303619 	 42.326000 	 163.928268 	 7.000000 
10991.816406 	 6775.716309 	 4584.956543 	 233.091827 	 -73.376457 	 77.621658 	 1.000000 
11011.649414 	 6768.261230 	 4609.495117 	 260.166687 	 -92.804794 	 128.520370 	 1.000000 
11136.578125 	 6848.142578 	 4638.312988 	 278.147430 	 -120.963120 	 80.826775 	 1.000000 
11112.354492 	 6857.567383 	 4660.839355 	 272.115814 	 -44.750317 	 169.417618 	 1.000000 
11311.045898 	 7197.268066 	 4630.884277 	 199.597031 	 -12.026693 	 117.147240 	 1.000000 
10766.052734 	 6872.031250 	 3419.930664 	 247.941879 	 -71.229233 	 180.182098 	 1.000000 
11281.656250 	 6024.945801 	 3620.216797 	 183.432739 	 111.741135 	 79.005287 	 1.000000 
11575.975586 	 6679.609863 	 3115.780518 	 133.714691 	 -18.997770 	 220.360703 	 2.000000 
11345.727539 	 5798.416016 	 4080.613525 	 255.599808 	 112.683174 	 103.617523 	 1.000000 
12909.669922 	 7619.353027 	 3917.884277 	 146.788666 	 -23.287247 	 164.597183 	 1.000000 
11473.767578 	 5249.442383 	 4091.768799 	 192.817352 	 48.124134 	 170.070557 	 1.000000 
11063.041016 	 6838.547363 	 4553.184570 	 204.617722 	 -85.288887 	 71.294441 	 1.000000 
11071.927734 	 6832.540527 	 4576.447266 	 305.404449 	 -83.274490 	 149.746796 	 1.000000 
11714.093750 	 8248.033203 	 3408.523193 	 60.225670 	 -48.903339 	 172.607300 	 1.000000 
11055.774414 	 7767.620605 	 4675.540039 	 249.110413 	 -109.097954 	 142.515472 	 1.000000 
10801.641602 	 5790.494141 	 4625.125488 	 352.666718 	 33.903465 	 117.158737 	 1.000000 
10818.241211 	 5791.928223 	 4623.696777 	 338.051819 	 28.860857 	 121.322983 	 1.000000 
11866.365234 	 7787.644043 	 4256.577148 	 143.329025 	 -103.335838 	 120.636276 	 1.000000 
11179.069336 	 7979.635254 	 3584.932129 	 224.165619 	 -57.049248 	 227.166016 	 1.000000 
11340.945312 	 7467.914062 	 3880.414795 	 172.219147 	 -170.694305 	 175.018158 	 1.000000 
11559.970703 	 7226.265625 	 5154.891602 	 210.248108 	 -32.848892 	 132.339523 	 1.000000 
11815.526367 	 6935.608887 	 5679.092773 	 267.278961 	 -67.235352 	 190.226669 	 1.000000 
10943.581055 	 6732.623535 	 4676.594238 	 258.504639 	 -41.347744 	 100.401688 	 1.000000 
11053.313477 	 8027.308594 	 4556.198730 	 218.787933 	 -114.211983 	 143.466415 	 1.000000 
10685.102539 	 6626.986328 	 3091.607666 	 299.394653 	 -25.401978 	 203.331055 	 1.000000 
11452.583008 	 7245.798340 	 4108.670898 	 212.021927 	 -40.399185 	 115.748405 	 1.000000 
12396.251953 	 8157.145508 	 4596.443359 	 134.293198 	 -57.201778 	 134.059204 	 12.000000 
12387.069336 	 8144.928223 	 4593.917480 	 141.043854 	 -48.389050 	 143.238876 	 12.000000 
11217.576172 	 5851.990723 	 4807.057129 	 358.516296 	 27.582481 	 119.737671 	 1.000000 
10028.449219 	 6037.524414 	 3212.330078 	 334.559204 	 63.551456 	 152.794373 	 1.000000 
11250.636719 	 7454.075195 	 4260.184082 	 98.760796 	 -118.742424 	 81.184258 	 1.000000 
11818.453125 	 5952.937500 	 5708.357422 	 269.731659 	 38.601273 	 185.987152 	 1.000000 
11810.457031 	 5932.903809 	 5725.342773 	 274.227325 	 39.951900 	 184.276215 	 1.000000 
11136.674805 	 8143.428711 	 2790.175293 	 224.766495 	 -61.580738 	 204.339874 	 1.000000 
11252.214844 	 6922.207520 	 4875.399414 	 174.785751 	 -127.018379 	 75.796059 	 1.000000 
11069.036133 	 6628.796875 	 3951.098145 	 248.335312 	 -49.946754 	 186.687180 	 1.000000 
12163.412109 	 7354.283691 	 3094.258789 	 137.132797 	 4.796834 	 215.797241 	 1.000000 
11413.147461 	 5804.665527 	 4293.847168 	 268.948181 	 97.210075 	 104.701462 	 1.000000 
11533.865234 	 6824.032715 	 4601.397461 	 179.932358 	 22.873999 	 249.910431 	 1.000000 
11431.754883 	 5838.910156 	 4982.588379 	 324.395020 	 64.216873 	 93.430122 	 1.000000 
12201.269531 	 8432.887695 	 4975.879395 	 160.260422 	 -79.640938 	 123.869011 	 12.000000 
11256.659180 	 6496.203613 	 4921.568359 	 194.817596 	 53.143940 	 151.770752 	 1.000000 
11057.771484 	 7386.019043 	 4112.243164 	 262.194458 	 -71.305283 	 240.518661 	 1.000000 
11218.344727 	 6132.458496 	 3741.396240 	 164.348969 	 76.828293 	 62.995113 	 1.000000 
11948.707031 	 6478.723145 	 5133.923340 	 94.774132 	 -36.047077 	 190.072693 	 1.000000 
10617.895508 	 8274.600586 	 5408.069824 	 233.876740 	 -72.972717 	 181.373169 	 1.000000 
10592.287109 	 6727.670410 	 3082.864014 	 281.314484 	 -31.115833 	 196.524796 	 1.000000 
11420.225586 	 5984.136230 	 4509.298828 	 234.231033 	 30.077768 	 111.371063 	 1.000000 
12236.464844 	 8449.218750 	 3280.357422 	 88.216743 	 -70.282211 	 172.046783 	 1.000000 
11076.440430 	 6437.518066 	 6235.726562 	 231.947327 	 -82.491463 	 254.465851 	 1.000000 
11093.286133 	 6535.159668 	 3982.446045 	 216.595856 	 -47.105461 	 193.518875 	 1.000000 
11111.777344 	 6946.314453 	 4626.118652 	 193.863922 	 -28.204948 	 107.947990 	 1.000000 
10891.135742 	 8164.266602 	 3359.735596 	 248.405685 	 -82.724144 	 165.191040 	 1.000000 
12109.051758 	 6574.463379 	 4991.543457 	 112.736237 	 -42.910797 	 177.164719 	 1.000000 
11660.566406 	 7809.037598 	 3970.677490 	 134.867477 	 -96.815376 	 114.561073 	 1.000000 
10594.691406 	 6466.585938 	 2537.371338 	 257.920319 	 -67.702209 	 185.075058 	 1.000000 
10607.334961 	 6461.611816 	 2553.561768 	 241.762589 	 -53.409073 	 215.817581 	 1.000000 
11754.670898 	 8345.640625 	 3369.446777 	 246.433548 	 -75.756386 	 119.380051 	 1.000000 
10835.090820 	 6554.744141 	 4299.317383 	 261.729584 	 -12.367874 	 167.477737 	 1.000000 
10958.886719 	 6205.009766 	 3535.859863 	 287.798004 	 23.403345 	 275.672638 	 1.000000 
10971.424805 	 6221.565918 	 3521.456787 	 120.543953 	 -38.782879 	 84.893364 	 1.000000 
10967.405273 	 5848.137695 	 3161.857178 	 106.169083 	 12.066048 	 252.872253 	 1.000000 
11418.125977 	 6469.904297 	 4685.988281 	 248.713898 	 58.082138 	 122.946098 	 1.000000 
11863.561523 	 8377.266602 	 3402.548828 	 261.803894 	 -79.455170 	 213.712158 	 1.000000 
12409.671875 	 8430.455078 	 3321.439697 	 104.851639 	 -75.696793 	 143.894791 	 1.000000 
12366.104492 	 7574.176758 	 3978.988525 	 117.890053 	 -21.653118 	 188.640335 	 1.000000 
11038.946289 	 6483.701660 	 4161.553223 	 272.479095 	 -28.519190 	 165.372787 	 1.000000 
11977.728516 	 5338.515137 	 5134.360352 	 202.067230 	 -6.755623 	 218.928391 	 1.000000 
12183.831055 	 6210.201172 	 4010.732178 	 137.061096 	 -21.233725 	 195.592163 	 11.000000 
11304.871094 	 6989.098145 	 4312.658691 	 248.838089 	 -129.334335 	 113.012360 	 1.000000 
11147.515625 	 6632.879395 	 4244.326172 	 250.107208 	 6.803834 	 186.021027 	 1.000000 
12790.565430 	 6500.560547 	 3330.606689 	 153.692764 	 -18.875723 	 203.335892 	 4.000000 
10636.063477 	 6316.991699 	 3427.670410 	 306.670380 	 -102.967812 	 154.547745 	 1.000000 
11578.930664 	 6545.465820 	 6306.051270 	 181.627045 	 22.950333 	 283.982971 	 1.000000 
11439.774414 	 7989.226074 	 3877.829346 	 214.970856 	 -137.303375 	 126.304626 	 1.000000 
10704.479492 	 5601.294922 	 3812.125732 	 368.844971 	 80.301727 	 93.414116 	 1.000000 
10219.538086 	 5635.123047 	 4480.571289 	 347.141479 	 43.937321 	 107.149414 	 1.000000 
11960.250000 	 8540.317383 	 3934.609863 	 175.738037 	 -102.747490 	 121.214516 	 5.000000 
11216.342773 	 5993.524902 	 3895.397705 	 222.831955 	 33.797680 	 10.123214 	 1.000000 
11242.052734 	 7586.297852 	 3007.555664 	 170.050522 	 -0.388164 	 227.963409 	 1.000000 
11764.105469 	 5712.564941 	 3221.627686 	 129.670013 	 -22.901665 	 205.812347 	 1.000000 
11512.234375 	 6799.851074 	 4505.989258 	 193.553711 	 22.024042 	 252.156677 	 1.000000 
11275.479492 	 6026.035156 	 3801.617188 	 149.926254 	 52.995445 	 78.609619 	 1.000000 
12020.785156 	 7692.465332 	 3171.904297 	 128.104126 	 33.701832 	 221.066315 	 1.000000 
11188.698242 	 8301.273438 	 2954.895508 	 239.258881 	 -54.089031 	 199.591309 	 1.000000 
10946.727539 	 6498.454102 	 4076.780762 	 269.537598 	 -65.235504 	 167.280869 	 1.000000 
11711.651367 	 7186.865234 	 6349.639160 	 212.394867 	 -23.993176 	 252.550278 	 1.000000 
10323.522461 	 6464.486816 	 2775.667969 	 391.157593 	 5.403018 	 243.502563 	 1.000000 
10319.974609 	 6446.016602 	 2799.586426 	 399.007629 	 18.734375 	 247.935242 	 1.000000 
11036.654297 	 5460.490723 	 3397.061523 	 148.673721 	 67.007416 	 200.071350 	 1.000000 
11800.760742 	 6928.685547 	 5883.483887 	 274.879486 	 -66.603401 	 208.396973 	 1.000000 
11069.136719 	 7970.909668 	 5784.937500 	 192.329086 	 -108.804794 	 190.645844 	 1.000000 
12388.044922 	 8459.710938 	 4789.361328 	 159.741943 	 -70.966972 	 148.657028 	 12.000000 
10651.751953 	 6945.285645 	 2811.474854 	 258.264557 	 -63.240730 	 143.698029 	 1.000000 
10982.045898 	 5801.645020 	 3751.454834 	 326.562561 	 16.895132 	 181.882629 	 1.000000 
12566.409180 	 8561.429688 	 3762.979248 	 156.790665 	 -77.404335 	 124.858429 	 0.000000 
10711.284180 	 6513.438477 	 3769.009521 	 270.628296 	 -55.763065 	 159.288513 	 1.000000 
11417.803711 	 5816.422363 	 4452.447754 	 321.702209 	 75.721893 	 102.853973 	 1.000000 
11079.808594 	 6684.377441 	 4494.178223 	 276.307159 	 -63.975254 	 113.405869 	 1.000000 
11169.678711 	 7243.795410 	 5775.480469 	 191.956436 	 -119.944214 	 194.238419 	 1.000000 
11069.533203 	 6477.013184 	 4200.253906 	 194.413223 	 15.164999 	 133.895782 	 1.000000 
11243.347656 	 7072.095703 	 4782.158203 	 180.975388 	 -87.514221 	 204.358902 	 1.000000 
10970.105469 	 7504.206055 	 3538.813477 	 276.232849 	 -67.749725 	 211.137054 	 1.000000 
11362.567383 	 5445.136719 	 3186.321045 	 145.651794 	 14.009521 	 202.188644 	 1.000000 
11703.557617 	 5530.868164 	 5649.279297 	 296.598419 	 51.910587 	 167.359299 	 1.000000 
11779.619141 	 7480.498535 	 5953.332520 	 115.319435 	 -87.812401 	 185.580872 	 0.000000 
11179.635742 	 6946.659180 	 4959.168945 	 213.071930 	 -62.001328 	 88.198166 	 1.000000 
12619.233398 	 8673.360352 	 4355.395020 	 166.817230 	 -69.542252 	 139.284088 	 0.000000 
11205.333984 	 6941.636719 	 4825.925781 	 200.494339 	 -101.647156 	 159.546143 	 1.000000 
12246.627930 	 8519.074219 	 3327.331543 	 91.435997 	 -36.940117 	 182.079834 	 1.000000 
11343.284180 	 5813.700195 	 3588.365967 	 80.896591 	 1.725573 	 202.337158 	 1.000000 
10864.492188 	 5105.019531 	 4720.796875 	 336.403961 	 43.421394 	 132.130737 	 1.000000 
10835.602539 	 6360.850586 	 2912.954102 	 211.314651 	 -69.336342 	 162.585220 	 1.000000 
12169.312500 	 7636.215820 	 4020.666016 	 102.678398 	 -2.532183 	 182.116989 	 1.000000 
10786.225586 	 6906.556641 	 3039.248779 	 253.247391 	 -76.642097 	 163.236115 	 1.000000 
11148.541016 	 5837.848145 	 3591.859619 	 209.474258 	 175.486008 	 156.505280 	 1.000000 
10987.424805 	 7043.949219 	 6085.305664 	 158.487549 	 -103.518738 	 220.840546 	 1.000000 
11513.577148 	 7045.676270 	 4806.597656 	 250.050262 	 -44.163746 	 167.229721 	 1.000000 
11150.560547 	 6640.674805 	 4556.149902 	 244.092896 	 -15.564988 	 75.066673 	 1.000000 
10501.152344 	 6928.556152 	 3014.115479 	 306.262512 	 -43.627998 	 109.524597 	 1.000000 
12196.634766 	 7165.595703 	 3090.922852 	 135.558868 	 -1.019546 	 211.722443 	 1.000000 
11931.795898 	 5394.477539 	 5069.086426 	 229.021790 	 16.365484 	 188.602783 	 1.000000 
11386.866211 	 6588.967773 	 3869.811523 	 238.754517 	 -52.281555 	 192.225128 	 1.000000 
11208.925781 	 6577.566406 	 5962.868164 	 214.945618 	 -41.884048 	 230.461655 	 1.000000 
11262.590820 	 6783.712402 	 4861.669922 	 261.181152 	 -78.781815 	 133.183090 	 1.000000 
10886.789062 	 6452.093262 	 2744.217041 	 288.929352 	 -18.852161 	 194.537704 	 1.000000 
11067.481445 	 6599.291016 	 5009.643555 	 222.550812 	 -69.070702 	 117.357765 	 1.000000 
11406.840820 	 5775.259766 	 4502.086914 	 215.507507 	 60.322796 	 118.275963 	 1.000000 
11791.142578 	 6672.691406 	 5051.572266 	 211.968994 	 -49.291576 	 150.080963 	 1.000000 
11140.862305 	 6623.124512 	 5315.058594 	 233.426834 	 -47.834648 	 158.714020 	 1.000000 
12322.945312 	 6488.047363 	 3087.962158 	 144.025024 	 -14.787055 	 210.782242 	 1.000000 
11859.835938 	 7455.985840 	 3220.414062 	 138.181458 	 17.724373 	 219.204605 	 1.000000 
11316.753906 	 6853.591797 	 4246.742188 	 218.668686 	 34.470844 	 220.485153 	 1.000000 
10340.459961 	 6681.287598 	 2616.077637 	 217.381287 	 -71.105705 	 173.887848 	 1.000000 
12540.864258 	 7220.525879 	 2729.174072 	 133.318024 	 -4.731925 	 218.271973 	 1.000000 
10639.902344 	 6874.559082 	 6177.990234 	 364.020813 	 29.330610 	 200.017792 	 1.000000 
10641.835938 	 6806.847656 	 2964.949951 	 304.218170 	 -56.520947 	 119.925278 	 1.000000 
11030.487305 	 7895.144531 	 4755.915039 	 244.267029 	 -105.064133 	 142.096741 	 1.000000 
11279.033203 	 7480.083496 	 4224.579102 	 82.842239 	 -125.528603 	 95.526123 	 1.000000 
10526.298828 	 8581.578125 	 4796.782715 	 240.703934 	 -59.952450 	 160.227600 	 9.000000 
11722.901367 	 5804.126953 	 3236.525391 	 126.713112 	 -26.666149 	 205.267838 	 1.000000 
11122.402344 	 5968.796875 	 3820.512939 	 283.121735 	 -24.519581 	 80.392708 	 1.000000 
10162.533203 	 6035.503418 	 3109.031006 	 376.288361 	 -20.618015 	 124.734161 	 1.000000 
12268.050781 	 7545.356445 	 4016.209717 	 111.357147 	 -24.618423 	 191.385910 	 1.000000 
11388.369141 	 7075.809082 	 4740.364258 	 357.529114 	 -92.225540 	 77.288506 	 1.000000 
11110.139648 	 7866.156738 	 3308.821777 	 244.971024 	 -78.508942 	 198.367569 	 1.000000 
11047.741211 	 7288.747070 	 3653.378662 	 251.830551 	 -31.737114 	 223.811615 	 1.000000 
10946.065430 	 6885.320312 	 4688.354980 	 196.081192 	 -30.159952 	 79.928154 	 1.000000 
11239.310547 	 5418.239258 	 3929.450195 	 288.225861 	 112.535233 	 125.280617 	 1.000000 
11016.488281 	 7804.847656 	 4747.380371 	 251.921570 	 -107.545563 	 144.662216 	 1.000000 
10184.415039 	 7231.248047 	 2981.750977 	 296.401672 	 -26.092802 	 97.386711 	 1.000000 
10811.449219 	 5785.738770 	 3086.788086 	 180.608994 	 45.003120 	 257.656281 	 1.000000 
10593.044922 	 5992.718262 	 5235.703125 	 355.523346 	 41.288666 	 143.288193 	 7.000000 
10594.233398 	 6245.318848 	 3656.974121 	 248.930557 	 -74.549904 	 169.922516 	 1.000000 
10632.768555 	 6290.603516 	 3123.053467 	 269.641693 	 -73.297256 	 178.236740 	 1.000000 
10595.517578 	 6118.547363 	 5732.779785 	 356.454498 	 37.455181 	 157.638000 	 7.000000 
10593.511719 	 6113.215820 	 5729.071777 	 354.539581 	 35.475922 	 158.768341 	 7.000000 
12543.226562 	 7491.829102 	 3989.334229 	 128.323624 	 -4.319228 	 184.575455 	 1.000000 
10799.581055 	 6081.366211 	 2703.495605 	 144.357239 	 11.625160 	 291.721680 	 1.000000 
12015.465820 	 8019.542969 	 3453.879150 	 149.152832 	 -47.410065 	 140.395142 	 1.000000 
11409.148438 	 5759.898926 	 4381.710938 	 285.569763 	 27.813927 	 90.047462 	 1.000000 
11254.871094 	 6996.934082 	 5203.601074 	 240.241455 	 -51.845676 	 132.710449 	 1.000000 
10726.375000 	 6060.151367 	 3586.148438 	 275.329376 	 12.133121 	 153.494202 	 1.000000 
11001.377930 	 5877.962891 	 3003.326416 	 289.842010 	 18.415850 	 234.651443 	 1.000000 
11022.041992 	 6478.681641 	 4082.441895 	 133.171906 	 -17.464678 	 184.374939 	 1.000000 
11118.963867 	 6495.800293 	 4630.237793 	 205.800369 	 47.614719 	 140.165695 	 1.000000 
10472.577148 	 6136.518066 	 5704.267578 	 360.936188 	 41.586029 	 156.143219 	 7.000000 
9864.042969 	 7563.852539 	 3037.305420 	 284.670807 	 -18.064232 	 93.990364 	 0.000000 
10532.764648 	 7470.097168 	 2575.845215 	 178.100510 	 -31.520756 	 215.482727 	 1.000000 
11620.613281 	 6912.645508 	 4960.776367 	 218.520203 	 28.543646 	 115.027328 	 1.000000 
11012.892578 	 5922.275879 	 3210.323730 	 303.004364 	 28.808390 	 278.790588 	 1.000000 
10958.991211 	 6986.555664 	 4433.454102 	 230.383347 	 -85.509712 	 153.008789 	 1.000000 
12192.235352 	 6334.813477 	 3997.325195 	 135.919693 	 -19.839148 	 195.949814 	 11.000000 
11237.467773 	 5801.073242 	 4695.549316 	 356.672699 	 32.791405 	 120.131706 	 1.000000 
10952.251953 	 8217.065430 	 3205.803223 	 242.975357 	 -87.677650 	 160.328552 	 1.000000 
11078.878906 	 5152.377441 	 3799.165283 	 303.341187 	 85.091110 	 131.827972 	 1.000000 
10867.400391 	 5914.645996 	 3864.995361 	 235.027786 	 -54.388020 	 50.406811 	 1.000000 
11991.059570 	 5676.772949 	 5571.825684 	 144.423965 	 -40.860966 	 211.324097 	 1.000000 
11405.571289 	 5834.963867 	 4270.360840 	 260.855164 	 64.487785 	 106.973000 	 1.000000 
11178.214844 	 6075.574219 	 3991.030762 	 233.177307 	 60.441452 	 167.380997 	 1.000000 
11405.434570 	 6899.583984 	 4810.553223 	 223.528107 	 54.196007 	 147.413651 	 1.000000 
10818.145508 	 6804.872070 	 3271.363037 	 313.199432 	 -55.241837 	 123.168839 	 1.000000 
10883.180664 	 6863.954102 	 5109.011719 	 171.480209 	 -26.954269 	 140.182648 	 1.000000 
9433.696289 	 6839.541016 	 3573.381592 	 313.841125 	 16.949554 	 110.141495 	 0.000000 
12255.642578 	 6770.481934 	 3121.966553 	 141.243347 	 -8.122366 	 208.766876 	 1.000000 
11327.200195 	 5840.656738 	 4539.275391 	 288.775543 	 70.201622 	 112.179314 	 1.000000 
11037.930664 	 7015.312500 	 4580.405762 	 202.267822 	 -130.307327 	 113.461624 	 1.000000 
11319.526367 	 7340.042480 	 4372.893555 	 79.520317 	 -76.706146 	 104.761810 	 1.000000 
12322.323242 	 6841.653809 	 3123.537354 	 132.790878 	 -12.088428 	 206.387726 	 1.000000 
11446.666016 	 5201.917969 	 4909.264160 	 295.502441 	 63.274452 	 148.448425 	 1.000000 
11452.743164 	 5671.437012 	 5471.745605 	 318.395935 	 55.918846 	 148.962189 	 1.000000 
11178.087891 	 5881.231445 	 4319.430664 	 230.447693 	 81.735245 	 110.228310 	 1.000000 
11735.000977 	 5553.051758 	 5374.649902 	 260.998047 	 41.472931 	 162.590088 	 1.000000 
11346.278320 	 7397.227539 	 3799.404541 	 269.956177 	 -72.846283 	 170.303024 	 1.000000 
11260.969727 	 7856.569824 	 3377.149902 	 224.311264 	 -66.219963 	 215.181122 	 1.000000 
10782.449219 	 8131.707031 	 5229.192871 	 223.892349 	 -90.989922 	 170.904144 	 1.000000 
11052.714844 	 7060.208496 	 2829.108887 	 167.815094 	 -30.437407 	 237.019516 	 1.000000 
10943.486328 	 5980.109863 	 3208.233398 	 218.317413 	 -40.131866 	 241.233307 	 1.000000 
11004.878906 	 8143.627441 	 3267.910645 	 243.967392 	 -90.072952 	 160.691879 	 1.000000 
11745.703125 	 5504.164062 	 5249.335449 	 249.348862 	 46.285393 	 158.507034 	 1.000000 
11130.657227 	 7263.652344 	 4374.226074 	 173.177124 	 -111.934296 	 87.269753 	 1.000000 
10652.038086 	 6013.635254 	 3041.063477 	 319.901001 	 50.879448 	 206.339020 	 1.000000 
13249.417969 	 6996.507812 	 4382.226562 	 160.972122 	 -30.644264 	 158.070572 	 0.000000 
11403.271484 	 7115.228027 	 4518.092285 	 269.336792 	 -70.591148 	 226.023911 	 1.000000 
11205.416992 	 6672.691895 	 4479.912598 	 294.072449 	 -34.132030 	 131.426254 	 1.000000 
11947.135742 	 8361.014648 	 5085.176758 	 170.906616 	 -91.642899 	 145.496628 	 12.000000 
12336.288086 	 7996.338867 	 3655.539551 	 110.077888 	 -4.691215 	 173.119034 	 1.000000 
10884.092773 	 5402.219727 	 4333.375000 	 344.200287 	 61.816730 	 111.025085 	 1.000000 
11346.114258 	 7862.291992 	 3918.298096 	 146.688171 	 -48.186745 	 167.852203 	 1.000000 
12209.079102 	 7557.018555 	 4063.665527 	 105.292229 	 -24.958862 	 180.457108 	 1.000000 
10298.415039 	 6569.635254 	 2905.781738 	 240.709091 	 -54.665768 	 276.017181 	 1.000000 
11366.598633 	 7180.988770 	 5036.691406 	 204.296661 	 -47.735611 	 110.412827 	 1.000000 
11308.794922 	 7658.034668 	 4056.767334 	 97.372231 	 -65.918686 	 167.592651 	 1.000000 
11509.791992 	 7752.091797 	 3803.124268 	 203.024826 	 -148.021164 	 147.665436 	 1.000000 
11916.145508 	 8113.515625 	 3062.468018 	 152.397812 	 -49.946232 	 252.584152 	 1.000000 
10723.875000 	 7228.166992 	 2591.147217 	 178.758408 	 -33.539413 	 227.950363 	 1.000000 
10711.158203 	 6354.614746 	 3797.703125 	 284.732452 	 -83.557098 	 162.755646 	 1.000000 
11396.551758 	 5872.538086 	 4540.075195 	 297.623505 	 43.268742 	 121.614014 	 1.000000 
10948.902344 	 6250.942871 	 3901.693115 	 113.760452 	 -59.528599 	 151.558853 	 1.000000 
12002.010742 	 8131.087402 	 3214.658203 	 54.461113 	 -10.716222 	 132.938828 	 1.000000 
10963.554688 	 8030.845215 	 3080.583008 	 224.273636 	 -63.700504 	 190.516266 	 1.000000 
11771.620117 	 8380.262695 	 2913.749512 	 228.627945 	 9.952461 	 236.325394 	 1.000000 
11573.968750 	 5476.935547 	 3267.034668 	 135.406555 	 -7.198137 	 203.139252 	 1.000000 
11300.606445 	 6926.916992 	 4330.968262 	 231.822479 	 -129.110596 	 135.231430 	 1.000000 
10967.160156 	 6733.293945 	 6092.239746 	 205.062500 	 -96.496536 	 232.016174 	 1.000000 
11352.877930 	 5786.101562 	 3930.781982 	 314.056549 	 87.265701 	 61.382931 	 1.000000 
11217.589844 	 7039.844238 	 4804.824219 	 237.678894 	 -99.419937 	 180.148834 	 1.000000 
11755.321289 	 8295.112305 	 3396.904785 	 267.955231 	 -93.102180 	 221.852524 	 1.000000 
12698.255859 	 5951.767090 	 5238.318359 	 140.111450 	 -46.389553 	 185.373566 	 0.000000 
11062.908203 	 7075.680664 	 2932.159424 	 152.009628 	 -29.266060 	 223.522720 	 1.000000 
11022.613281 	 8358.630859 	 2934.155029 	 231.007812 	 -47.965012 	 197.692612 	 1.000000 
12313.261719 	 6722.111328 	 4013.386963 	 130.839478 	 -15.931045 	 197.110748 	 11.000000 
11282.698242 	 7373.104004 	 3750.383789 	 261.513275 	 -112.493073 	 234.421829 	 1.000000 
10757.586914 	 6394.111328 	 4217.394043 	 249.038345 	 -30.164904 	 162.159576 	 1.000000 
9998.188477 	 5634.759277 	 3932.468994 	 349.835907 	 43.116844 	 90.639168 	 1.000000 
11522.561523 	 6996.128906 	 4934.785156 	 237.650879 	 12.561486 	 84.747482 	 1.000000 
11224.455078 	 7566.658203 	 4070.352783 	 128.937744 	 -148.818863 	 122.666435 	 1.000000 
11192.809570 	 5766.691895 	 3520.749512 	 71.235672 	 37.324829 	 208.565750 	 1.000000 
13158.016602 	 6998.250977 	 3763.037109 	 160.228607 	 -7.758099 	 194.697617 	 3.000000 
11340.561523 	 5813.556641 	 4255.607910 	 270.943176 	 66.260010 	 86.209297 	 1.000000 
11207.094727 	 7129.166992 	 4755.448242 	 168.078125 	 -144.068375 	 97.293495 	 1.000000 
11620.537109 	 6885.112305 	 4604.845703 	 182.881546 	 -8.466374 	 240.677277 	 1.000000 
11855.800781 	 6876.082520 	 5458.065918 	 262.269562 	 -59.340820 	 172.140350 	 1.000000 
11685.896484 	 8296.974609 	 2926.427490 	 300.011597 	 -44.317383 	 267.721558 	 1.000000 
11993.125977 	 5297.814941 	 5163.440430 	 197.761978 	 -9.398937 	 215.530716 	 1.000000 
10842.035156 	 6091.150879 	 4023.710693 	 228.474396 	 1.073720 	 43.609936 	 1.000000 
12134.354492 	 7419.306641 	 3936.963379 	 100.301506 	 -13.660805 	 172.508499 	 1.000000 
11151.610352 	 7609.941895 	 3835.079834 	 287.829987 	 -50.904892 	 229.350632 	 1.000000 
11284.127930 	 6822.510254 	 4480.692383 	 134.540436 	 -59.799107 	 223.468048 	 1.000000 
10364.955078 	 6215.280762 	 2906.507080 	 306.700897 	 -20.550711 	 175.143173 	 1.000000 
10593.625977 	 6758.554688 	 2467.342285 	 174.968811 	 -33.321907 	 257.734009 	 1.000000 
10518.480469 	 6390.312500 	 3551.503906 	 263.959991 	 -82.836433 	 154.693298 	 1.000000 
10623.272461 	 6314.805664 	 3712.076660 	 251.784714 	 -68.727242 	 163.549896 	 1.000000 
10937.329102 	 5580.626953 	 3191.741699 	 188.842056 	 90.237549 	 210.620377 	 1.000000 
12093.327148 	 7006.316895 	 3074.455811 	 145.654114 	 -6.512574 	 210.053925 	 1.000000 
11443.432617 	 6508.203125 	 5394.207520 	 191.564896 	 33.850544 	 186.496933 	 1.000000 
11370.405273 	 6978.026367 	 5452.719238 	 239.229370 	 -43.502239 	 163.156738 	 1.000000 
11589.984375 	 7744.650879 	 3963.039307 	 127.995453 	 -98.321152 	 112.817352 	 1.000000 
10088.548828 	 6338.479004 	 4552.847168 	 338.717529 	 18.453262 	 124.473183 	 6.000000 
10992.122070 	 8154.491211 	 4641.694336 	 213.736069 	 -107.277069 	 145.456146 	 1.000000 
11469.136719 	 6121.149414 	 5814.569336 	 311.361786 	 49.882648 	 178.836624 	 1.000000 
11095.784180 	 7365.581055 	 4062.141602 	 168.333084 	 -131.664825 	 69.542374 	 1.000000 
10511.872070 	 6481.088379 	 2851.975342 	 211.742599 	 -103.781265 	 175.023010 	 1.000000 
11182.333008 	 7877.042480 	 3453.649902 	 252.904770 	 -111.577461 	 177.694321 	 1.000000 
11360.322266 	 7104.770020 	 4937.435059 	 155.612411 	 -121.605606 	 108.404739 	 1.000000 
12294.884766 	 8572.636719 	 4160.371582 	 167.366226 	 -91.075111 	 129.439362 	 5.000000 
10770.044922 	 5658.724609 	 3832.011963 	 372.398651 	 65.942596 	 87.642822 	 1.000000 
11600.019531 	 7514.276367 	 4021.078857 	 95.079773 	 -4.278088 	 175.359680 	 1.000000 
10253.374023 	 6297.812500 	 5334.729492 	 349.356903 	 28.702389 	 148.057571 	 0.000000 
11694.531250 	 7657.266113 	 3668.688477 	 127.979057 	 -72.021072 	 141.132736 	 1.000000 
11412.245117 	 5846.873047 	 4387.665527 	 270.212128 	 78.316643 	 115.469368 	 1.000000 
11164.515625 	 5445.805664 	 3711.982666 	 295.736206 	 122.700790 	 131.962006 	 1.000000 
11874.737305 	 5628.289062 	 5703.502930 	 275.182892 	 44.572193 	 177.974594 	 1.000000 
11685.326172 	 6322.599121 	 5369.310059 	 124.661469 	 -29.604315 	 189.054596 	 1.000000 
10661.762695 	 6769.236328 	 2791.648438 	 295.224060 	 -51.089668 	 129.894104 	 1.000000 
11561.819336 	 8176.409668 	 3243.237793 	 245.590820 	 43.465538 	 226.574280 	 1.000000 
11046.589844 	 7602.652344 	 3746.790771 	 292.267029 	 -46.948982 	 211.553558 	 1.000000 
10786.310547 	 6073.770508 	 3330.593750 	 276.164124 	 102.167175 	 276.387726 	 1.000000 
11886.944336 	 8108.700684 	 3406.741211 	 133.689957 	 -6.234779 	 215.287247 	 1.000000 
10322.699219 	 6469.687012 	 2820.021729 	 286.034760 	 -46.074993 	 168.303360 	 1.000000 
11069.331055 	 6832.537109 	 2926.446533 	 131.071487 	 -38.866608 	 219.221039 	 1.000000 
11281.782227 	 6763.510254 	 5339.714355 	 190.385345 	 32.666992 	 164.806900 	 1.000000 
10676.152344 	 5878.666504 	 3456.476807 	 207.218613 	 29.773430 	 311.002838 	 1.000000 
11021.955078 	 6336.673828 	 3978.808838 	 225.359802 	 -75.601570 	 166.916580 	 1.000000 
11467.550781 	 7444.376465 	 3717.825195 	 229.056503 	 -122.955223 	 210.689087 	 1.000000 
11162.485352 	 7664.207031 	 3562.029053 	 247.616638 	 -123.882614 	 182.779343 	 1.000000 
11189.899414 	 7687.718750 	 5124.835449 	 204.186295 	 -119.612190 	 153.526718 	 1.000000 
11466.998047 	 7664.044922 	 4667.088867 	 183.421204 	 -143.492233 	 128.099579 	 1.000000 
11128.322266 	 7006.937988 	 4557.474609 	 118.608490 	 -95.844780 	 212.404861 	 1.000000 
11682.235352 	 6372.206543 	 5561.509277 	 123.137352 	 -23.852024 	 199.217941 	 1.000000 
10269.634766 	 6212.817871 	 2819.805908 	 290.619110 	 92.523300 	 161.750977 	 1.000000 
11469.127930 	 5897.817871 	 3698.257568 	 93.725380 	 -10.491134 	 196.131882 	 1.000000 
11274.317383 	 6157.149902 	 3759.895996 	 189.717224 	 64.771362 	 59.904667 	 1.000000 
11066.752930 	 6577.434570 	 4624.679688 	 210.858078 	 59.222843 	 146.330139 	 1.000000 
11447.816406 	 7017.827637 	 4173.156250 	 167.046646 	 -121.502014 	 176.614639 	 1.000000 
10060.140625 	 7079.275879 	 2898.562500 	 247.413635 	 45.152008 	 173.585510 	 1.000000 
11067.890625 	 6540.704590 	 3056.733643 	 112.310310 	 -42.115654 	 228.879196 	 1.000000 
11064.839844 	 6253.439453 	 3577.944580 	 226.026276 	 58.782391 	 315.806549 	 1.000000 
11346.207031 	 5786.585449 	 4368.849609 	 261.507629 	 110.718864 	 100.956177 	 1.000000 
10899.782227 	 6895.013672 	 6211.349121 	 178.813126 	 -103.981003 	 238.224594 	 1.000000 
10014.213867 	 5855.807129 	 3361.862793 	 418.374237 	 85.639046 	 154.994095 	 1.000000 
10913.887695 	 6121.166016 	 3428.659180 	 293.352814 	 -106.005325 	 205.028198 	 1.000000 
11784.825195 	 5395.566895 	 4942.697266 	 197.184875 	 8.251589 	 202.081787 	 1.000000 
11017.589844 	 5757.809082 	 3918.219238 	 162.124191 	 133.685242 	 130.261566 	 1.000000 
11277.808594 	 6507.256348 	 5180.787109 	 143.679062 	 19.612175 	 185.000717 	 1.000000 
11956.341797 	 5299.105957 	 5153.307129 	 210.738586 	 -13.937827 	 204.055008 	 1.000000 
11159.398438 	 7349.766113 	 3916.900635 	 168.773087 	 -25.474995 	 161.377502 	 1.000000 
11240.458008 	 6745.674316 	 3562.002441 	 267.165039 	 -65.141495 	 182.295059 	 1.000000 
11412.805664 	 6644.332520 	 6261.039551 	 252.405212 	 -42.380005 	 284.135895 	 1.000000 
11576.882812 	 6092.064941 	 4975.631836 	 294.376678 	 20.519218 	 139.231552 	 1.000000 
12445.198242 	 7851.880371 	 2806.223633 	 146.451797 	 32.881451 	 212.948151 	 1.000000 
10601.300781 	 6204.381348 	 3288.753662 	 224.839890 	 -6.563948 	 234.117432 	 1.000000 
11685.794922 	 5568.914551 	 4987.684082 	 244.517593 	 51.286362 	 146.749939 	 1.000000 
11668.719727 	 5414.851562 	 4625.607910 	 210.709381 	 57.193169 	 188.942490 	 1.000000 
11337.031250 	 6700.409180 	 4392.641602 	 270.621155 	 23.533583 	 132.484787 	 1.000000 
10868.366211 	 6165.180176 	 3037.428711 	 208.209442 	 -43.562176 	 186.174194 	 1.000000 
10867.360352 	 8671.161133 	 3319.210449 	 206.511322 	 -86.921478 	 145.310410 	 1.000000 
11358.501953 	 5687.243164 	 4303.229004 	 312.017914 	 102.630310 	 102.171906 	 1.000000 
11290.492188 	 7295.342773 	 4371.799316 	 79.124031 	 -39.507309 	 125.491333 	 1.000000 
11090.083984 	 6430.706055 	 5267.748535 	 207.668671 	 -64.733711 	 142.413315 	 1.000000 
11027.992188 	 6645.653320 	 5048.580566 	 262.661957 	 -32.543896 	 134.685928 	 1.000000 
9965.040039 	 5957.800781 	 3305.494873 	 318.486298 	 26.226093 	 168.215240 	 1.000000 
10746.534180 	 6013.922852 	 3400.365723 	 176.612503 	 -62.364014 	 266.547974 	 1.000000 
10724.355469 	 5984.375977 	 3846.052002 	 267.012238 	 -84.767624 	 111.665451 	 1.000000 
10887.449219 	 6828.813965 	 5295.122070 	 171.601990 	 -26.629108 	 162.236710 	 1.000000 
12010.993164 	 8100.924805 	 3323.317383 	 80.612831 	 -44.830273 	 98.289307 	 1.000000 
11966.241211 	 8271.490234 	 4731.346191 	 152.310669 	 -82.876595 	 135.364120 	 12.000000 
10893.515625 	 7928.874023 	 3288.413086 	 242.126312 	 -100.639633 	 161.561661 	 1.000000 
11531.837891 	 8282.782227 	 3054.786377 	 204.928467 	 -4.214798 	 277.767853 	 1.000000 
11745.080078 	 7402.460938 	 3194.835205 	 144.403320 	 12.428007 	 220.846542 	 1.000000 
9989.329102 	 5965.673340 	 3249.854736 	 328.401337 	 21.416857 	 158.352768 	 1.000000 
11288.147461 	 6161.820801 	 3855.193359 	 205.452454 	 78.518120 	 95.030846 	 1.000000 
11687.005859 	 7011.132324 	 5305.015137 	 234.271225 	 7.911414 	 145.158417 	 1.000000 
11635.208008 	 8121.022461 	 3341.001709 	 239.626801 	 -6.382535 	 183.840942 	 1.000000 
11889.990234 	 7975.511719 	 3205.335938 	 103.578285 	 -14.831133 	 132.896103 	 1.000000 
11677.650391 	 7276.467285 	 6407.047363 	 99.221786 	 -104.955788 	 209.031982 	 1.000000 
11615.999023 	 8413.234375 	 2913.635010 	 204.302109 	 -87.484642 	 229.764633 	 1.000000 
10849.477539 	 5992.569824 	 2738.646973 	 165.182114 	 -67.412453 	 230.471558 	 1.000000 
10889.064453 	 5896.609375 	 3848.501953 	 211.912979 	 -41.076614 	 59.766415 	 1.000000 
10939.941406 	 6198.155273 	 3697.157715 	 203.788239 	 2.218170 	 59.647255 	 1.000000 
10710.430664 	 7378.899902 	 3575.832275 	 256.878571 	 -45.281078 	 202.182770 	 1.000000 
10922.967773 	 6226.886230 	 3769.401611 	 200.575821 	 -31.682512 	 151.342957 	 1.000000 
11109.536133 	 6444.171387 	 4602.719727 	 207.108551 	 44.644039 	 141.096054 	 1.000000 
10848.231445 	 7160.110840 	 3109.856201 	 262.643616 	 -64.272751 	 160.449417 	 1.000000 
10614.650391 	 6118.557129 	 5524.841797 	 355.911255 	 37.808807 	 146.913040 	 7.000000 
11165.031250 	 7802.270508 	 5236.472168 	 195.779190 	 -116.033020 	 160.068268 	 1.000000 
11031.494141 	 5676.159180 	 4185.889160 	 355.867218 	 63.809555 	 83.599960 	 1.000000 
11441.893555 	 5956.357422 	 4000.919922 	 244.320602 	 50.909294 	 62.935001 	 1.000000 
11118.534180 	 7699.311035 	 5162.565918 	 265.701904 	 -86.993431 	 163.254349 	 1.000000 
11429.206055 	 7826.926758 	 3729.192383 	 113.372566 	 -64.745628 	 149.278259 	 1.000000 
11005.266602 	 5632.670898 	 3901.277832 	 372.722046 	 87.999031 	 78.176079 	 1.000000 
10639.246094 	 8447.034180 	 4682.187988 	 235.697906 	 -63.298786 	 164.609879 	 9.000000 
12406.584961 	 7580.332031 	 3818.035889 	 122.217262 	 -40.415890 	 165.488815 	 1.000000 
11146.818359 	 7812.361328 	 3419.301025 	 240.230621 	 -82.581398 	 211.039902 	 1.000000 
11421.320312 	 5493.058594 	 4644.515625 	 184.977158 	 34.606483 	 180.891098 	 1.000000 
11331.013672 	 5938.780762 	 5190.076660 	 345.784515 	 30.474546 	 137.177689 	 1.000000 
11684.867188 	 7100.872070 	 6034.286133 	 224.575027 	 -22.019485 	 228.553680 	 1.000000 
11361.260742 	 7838.356445 	 3941.629639 	 148.738800 	 -42.999672 	 168.939514 	 1.000000 
10706.200195 	 7423.279297 	 4799.473145 	 329.056305 	 -18.239103 	 147.526016 	 8.000000 
12439.101562 	 8208.207031 	 3004.489014 	 109.087440 	 -24.013302 	 223.576050 	 1.000000 
13257.128906 	 6901.498047 	 3666.360352 	 166.733017 	 -15.229971 	 204.621521 	 3.000000 
11028.085938 	 6748.125977 	 2881.764160 	 160.019791 	 -60.700588 	 246.776062 	 1.000000 
11561.166992 	 6963.941895 	 5174.800293 	 239.951736 	 16.620609 	 120.509361 	 1.000000 
10678.123047 	 6111.926270 	 3542.177490 	 324.360626 	 -68.887001 	 152.824341 	 1.000000 
11461.540039 	 6750.780273 	 5001.446289 	 174.039566 	 7.591434 	 189.365936 	 1.000000 
11980.174805 	 8219.901367 	 2762.639160 	 139.538406 	 6.953217 	 269.435852 	 1.000000 
10760.047852 	 6652.142578 	 3685.702881 	 267.277344 	 -82.287079 	 175.963043 	 1.000000 
11225.915039 	 5442.451172 	 4885.514160 	 335.736176 	 61.451405 	 128.088074 	 1.000000 
11450.946289 	 5707.206055 	 4886.318359 	 227.452560 	 65.362991 	 134.749146 	 1.000000 
11060.629883 	 7304.956055 	 3995.011475 	 194.499924 	 -35.175930 	 241.728607 	 1.000000 
11330.377930 	 5958.602539 	 5217.715332 	 350.946289 	 27.777933 	 135.875839 	 1.000000 
11188.129883 	 7827.024902 	 3741.843506 	 245.249344 	 -70.722984 	 214.271133 	 1.000000 
12987.536133 	 6694.607422 	 4684.944824 	 146.638916 	 -37.409794 	 165.290894 	 10.000000 
10969.169922 	 5972.135742 	 4092.567383 	 183.402817 	 57.523743 	 68.445213 	 1.000000 
10979.359375 	 6327.005371 	 3966.685547 	 122.546249 	 -41.254448 	 164.782562 	 1.000000 
11609.269531 	 6696.193359 	 6139.392090 	 279.274689 	 12.590014 	 256.924072 	 1.000000 
11701.996094 	 6649.625977 	 4825.117188 	 200.921783 	 -44.803688 	 127.731773 	 1.000000 
11173.978516 	 7953.063965 	 3631.096436 	 228.595093 	 -56.140785 	 224.174408 	 1.000000 
10845.548828 	 5788.372070 	 3637.899170 	 256.871002 	 -89.990868 	 86.631142 	 1.000000 
10880.585938 	 6015.551270 	 3151.288086 	 255.706421 	 113.916245 	 252.309540 	 1.000000 
11559.943359 	 6839.890137 	 4443.404785 	 189.701324 	 68.209381 	 187.740952 	 1.000000 
11634.125977 	 6763.626465 	 6042.373535 	 314.254822 	 52.614468 	 237.104004 	 1.000000 
10602.506836 	 6070.434082 	 5536.075684 	 352.464691 	 33.819626 	 139.671402 	 7.000000 
10671.462891 	 5944.784180 	 3073.539062 	 360.819305 	 51.153648 	 127.773476 	 1.000000 
11095.748047 	 7895.224121 	 4641.976074 	 255.410919 	 -107.383385 	 149.755432 	 1.000000 
13070.280273 	 6454.020996 	 4867.754395 	 153.181671 	 -36.470085 	 182.591507 	 10.000000 
11462.106445 	 5671.859863 	 5524.030762 	 320.952911 	 50.837612 	 145.487259 	 1.000000 
11359.708008 	 5658.946289 	 4278.218262 	 313.535034 	 107.987076 	 109.531700 	 1.000000 
11229.163086 	 6206.932129 	 3795.271240 	 174.914658 	 65.760223 	 77.721375 	 1.000000 
11791.111328 	 5397.378418 	 5471.919434 	 286.452423 	 50.166862 	 160.352280 	 1.000000 
11789.147461 	 5308.775391 	 4768.971191 	 246.630646 	 52.678432 	 173.116104 	 1.000000 
11491.305664 	 5256.472168 	 3896.887451 	 191.486816 	 53.388432 	 177.772522 	 1.000000 
11331.753906 	 6653.657715 	 5500.367676 	 227.588028 	 -36.463726 	 165.075165 	 1.000000 
11149.333984 	 6972.561523 	 4588.775391 	 138.220352 	 -156.678207 	 150.452042 	 1.000000 
11454.764648 	 7942.312988 	 3913.938477 	 151.590591 	 -35.584194 	 173.080002 	 1.000000 
10112.694336 	 7011.664062 	 2706.929932 	 313.632111 	 2.729559 	 82.145729 	 1.000000 
10427.754883 	 6440.382324 	 3146.018066 	 307.988129 	 -1.515504 	 178.841309 	 1.000000 
11078.829102 	 6733.734863 	 4144.494629 	 142.174286 	 -0.718564 	 220.439865 	 1.000000 
10777.616211 	 5859.758789 	 2827.521973 	 279.062378 	 55.782196 	 229.643433 	 1.000000 
11054.440430 	 5154.390625 	 4049.033691 	 292.195801 	 86.578667 	 130.537323 	 1.000000 
11867.536133 	 5402.035156 	 4910.071777 	 218.249496 	 26.264309 	 182.797836 	 1.000000 
11103.896484 	 7144.351562 	 4487.173828 	 190.471725 	 -123.984146 	 115.656120 	 1.000000 
11762.989258 	 6811.387695 	 5090.073242 	 236.568039 	 42.173676 	 139.961075 	 1.000000 
11127.316406 	 7810.136230 	 4667.445312 	 249.348007 	 -113.383171 	 148.278122 	 1.000000 
10623.653320 	 6665.555664 	 2777.145996 	 235.231293 	 -86.824295 	 168.227798 	 1.000000 
11822.876953 	 6621.617188 	 5388.139160 	 230.001511 	 -62.797108 	 164.131668 	 1.000000 
11373.933594 	 7101.472656 	 4158.784668 	 164.084351 	 -56.331177 	 218.902893 	 1.000000 
10539.768555 	 5907.875488 	 5050.601562 	 354.787445 	 40.529671 	 132.207138 	 7.000000 
11578.744141 	 7633.916992 	 4109.511230 	 94.292099 	 -76.224457 	 125.054749 	 1.000000 
10615.748047 	 7148.508301 	 2495.021973 	 177.230331 	 -32.201687 	 233.320724 	 1.000000 
10715.596680 	 6521.295410 	 4052.513672 	 217.667953 	 -39.538364 	 183.875122 	 1.000000 
10834.886719 	 6621.164551 	 3575.262695 	 256.166138 	 -92.767120 	 180.457062 	 1.000000 
10789.006836 	 6069.543945 	 2750.978760 	 170.586914 	 50.445595 	 279.732452 	 1.000000 
11091.159180 	 6016.434570 	 3851.824219 	 294.974365 	 -35.559120 	 104.008820 	 1.000000 
11405.197266 	 6321.572266 	 4633.034180 	 256.038422 	 38.569088 	 121.691872 	 1.000000 
10803.371094 	 6004.615723 	 5271.846191 	 347.376495 	 35.582653 	 145.598999 	 7.000000 
10416.018555 	 6133.372559 	 5629.868164 	 361.921265 	 40.809818 	 156.449356 	 7.000000 
10311.591797 	 7344.437500 	 3633.864258 	 311.257721 	 -22.225807 	 123.893654 	 0.000000 
10023.114258 	 5621.563477 	 4018.712158 	 344.435913 	 40.305370 	 96.254768 	 1.000000 
11391.741211 	 8283.588867 	 3044.003174 	 231.471954 	 -52.519573 	 263.371246 	 1.000000 
11052.533203 	 6730.242676 	 2908.947021 	 120.327820 	 -39.318409 	 217.609192 	 1.000000 
10080.907227 	 6790.551270 	 2897.616211 	 229.103485 	 -10.361031 	 204.437912 	 1.000000 
10150.050781 	 6677.646973 	 2721.271484 	 222.718216 	 -20.016048 	 269.168488 	 1.000000 
11617.985352 	 5459.047363 	 4945.022949 	 237.918335 	 53.788067 	 160.458267 	 1.000000 
11370.895508 	 7324.840820 	 3839.787598 	 227.216599 	 -106.001068 	 237.418839 	 1.000000 
11489.313477 	 6038.475586 	 5442.234375 	 321.844452 	 31.281151 	 152.106537 	 1.000000 
12217.071289 	 8230.178711 	 3356.159912 	 73.451881 	 12.569243 	 185.840042 	 1.000000 
11169.423828 	 6934.236816 	 4601.636230 	 353.830566 	 -59.359001 	 98.349899 	 1.000000 
12034.361328 	 5811.897949 	 5553.698730 	 215.760284 	 4.351310 	 200.836243 	 1.000000 
11649.624023 	 6781.076172 	 4701.800781 	 224.332001 	 78.557762 	 135.317627 	 1.000000 
11281.242188 	 7325.541016 	 3864.897949 	 164.353668 	 -106.765274 	 168.758270 	 1.000000 
11232.712891 	 7469.018555 	 4626.025391 	 148.659805 	 -86.089622 	 121.502937 	 1.000000 
11430.114258 	 8400.826172 	 3086.549561 	 235.916763 	 -114.154030 	 158.054306 	 1.000000 
11818.734375 	 8170.348145 	 2997.435791 	 179.991684 	 -82.487198 	 154.736130 	 1.000000 
12886.629883 	 6569.992188 	 3408.977783 	 153.105042 	 -18.287214 	 202.669388 	 4.000000 
11976.093750 	 8220.826172 	 2984.597168 	 120.586594 	 4.083848 	 295.185089 	 1.000000 
11023.579102 	 5750.582520 	 4386.138184 	 154.576019 	 17.304901 	 147.020370 	 1.000000 
11522.399414 	 6985.624023 	 4721.293457 	 134.288101 	 64.444679 	 154.634598 	 1.000000 
11490.483398 	 7906.013672 	 3841.887939 	 211.171814 	 -139.566757 	 120.664955 	 1.000000 
11346.317383 	 6859.737793 	 3846.682861 	 315.481659 	 -19.981478 	 163.718704 	 1.000000 
11942.334961 	 8247.288086 	 4651.138672 	 173.906830 	 -102.768471 	 138.203949 	 12.000000 
12013.985352 	 8039.417480 	 4550.759277 	 155.559357 	 -99.323662 	 131.457642 	 12.000000 
11637.748047 	 7993.614258 	 3300.284180 	 265.366791 	 -10.474598 	 198.870239 	 1.000000 
11013.451172 	 7969.538086 	 3185.193848 	 244.392853 	 -71.595642 	 185.891525 	 1.000000 
10721.195312 	 5982.309570 	 3308.302979 	 242.376465 	 6.624436 	 276.421936 	 1.000000 
11102.019531 	 5278.009277 	 4911.987305 	 331.568756 	 51.623417 	 132.577744 	 1.000000 
11196.544922 	 5309.060059 	 4054.964600 	 313.293640 	 87.228981 	 114.647797 	 1.000000 
11011.720703 	 6761.092773 	 5003.542969 	 222.550446 	 49.719936 	 149.769958 	 1.000000 
11344.937500 	 6856.908691 	 4886.872070 	 207.272476 	 -23.969217 	 86.923706 	 1.000000 
11259.108398 	 6759.907715 	 3591.315430 	 262.772034 	 -61.586304 	 180.046890 	 1.000000 
11323.320312 	 6558.121582 	 6314.498535 	 211.768433 	 -28.200050 	 287.615479 	 1.000000 
11141.266602 	 5907.032227 	 4750.379395 	 359.487061 	 32.513897 	 117.493736 	 1.000000 
11156.525391 	 7301.357910 	 5158.809082 	 226.125473 	 -127.939240 	 147.044067 	 1.000000 
11892.660156 	 8338.701172 	 3275.075439 	 28.731499 	 -146.275452 	 146.202698 	 1.000000 
11179.259766 	 8196.313477 	 3573.554199 	 220.041351 	 -116.411827 	 144.930359 	 1.000000 
10397.870117 	 7662.696289 	 2969.100830 	 223.254608 	 -62.705315 	 159.642029 	 1.000000 
10487.567383 	 6295.089355 	 3388.261230 	 263.091797 	 -100.702698 	 188.536194 	 1.000000 
10690.602539 	 5776.696289 	 3339.426025 	 335.802155 	 71.849266 	 229.885895 	 1.000000 
11882.032227 	 5580.442383 	 3832.359375 	 141.009125 	 -18.154716 	 192.700989 	 0.000000 
11126.488281 	 6851.716797 	 4496.756836 	 204.867493 	 -61.584198 	 173.957642 	 1.000000 
11688.145508 	 5794.864258 	 5382.833496 	 199.247452 	 10.620752 	 195.960999 	 1.000000 
11738.901367 	 6491.010254 	 6313.833496 	 219.290405 	 -73.019295 	 268.656738 	 1.000000 
11574.696289 	 7775.777832 	 4508.900391 	 141.664169 	 -114.717873 	 134.102570 	 1.000000 
10798.562500 	 6796.476074 	 6295.529785 	 375.249054 	 36.987247 	 207.440369 	 1.000000 
11120.819336 	 5916.311035 	 3070.609619 	 339.445282 	 31.558344 	 204.343628 	 1.000000 
10839.088867 	 5983.274902 	 2858.397217 	 303.051575 	 47.441196 	 222.647018 	 1.000000 
10468.931641 	 7485.293945 	 3057.979248 	 233.655884 	 -48.980740 	 165.011948 	 1.000000 
11911.614258 	 5250.353027 	 5032.989746 	 255.651581 	 30.055937 	 166.856140 	 1.000000 
11360.546875 	 7153.498535 	 4702.730957 	 240.353790 	 -5.050476 	 135.974686 	 1.000000 
10911.853516 	 6602.300781 	 5788.678223 	 187.842499 	 -11.689487 	 211.097855 	 1.000000 
11308.372070 	 7685.210938 	 4028.899658 	 106.700974 	 -64.680336 	 172.942154 	 1.000000 
10892.882812 	 6153.742676 	 2911.873535 	 176.863266 	 -48.769382 	 167.026611 	 1.000000 
9686.318359 	 6068.250488 	 3971.470215 	 336.454529 	 18.762882 	 103.363205 	 0.000000 
10224.614258 	 5726.323242 	 3708.704590 	 342.007782 	 41.342846 	 78.038376 	 1.000000 
10386.329102 	 5657.867676 	 3668.447021 	 346.867615 	 44.996868 	 96.637444 	 1.000000 
11819.159180 	 7727.556152 	 4385.551758 	 147.870255 	 -109.470833 	 126.354530 	 1.000000 
12681.076172 	 7283.328613 	 3898.623535 	 150.401718 	 3.141270 	 188.024277 	 1.000000 
11887.341797 	 7719.382324 	 4033.498047 	 105.726967 	 -58.610641 	 125.803391 	 1.000000 
10508.036133 	 6307.089844 	 3249.225586 	 258.426971 	 -106.899437 	 212.396652 	 1.000000 
11458.744141 	 5989.515625 	 3761.599854 	 93.147560 	 -19.296322 	 191.903305 	 1.000000 
10791.512695 	 6118.131348 	 3961.617920 	 220.636612 	 -47.489536 	 82.030487 	 1.000000 
11043.147461 	 6812.147949 	 5766.845215 	 248.568054 	 -33.577911 	 199.681747 	 1.000000 
10724.068359 	 6699.768555 	 2968.881104 	 304.979675 	 -65.427734 	 130.339050 	 1.000000 
10581.985352 	 8533.914062 	 4725.739746 	 222.467804 	 -77.309097 	 159.575195 	 9.000000 
10926.496094 	 8183.405273 	 4327.510742 	 252.669006 	 -88.858765 	 149.377380 	 1.000000 
11146.804688 	 7788.688965 	 5427.744629 	 199.365051 	 -111.599205 	 172.245178 	 1.000000 
12680.477539 	 7901.223633 	 3818.764893 	 138.881760 	 -39.385517 	 133.093475 	 1.000000 
10864.879883 	 6049.954590 	 2717.842041 	 197.383347 	 2.776183 	 314.664185 	 1.000000 
11283.475586 	 5813.277344 	 4310.422852 	 248.197205 	 35.551643 	 98.739502 	 1.000000 
11425.697266 	 5461.656738 	 4685.147949 	 287.958160 	 78.501251 	 132.375656 	 1.000000 
11051.139648 	 7558.236328 	 3522.954346 	 267.860840 	 -59.430862 	 230.422958 	 1.000000 
11113.570312 	 6647.359863 	 3382.119629 	 295.268127 	 -68.403481 	 139.130890 	 1.000000 
11181.352539 	 7301.412598 	 5774.250977 	 228.243820 	 -118.696953 	 197.460724 	 1.000000 
11568.884766 	 7621.001465 	 3685.115479 	 137.844467 	 -53.972176 	 163.991409 	 1.000000 
12291.339844 	 8555.512695 	 3250.445068 	 118.901245 	 -81.405586 	 217.072861 	 1.000000 
10783.022461 	 5710.447266 	 2935.777588 	 332.451385 	 46.424179 	 201.818527 	 1.000000 
11222.687500 	 6548.115723 	 3048.636230 	 117.310959 	 -32.957066 	 223.533859 	 1.000000 
11124.771484 	 5481.927246 	 4022.424316 	 291.298798 	 115.771767 	 116.549103 	 1.000000 
10989.911133 	 7065.425781 	 4857.749512 	 234.017181 	 4.865583 	 107.567612 	 1.000000 
11342.682617 	 6704.638184 	 5473.994141 	 192.806686 	 28.719500 	 181.831039 	 1.000000 
11494.813477 	 6424.514160 	 5547.149902 	 189.845795 	 27.550245 	 200.378830 	 1.000000 
12188.398438 	 6211.364258 	 5259.984375 	 118.970329 	 -40.358559 	 181.830643 	 0.000000 
12187.232422 	 8178.019043 	 3018.545166 	 112.271240 	 -20.308174 	 260.063934 	 1.000000 
11127.224609 	 7317.708008 	 2781.630859 	 193.631104 	 -31.469942 	 238.061096 	 1.000000 
10241.264648 	 7916.760254 	 2978.778076 	 213.967712 	 -54.894695 	 163.688889 	 1.000000 
11165.952148 	 5281.919434 	 3989.438477 	 315.729706 	 87.450569 	 119.348030 	 1.000000 
11407.014648 	 5616.626465 	 4506.654297 	 288.232513 	 89.010399 	 119.383018 	 1.000000 
11199.776367 	 5624.250977 	 3956.400146 	 278.696625 	 133.830826 	 99.986931 	 1.000000 
10746.304688 	 6014.279297 	 3917.744385 	 262.084808 	 -78.343971 	 113.838593 	 1.000000 
11553.068359 	 6633.572266 	 3954.843262 	 233.211945 	 -11.415118 	 181.889099 	 1.000000 
11482.097656 	 6009.087402 	 5906.674316 	 307.529816 	 49.133900 	 180.970703 	 1.000000 
11202.093750 	 6762.668457 	 6285.602051 	 260.646912 	 -45.531376 	 269.900330 	 1.000000 
12218.555664 	 8382.550781 	 4891.908203 	 161.184799 	 -58.857040 	 121.755424 	 12.000000 
11113.233398 	 8030.625000 	 3838.925293 	 230.824036 	 -124.907852 	 138.584579 	 1.000000 
12715.022461 	 7199.701660 	 3905.588867 	 149.558167 	 4.174134 	 188.876999 	 1.000000 
12772.768555 	 7417.186035 	 3863.325928 	 152.231369 	 -10.472265 	 186.382339 	 1.000000 
12054.529297 	 7474.933594 	 3938.890625 	 89.505493 	 -25.947170 	 176.755936 	 1.000000 
10537.987305 	 6310.549316 	 3090.275391 	 205.360901 	 -66.679436 	 221.143967 	 1.000000 
10443.360352 	 7591.839355 	 2932.529297 	 222.114166 	 -59.550690 	 160.514572 	 1.000000 
10865.304688 	 6495.286621 	 3962.471191 	 283.737396 	 -79.089928 	 180.255814 	 1.000000 
11115.921875 	 5791.227051 	 3837.282471 	 356.372681 	 117.353516 	 52.929272 	 1.000000 
11445.041992 	 5203.004883 	 5166.390625 	 313.182526 	 54.635136 	 146.203217 	 1.000000 
11260.485352 	 5947.216309 	 4190.493164 	 237.386978 	 34.004021 	 68.949936 	 1.000000 
11622.077148 	 6857.943359 	 4155.515625 	 225.368393 	 22.916904 	 196.247238 	 1.000000 
11259.569336 	 7327.355469 	 5540.741699 	 227.212128 	 -116.571793 	 177.569214 	 1.000000 
11081.774414 	 7288.404297 	 4208.688477 	 212.577393 	 -96.005623 	 59.126286 	 1.000000 
11356.460938 	 6530.439941 	 6156.329590 	 234.216431 	 -22.412170 	 261.944458 	 1.000000 
11662.149414 	 8176.638672 	 3447.929688 	 168.537369 	 -23.884218 	 216.615677 	 1.000000 
10039.608398 	 6652.091797 	 4900.835938 	 332.424622 	 18.095268 	 139.303619 	 0.000000 
10164.489258 	 6246.074707 	 4518.331543 	 341.309967 	 20.599987 	 121.105911 	 6.000000 
11383.661133 	 8399.311523 	 3090.540283 	 239.001999 	 -106.934860 	 164.064957 	 1.000000 
11795.994141 	 8386.329102 	 2954.467041 	 166.210541 	 -23.074821 	 281.643860 	 1.000000 
10970.638672 	 7659.154785 	 3295.321045 	 256.616943 	 -54.002941 	 201.490112 	 1.000000 
12290.642578 	 6676.120117 	 3103.836426 	 144.173935 	 -8.760080 	 211.660599 	 1.000000 
11676.596680 	 5865.001465 	 3442.195068 	 117.754227 	 -20.680012 	 202.643158 	 1.000000 
10776.325195 	 5579.831543 	 3815.812988 	 358.423279 	 91.026138 	 116.841301 	 1.000000 
11651.823242 	 5811.115723 	 5421.779297 	 164.834839 	 -14.899678 	 206.233383 	 1.000000 
11873.196289 	 7089.308105 	 4585.315430 	 96.934433 	 -21.848276 	 169.024979 	 1.000000 
11011.399414 	 6687.265137 	 4337.008301 	 278.938202 	 11.728389 	 172.753952 	 1.000000 
10919.285156 	 7989.538574 	 5056.931152 	 242.054962 	 -89.902443 	 159.662033 	 1.000000 
10633.567383 	 8434.438477 	 3418.610840 	 254.979187 	 -57.169132 	 138.516434 	 1.000000 
10264.941406 	 6570.378418 	 2647.571289 	 223.157532 	 -69.742889 	 187.922791 	 1.000000 
11123.562500 	 7822.516113 	 5528.436523 	 198.814011 	 -110.375320 	 177.984344 	 1.000000 
11149.100586 	 5460.345215 	 3342.459473 	 140.859955 	 46.490555 	 202.587219 	 1.000000 
11441.875977 	 5647.298340 	 4763.914551 	 176.515350 	 25.720825 	 181.002548 	 1.000000 
11606.423828 	 6837.504395 	 4918.884277 	 249.632401 	 47.703400 	 87.360222 	 1.000000 
11795.082031 	 7059.572266 	 5960.078125 	 224.929169 	 -14.654436 	 218.564316 	 1.000000 
11715.162109 	 6980.173340 	 5764.054199 	 242.319305 	 25.843925 	 194.111313 	 1.000000 
10317.736328 	 7038.229980 	 2826.650635 	 212.222824 	 -60.008171 	 159.730423 	 1.000000 
11038.637695 	 6205.625000 	 5846.352539 	 357.552490 	 50.588146 	 173.073105 	 0.000000 
10660.218750 	 8381.202148 	 3165.454102 	 222.947571 	 -80.169647 	 142.040833 	 1.000000 
11143.522461 	 7908.070312 	 3287.454590 	 246.436478 	 -76.082596 	 201.712357 	 1.000000 
10220.132812 	 6881.528320 	 2686.778564 	 331.303162 	 33.110615 	 206.581635 	 1.000000 
10659.469727 	 6022.551270 	 2788.677490 	 325.443787 	 97.351624 	 223.446457 	 1.000000 
11329.808594 	 5945.883301 	 3939.577637 	 219.096268 	 103.041550 	 59.651283 	 1.000000 
11606.602539 	 5570.838379 	 5001.390625 	 191.430344 	 8.633286 	 182.678604 	 1.000000 
11198.961914 	 6892.519043 	 4880.302246 	 192.451859 	 17.022842 	 117.250832 	 1.000000 
11763.569336 	 6830.114746 	 6222.145996 	 199.915024 	 -56.198959 	 251.544434 	 1.000000 
11276.898438 	 5989.201172 	 3768.947266 	 176.504044 	 -10.619286 	 55.042671 	 1.000000 
11433.061523 	 6604.241211 	 5719.401367 	 310.360718 	 45.106739 	 191.121292 	 1.000000 
11070.378906 	 6426.466797 	 5339.280762 	 232.801926 	 -64.619141 	 157.858322 	 1.000000 
11457.546875 	 7827.761230 	 3699.744629 	 126.514282 	 -79.634247 	 154.515381 	 1.000000 
10912.732422 	 6697.210449 	 4831.238281 	 256.671692 	 -30.415661 	 116.544136 	 1.000000 
10983.738281 	 6494.792969 	 6116.951660 	 180.394653 	 2.040286 	 252.043686 	 1.000000 
11202.051758 	 7665.801758 	 4004.772217 	 133.607880 	 -95.870171 	 181.972473 	 1.000000 
10433.277344 	 5895.696289 	 4600.172852 	 352.962830 	 19.644426 	 119.933838 	 1.000000 
10679.924805 	 8410.244141 	 5522.637695 	 210.559311 	 -83.407440 	 182.543488 	 1.000000 
11188.920898 	 7689.802734 	 3573.875000 	 231.033630 	 -127.781929 	 184.515427 	 1.000000 
12215.806641 	 8239.749023 	 3001.979980 	 92.856613 	 -11.672771 	 227.613846 	 1.000000 
12988.644531 	 6957.354980 	 3709.892578 	 159.195770 	 -7.130272 	 200.748825 	 3.000000 
10814.205078 	 5990.036133 	 3093.751465 	 321.642273 	 90.203476 	 220.187561 	 1.000000 
10921.247070 	 7505.628906 	 3737.748779 	 280.625824 	 -40.044697 	 214.146255 	 1.000000 
10677.005859 	 5819.997559 	 3749.364990 	 180.889938 	 -48.388115 	 31.654472 	 1.000000 
11016.887695 	 6651.999023 	 5961.842285 	 165.781296 	 -16.371655 	 239.844193 	 1.000000 
10737.569336 	 5968.986328 	 3705.824219 	 291.130798 	 -115.843712 	 155.255890 	 1.000000 
11177.916992 	 6709.545410 	 4527.870117 	 251.425369 	 -19.674078 	 61.446762 	 1.000000 
11193.399414 	 6762.607910 	 5259.109863 	 202.809372 	 -34.832745 	 145.035431 	 1.000000 
11810.809570 	 8002.491699 	 4740.023438 	 129.452820 	 -75.352516 	 130.056534 	 12.000000 
10624.930664 	 6683.392090 	 2678.576660 	 295.320770 	 -47.886780 	 132.154221 	 1.000000 
12210.415039 	 8502.360352 	 4074.469238 	 167.654129 	 -96.756989 	 127.849426 	 5.000000 
12175.203125 	 8375.316406 	 4067.202148 	 164.705917 	 -100.694191 	 124.308151 	 5.000000 
12999.233398 	 7914.201172 	 3735.137451 	 154.295059 	 -31.272240 	 153.588654 	 1.000000 
12392.670898 	 7513.866211 	 2862.983154 	 142.885468 	 11.049470 	 219.298706 	 1.000000 
12870.363281 	 6665.531738 	 3427.964600 	 156.441177 	 -19.856810 	 201.272415 	 4.000000 
10018.753906 	 7147.199219 	 2929.161865 	 243.405289 	 29.761435 	 179.427048 	 1.000000 
11347.722656 	 5627.150391 	 4858.919434 	 341.413055 	 75.236687 	 127.077057 	 1.000000 
10946.794922 	 5908.825684 	 3133.999756 	 122.618088 	 15.216884 	 252.785233 	 1.000000 
11129.963867 	 5837.976562 	 3372.049316 	 303.285522 	 2.962618 	 233.055801 	 1.000000 
10987.765625 	 6368.016113 	 3994.882812 	 126.003471 	 -38.122845 	 168.162247 	 1.000000 
11763.652344 	 7443.840820 	 4176.388184 	 88.938759 	 2.507220 	 147.399551 	 1.000000 
10770.290039 	 5866.975098 	 3859.842041 	 272.692657 	 -30.307573 	 44.013863 	 1.000000 
11177.618164 	 7191.328613 	 3927.262207 	 270.183014 	 -9.933546 	 265.474823 	 1.000000 
11524.458008 	 6771.171875 	 3968.946045 	 244.563065 	 -25.765429 	 204.467789 	 1.000000 
11519.588867 	 7895.411133 	 3619.452881 	 173.485855 	 -56.265148 	 152.751358 	 1.000000 
10980.410156 	 6036.947754 	 3125.800293 	 202.744781 	 -45.518131 	 202.130753 	 1.000000 
11163.794922 	 7227.722656 	 6135.484375 	 227.598068 	 -121.381271 	 230.600861 	 1.000000 
10916.108398 	 8487.829102 	 3389.964600 	 213.424561 	 -95.401947 	 147.499405 	 1.000000 
11602.884766 	 7635.029785 	 3712.072754 	 130.589600 	 -61.134460 	 159.012878 	 1.000000 
11460.723633 	 7860.086426 	 3952.148682 	 164.473999 	 -64.441803 	 151.170151 	 1.000000 
10960.538086 	 6084.020508 	 2965.195801 	 85.309380 	 -21.095421 	 231.026917 	 1.000000 
10541.066406 	 6891.267090 	 3572.637451 	 250.012451 	 -60.471588 	 185.972382 	 1.000000 
10445.845703 	 6491.682129 	 3137.646973 	 307.910126 	 -9.394218 	 178.701904 	 1.000000 
10634.669922 	 5758.791504 	 3344.839844 	 330.656921 	 68.289871 	 230.353424 	 1.000000 
10875.325195 	 5564.946777 	 3305.645996 	 188.439148 	 82.606781 	 233.955109 	 1.000000 
10751.501953 	 5796.060547 	 3509.997314 	 252.453842 	 156.508591 	 232.698410 	 1.000000 
11198.467773 	 7222.144531 	 5780.959961 	 209.818985 	 -13.926760 	 206.558990 	 1.000000 
11575.533203 	 5932.683594 	 4960.484375 	 259.065582 	 29.140762 	 131.798203 	 1.000000 
10992.549805 	 6501.304199 	 4074.615479 	 245.694107 	 -21.692017 	 157.787262 	 1.000000 
10762.601562 	 6440.956055 	 3536.969727 	 240.601990 	 -93.667030 	 179.796677 	 1.000000 
11263.610352 	 6503.603516 	 4024.324707 	 210.310242 	 -13.060289 	 171.817856 	 1.000000 
11704.667969 	 5812.296387 	 5571.175293 	 284.699921 	 42.848778 	 168.164978 	 1.000000 
11923.110352 	 5988.667969 	 6008.413086 	 266.204254 	 40.765854 	 208.763733 	 1.000000 
11138.503906 	 7419.833984 	 4112.827148 	 150.909988 	 -173.017822 	 67.782181 	 1.000000 
11120.228516 	 7318.198242 	 4442.404297 	 142.660904 	 -100.784096 	 95.090927 	 1.000000 
10782.837891 	 6015.709473 	 5349.225586 	 345.809967 	 35.818378 	 146.657654 	 7.000000 
11118.325195 	 5873.037598 	 3101.050537 	 275.917755 	 -0.115387 	 242.164703 	 1.000000 
11807.607422 	 6702.650879 	 4759.328125 	 261.894318 	 52.930115 	 142.042679 	 1.000000 
9929.804688 	 6405.219238 	 4312.960938 	 336.692169 	 19.709038 	 120.629898 	 6.000000 
11173.940430 	 7534.150391 	 3950.128906 	 218.078247 	 -36.528873 	 220.300735 	 1.000000 
12403.697266 	 7724.997559 	 2841.880859 	 142.082138 	 21.368832 	 215.773956 	 1.000000 
13206.411133 	 6926.157715 	 3711.717773 	 162.310150 	 -7.494870 	 194.865341 	 3.000000 
10794.960938 	 6531.438965 	 2909.150635 	 124.163383 	 -49.250759 	 229.344681 	 1.000000 
10828.667969 	 6823.369141 	 3512.858643 	 240.626968 	 -71.885468 	 187.764679 	 1.000000 
11459.042969 	 5764.724121 	 5899.215820 	 319.660217 	 66.987473 	 169.423492 	 1.000000 
11495.413086 	 5789.157227 	 4917.128906 	 293.485931 	 66.459152 	 169.833099 	 1.000000 
11083.754883 	 6740.116211 	 5796.661621 	 246.443192 	 -39.802998 	 202.812759 	 1.000000 
11316.813477 	 7579.594727 	 4141.765625 	 80.645226 	 -79.257118 	 160.705215 	 1.000000 
10584.770508 	 7551.478027 	 4914.576660 	 322.026001 	 -13.481579 	 153.940506 	 8.000000 
10641.542969 	 5876.666992 	 4667.496582 	 345.681610 	 27.242943 	 114.086243 	 1.000000 
9979.520508 	 5908.622559 	 3554.969238 	 336.262573 	 -9.821836 	 79.153000 	 1.000000 
10541.667969 	 8619.674805 	 4742.893066 	 221.608978 	 -72.249458 	 160.557098 	 9.000000 
11704.247070 	 5900.353516 	 5968.733398 	 127.277702 	 -27.524950 	 222.340469 	 1.000000 
12225.011719 	 7549.718750 	 3935.063721 	 103.996750 	 -22.226938 	 169.177475 	 1.000000 
12617.747070 	 8160.748535 	 3715.352783 	 133.601654 	 -45.181705 	 123.760513 	 1.000000 
12367.650391 	 6369.271973 	 3054.719482 	 144.744965 	 -17.811075 	 210.515701 	 1.000000 
11051.461914 	 7270.356934 	 2947.314697 	 185.384247 	 -34.352074 	 233.609360 	 1.000000 
10656.831055 	 6537.548340 	 3321.047607 	 257.236938 	 -109.932968 	 171.764862 	 1.000000 
10617.042969 	 6591.809082 	 3067.175049 	 286.407745 	 -59.578579 	 172.314987 	 1.000000 
10635.253906 	 6363.856934 	 3660.118164 	 279.544952 	 -62.897247 	 151.758011 	 1.000000 
11809.633789 	 5561.415039 	 3234.997559 	 137.583893 	 -22.221535 	 200.288574 	 1.000000 
12285.918945 	 6595.994629 	 4016.185547 	 137.607971 	 -6.382696 	 196.605606 	 11.000000 
11208.561523 	 6555.583008 	 5954.387207 	 224.205627 	 -40.848888 	 233.611618 	 1.000000 
11247.242188 	 6446.132812 	 4928.360352 	 198.737671 	 54.385666 	 154.278305 	 1.000000 
11179.225586 	 6939.686035 	 5503.066406 	 203.151245 	 -56.999008 	 169.049377 	 1.000000 
11472.705078 	 7455.246582 	 3688.784668 	 132.771500 	 8.385227 	 235.517288 	 1.000000 
11603.222656 	 6933.836914 	 4404.852051 	 233.199463 	 -21.727404 	 231.287369 	 1.000000 
10851.621094 	 6763.986328 	 5082.508301 	 222.227493 	 -45.479988 	 139.599609 	 1.000000 
10850.594727 	 6284.954590 	 2761.611328 	 268.652893 	 -67.352425 	 203.998764 	 1.000000 
10706.859375 	 6524.236328 	 2641.490234 	 288.586670 	 -43.805222 	 147.920990 	 1.000000 
11668.339844 	 7642.209961 	 3590.269531 	 146.243591 	 -65.316956 	 154.412949 	 1.000000 
11672.492188 	 7658.736816 	 3677.930420 	 136.300659 	 -65.437538 	 149.302872 	 1.000000 
11692.227539 	 7565.533691 	 4620.315430 	 137.769257 	 -121.753365 	 137.273499 	 1.000000 
12861.190430 	 7565.819336 	 3812.010010 	 149.086868 	 -28.822048 	 165.178802 	 1.000000 
10150.924805 	 6930.314941 	 2698.513428 	 315.593353 	 44.590279 	 201.426025 	 1.000000 
11484.226562 	 8393.642578 	 3053.286865 	 203.366821 	 -45.468124 	 309.048615 	 1.000000 
10583.153320 	 6460.095215 	 3416.551270 	 259.780792 	 -53.723629 	 182.136032 	 1.000000 
11263.577148 	 5749.432129 	 3114.323975 	 109.439873 	 -8.105011 	 223.795471 	 1.000000 
