33510.539062 	 20459.458984 	 39976.058594 	 -184.217743 	 14.231997 	 153.579086 	 3.000000 
33441.203125 	 20537.441406 	 39958.757812 	 -299.214142 	 -47.232098 	 148.820679 	 3.000000 
33469.773438 	 20448.035156 	 39995.500000 	 -224.625778 	 -61.812069 	 -25.618034 	 3.000000 
33548.363281 	 20391.091797 	 40063.007812 	 -205.800522 	 68.380692 	 246.036911 	 3.000000 
33505.214844 	 20471.781250 	 39965.414062 	 -218.355408 	 123.834740 	 225.166550 	 3.000000 
33636.523438 	 20578.488281 	 40086.578125 	 -280.517975 	 -152.213470 	 117.720589 	 3.000000 
33475.203125 	 20449.671875 	 39938.507812 	 -158.409714 	 78.428558 	 132.374008 	 3.000000 
33489.945312 	 20440.703125 	 39965.191406 	 -151.103485 	 27.785313 	 113.758873 	 3.000000 
33420.964844 	 20510.480469 	 39825.140625 	 -113.172081 	 -107.936737 	 128.102570 	 3.000000 
33480.296875 	 20362.763672 	 39838.382812 	 -186.620026 	 -43.419453 	 311.319031 	 3.000000 
33471.832031 	 20498.869141 	 39970.042969 	 -191.403748 	 164.350967 	 314.457764 	 3.000000 
33439.125000 	 20607.337891 	 39930.746094 	 -156.802200 	 46.924747 	 130.406128 	 3.000000 
33455.316406 	 20499.974609 	 39962.316406 	 -100.916512 	 39.872120 	 208.019882 	 3.000000 
33508.402344 	 20556.894531 	 40034.605469 	 -147.422134 	 -145.082504 	 198.502533 	 3.000000 
33582.250000 	 20433.765625 	 39973.625000 	 -329.279144 	 -85.100464 	 158.536392 	 3.000000 
33501.085938 	 20473.353516 	 39953.476562 	 -153.683548 	 150.069824 	 240.172958 	 3.000000 
33613.324219 	 20420.556641 	 39986.707031 	 -212.776245 	 26.561922 	 295.127289 	 3.000000 
33500.300781 	 20565.757812 	 39888.062500 	 -63.838875 	 135.480774 	 133.925537 	 3.000000 
33579.027344 	 20320.707031 	 39961.316406 	 -277.553009 	 67.197357 	 245.890869 	 3.000000 
33531.261719 	 20441.824219 	 40058.171875 	 -218.911667 	 179.893280 	 54.461208 	 3.000000 
33510.871094 	 20608.267578 	 39985.171875 	 -93.543030 	 37.525337 	 186.975220 	 3.000000 
33493.140625 	 20475.562500 	 39991.109375 	 8.482498 	 -61.916222 	 130.756393 	 3.000000 
33543.625000 	 20437.966797 	 40052.007812 	 -280.641144 	 12.903397 	 95.031250 	 3.000000 
33669.039062 	 20540.488281 	 40074.523438 	 -300.897125 	 -137.735748 	 129.544312 	 3.000000 
33442.445312 	 20453.648438 	 40019.371094 	 -219.322952 	 -46.164688 	 276.421051 	 3.000000 
33632.125000 	 20507.902344 	 40054.445312 	 -317.148041 	 28.480761 	 160.488998 	 3.000000 
33462.867188 	 20411.531250 	 40030.750000 	 -273.013245 	 -143.459244 	 54.785080 	 3.000000 
33513.785156 	 20540.572266 	 40020.007812 	 -259.702484 	 -133.685867 	 94.772926 	 3.000000 
33461.386719 	 20532.033203 	 39897.710938 	 -83.628563 	 178.993942 	 136.630997 	 3.000000 
33518.632812 	 20545.869141 	 39935.546875 	 -275.857971 	 -128.095001 	 177.094009 	 3.000000 
33459.492188 	 20603.384766 	 39968.535156 	 -172.905441 	 -116.377548 	 248.044540 	 3.000000 
33585.710938 	 20355.089844 	 40046.566406 	 -134.034409 	 -4.952065 	 67.655540 	 3.000000 
33500.648438 	 20374.978516 	 39843.339844 	 -185.427597 	 -59.988998 	 321.113617 	 3.000000 
35032.167969 	 19978.972656 	 38900.714844 	 -206.745071 	 -10.843167 	 137.536499 	 3.000000 
35033.980469 	 19976.361328 	 38882.136719 	 -335.410309 	 96.237595 	 280.020782 	 3.000000 
35030.464844 	 19969.660156 	 38938.609375 	 -221.719940 	 -110.004189 	 23.244394 	 3.000000 
35096.574219 	 20064.410156 	 38911.417969 	 -118.685379 	 -18.333956 	 211.444153 	 3.000000 
35011.644531 	 19999.179688 	 38850.722656 	 -288.339539 	 -147.733826 	 183.776672 	 3.000000 
35031.050781 	 19984.236328 	 38972.425781 	 -226.297226 	 -116.215935 	 106.187660 	 3.000000 
35051.957031 	 20036.906250 	 39002.105469 	 -194.393936 	 -78.672050 	 212.041061 	 3.000000 
35065.058594 	 19956.947266 	 38882.121094 	 -377.092010 	 -16.704012 	 264.494202 	 3.000000 
35093.152344 	 20074.623047 	 38924.273438 	 -145.435410 	 -15.699465 	 215.450012 	 3.000000 
35042.656250 	 19909.931641 	 38980.945312 	 -180.318741 	 20.967535 	 9.404359 	 3.000000 
35072.683594 	 19952.044922 	 38926.550781 	 -6.995544 	 -122.819153 	 113.805145 	 3.000000 
35059.449219 	 19947.453125 	 38964.777344 	 -246.769669 	 -107.394356 	 49.935745 	 3.000000 
35017.218750 	 20019.496094 	 38895.468750 	 -141.214340 	 -112.774918 	 48.811577 	 3.000000 
34471.625000 	 20189.193359 	 39405.796875 	 -188.832138 	 -4.798568 	 141.673965 	 3.000000 
34320.582031 	 20172.919922 	 39302.296875 	 -97.680252 	 -9.568575 	 262.877441 	 3.000000 
34481.761719 	 20184.962891 	 39411.042969 	 -209.329559 	 30.619181 	 273.906067 	 3.000000 
34276.457031 	 20184.982422 	 39383.367188 	 -214.545364 	 53.379284 	 96.081718 	 3.000000 
34537.746094 	 20197.199219 	 39279.523438 	 -305.961945 	 51.309093 	 112.301239 	 3.000000 
34416.265625 	 20219.009766 	 39425.808594 	 -196.824646 	 32.238205 	 11.996662 	 3.000000 
34510.902344 	 20168.128906 	 39404.609375 	 -196.384338 	 -31.107204 	 281.666229 	 3.000000 
34519.746094 	 20110.927734 	 39317.964844 	 -314.604401 	 -64.585365 	 184.184311 	 3.000000 
34542.375000 	 20184.582031 	 39551.707031 	 -197.863266 	 150.008133 	 57.383987 	 3.000000 
34339.941406 	 20240.357422 	 39480.562500 	 -104.312767 	 -12.941531 	 41.398911 	 3.000000 
34478.554688 	 20139.183594 	 39402.441406 	 -114.553383 	 -95.965073 	 271.308716 	 3.000000 
34382.648438 	 20093.607422 	 39361.328125 	 -302.559143 	 57.319168 	 117.438835 	 3.000000 
34533.992188 	 20159.654297 	 39401.785156 	 -347.964813 	 -91.526573 	 52.342918 	 3.000000 
34367.835938 	 20212.587891 	 39354.402344 	 -185.175781 	 -7.716459 	 39.175667 	 3.000000 
34415.578125 	 20252.025391 	 39327.558594 	 -247.730896 	 -15.212994 	 134.266693 	 3.000000 
34481.125000 	 20215.525391 	 39311.949219 	 -219.244080 	 50.639324 	 186.868759 	 3.000000 
34550.078125 	 20130.072266 	 39522.867188 	 -199.774689 	 18.009886 	 69.067398 	 3.000000 
34501.730469 	 20129.236328 	 39387.828125 	 -289.789886 	 121.198433 	 131.638519 	 3.000000 
34462.187500 	 20109.972656 	 39405.421875 	 -322.955933 	 95.440445 	 182.082367 	 3.000000 
34434.968750 	 20270.693359 	 39407.570312 	 -240.954132 	 -143.485474 	 229.549133 	 3.000000 
34537.320312 	 20198.398438 	 39384.593750 	 -176.674973 	 -136.904770 	 209.618973 	 3.000000 
34437.781250 	 20202.662109 	 39429.410156 	 -7.665339 	 114.115463 	 134.608368 	 3.000000 
34549.835938 	 20277.316406 	 39505.132812 	 -249.758545 	 30.121351 	 42.138111 	 3.000000 
36113.429688 	 19787.441406 	 38272.058594 	 -155.756821 	 -20.232071 	 144.175964 	 3.000000 
36077.386719 	 19820.164062 	 38255.460938 	 -49.792839 	 -35.814152 	 138.379150 	 3.000000 
36150.609375 	 19699.875000 	 38344.480469 	 -173.727707 	 -30.067734 	 178.346695 	 3.000000 
36065.210938 	 19844.001953 	 38321.500000 	 -179.298920 	 0.748700 	 171.234940 	 3.000000 
36171.695312 	 19672.818359 	 38367.894531 	 -177.524536 	 -40.391708 	 146.885071 	 3.000000 
36163.421875 	 19695.328125 	 38329.140625 	 -128.977341 	 -3.213528 	 221.343628 	 3.000000 
35149.699219 	 21071.859375 	 40905.898438 	 -220.822922 	 -70.847649 	 139.507614 	 6.000000 
35212.921875 	 21056.173828 	 40869.519531 	 -286.764832 	 -89.362228 	 151.054276 	 6.000000 
35121.609375 	 21036.330078 	 40855.734375 	 -269.120575 	 -60.378296 	 185.762512 	 6.000000 
34215.273438 	 20306.695312 	 38781.160156 	 -163.632599 	 -73.317894 	 194.483398 	 3.000000 
34471.828125 	 20355.167969 	 38519.687500 	 -171.883240 	 -72.682716 	 194.394791 	 3.000000 
34486.078125 	 20390.464844 	 38531.828125 	 -147.328262 	 -43.038399 	 189.566620 	 3.000000 
34466.125000 	 20339.625000 	 38511.789062 	 -165.839615 	 -97.087906 	 151.731064 	 3.000000 
34736.714844 	 20526.326172 	 38074.464844 	 -185.313248 	 -106.520813 	 155.091370 	 3.000000 
35663.453125 	 19912.757812 	 38824.429688 	 -203.607269 	 -46.040428 	 152.068817 	 3.000000 
35676.472656 	 19948.320312 	 38827.488281 	 -227.150101 	 -40.885983 	 137.016785 	 3.000000 
35652.015625 	 19902.843750 	 38798.363281 	 -179.712967 	 -14.978465 	 143.974899 	 3.000000 
34650.250000 	 18358.455078 	 39617.964844 	 -145.679733 	 54.972496 	 108.213509 	 3.000000 
34644.882812 	 18355.541016 	 39573.000000 	 -117.171349 	 29.251032 	 111.729286 	 3.000000 
33321.625000 	 21068.123047 	 39198.523438 	 -242.943954 	 -92.837616 	 173.453552 	 3.000000 
33342.246094 	 21052.703125 	 39259.765625 	 -227.452499 	 -114.718765 	 166.690308 	 3.000000 
35135.039062 	 19862.515625 	 38560.695312 	 -269.569977 	 -28.298578 	 124.727226 	 3.000000 
33817.683594 	 20847.408203 	 38896.648438 	 -218.143509 	 -101.580750 	 176.346634 	 3.000000 
36460.277344 	 19890.757812 	 38859.289062 	 -189.802338 	 -16.520971 	 104.245842 	 3.000000 
36469.324219 	 19864.900391 	 38845.593750 	 -207.963028 	 22.755079 	 102.286156 	 3.000000 
36456.601562 	 19879.941406 	 38838.859375 	 -162.081070 	 -4.744656 	 113.955063 	 3.000000 
33262.578125 	 20700.457031 	 40278.878906 	 -213.462463 	 32.846336 	 75.885826 	 3.000000 
34667.773438 	 20210.326172 	 39930.753906 	 -229.322510 	 35.733204 	 75.963127 	 3.000000 
34646.664062 	 20187.332031 	 39913.175781 	 -248.840225 	 36.571041 	 85.825584 	 3.000000 
33344.730469 	 20419.363281 	 40132.773438 	 -109.039810 	 -9.048352 	 205.935089 	 3.000000 
35395.347656 	 19327.583984 	 39800.312500 	 -163.747314 	 62.178284 	 106.861404 	 3.000000 
35507.921875 	 19622.310547 	 39066.023438 	 -221.249130 	 -31.392153 	 54.277061 	 3.000000 
35846.210938 	 19732.662109 	 38030.132812 	 -141.914536 	 -95.711067 	 168.683929 	 3.000000 
33701.011719 	 20248.726562 	 40074.367188 	 -228.757858 	 -23.186178 	 106.353218 	 3.000000 
33521.984375 	 20687.390625 	 39882.304688 	 -258.298157 	 18.063862 	 40.527855 	 3.000000 
35328.933594 	 19891.193359 	 40548.328125 	 -180.775299 	 53.871410 	 105.680412 	 3.000000 
35327.949219 	 19914.794922 	 40520.152344 	 -169.178406 	 35.914276 	 100.748421 	 3.000000 
35976.312500 	 19942.085938 	 38078.902344 	 -117.667183 	 43.183781 	 164.774399 	 3.000000 
35297.378906 	 19674.656250 	 39061.746094 	 -208.740494 	 -30.264034 	 155.460617 	 3.000000 
33088.257812 	 20765.830078 	 40106.871094 	 -195.961136 	 4.951416 	 86.899849 	 3.000000 
35272.054688 	 19962.923828 	 38127.664062 	 -158.416229 	 -89.313560 	 166.507568 	 3.000000 
34138.980469 	 18903.074219 	 39717.515625 	 -151.268188 	 76.935547 	 111.891235 	 3.000000 
34547.019531 	 20318.314453 	 39480.585938 	 -116.795776 	 -12.724156 	 126.404709 	 3.000000 
33666.484375 	 20772.400391 	 39349.269531 	 -234.704239 	 -109.011093 	 162.813339 	 3.000000 
33673.578125 	 20783.683594 	 39298.757812 	 -240.857590 	 -113.299606 	 179.027374 	 3.000000 
34162.945312 	 20501.884766 	 39845.707031 	 -229.868149 	 47.117813 	 80.961456 	 3.000000 
35950.195312 	 19737.234375 	 40284.574219 	 -164.694260 	 28.530134 	 113.853088 	 3.000000 
35927.589844 	 19726.728516 	 40289.183594 	 -150.650955 	 23.053907 	 98.582916 	 3.000000 
33990.125000 	 20567.476562 	 40550.000000 	 -236.718185 	 78.355232 	 107.641090 	 3.000000 
34013.144531 	 20571.683594 	 40525.761719 	 -227.998810 	 75.977211 	 129.288147 	 3.000000 
36783.058594 	 19812.080078 	 38823.265625 	 -173.733765 	 -83.564896 	 103.269875 	 3.000000 
33743.160156 	 20816.861328 	 40708.273438 	 -232.181641 	 77.593651 	 133.115967 	 3.000000 
35700.519531 	 19722.845703 	 38156.605469 	 -138.532227 	 -86.583725 	 166.449432 	 3.000000 
35696.031250 	 19750.806641 	 38156.550781 	 -144.302582 	 -91.440155 	 166.059082 	 3.000000 
33714.953125 	 20510.095703 	 40018.718750 	 -305.611389 	 -131.300522 	 126.555885 	 3.000000 
33686.687500 	 20531.218750 	 39991.847656 	 -312.023926 	 -54.598740 	 155.119278 	 3.000000 
33708.089844 	 20482.908203 	 40066.542969 	 -277.104584 	 42.596779 	 153.434509 	 3.000000 
33863.281250 	 20366.947266 	 39677.250000 	 -160.246063 	 16.456736 	 243.908615 	 3.000000 
33429.343750 	 19998.984375 	 39769.707031 	 -265.644470 	 -11.915975 	 162.199463 	 3.000000 
33443.773438 	 20027.058594 	 39783.082031 	 -254.042572 	 -21.773876 	 152.999176 	 3.000000 
33417.835938 	 19994.710938 	 39789.593750 	 -254.766495 	 -27.518314 	 159.122513 	 3.000000 
33456.390625 	 20027.408203 	 39776.335938 	 -243.701920 	 -5.592405 	 164.037796 	 3.000000 
35388.183594 	 19796.781250 	 37673.949219 	 -131.400818 	 -7.696755 	 160.360291 	 3.000000 
34938.175781 	 20517.429688 	 37468.281250 	 -159.253235 	 -78.316780 	 149.395996 	 3.000000 
34202.527344 	 20528.169922 	 39788.351562 	 -197.203079 	 94.216789 	 101.400963 	 3.000000 
34182.363281 	 20524.591797 	 39780.167969 	 -185.102051 	 72.228439 	 94.562439 	 3.000000 
34198.761719 	 20497.015625 	 39792.625000 	 -181.115250 	 90.269295 	 110.039169 	 3.000000 
36374.675781 	 20593.984375 	 40158.082031 	 -177.569153 	 -83.698486 	 123.484276 	 3.000000 
35132.492188 	 20631.455078 	 37494.140625 	 -169.993118 	 -106.214569 	 137.882324 	 3.000000 
35144.523438 	 20625.361328 	 37522.683594 	 -175.534363 	 -94.072098 	 138.122864 	 3.000000 
35706.746094 	 19891.681641 	 38168.410156 	 -137.265457 	 -95.325882 	 179.854034 	 3.000000 
35710.125000 	 19899.363281 	 38188.730469 	 -125.125656 	 -92.321335 	 183.362473 	 3.000000 
35155.511719 	 20071.562500 	 38054.640625 	 -159.706894 	 -92.695854 	 167.556992 	 3.000000 
33436.933594 	 20341.542969 	 40245.175781 	 -254.488297 	 80.684776 	 153.676086 	 3.000000 
34533.175781 	 20283.398438 	 40147.117188 	 -205.739700 	 82.230881 	 93.996490 	 3.000000 
33253.949219 	 20357.533203 	 40453.687500 	 -238.009018 	 62.820797 	 94.776039 	 3.000000 
34323.718750 	 20264.251953 	 39799.722656 	 -177.476196 	 114.489838 	 89.242310 	 3.000000 
33783.441406 	 19398.060547 	 39857.523438 	 -161.305450 	 99.233307 	 120.819046 	 3.000000 
36043.316406 	 19744.263672 	 40304.734375 	 -172.738556 	 30.091154 	 115.533058 	 3.000000 
35469.617188 	 19892.000000 	 40211.222656 	 -186.816345 	 26.291521 	 106.443520 	 3.000000 
36123.371094 	 20080.193359 	 38628.195312 	 -152.544281 	 -53.455112 	 148.677948 	 3.000000 
36142.855469 	 20081.603516 	 38641.750000 	 -144.745590 	 -27.798906 	 156.498962 	 3.000000 
36129.011719 	 20076.755859 	 38633.343750 	 -152.505798 	 -45.646034 	 133.444977 	 3.000000 
36155.671875 	 19571.117188 	 40305.320312 	 -166.355820 	 1.255566 	 101.075699 	 3.000000 
36471.609375 	 19588.484375 	 38744.136719 	 -184.955673 	 -51.748894 	 89.055481 	 3.000000 
35186.855469 	 19814.689453 	 39254.503906 	 -210.720963 	 -10.936888 	 168.951828 	 3.000000 
34230.082031 	 20560.087891 	 39932.886719 	 -229.977615 	 56.452679 	 78.414810 	 3.000000 
33904.035156 	 19688.419922 	 40584.644531 	 -177.634491 	 110.530960 	 110.250526 	 3.000000 
33498.789062 	 20778.789062 	 39187.648438 	 -214.356003 	 -81.161201 	 191.546875 	 3.000000 
35690.328125 	 20153.785156 	 38549.140625 	 -136.995544 	 16.899229 	 175.845261 	 3.000000 
35712.785156 	 20164.320312 	 38567.632812 	 -138.301376 	 27.170874 	 167.688889 	 3.000000 
35810.128906 	 19668.746094 	 40507.828125 	 -176.638199 	 4.301702 	 103.897003 	 3.000000 
35648.667969 	 19757.017578 	 40492.207031 	 -176.643326 	 50.807251 	 100.476418 	 3.000000 
36122.992188 	 19523.312500 	 39012.218750 	 -193.347061 	 -43.570164 	 79.699516 	 3.000000 
33715.246094 	 20686.861328 	 40160.695312 	 -163.948257 	 -77.717056 	 190.860123 	 3.000000 
34957.734375 	 21023.927734 	 41018.707031 	 -200.203369 	 -59.149635 	 141.291397 	 6.000000 
35590.023438 	 19720.917969 	 38293.945312 	 -144.642273 	 -73.916443 	 172.550308 	 3.000000 
35880.390625 	 19264.107422 	 40170.105469 	 -153.125687 	 53.756382 	 104.169716 	 3.000000 
36509.425781 	 20586.763672 	 39936.136719 	 -171.716705 	 -78.939110 	 120.726753 	 3.000000 
35770.156250 	 19622.179688 	 38933.644531 	 -210.373917 	 -29.969660 	 62.618019 	 3.000000 
35334.574219 	 19852.533203 	 39083.316406 	 -190.090836 	 34.696659 	 212.158310 	 3.000000 
33841.500000 	 20192.623047 	 40434.996094 	 -246.512344 	 51.730206 	 88.926285 	 3.000000 
33331.000000 	 20737.095703 	 39989.628906 	 -161.091339 	 13.762273 	 225.536453 	 3.000000 
35294.023438 	 19778.560547 	 38027.269531 	 -131.855789 	 36.607937 	 162.441635 	 3.000000 
35301.574219 	 19785.208984 	 38045.558594 	 -135.986282 	 30.783964 	 145.287750 	 3.000000 
36111.812500 	 19608.597656 	 37725.656250 	 -114.361160 	 37.384171 	 139.639587 	 3.000000 
36235.613281 	 19899.679688 	 38865.136719 	 -188.141525 	 -18.926018 	 91.243820 	 3.000000 
33820.687500 	 20377.630859 	 39808.046875 	 -271.548340 	 -122.042900 	 161.216888 	 3.000000 
35628.484375 	 18585.580078 	 39594.812500 	 -141.877777 	 50.939034 	 110.401520 	 3.000000 
33718.703125 	 20292.105469 	 40032.550781 	 -261.556091 	 -22.563133 	 111.080994 	 3.000000 
35081.449219 	 20534.261719 	 37211.234375 	 -153.016953 	 -79.662605 	 144.749054 	 3.000000 
35775.847656 	 19546.785156 	 38425.511719 	 -188.979095 	 -99.643196 	 117.555923 	 3.000000 
34725.304688 	 20181.970703 	 39046.132812 	 -211.324402 	 -148.404083 	 165.407196 	 3.000000 
36152.179688 	 20067.919922 	 38579.890625 	 -188.503204 	 17.840864 	 100.037270 	 3.000000 
36168.554688 	 20049.273438 	 38591.609375 	 -198.309204 	 17.092928 	 89.540749 	 3.000000 
33429.789062 	 19283.273438 	 38442.058594 	 -172.915619 	 49.102062 	 132.280014 	 0.000000 
35092.542969 	 19551.201172 	 38719.496094 	 -179.119904 	 -11.082663 	 113.858597 	 3.000000 
34148.636719 	 20326.416016 	 39076.500000 	 -151.099884 	 4.621873 	 99.986130 	 3.000000 
34274.449219 	 20307.923828 	 39936.691406 	 -219.304199 	 -14.083398 	 118.090767 	 3.000000 
36381.105469 	 19582.164062 	 38004.414062 	 -115.736237 	 -53.771706 	 167.387802 	 3.000000 
33793.582031 	 20808.404297 	 40018.960938 	 -242.080505 	 -41.595306 	 180.440399 	 3.000000 
34345.402344 	 20204.285156 	 38601.085938 	 -160.499008 	 -68.833809 	 197.658905 	 3.000000 
36031.417969 	 20011.275391 	 38214.324219 	 -100.034302 	 13.555179 	 156.827972 	 3.000000 
35094.210938 	 19949.781250 	 40588.773438 	 -184.287704 	 54.725796 	 106.035378 	 3.000000 
34344.859375 	 20519.380859 	 39284.464844 	 -187.147202 	 -26.115343 	 67.999138 	 3.000000 
34810.488281 	 19880.335938 	 38704.746094 	 -141.112061 	 -72.921997 	 207.163437 	 3.000000 
36336.003906 	 19557.101562 	 40167.179688 	 -160.780411 	 0.405095 	 102.724937 	 3.000000 
33800.738281 	 20651.607422 	 40622.847656 	 -245.329529 	 76.211823 	 109.576576 	 3.000000 
33510.042969 	 20867.027344 	 39976.800781 	 -180.155334 	 25.506844 	 61.434834 	 3.000000 
35037.898438 	 19804.382812 	 38546.054688 	 -151.215363 	 -74.712677 	 205.527115 	 3.000000 
34767.816406 	 20133.564453 	 40072.406250 	 -196.083817 	 86.690346 	 94.527252 	 3.000000 
35615.707031 	 18658.195312 	 39659.730469 	 -141.606186 	 49.339668 	 109.441849 	 3.000000 
35618.484375 	 18699.138672 	 39684.113281 	 -142.039581 	 43.314255 	 107.254936 	 3.000000 
33685.339844 	 20367.628906 	 40503.000000 	 -269.455261 	 -40.472775 	 96.381096 	 3.000000 
35953.605469 	 19944.843750 	 38418.691406 	 -159.573181 	 61.135445 	 98.473381 	 3.000000 
36438.261719 	 20145.853516 	 39769.539062 	 -177.932434 	 -65.567970 	 97.691322 	 3.000000 
34148.246094 	 20238.496094 	 39542.187500 	 -177.615982 	 -48.951096 	 108.591568 	 3.000000 
34783.976562 	 18202.158203 	 39612.785156 	 -156.814301 	 51.725216 	 115.942093 	 3.000000 
34618.445312 	 20079.871094 	 39428.687500 	 -293.469147 	 7.739176 	 149.028442 	 3.000000 
34485.921875 	 20188.832031 	 39230.457031 	 -235.990326 	 -167.176376 	 202.380157 	 3.000000 
35431.585938 	 19411.255859 	 39485.898438 	 -166.016205 	 64.574554 	 111.314369 	 3.000000 
35155.000000 	 19624.507812 	 39925.550781 	 -176.344833 	 69.118767 	 99.769859 	 3.000000 
35833.765625 	 18962.953125 	 39882.242188 	 -152.627655 	 51.058907 	 102.113876 	 3.000000 
35834.480469 	 18958.208984 	 39889.253906 	 -148.570892 	 43.131149 	 112.961090 	 3.000000 
33261.761719 	 20349.841797 	 40590.199219 	 -234.522736 	 56.281250 	 101.452843 	 3.000000 
33591.925781 	 20377.679688 	 39522.203125 	 -217.393982 	 -15.211307 	 191.144012 	 3.000000 
34775.882812 	 19515.466797 	 38779.738281 	 -218.172867 	 -44.207043 	 118.299446 	 3.000000 
36579.792969 	 19938.455078 	 38788.476562 	 -188.822144 	 -11.583740 	 126.547470 	 3.000000 
36577.039062 	 19924.937500 	 38781.175781 	 -193.656418 	 0.564984 	 121.813416 	 3.000000 
35030.433594 	 19915.091797 	 38265.570312 	 -132.687439 	 36.124443 	 172.366333 	 3.000000 
35879.585938 	 19723.140625 	 40260.031250 	 -159.103271 	 47.502693 	 126.499336 	 3.000000 
34052.300781 	 18770.703125 	 39618.433594 	 -147.243698 	 77.435806 	 117.680840 	 3.000000 
35899.085938 	 20185.273438 	 38393.175781 	 -135.047302 	 7.724113 	 152.735718 	 3.000000 
35330.007812 	 19166.482422 	 39804.394531 	 -153.899887 	 71.154678 	 93.865601 	 3.000000 
36253.558594 	 19501.552734 	 38747.304688 	 -190.036484 	 -49.736080 	 106.509598 	 3.000000 
35541.449219 	 18940.789062 	 38751.351562 	 -145.059738 	 56.589703 	 116.137001 	 3.000000 
34342.386719 	 20145.597656 	 39639.804688 	 -236.530212 	 -117.880600 	 62.628826 	 3.000000 
33887.351562 	 20469.933594 	 40049.359375 	 -283.378052 	 -106.400200 	 116.189613 	 3.000000 
34295.042969 	 20147.292969 	 39418.257812 	 -156.465332 	 -168.983444 	 133.150574 	 3.000000 
34684.003906 	 19945.916016 	 39277.035156 	 -257.919861 	 18.971697 	 47.190769 	 3.000000 
34880.875000 	 19136.435547 	 39733.382812 	 -156.055923 	 72.734283 	 111.455429 	 0.000000 
35766.769531 	 18751.417969 	 39675.937500 	 -149.944397 	 45.252476 	 105.171791 	 3.000000 
34108.164062 	 19324.283203 	 40447.500000 	 -172.743317 	 98.547882 	 107.603157 	 3.000000 
35844.593750 	 19437.033203 	 38440.335938 	 -145.756134 	 69.150246 	 117.135696 	 3.000000 
35114.304688 	 19897.083984 	 38758.304688 	 -159.167236 	 -67.977760 	 265.008270 	 3.000000 
35461.890625 	 19758.273438 	 38649.367188 	 -237.427628 	 -0.324723 	 142.757980 	 3.000000 
34439.117188 	 19991.251953 	 39773.578125 	 -175.792130 	 123.398308 	 99.358551 	 3.000000 
35246.332031 	 19880.970703 	 39150.269531 	 -249.620560 	 -100.085205 	 68.882164 	 3.000000 
36307.761719 	 19567.857422 	 38721.363281 	 -190.447052 	 -48.969086 	 83.352272 	 3.000000 
33666.703125 	 20357.656250 	 39894.285156 	 -275.909821 	 -15.778692 	 127.513397 	 3.000000 
34262.207031 	 18898.423828 	 40177.855469 	 -152.688629 	 87.398987 	 100.031715 	 3.000000 
33920.050781 	 20560.439453 	 39361.703125 	 -229.215851 	 -124.658966 	 163.917664 	 3.000000 
34265.367188 	 20421.193359 	 39321.144531 	 -198.245621 	 33.825966 	 202.460983 	 3.000000 
33934.042969 	 20160.896484 	 40383.843750 	 -252.521057 	 46.473930 	 94.429253 	 3.000000 
34967.933594 	 20263.558594 	 38018.726562 	 -165.489197 	 -92.112747 	 158.861847 	 3.000000 
34053.636719 	 19720.019531 	 39291.445312 	 -167.794159 	 -12.935862 	 121.005394 	 3.000000 
34272.730469 	 20341.847656 	 39170.964844 	 -222.878860 	 72.067566 	 165.072357 	 3.000000 
33870.710938 	 19384.009766 	 40376.007812 	 -161.111404 	 108.527115 	 113.090714 	 3.000000 
34763.820312 	 20124.871094 	 39007.261719 	 -213.724121 	 -0.911199 	 195.622635 	 3.000000 
35841.234375 	 19442.486328 	 40238.625000 	 -156.828140 	 58.292469 	 101.921776 	 3.000000 
34281.566406 	 18712.605469 	 39731.632812 	 -149.084427 	 73.251793 	 108.454994 	 3.000000 
35569.449219 	 20235.458984 	 37570.390625 	 -157.652847 	 -100.150810 	 139.114304 	 3.000000 
35521.660156 	 19714.275391 	 40531.996094 	 -178.408371 	 8.675004 	 100.848274 	 3.000000 
34789.335938 	 19831.400391 	 39304.796875 	 -245.868729 	 -2.023100 	 46.636425 	 3.000000 
34173.539062 	 20394.652344 	 40341.246094 	 -232.590881 	 74.098755 	 103.626999 	 3.000000 
33759.035156 	 20352.503906 	 39413.117188 	 -181.832382 	 -69.890823 	 223.121490 	 3.000000 
34445.542969 	 20280.791016 	 39694.468750 	 -183.287521 	 -80.872581 	 99.298592 	 3.000000 
35509.167969 	 19146.355469 	 38973.628906 	 -148.198914 	 65.732796 	 115.790085 	 3.000000 
36197.132812 	 19775.314453 	 39116.566406 	 -176.207169 	 -4.966195 	 81.676216 	 3.000000 
33666.605469 	 19358.033203 	 40379.753906 	 -155.517914 	 110.729172 	 109.967369 	 3.000000 
35153.875000 	 19541.207031 	 38823.304688 	 -207.344330 	 -31.789354 	 127.013054 	 3.000000 
34285.292969 	 20456.279297 	 39244.066406 	 -231.162064 	 -60.567688 	 179.651642 	 3.000000 
35526.355469 	 19017.205078 	 39735.371094 	 -150.449890 	 60.031746 	 111.490425 	 3.000000 
33132.355469 	 19133.433594 	 38605.734375 	 -179.191360 	 62.405319 	 114.389046 	 2.000000 
35203.882812 	 20201.240234 	 39312.964844 	 -217.888351 	 18.010691 	 128.152817 	 3.000000 
34721.128906 	 20217.507812 	 38824.386719 	 -151.907700 	 -73.877716 	 211.280762 	 3.000000 
33182.433594 	 20695.603516 	 40337.402344 	 -207.714401 	 15.971510 	 83.028778 	 3.000000 
34134.121094 	 19466.417969 	 41033.878906 	 -179.467758 	 103.469093 	 120.205521 	 0.000000 
35588.398438 	 19689.417969 	 38656.265625 	 -207.599930 	 17.657112 	 142.093369 	 3.000000 
35642.421875 	 19730.556641 	 40460.472656 	 -166.158127 	 57.754292 	 121.848221 	 3.000000 
35742.390625 	 19554.835938 	 38864.109375 	 -165.335037 	 67.784889 	 108.663696 	 3.000000 
34352.585938 	 19695.335938 	 38084.015625 	 -150.207443 	 41.178089 	 145.048431 	 0.000000 
33174.707031 	 20373.003906 	 40121.640625 	 -157.827881 	 2.273514 	 179.542725 	 3.000000 
33776.792969 	 20183.326172 	 40838.941406 	 -250.812393 	 49.706425 	 108.501007 	 3.000000 
33573.816406 	 20616.804688 	 40218.039062 	 -183.227951 	 -50.019859 	 249.755157 	 3.000000 
35105.742188 	 19715.371094 	 39272.460938 	 -218.793884 	 -37.670570 	 165.796707 	 3.000000 
34828.718750 	 19868.958984 	 38250.121094 	 -135.735474 	 36.130169 	 167.911957 	 3.000000 
35127.187500 	 19877.556641 	 39015.285156 	 -245.233154 	 -3.408017 	 289.137665 	 3.000000 
35002.570312 	 19109.892578 	 37860.960938 	 -142.325226 	 36.711758 	 122.910736 	 7.000000 
33560.664062 	 20639.218750 	 39602.390625 	 -183.130051 	 -23.410835 	 84.484009 	 3.000000 
35559.957031 	 20289.339844 	 38806.042969 	 -177.837463 	 21.770111 	 173.548386 	 3.000000 
35858.000000 	 19125.123047 	 37668.832031 	 -122.411240 	 46.795368 	 106.783630 	 3.000000 
34614.835938 	 20470.302734 	 38116.964844 	 -172.848953 	 -111.618645 	 148.150406 	 3.000000 
35014.316406 	 20258.974609 	 38044.894531 	 -174.432648 	 -90.026611 	 165.266495 	 3.000000 
33418.382812 	 20671.156250 	 39894.269531 	 -228.970535 	 13.332820 	 185.340073 	 3.000000 
35892.187500 	 19656.166016 	 38380.945312 	 -199.296188 	 -4.909220 	 99.251122 	 3.000000 
34084.894531 	 20034.623047 	 39252.542969 	 -148.927582 	 -65.435356 	 209.755875 	 3.000000 
34601.722656 	 20250.849609 	 39557.863281 	 -228.709244 	 -30.133953 	 170.851669 	 3.000000 
34228.316406 	 19994.365234 	 39464.101562 	 -210.892944 	 27.455732 	 36.806583 	 3.000000 
34453.687500 	 20022.224609 	 40326.320312 	 -227.736984 	 35.433434 	 88.526039 	 3.000000 
36069.789062 	 19726.253906 	 38459.011719 	 -159.277512 	 71.083801 	 95.959976 	 3.000000 
35276.093750 	 18982.062500 	 39797.437500 	 -149.495132 	 68.984619 	 97.042496 	 3.000000 
36036.644531 	 19723.109375 	 37798.082031 	 -118.431152 	 46.914871 	 137.317993 	 3.000000 
35485.144531 	 19914.433594 	 38734.597656 	 -154.451279 	 -57.375816 	 220.159012 	 3.000000 
35331.339844 	 18918.544922 	 38581.117188 	 -141.885147 	 54.634529 	 115.779388 	 3.000000 
35294.238281 	 19998.917969 	 38643.429688 	 -215.000443 	 15.870458 	 162.024841 	 3.000000 
35171.148438 	 20033.119141 	 40547.921875 	 -182.606964 	 57.872730 	 114.098915 	 3.000000 
35693.207031 	 19465.916016 	 38458.132812 	 -205.549454 	 -57.929977 	 112.026924 	 3.000000 
34727.781250 	 20915.496094 	 41009.117188 	 -219.572144 	 -70.836555 	 155.355850 	 6.000000 
33496.355469 	 21056.837891 	 38378.406250 	 -209.105072 	 -80.148689 	 176.591309 	 4.000000 
36384.679688 	 18950.416016 	 38858.714844 	 -141.515182 	 38.055439 	 107.622238 	 9.000000 
36081.609375 	 19995.226562 	 38212.964844 	 -100.232697 	 19.936235 	 156.123138 	 3.000000 
33634.273438 	 20060.285156 	 40668.996094 	 -177.911133 	 128.781021 	 113.358879 	 3.000000 
35157.847656 	 20160.662109 	 39092.183594 	 -212.021667 	 -94.991272 	 123.444687 	 3.000000 
35669.027344 	 19803.087891 	 38368.316406 	 -157.480133 	 -6.690772 	 146.151352 	 3.000000 
34996.382812 	 20132.402344 	 39456.414062 	 -239.912109 	 12.825841 	 148.277115 	 3.000000 
33170.519531 	 20864.273438 	 39957.656250 	 -145.790482 	 63.723759 	 222.317276 	 3.000000 
33606.667969 	 21393.345703 	 38819.714844 	 -231.450211 	 -99.719025 	 173.023911 	 3.000000 
34678.257812 	 20235.896484 	 39289.652344 	 -286.196472 	 -58.619076 	 181.736649 	 3.000000 
35691.222656 	 20081.845703 	 37858.703125 	 -140.169250 	 -84.508369 	 167.838348 	 3.000000 
33973.394531 	 20376.392578 	 39079.472656 	 -178.309311 	 -22.233746 	 127.421928 	 3.000000 
35219.511719 	 19767.693359 	 40655.890625 	 -191.453720 	 18.775101 	 100.137436 	 3.000000 
33410.070312 	 19953.138672 	 39764.593750 	 -232.924469 	 17.503111 	 172.860123 	 3.000000 
33438.691406 	 20318.998047 	 39661.832031 	 -188.743149 	 -57.990292 	 259.224030 	 3.000000 
33954.058594 	 20733.785156 	 40802.773438 	 -261.062012 	 -53.797363 	 124.327271 	 3.000000 
36042.070312 	 19644.681641 	 40580.562500 	 -159.626846 	 47.704613 	 104.387978 	 3.000000 
34434.511719 	 20424.322266 	 38658.808594 	 -150.023193 	 -53.898911 	 195.647751 	 3.000000 
36233.167969 	 19626.685547 	 38408.406250 	 -165.739639 	 2.539871 	 175.739044 	 3.000000 
35872.316406 	 19158.187500 	 40095.730469 	 -153.743805 	 54.492954 	 107.799080 	 3.000000 
35710.652344 	 19303.697266 	 39137.160156 	 -158.921478 	 62.000687 	 106.736130 	 3.000000 
36011.035156 	 19321.083984 	 37679.683594 	 -129.636093 	 30.392059 	 117.757240 	 3.000000 
34927.195312 	 21091.589844 	 40770.117188 	 -213.764664 	 -39.554688 	 149.979782 	 6.000000 
36332.511719 	 19596.855469 	 39419.898438 	 -154.377182 	 -0.307265 	 98.564880 	 3.000000 
34406.363281 	 20101.718750 	 39173.289062 	 -221.458969 	 4.875284 	 147.652023 	 3.000000 
35054.351562 	 18755.662109 	 39755.769531 	 -150.382019 	 62.863617 	 97.640305 	 3.000000 
33823.492188 	 19770.681641 	 40612.871094 	 -171.704758 	 114.016068 	 113.128418 	 3.000000 
34682.757812 	 21392.279297 	 40557.273438 	 -228.846390 	 -96.151680 	 158.488113 	 0.000000 
36389.730469 	 19538.111328 	 38210.910156 	 -137.249573 	 -31.441713 	 173.519577 	 3.000000 
35614.589844 	 19754.123047 	 38614.765625 	 -157.508133 	 -67.576111 	 197.615448 	 3.000000 
34072.691406 	 21801.496094 	 38287.644531 	 -217.953705 	 -89.694489 	 151.658356 	 0.000000 
34772.757812 	 20035.888672 	 40074.804688 	 -205.091888 	 82.206261 	 98.425995 	 3.000000 
34377.890625 	 18757.111328 	 40054.457031 	 -157.465179 	 76.341095 	 102.461029 	 3.000000 
34134.871094 	 19253.949219 	 40372.679688 	 -171.465652 	 98.747131 	 108.560471 	 3.000000 
36267.039062 	 19560.869141 	 38680.804688 	 -187.753555 	 -43.286602 	 85.516556 	 3.000000 
33669.261719 	 19433.566406 	 39805.429688 	 -153.528320 	 104.402428 	 123.071732 	 3.000000 
35231.683594 	 20013.132812 	 38104.542969 	 -168.571411 	 -105.803978 	 174.669037 	 3.000000 
34196.996094 	 20752.714844 	 39586.300781 	 -188.690781 	 49.525948 	 111.205093 	 3.000000 
33414.964844 	 20553.806641 	 39813.550781 	 -81.061996 	 84.511253 	 133.048477 	 3.000000 
35251.007812 	 20585.550781 	 37299.875000 	 -160.185638 	 -78.340126 	 136.225342 	 3.000000 
33312.570312 	 20486.763672 	 39644.296875 	 -230.315125 	 66.393944 	 189.492203 	 3.000000 
34339.328125 	 20626.837891 	 37935.164062 	 -166.417862 	 -62.208092 	 172.200409 	 3.000000 
34410.531250 	 20079.259766 	 39773.570312 	 -173.698517 	 121.116867 	 94.516853 	 3.000000 
35559.960938 	 20235.423828 	 38685.378906 	 -188.521591 	 -47.959652 	 166.457260 	 3.000000 
34328.777344 	 18717.582031 	 39699.593750 	 -160.604019 	 63.365269 	 104.925957 	 3.000000 
34699.964844 	 20099.675781 	 39365.816406 	 -210.655869 	 47.075661 	 72.425591 	 3.000000 
35547.773438 	 19731.787109 	 40515.839844 	 -168.417603 	 58.762085 	 106.057167 	 3.000000 
33706.855469 	 20429.916016 	 39673.976562 	 -234.510773 	 8.297969 	 188.063828 	 3.000000 
35578.164062 	 20523.193359 	 37484.863281 	 -166.348404 	 -114.123184 	 127.723946 	 3.000000 
35026.988281 	 19234.152344 	 37312.621094 	 -142.451141 	 21.187172 	 122.083176 	 8.000000 
35579.101562 	 19693.708984 	 38442.335938 	 -145.028763 	 -61.890503 	 178.189606 	 3.000000 
35235.492188 	 20408.283203 	 37467.292969 	 -162.225418 	 -83.319557 	 142.112549 	 3.000000 
36214.703125 	 19736.841797 	 38026.628906 	 -208.801712 	 -60.848373 	 104.388123 	 3.000000 
35479.957031 	 19717.259766 	 39046.097656 	 -213.630783 	 -30.361462 	 194.031250 	 3.000000 
35306.195312 	 19574.685547 	 38724.574219 	 -180.871277 	 -60.646896 	 199.703430 	 3.000000 
35308.753906 	 19588.757812 	 38746.375000 	 -169.207153 	 -59.939430 	 201.277802 	 3.000000 
34737.070312 	 20377.335938 	 40395.937500 	 -236.961166 	 -48.478374 	 102.978035 	 3.000000 
34969.769531 	 21120.492188 	 40811.445312 	 -202.428543 	 -47.202305 	 150.694931 	 6.000000 
34851.972656 	 19836.955078 	 38599.382812 	 -199.132751 	 35.739658 	 131.525833 	 3.000000 
34184.652344 	 20138.218750 	 39646.957031 	 -221.543747 	 -119.580315 	 96.216942 	 3.000000 
35577.097656 	 18817.957031 	 39663.042969 	 -147.059357 	 49.021114 	 109.422104 	 3.000000 
34071.968750 	 19482.242188 	 40607.839844 	 -177.618988 	 103.831062 	 104.745827 	 3.000000 
34326.691406 	 20272.458984 	 39379.492188 	 -89.783684 	 -29.327372 	 259.201080 	 3.000000 
34860.015625 	 19964.953125 	 39332.437500 	 -256.066650 	 -95.007614 	 76.646484 	 3.000000 
34164.253906 	 20291.462891 	 39852.457031 	 -254.607269 	 -105.223160 	 104.411575 	 3.000000 
35810.789062 	 19050.328125 	 40007.882812 	 -151.940689 	 49.657059 	 105.829964 	 3.000000 
33915.753906 	 19614.142578 	 40486.167969 	 -168.946564 	 113.643631 	 112.287125 	 3.000000 
36382.316406 	 20117.451172 	 38258.812500 	 -148.339676 	 -29.339125 	 157.187897 	 3.000000 
35755.523438 	 19834.957031 	 40629.082031 	 -175.929535 	 13.569673 	 105.448990 	 3.000000 
34303.621094 	 20169.861328 	 39503.667969 	 -143.172104 	 -43.384304 	 58.655880 	 3.000000 
35102.652344 	 20037.707031 	 40185.550781 	 -206.730835 	 32.640083 	 98.467064 	 3.000000 
36203.503906 	 19108.857422 	 38850.625000 	 -146.365891 	 45.277859 	 106.664413 	 9.000000 
33838.644531 	 20316.933594 	 39933.511719 	 -292.483093 	 -75.818146 	 104.894890 	 3.000000 
36389.160156 	 19840.966797 	 38352.886719 	 -152.839340 	 -41.203377 	 175.422394 	 3.000000 
34843.886719 	 20018.548828 	 38942.531250 	 -183.796432 	 -39.426910 	 218.043793 	 3.000000 
35061.421875 	 20043.445312 	 39070.789062 	 -224.817566 	 -113.550179 	 89.926071 	 3.000000 
34316.636719 	 20136.015625 	 39818.480469 	 -168.072189 	 125.812057 	 95.976875 	 3.000000 
34786.019531 	 20386.937500 	 38018.578125 	 -162.716232 	 -73.559395 	 176.634079 	 3.000000 
36128.476562 	 20108.876953 	 37793.128906 	 -152.362762 	 -26.601852 	 131.429321 	 3.000000 
34259.867188 	 19002.326172 	 40221.253906 	 -164.610397 	 84.105980 	 100.799492 	 3.000000 
33823.863281 	 20042.033203 	 39688.351562 	 -248.275192 	 14.384144 	 77.595901 	 3.000000 
34086.972656 	 18338.039062 	 39354.007812 	 -149.412247 	 58.710300 	 111.557549 	 1.000000 
35337.804688 	 20156.755859 	 39131.375000 	 -215.164612 	 -4.784723 	 105.470528 	 3.000000 
33531.726562 	 20002.111328 	 39711.636719 	 -271.232666 	 -38.473518 	 149.459351 	 3.000000 
35628.925781 	 19681.515625 	 38587.558594 	 -147.763367 	 -62.790546 	 188.217102 	 3.000000 
33306.664062 	 20144.734375 	 39863.285156 	 -281.294281 	 6.783005 	 169.778397 	 3.000000 
35749.531250 	 19395.898438 	 38723.777344 	 -152.367294 	 70.178947 	 115.677032 	 3.000000 
34135.074219 	 19120.593750 	 39964.031250 	 -159.051666 	 87.564583 	 105.864853 	 3.000000 
35718.523438 	 19947.816406 	 38156.421875 	 -118.336845 	 49.459705 	 153.919632 	 3.000000 
34966.234375 	 20100.833984 	 38862.980469 	 -183.626312 	 -124.424217 	 117.114319 	 3.000000 
33664.281250 	 19986.025391 	 39877.375000 	 -122.575142 	 28.489141 	 141.326981 	 3.000000 
33815.882812 	 20712.078125 	 39259.886719 	 -237.154358 	 -115.198746 	 170.285721 	 3.000000 
33121.968750 	 20253.792969 	 40060.238281 	 -216.138672 	 63.765301 	 185.271149 	 3.000000 
33283.949219 	 20575.027344 	 40257.925781 	 -216.496460 	 51.740250 	 145.403824 	 3.000000 
35129.765625 	 20235.025391 	 37943.648438 	 -169.683990 	 -92.314522 	 166.736191 	 3.000000 
33590.824219 	 20529.130859 	 39334.546875 	 -226.954483 	 -10.412271 	 153.701309 	 3.000000 
35263.550781 	 21042.169922 	 40800.894531 	 -256.638275 	 -80.268089 	 138.967651 	 6.000000 
34475.863281 	 20435.796875 	 39124.707031 	 -190.360916 	 -42.159962 	 75.011902 	 3.000000 
33577.523438 	 20492.375000 	 40797.476562 	 -254.972565 	 83.944534 	 114.624008 	 3.000000 
34986.132812 	 20058.953125 	 38697.222656 	 -205.476318 	 49.179825 	 132.447922 	 3.000000 
35595.136719 	 19728.798828 	 38702.191406 	 -160.762894 	 -64.203346 	 194.391968 	 3.000000 
35466.968750 	 19962.386719 	 39885.691406 	 -196.576645 	 16.339201 	 94.364098 	 3.000000 
34979.894531 	 20125.578125 	 39083.652344 	 -235.327560 	 -35.682751 	 67.792183 	 3.000000 
35770.847656 	 19529.603516 	 38895.941406 	 -162.330139 	 73.150826 	 103.609512 	 3.000000 
35631.175781 	 20443.492188 	 37599.800781 	 -168.776169 	 -116.032478 	 119.792580 	 3.000000 
35251.785156 	 19759.912109 	 38692.996094 	 -259.244934 	 17.060905 	 56.088558 	 3.000000 
33893.308594 	 19764.693359 	 39689.042969 	 -186.634583 	 5.566582 	 150.569473 	 3.000000 
33483.523438 	 20424.173828 	 39768.605469 	 -153.424011 	 2.770520 	 167.661743 	 3.000000 
35331.800781 	 19500.480469 	 39874.207031 	 -167.818130 	 60.394669 	 100.738579 	 3.000000 
33541.914062 	 20537.707031 	 39852.656250 	 -79.361275 	 -23.350056 	 116.947830 	 3.000000 
36666.324219 	 19570.162109 	 39050.644531 	 -181.616013 	 -61.007034 	 89.934570 	 3.000000 
33685.843750 	 20691.912109 	 40088.535156 	 -253.770035 	 99.766983 	 56.116882 	 3.000000 
36184.570312 	 19957.130859 	 38393.941406 	 -160.113007 	 -68.643410 	 125.812927 	 3.000000 
34061.828125 	 20458.414062 	 39354.417969 	 -225.752563 	 -136.166336 	 160.321198 	 3.000000 
33472.238281 	 20412.716797 	 39719.027344 	 -156.413101 	 -3.550118 	 134.907089 	 3.000000 
34253.011719 	 20314.484375 	 40290.191406 	 -233.120819 	 67.485413 	 94.336411 	 3.000000 
33551.472656 	 20630.666016 	 40257.949219 	 -219.161484 	 -53.974480 	 224.952881 	 3.000000 
34524.355469 	 20260.824219 	 39195.277344 	 -225.328476 	 -161.663116 	 189.417831 	 3.000000 
33981.285156 	 20252.367188 	 39672.531250 	 -238.617859 	 -116.323120 	 136.489761 	 3.000000 
34823.007812 	 20012.546875 	 38881.207031 	 -195.413208 	 -20.450773 	 212.478821 	 3.000000 
34670.375000 	 20275.701172 	 40141.605469 	 -221.629913 	 47.510513 	 82.704636 	 3.000000 
36227.480469 	 19714.443359 	 40194.632812 	 -161.110031 	 11.376239 	 114.151215 	 3.000000 
34269.527344 	 20075.871094 	 40944.027344 	 -233.155289 	 36.546921 	 114.406403 	 3.000000 
33780.066406 	 20824.265625 	 38999.753906 	 -208.121292 	 -81.078751 	 176.087540 	 3.000000 
35763.148438 	 20932.804688 	 40672.664062 	 -204.240738 	 -68.993393 	 145.992264 	 6.000000 
34810.316406 	 20122.357422 	 40137.105469 	 -219.391312 	 46.983593 	 82.528313 	 3.000000 
35676.226562 	 19698.996094 	 40405.972656 	 -163.919815 	 60.144264 	 119.994263 	 3.000000 
33361.738281 	 20265.242188 	 38617.550781 	 -177.126251 	 8.315763 	 185.340057 	 0.000000 
33710.058594 	 19323.818359 	 40348.785156 	 -159.914246 	 114.734787 	 109.503883 	 3.000000 
33130.457031 	 19275.826172 	 38698.601562 	 -179.887177 	 63.295895 	 121.145370 	 2.000000 
33971.757812 	 19056.632812 	 39814.824219 	 -153.829910 	 81.511772 	 113.881577 	 3.000000 
33163.832031 	 20757.000000 	 40347.039062 	 -203.766129 	 19.516184 	 89.977509 	 3.000000 
34420.664062 	 20284.089844 	 39216.816406 	 -213.125809 	 33.394215 	 135.718414 	 3.000000 
35563.785156 	 19777.742188 	 40480.617188 	 -168.435242 	 46.623730 	 104.350273 	 3.000000 
33317.589844 	 20681.537109 	 39974.179688 	 -158.197815 	 15.928095 	 252.196259 	 3.000000 
34566.164062 	 19972.710938 	 39564.402344 	 -126.009705 	 -53.808571 	 220.286911 	 3.000000 
34482.734375 	 20024.478516 	 39399.515625 	 -82.475822 	 -124.384239 	 144.787003 	 3.000000 
34529.757812 	 20241.697266 	 39652.625000 	 -222.109451 	 -77.246437 	 88.108208 	 3.000000 
35102.917969 	 19831.425781 	 39002.894531 	 -277.913818 	 -46.481964 	 106.514763 	 3.000000 
36138.160156 	 19693.097656 	 38450.679688 	 -185.958466 	 -42.730671 	 157.770615 	 3.000000 
35001.492188 	 19998.591797 	 39184.808594 	 -230.326080 	 -3.312854 	 192.159698 	 3.000000 
34501.414062 	 20425.130859 	 39297.480469 	 -291.644745 	 17.811144 	 94.761513 	 3.000000 
35750.785156 	 19066.296875 	 37709.941406 	 -126.494598 	 44.242638 	 107.534088 	 3.000000 
33734.023438 	 20433.589844 	 39955.179688 	 -303.077240 	 -128.043182 	 149.504715 	 3.000000 
35676.472656 	 20068.357422 	 37770.195312 	 -140.838638 	 -80.916275 	 168.874313 	 3.000000 
35454.203125 	 19687.882812 	 38955.390625 	 -232.872025 	 -18.884506 	 63.483524 	 3.000000 
35215.359375 	 20017.462891 	 38453.535156 	 -261.452728 	 -34.763607 	 87.347961 	 3.000000 
34451.515625 	 20060.541016 	 40322.742188 	 -228.017227 	 23.191298 	 86.033226 	 3.000000 
34630.097656 	 21052.949219 	 40877.925781 	 -224.409332 	 -54.469616 	 150.032501 	 6.000000 
33891.136719 	 19231.505859 	 40324.320312 	 -158.766830 	 107.658165 	 106.711143 	 3.000000 
33710.773438 	 20404.224609 	 40572.878906 	 -269.160919 	 -52.385326 	 100.946312 	 3.000000 
33481.363281 	 20597.853516 	 39210.945312 	 -187.535309 	 -60.335190 	 216.004990 	 3.000000 
36445.484375 	 20176.056641 	 38103.214844 	 -165.012115 	 -133.418045 	 102.261841 	 3.000000 
35985.140625 	 19890.466797 	 38116.695312 	 -128.218521 	 -4.384558 	 143.841461 	 3.000000 
36059.046875 	 19690.787109 	 37904.917969 	 -194.599030 	 -12.349835 	 113.357765 	 3.000000 
34204.015625 	 20341.488281 	 39104.984375 	 -240.420029 	 -41.009247 	 113.734146 	 3.000000 
35643.277344 	 18468.230469 	 39587.730469 	 -138.080276 	 51.487099 	 105.177277 	 3.000000 
34714.074219 	 20099.166016 	 40378.339844 	 -211.841370 	 50.925060 	 96.959511 	 3.000000 
34593.972656 	 19938.164062 	 40950.589844 	 -218.228653 	 31.333933 	 116.242523 	 3.000000 
33465.304688 	 20996.617188 	 39117.972656 	 -233.201111 	 -98.099167 	 190.280167 	 3.000000 
35561.527344 	 19612.257812 	 38280.964844 	 -162.088074 	 -91.859711 	 153.064163 	 3.000000 
34556.890625 	 20240.023438 	 38863.117188 	 -158.507828 	 -65.051422 	 208.279510 	 3.000000 
33951.308594 	 20556.445312 	 40216.878906 	 -267.792542 	 -98.097778 	 115.528839 	 3.000000 
36529.859375 	 20482.931641 	 39990.089844 	 -175.177414 	 -83.149437 	 119.931641 	 3.000000 
36223.941406 	 20034.087891 	 38555.160156 	 -189.056534 	 31.530962 	 98.648178 	 3.000000 
36673.003906 	 20220.839844 	 39781.562500 	 -169.202896 	 -65.079697 	 99.934868 	 3.000000 
34388.542969 	 21862.605469 	 39028.539062 	 -223.420059 	 -92.757729 	 147.698425 	 0.000000 
36486.207031 	 19515.941406 	 38842.667969 	 -197.173935 	 -75.338440 	 106.466255 	 3.000000 
34321.218750 	 20164.072266 	 39511.320312 	 -157.396790 	 -65.747841 	 50.180782 	 3.000000 
34479.988281 	 20647.677734 	 39633.957031 	 -134.758347 	 0.628442 	 174.722931 	 3.000000 
35218.937500 	 19833.878906 	 39374.878906 	 -184.918518 	 83.789848 	 91.920105 	 3.000000 
33323.648438 	 20572.937500 	 40021.593750 	 -149.936356 	 53.223839 	 62.809006 	 3.000000 
33490.839844 	 20198.511719 	 39989.687500 	 -282.640930 	 49.902668 	 56.633396 	 3.000000 
33742.480469 	 20215.548828 	 39889.539062 	 -295.360901 	 -69.854141 	 122.764099 	 3.000000 
33365.859375 	 20787.755859 	 39506.914062 	 -231.189713 	 -106.697433 	 174.918228 	 3.000000 
35425.304688 	 19775.525391 	 39082.058594 	 -188.894302 	 -23.751253 	 107.992027 	 3.000000 
33259.640625 	 20243.974609 	 40297.218750 	 -222.560715 	 68.140007 	 84.772812 	 3.000000 
33992.132812 	 18683.255859 	 39551.125000 	 -144.547424 	 74.573120 	 116.899834 	 3.000000 
33214.714844 	 20682.437500 	 39846.121094 	 -140.183929 	 -8.492993 	 95.910408 	 3.000000 
36290.117188 	 19581.000000 	 38792.832031 	 -192.019104 	 -11.330726 	 80.147766 	 3.000000 
33137.578125 	 20254.675781 	 40483.992188 	 -238.697647 	 -15.305351 	 92.879150 	 3.000000 
35918.914062 	 19622.183594 	 40471.878906 	 -175.561798 	 4.803714 	 105.555595 	 3.000000 
33256.660156 	 20236.804688 	 40536.035156 	 -221.604233 	 57.193268 	 101.521271 	 3.000000 
33362.882812 	 20424.234375 	 40471.816406 	 -230.587524 	 -0.058639 	 124.090675 	 3.000000 
33798.777344 	 20662.107422 	 39831.632812 	 -160.841492 	 -62.500164 	 136.065826 	 3.000000 
35264.671875 	 20350.595703 	 39787.433594 	 -222.382614 	 -87.389404 	 106.900414 	 3.000000 
35513.339844 	 19834.619141 	 38799.113281 	 -213.977234 	 -13.326921 	 171.432220 	 3.000000 
36117.011719 	 19477.353516 	 39026.738281 	 -183.946503 	 -45.497467 	 66.647980 	 3.000000 
35038.316406 	 20222.349609 	 39196.875000 	 -231.535294 	 -82.993210 	 168.978882 	 3.000000 
34585.871094 	 19587.269531 	 37136.527344 	 -160.129013 	 -12.502379 	 124.584351 	 0.000000 
34250.566406 	 20223.498047 	 39124.773438 	 -132.668671 	 -25.116978 	 245.347137 	 3.000000 
33569.976562 	 20132.662109 	 39714.968750 	 -264.596436 	 50.127319 	 102.039383 	 3.000000 
33821.835938 	 20398.994141 	 39894.691406 	 -288.655273 	 -112.227264 	 140.849945 	 3.000000 
33479.156250 	 21008.333984 	 39155.156250 	 -238.149765 	 -92.604553 	 190.156540 	 3.000000 
34424.636719 	 20937.910156 	 40972.121094 	 -233.087341 	 -81.210670 	 162.023163 	 6.000000 
35919.007812 	 19942.625000 	 38132.289062 	 -191.093094 	 -54.534355 	 105.761215 	 3.000000 
33107.468750 	 20133.697266 	 39985.335938 	 -139.778122 	 -0.954011 	 134.006027 	 3.000000 
34192.839844 	 20003.796875 	 39239.054688 	 -138.699081 	 -56.828426 	 215.928375 	 3.000000 
35294.984375 	 20296.705078 	 39319.835938 	 -166.898911 	 -35.732693 	 151.899918 	 3.000000 
33709.425781 	 20792.162109 	 39061.625000 	 -209.186646 	 -83.979561 	 182.863281 	 3.000000 
33960.160156 	 20814.794922 	 38815.867188 	 -214.346664 	 -85.729988 	 181.181396 	 3.000000 
35402.832031 	 19864.666016 	 38154.000000 	 -156.075027 	 -88.784042 	 172.395538 	 3.000000 
34448.097656 	 18883.064453 	 39770.621094 	 -161.741104 	 68.821182 	 103.732613 	 3.000000 
35466.175781 	 19186.863281 	 39775.484375 	 -160.807220 	 67.363350 	 111.137718 	 3.000000 
34350.890625 	 18733.218750 	 39654.941406 	 -145.171295 	 77.259636 	 108.166519 	 3.000000 
36090.417969 	 20764.937500 	 40377.031250 	 -187.946152 	 -79.317184 	 131.887711 	 3.000000 
34727.347656 	 20131.259766 	 39329.222656 	 -283.282990 	 18.524830 	 136.334167 	 3.000000 
35255.648438 	 20130.937500 	 39248.710938 	 -194.558975 	 34.894440 	 133.518402 	 3.000000 
34026.156250 	 19999.480469 	 39596.859375 	 -229.108658 	 9.431543 	 63.504475 	 3.000000 
33857.675781 	 20566.740234 	 40045.933594 	 -153.881577 	 -30.497242 	 95.419395 	 3.000000 
33316.578125 	 20680.603516 	 39277.476562 	 -193.157410 	 -59.469185 	 217.548492 	 3.000000 
34176.843750 	 20707.757812 	 37495.742188 	 -174.025833 	 -55.954960 	 154.794769 	 3.000000 
35359.589844 	 18605.443359 	 39688.734375 	 -143.408478 	 54.231995 	 96.570930 	 3.000000 
35751.097656 	 19701.978516 	 40367.781250 	 -162.779831 	 62.631908 	 109.495277 	 3.000000 
35550.980469 	 19663.162109 	 40504.171875 	 -179.616913 	 16.370010 	 111.696175 	 3.000000 
33099.914062 	 20056.494141 	 39029.250000 	 -173.484894 	 70.515388 	 169.975494 	 0.000000 
33795.964844 	 20041.830078 	 40027.593750 	 -180.750839 	 133.327072 	 116.917870 	 3.000000 
33611.351562 	 20346.115234 	 39398.667969 	 -155.919113 	 18.118750 	 233.539566 	 3.000000 
35107.171875 	 19847.056641 	 38384.667969 	 -158.151901 	 -81.172699 	 189.415009 	 3.000000 
36525.269531 	 19557.609375 	 40030.308594 	 -150.032394 	 -5.483109 	 96.216125 	 3.000000 
33183.507812 	 19450.912109 	 39746.796875 	 -164.784470 	 106.850166 	 119.577888 	 0.000000 
33677.449219 	 20810.531250 	 39264.335938 	 -242.918243 	 -114.500214 	 178.759598 	 3.000000 
35316.722656 	 19883.513672 	 37860.929688 	 -128.493759 	 -7.397276 	 165.476593 	 3.000000 
35609.210938 	 19510.974609 	 38534.929688 	 -210.154480 	 -70.486137 	 128.505783 	 3.000000 
34945.132812 	 20114.185547 	 38735.238281 	 -200.214920 	 37.531689 	 153.952759 	 3.000000 
33794.226562 	 20010.568359 	 40628.421875 	 -248.456177 	 41.490040 	 98.192986 	 3.000000 
33572.527344 	 19914.794922 	 39876.265625 	 -151.782242 	 23.634710 	 148.083389 	 3.000000 
33543.550781 	 21052.150391 	 39135.437500 	 -230.135330 	 -92.118507 	 184.481857 	 3.000000 
36492.714844 	 20123.875000 	 38053.500000 	 -165.289185 	 -132.568344 	 99.619476 	 3.000000 
34864.281250 	 20500.843750 	 37529.769531 	 -150.397232 	 -75.482422 	 151.303085 	 3.000000 
34270.007812 	 20228.673828 	 39345.585938 	 -88.087181 	 9.814418 	 126.968506 	 3.000000 
35807.375000 	 19957.328125 	 38871.628906 	 -225.343781 	 -21.082220 	 83.596619 	 3.000000 
36542.480469 	 19596.224609 	 39388.328125 	 -138.613892 	 -11.315231 	 106.875061 	 3.000000 
34929.363281 	 19926.025391 	 40053.457031 	 -197.868179 	 71.769768 	 95.789085 	 3.000000 
35536.519531 	 19327.322266 	 39023.917969 	 -153.805450 	 68.516388 	 112.790581 	 3.000000 
35574.730469 	 18207.179688 	 39459.023438 	 -136.930191 	 31.990934 	 114.915741 	 3.000000 
34561.554688 	 18511.396484 	 39589.589844 	 -138.332748 	 51.878803 	 99.845078 	 3.000000 
33566.355469 	 20333.029297 	 39602.781250 	 -152.673050 	 36.664413 	 133.788177 	 3.000000 
33737.503906 	 20392.617188 	 39997.589844 	 -194.540253 	 -14.434919 	 48.970825 	 3.000000 
35249.078125 	 19488.109375 	 37610.898438 	 -135.696991 	 28.231619 	 135.159348 	 3.000000 
33952.679688 	 20051.126953 	 40013.039062 	 -193.984268 	 -10.748871 	 207.114716 	 3.000000 
34033.441406 	 20606.431641 	 40530.394531 	 -247.808228 	 90.947914 	 89.239532 	 3.000000 
33348.402344 	 19626.099609 	 38847.425781 	 -175.324127 	 70.177185 	 140.789383 	 2.000000 
34867.933594 	 20319.423828 	 38083.777344 	 -168.833176 	 -86.697731 	 159.860260 	 3.000000 
34981.589844 	 20360.224609 	 38724.851562 	 -196.375854 	 14.706270 	 164.062714 	 3.000000 
34523.281250 	 20397.302734 	 39260.210938 	 -169.128922 	 7.774544 	 29.602308 	 3.000000 
34645.347656 	 20314.119141 	 39749.992188 	 -197.147705 	 -53.568939 	 112.448235 	 3.000000 
33182.718750 	 20370.392578 	 40067.140625 	 -188.811844 	 75.992683 	 66.124748 	 3.000000 
36345.351562 	 19426.035156 	 38470.843750 	 -153.480133 	 52.661766 	 102.422089 	 3.000000 
34095.746094 	 20601.816406 	 39208.898438 	 -226.145859 	 -129.491089 	 165.721405 	 3.000000 
36042.929688 	 19442.699219 	 38633.207031 	 -200.038483 	 -42.836151 	 91.777565 	 3.000000 
34326.285156 	 20461.402344 	 39915.042969 	 -233.306274 	 60.571819 	 79.668434 	 3.000000 
34109.378906 	 20327.972656 	 40955.500000 	 -237.898621 	 65.735291 	 116.311127 	 3.000000 
34066.246094 	 20308.375000 	 40547.425781 	 -244.296890 	 65.991714 	 95.909706 	 3.000000 
33573.847656 	 21243.662109 	 38974.917969 	 -232.786484 	 -103.285988 	 179.867996 	 3.000000 
34154.816406 	 19973.939453 	 39659.472656 	 -243.667892 	 -4.464514 	 197.901382 	 3.000000 
35549.613281 	 19865.541016 	 38883.386719 	 -208.933624 	 -40.711636 	 146.365860 	 3.000000 
36271.957031 	 19597.869141 	 38184.386719 	 -203.747757 	 -22.300625 	 99.894402 	 3.000000 
35489.484375 	 19025.931641 	 39720.613281 	 -139.565399 	 60.422340 	 114.158974 	 3.000000 
33319.343750 	 20287.474609 	 40060.953125 	 -215.411011 	 -40.810135 	 28.326263 	 3.000000 
33189.773438 	 20129.228516 	 39982.332031 	 -132.229675 	 7.298353 	 137.356262 	 3.000000 
34151.902344 	 19790.761719 	 39546.359375 	 -161.850662 	 -66.930313 	 146.180725 	 3.000000 
35132.015625 	 20239.617188 	 39714.343750 	 -229.742462 	 -90.812805 	 101.200798 	 3.000000 
36170.574219 	 19704.492188 	 38390.875000 	 -141.846222 	 -3.604533 	 206.617706 	 3.000000 
34954.894531 	 20502.173828 	 37913.394531 	 -163.784393 	 -66.354218 	 173.942795 	 3.000000 
34463.929688 	 20312.738281 	 38848.445312 	 -158.030502 	 -50.375191 	 213.273453 	 3.000000 
35987.332031 	 20079.376953 	 38622.992188 	 -208.870712 	 -21.903793 	 100.608521 	 3.000000 
33212.320312 	 20669.574219 	 40081.035156 	 -193.081573 	 -10.715306 	 68.434723 	 3.000000 
34121.882812 	 19428.046875 	 40511.242188 	 -177.270737 	 105.109291 	 103.016190 	 3.000000 
33640.238281 	 20475.587891 	 40329.214844 	 -183.555344 	 -63.299477 	 181.237427 	 3.000000 
34500.539062 	 19929.660156 	 39320.652344 	 -295.376801 	 -85.445900 	 152.617859 	 3.000000 
35504.265625 	 19967.435547 	 38873.488281 	 -252.356140 	 -38.210724 	 80.393944 	 3.000000 
35223.453125 	 20234.291016 	 38161.078125 	 -154.248444 	 -80.661652 	 172.735001 	 3.000000 
35723.410156 	 19776.548828 	 40733.386719 	 -177.549133 	 10.849990 	 105.376892 	 3.000000 
34550.476562 	 20940.513672 	 41037.250000 	 -235.930359 	 -72.626701 	 133.504013 	 6.000000 
33752.136719 	 20344.996094 	 39949.667969 	 -209.585678 	 -0.760870 	 60.377605 	 3.000000 
32852.324219 	 20548.701172 	 39807.917969 	 -227.632462 	 -89.234192 	 192.630417 	 5.000000 
34011.550781 	 19836.140625 	 39618.207031 	 -183.214996 	 -73.197678 	 156.346985 	 3.000000 
34681.187500 	 20917.742188 	 40967.480469 	 -223.358795 	 -86.243912 	 162.256744 	 6.000000 
34292.648438 	 20474.224609 	 37873.097656 	 -171.430557 	 -76.158913 	 170.106003 	 3.000000 
35991.289062 	 19859.166016 	 38254.523438 	 -153.380173 	 -17.546919 	 113.106560 	 3.000000 
36682.441406 	 19592.929688 	 38876.769531 	 -190.099091 	 -46.894760 	 96.353203 	 3.000000 
35764.824219 	 19920.810547 	 39945.156250 	 -182.384201 	 10.216655 	 99.101532 	 3.000000 
36264.082031 	 19739.216797 	 40274.074219 	 -164.332199 	 28.487411 	 116.171425 	 3.000000 
35544.015625 	 18901.699219 	 37697.843750 	 -131.900208 	 37.243755 	 112.579742 	 3.000000 
34795.722656 	 18998.662109 	 37954.125000 	 -147.100372 	 38.405075 	 119.419563 	 7.000000 
34132.558594 	 20913.537109 	 38590.082031 	 -204.793228 	 -110.334641 	 172.544418 	 3.000000 
33797.222656 	 20899.634766 	 40330.316406 	 -256.875427 	 -115.508972 	 142.078934 	 3.000000 
35908.375000 	 20042.845703 	 38555.976562 	 -126.244858 	 -19.712103 	 175.594971 	 3.000000 
35377.421875 	 19921.419922 	 38385.281250 	 -151.342697 	 -82.619392 	 188.306152 	 3.000000 
34130.113281 	 20655.107422 	 37779.769531 	 -170.375427 	 -60.538353 	 163.020508 	 3.000000 
34439.886719 	 20378.642578 	 38230.753906 	 -163.422638 	 -71.817238 	 193.217102 	 3.000000 
35049.851562 	 20539.708984 	 37321.589844 	 -160.963608 	 -79.095367 	 140.810883 	 3.000000 
36780.292969 	 19793.847656 	 39517.492188 	 -157.428894 	 -36.320271 	 128.243973 	 3.000000 
36194.500000 	 19585.017578 	 40260.531250 	 -158.747864 	 50.252808 	 116.425545 	 3.000000 
33901.359375 	 18253.417969 	 39196.386719 	 -152.827927 	 55.213806 	 105.934875 	 1.000000 
34221.625000 	 20321.564453 	 38618.503906 	 -148.607391 	 -31.312296 	 213.053329 	 3.000000 
33631.000000 	 20391.517578 	 40137.175781 	 -303.139069 	 -74.173859 	 57.833355 	 3.000000 
33403.585938 	 20791.585938 	 39260.601562 	 -213.285095 	 -85.207970 	 188.038055 	 3.000000 
34549.277344 	 20042.130859 	 39458.160156 	 -88.147469 	 -16.218729 	 123.431511 	 3.000000 
35264.527344 	 20517.146484 	 37323.746094 	 -170.503159 	 -97.381622 	 131.375977 	 3.000000 
35820.976562 	 19625.267578 	 38799.363281 	 -164.977844 	 -39.750965 	 171.158401 	 3.000000 
35822.132812 	 19435.402344 	 38573.085938 	 -208.326843 	 -29.865568 	 91.843079 	 3.000000 
36506.421875 	 19596.101562 	 38807.148438 	 -192.744034 	 -78.821129 	 110.918526 	 3.000000 
34618.277344 	 19903.089844 	 39277.050781 	 -280.515289 	 -72.259071 	 94.514038 	 3.000000 
34365.781250 	 20388.007812 	 39611.175781 	 -231.384705 	 4.251560 	 36.519371 	 3.000000 
33203.222656 	 20117.751953 	 40527.855469 	 -230.747467 	 38.934170 	 99.482224 	 3.000000 
33417.867188 	 20241.173828 	 40042.378906 	 -250.640488 	 41.387352 	 31.934677 	 3.000000 
34746.332031 	 19315.357422 	 37438.492188 	 -147.478302 	 25.709148 	 122.351776 	 8.000000 
34277.753906 	 20670.164062 	 37804.468750 	 -170.589951 	 -60.592426 	 169.073120 	 3.000000 
34041.054688 	 20704.574219 	 37714.464844 	 -173.559982 	 -59.358635 	 159.002991 	 3.000000 
34598.429688 	 20506.158203 	 37775.441406 	 -163.985947 	 -76.290833 	 164.260910 	 3.000000 
35982.886719 	 19939.220703 	 38828.292969 	 -211.775162 	 -26.325348 	 86.766327 	 3.000000 
35230.023438 	 19970.218750 	 38457.605469 	 -167.924103 	 13.301220 	 136.944977 	 3.000000 
33406.656250 	 20177.964844 	 40099.414062 	 -107.093384 	 23.904181 	 162.992661 	 3.000000 
35571.035156 	 20993.779297 	 40823.507812 	 -216.736313 	 -65.660995 	 155.261795 	 6.000000 
33795.988281 	 20660.769531 	 40047.757812 	 -157.823029 	 -66.954582 	 164.977325 	 3.000000 
33857.148438 	 20650.443359 	 38992.214844 	 -201.938599 	 -86.006905 	 184.641327 	 3.000000 
34721.257812 	 19613.136719 	 38975.992188 	 -234.889908 	 -12.334751 	 142.640533 	 3.000000 
33428.054688 	 20817.490234 	 40356.289062 	 -251.541473 	 -115.412827 	 135.441254 	 3.000000 
35310.917969 	 20123.560547 	 38246.640625 	 -150.665802 	 -85.333626 	 178.170364 	 3.000000 
36395.050781 	 19821.164062 	 39356.042969 	 -153.511078 	 -16.246201 	 82.320908 	 3.000000 
34095.671875 	 19745.552734 	 40330.691406 	 -180.880005 	 105.674683 	 109.798080 	 3.000000 
34087.292969 	 19667.744141 	 40333.097656 	 -176.454285 	 106.702446 	 112.039948 	 3.000000 
33528.410156 	 20097.968750 	 40717.808594 	 -250.367935 	 51.563004 	 103.653610 	 3.000000 
33499.179688 	 20953.964844 	 38656.437500 	 -203.872604 	 -76.854866 	 188.326126 	 4.000000 
36203.054688 	 19683.048828 	 38383.828125 	 -217.954376 	 -21.084517 	 79.648232 	 3.000000 
34479.164062 	 20440.501953 	 38046.179688 	 -164.806229 	 -73.363892 	 178.730759 	 3.000000 
36096.023438 	 19761.291016 	 37932.277344 	 -145.047302 	 -109.892349 	 151.487930 	 3.000000 
36255.671875 	 20066.816406 	 39287.636719 	 -182.502441 	 -93.283577 	 101.436699 	 3.000000 
34812.156250 	 20204.667969 	 39652.585938 	 -252.531448 	 -98.577339 	 85.302650 	 3.000000 
33739.312500 	 19812.037109 	 39849.718750 	 -206.052338 	 14.948037 	 159.360580 	 3.000000 
33854.007812 	 20475.833984 	 39566.367188 	 -203.299545 	 7.397985 	 168.766693 	 3.000000 
33519.375000 	 20306.740234 	 39467.074219 	 -191.367096 	 -64.303070 	 229.565445 	 3.000000 
33822.257812 	 20694.626953 	 40325.105469 	 -239.193222 	 78.441521 	 99.779205 	 3.000000 
34277.453125 	 20202.316406 	 40735.183594 	 -228.290695 	 62.930042 	 109.064369 	 3.000000 
34264.695312 	 18129.912109 	 39604.398438 	 -137.346298 	 61.078865 	 96.570175 	 0.000000 
33911.433594 	 20470.474609 	 39958.750000 	 -174.783035 	 -5.066604 	 92.947830 	 3.000000 
33984.449219 	 20304.816406 	 39610.628906 	 -230.981201 	 -127.802826 	 152.319092 	 3.000000 
36437.660156 	 19722.732422 	 38674.566406 	 -182.033905 	 -105.208321 	 105.681625 	 3.000000 
35758.742188 	 19997.750000 	 38725.628906 	 -178.199753 	 -49.454845 	 166.948074 	 3.000000 
35960.667969 	 20002.316406 	 37775.882812 	 -129.597565 	 -84.672523 	 166.983002 	 3.000000 
35005.003906 	 19848.552734 	 39580.476562 	 -205.546326 	 13.748373 	 125.746117 	 3.000000 
35206.070312 	 20145.146484 	 39020.808594 	 -245.372971 	 -36.210342 	 94.913765 	 3.000000 
35328.062500 	 20195.812500 	 39191.554688 	 -192.324402 	 21.697781 	 109.624321 	 3.000000 
36142.265625 	 19772.945312 	 37915.273438 	 -121.133759 	 -75.269310 	 175.657669 	 3.000000 
36128.621094 	 19931.994141 	 39180.285156 	 -188.247375 	 -98.179390 	 101.557983 	 3.000000 
34482.617188 	 20225.619141 	 39129.843750 	 -136.615326 	 95.802017 	 216.326859 	 3.000000 
34439.144531 	 20419.748047 	 39100.449219 	 -178.500229 	 -56.569420 	 132.124329 	 3.000000 
35265.480469 	 19501.851562 	 38815.535156 	 -246.390350 	 -63.130264 	 149.959045 	 3.000000 
33976.156250 	 20395.916016 	 39547.195312 	 -225.706833 	 -127.120941 	 161.190796 	 3.000000 
36225.718750 	 20710.000000 	 40287.738281 	 -179.746628 	 -82.587219 	 129.765244 	 3.000000 
34188.281250 	 20330.695312 	 39627.148438 	 -124.660294 	 -22.887163 	 217.747299 	 3.000000 
36198.507812 	 19633.646484 	 38327.148438 	 -149.902939 	 -24.398428 	 208.176773 	 3.000000 
33788.351562 	 20787.701172 	 40433.535156 	 -225.339615 	 82.814301 	 111.187347 	 3.000000 
34949.503906 	 19955.751953 	 40037.808594 	 -187.423553 	 82.744759 	 103.391243 	 3.000000 
33418.929688 	 20361.044922 	 39535.238281 	 -238.863388 	 60.122490 	 155.222076 	 3.000000 
33361.957031 	 20123.193359 	 40227.890625 	 -128.022690 	 0.980155 	 179.112274 	 3.000000 
34454.515625 	 19947.804688 	 39348.824219 	 -304.351746 	 -80.401634 	 158.349014 	 3.000000 
35091.738281 	 19886.433594 	 38633.199219 	 -278.228119 	 31.969322 	 153.213699 	 3.000000 
35855.601562 	 19914.310547 	 39914.562500 	 -180.637939 	 7.270631 	 99.232956 	 3.000000 
33944.710938 	 18570.265625 	 38171.203125 	 -164.809357 	 38.346794 	 103.033905 	 0.000000 
35709.503906 	 19691.648438 	 40372.382812 	 -165.000214 	 69.075455 	 106.013206 	 3.000000 
33795.156250 	 19698.289062 	 40523.792969 	 -164.033554 	 117.084137 	 114.700684 	 3.000000 
32922.535156 	 20477.978516 	 39445.085938 	 -174.208084 	 98.625671 	 176.922562 	 5.000000 
33645.757812 	 19601.417969 	 39881.117188 	 -160.647232 	 105.577934 	 126.635498 	 3.000000 
33888.046875 	 20311.199219 	 39712.781250 	 -254.811691 	 -115.216278 	 149.631058 	 3.000000 
33557.968750 	 20914.105469 	 39896.687500 	 -150.905563 	 -15.047102 	 105.934334 	 3.000000 
34255.257812 	 19944.910156 	 38418.906250 	 -146.954437 	 42.039059 	 167.018051 	 3.000000 
34016.136719 	 20347.695312 	 39505.890625 	 -213.245300 	 -125.502060 	 167.722305 	 3.000000 
35106.359375 	 19625.294922 	 38890.007812 	 -155.958328 	 10.071316 	 103.067108 	 3.000000 
33990.937500 	 20588.601562 	 40286.656250 	 -261.608917 	 -97.293350 	 118.159241 	 3.000000 
34246.222656 	 20225.128906 	 39759.906250 	 -243.839615 	 -113.343590 	 92.569305 	 3.000000 
34457.039062 	 20370.146484 	 38327.363281 	 -158.786743 	 -74.599327 	 200.010269 	 3.000000 
36619.906250 	 19897.621094 	 38419.781250 	 -182.863373 	 -3.305385 	 103.229065 	 3.000000 
36428.085938 	 19945.949219 	 38854.714844 	 -173.011581 	 -33.341190 	 116.214310 	 3.000000 
36200.968750 	 19729.923828 	 37956.832031 	 -203.492874 	 -53.462990 	 100.316505 	 3.000000 
36301.148438 	 19912.814453 	 38931.019531 	 -188.494507 	 -24.516497 	 82.724197 	 3.000000 
33499.320312 	 19945.425781 	 39854.417969 	 -150.903748 	 22.407387 	 146.722275 	 3.000000 
34990.632812 	 19572.884766 	 38885.476562 	 -259.738464 	 -17.542128 	 150.759598 	 3.000000 
34985.468750 	 19913.080078 	 40039.429688 	 -199.957916 	 66.679077 	 97.417061 	 3.000000 
34270.218750 	 20670.796875 	 39642.621094 	 -142.074188 	 33.103737 	 188.550064 	 3.000000 
35811.789062 	 18655.021484 	 39697.886719 	 -148.683258 	 49.299118 	 107.971848 	 3.000000 
35910.933594 	 19684.935547 	 40511.914062 	 -166.011093 	 50.830528 	 96.951790 	 3.000000 
34913.566406 	 19447.732422 	 40933.199219 	 -171.306702 	 87.126411 	 115.197411 	 0.000000 
35726.109375 	 19927.837891 	 38972.984375 	 -206.783218 	 1.025313 	 55.939175 	 3.000000 
33223.816406 	 20359.099609 	 40498.125000 	 -249.192368 	 57.032688 	 88.072121 	 3.000000 
34887.562500 	 19612.388672 	 38954.820312 	 -175.462448 	 -68.862000 	 87.876259 	 3.000000 
34541.156250 	 20449.154297 	 38459.207031 	 -177.065887 	 -85.373528 	 208.096893 	 3.000000 
35843.792969 	 19915.648438 	 39189.238281 	 -205.176727 	 -98.163300 	 97.127899 	 3.000000 
36250.335938 	 20143.523438 	 38003.292969 	 -151.291794 	 23.759363 	 139.323563 	 3.000000 
33961.292969 	 20532.982422 	 40451.402344 	 -254.721237 	 78.164070 	 102.646194 	 3.000000 
34818.050781 	 18095.791016 	 39620.847656 	 -142.569763 	 53.339962 	 95.160492 	 3.000000 
34024.152344 	 20426.769531 	 40478.957031 	 -245.901733 	 81.421089 	 97.999664 	 3.000000 
34178.117188 	 20228.652344 	 40834.433594 	 -252.333878 	 -27.475231 	 108.380760 	 3.000000 
33848.453125 	 19814.658203 	 40601.242188 	 -172.396240 	 112.607529 	 116.075584 	 3.000000 
33138.273438 	 19367.195312 	 38766.359375 	 -176.739136 	 66.158424 	 124.346687 	 2.000000 
32839.851562 	 20429.619141 	 39477.683594 	 -174.995972 	 98.530540 	 178.417252 	 5.000000 
33869.285156 	 20486.183594 	 40247.476562 	 -274.226807 	 -76.551788 	 98.933334 	 3.000000 
34103.769531 	 20767.681641 	 38652.636719 	 -205.646637 	 -104.485039 	 170.089951 	 3.000000 
34075.562500 	 19959.392578 	 39467.683594 	 -198.125549 	 -71.162346 	 88.375366 	 3.000000 
34793.617188 	 20208.552734 	 39718.945312 	 -228.608887 	 67.581581 	 79.217064 	 3.000000 
35869.972656 	 20123.699219 	 38354.343750 	 -119.276962 	 23.910078 	 160.146942 	 3.000000 
35029.039062 	 20110.953125 	 39045.707031 	 -96.922134 	 -78.105721 	 202.693268 	 3.000000 
34867.679688 	 20321.548828 	 38334.789062 	 -168.039658 	 -71.302986 	 185.416641 	 3.000000 
34697.949219 	 19995.732422 	 39636.507812 	 -119.214195 	 35.425686 	 134.118500 	 3.000000 
36002.367188 	 19484.785156 	 38462.378906 	 -202.804153 	 -63.797676 	 92.743179 	 3.000000 
35326.242188 	 20011.724609 	 38761.488281 	 -235.176254 	 3.535210 	 153.663452 	 3.000000 
34782.750000 	 19979.052734 	 38447.773438 	 -192.792694 	 21.647068 	 125.565849 	 3.000000 
34334.960938 	 20115.234375 	 39153.144531 	 -203.124100 	 18.144815 	 157.632645 	 3.000000 
36599.296875 	 19882.802734 	 39819.300781 	 -142.235046 	 4.885610 	 95.085213 	 3.000000 
34824.875000 	 18277.566406 	 39573.921875 	 -158.320023 	 41.818371 	 123.433937 	 3.000000 
35208.273438 	 19705.785156 	 39946.511719 	 -172.896164 	 66.480522 	 100.207321 	 3.000000 
35749.031250 	 18336.291016 	 39556.523438 	 -142.352539 	 40.743149 	 100.739441 	 3.000000 
34577.257812 	 20148.904297 	 40633.542969 	 -213.485519 	 56.281754 	 103.235344 	 3.000000 
35360.035156 	 21024.632812 	 40827.859375 	 -241.742828 	 -67.534859 	 119.309883 	 6.000000 
