69327.960938 	 2811.710693 	 45312.238281 	 10.472581 	 -177.220322 	 -297.171234 	 1.000000 
69361.671875 	 2757.082764 	 45313.054688 	 -61.009148 	 -58.498497 	 -300.508453 	 1.000000 
69653.000000 	 2952.597412 	 45296.464844 	 -43.158310 	 -251.792480 	 -287.155396 	 1.000000 
69222.140625 	 2679.156738 	 45473.121094 	 101.276573 	 -116.096336 	 -205.185608 	 1.000000 
69125.343750 	 2954.290283 	 45243.757812 	 110.434486 	 -193.940399 	 -197.545822 	 1.000000 
69384.703125 	 2664.783203 	 45226.343750 	 -33.347286 	 -127.222649 	 -222.005508 	 1.000000 
69181.695312 	 2700.449951 	 45270.578125 	 158.288864 	 -167.177597 	 -385.387848 	 1.000000 
69112.250000 	 2798.371826 	 45250.187500 	 136.206024 	 -158.977875 	 -197.835678 	 1.000000 
69348.789062 	 2712.970215 	 45353.906250 	 9.392241 	 13.221243 	 -446.532654 	 1.000000 
69367.195312 	 2925.884033 	 45266.945312 	 140.666458 	 -190.217468 	 -151.547104 	 1.000000 
69236.820312 	 2726.849609 	 45195.246094 	 173.588852 	 -124.622726 	 -268.924286 	 1.000000 
69113.078125 	 2997.270996 	 45211.406250 	 91.063240 	 -199.467957 	 -200.142792 	 1.000000 
69396.414062 	 2787.223633 	 45476.042969 	 146.888168 	 -205.362183 	 -222.460800 	 1.000000 
69633.390625 	 2887.455566 	 45266.050781 	 -23.928612 	 -162.432541 	 -330.063293 	 1.000000 
69457.632812 	 2861.249512 	 45217.816406 	 -32.939854 	 -167.729462 	 -237.899994 	 1.000000 
69379.039062 	 2957.697510 	 45368.597656 	 81.470543 	 -267.411346 	 -179.020493 	 1.000000 
69452.734375 	 2835.599365 	 45269.019531 	 25.725653 	 -181.668808 	 -474.559998 	 1.000000 
69284.140625 	 2854.785645 	 45401.171875 	 39.445946 	 -339.140015 	 -381.683319 	 1.000000 
69412.187500 	 2862.467529 	 45188.316406 	 -98.465599 	 -245.860077 	 -266.864075 	 1.000000 
69103.507812 	 2731.420410 	 45319.015625 	 -120.945892 	 -199.431244 	 -356.182007 	 1.000000 
69131.484375 	 2665.338379 	 45317.480469 	 -7.427221 	 -242.584427 	 -400.086639 	 1.000000 
69408.265625 	 2912.142090 	 45229.757812 	 131.772690 	 -273.721466 	 -195.982620 	 1.000000 
69171.218750 	 2769.491943 	 45334.261719 	 120.977829 	 -256.736145 	 -338.703247 	 1.000000 
69411.828125 	 2665.268311 	 45276.703125 	 37.687016 	 -340.168549 	 -336.806580 	 1.000000 
69463.484375 	 2704.541260 	 45336.675781 	 47.920048 	 -343.816040 	 -294.449158 	 1.000000 
69285.648438 	 2834.175049 	 45347.941406 	 202.698196 	 -70.616913 	 -172.144699 	 1.000000 
69243.250000 	 2832.928223 	 45241.964844 	 140.301834 	 -149.643723 	 -324.251587 	 1.000000 
69198.781250 	 2839.202148 	 45375.554688 	 164.900894 	 -266.803711 	 -254.806137 	 1.000000 
69195.085938 	 2820.619385 	 45438.402344 	 154.125275 	 -127.521301 	 -265.315796 	 1.000000 
69044.890625 	 2828.109863 	 45309.457031 	 31.743633 	 -151.440826 	 -355.263153 	 1.000000 
69289.882812 	 2782.380127 	 45253.964844 	 -10.932761 	 -165.941879 	 -125.098602 	 1.000000 
69420.929688 	 2954.819580 	 45315.644531 	 102.189438 	 -230.655258 	 -171.921127 	 1.000000 
69541.421875 	 2913.928955 	 45287.511719 	 -44.184715 	 -268.442413 	 -204.073822 	 1.000000 
69347.976562 	 2749.994385 	 45443.601562 	 -181.331726 	 -246.498566 	 -270.808472 	 1.000000 
69402.609375 	 2810.068848 	 45429.140625 	 21.399584 	 -170.514389 	 -122.710732 	 1.000000 
69470.234375 	 2901.535400 	 45225.542969 	 76.191940 	 -210.129044 	 -262.901154 	 1.000000 
69133.304688 	 2744.824951 	 45230.285156 	 2.345647 	 -143.644424 	 -326.386169 	 1.000000 
69462.039062 	 2854.641357 	 45233.660156 	 144.191666 	 -84.842232 	 -241.544067 	 1.000000 
69228.195312 	 2771.160889 	 45266.878906 	 96.624435 	 -234.146255 	 -250.521088 	 1.000000 
69501.085938 	 2787.454102 	 45283.960938 	 -147.461029 	 -212.967987 	 -364.818359 	 1.000000 
69312.343750 	 2798.584473 	 45357.890625 	 190.585098 	 -206.845825 	 -82.549362 	 1.000000 
69275.156250 	 2830.026611 	 45282.605469 	 -14.597522 	 -212.747467 	 -8.830361 	 1.000000 
69389.617188 	 2842.949219 	 45519.945312 	 81.067085 	 -76.393959 	 -320.248810 	 1.000000 
69125.312500 	 2989.666748 	 45234.511719 	 112.826355 	 -171.655807 	 -171.991608 	 1.000000 
69358.109375 	 2661.429199 	 45271.574219 	 -142.350372 	 -256.784760 	 -401.255859 	 1.000000 
69578.476562 	 2945.848389 	 45264.781250 	 -30.751522 	 -265.647736 	 -216.039291 	 1.000000 
69205.820312 	 2947.362305 	 45212.800781 	 148.941483 	 -127.390434 	 -270.013794 	 1.000000 
69197.289062 	 2802.929199 	 45252.078125 	 176.384796 	 -165.737122 	 -228.817902 	 1.000000 
69412.953125 	 2813.248779 	 45475.164062 	 -54.663177 	 -239.878067 	 -421.495178 	 1.000000 
69263.320312 	 2909.211182 	 45349.074219 	 134.457153 	 -240.509476 	 -372.076691 	 1.000000 
69216.414062 	 2918.033691 	 45447.648438 	 57.852261 	 -308.970184 	 -417.030487 	 1.000000 
69250.390625 	 2745.812988 	 45306.066406 	 81.754852 	 -58.336117 	 -372.113739 	 1.000000 
69261.406250 	 2845.312988 	 45162.226562 	 -49.779049 	 -114.166702 	 -309.639709 	 1.000000 
69455.320312 	 2745.202637 	 45454.097656 	 -56.347179 	 -255.698944 	 -284.596771 	 1.000000 
69652.703125 	 2926.041748 	 45303.160156 	 -6.937813 	 -213.264145 	 -353.533203 	 1.000000 
69411.093750 	 2782.003174 	 45387.070312 	 139.336212 	 -358.694397 	 -333.946838 	 1.000000 
69030.085938 	 2847.615479 	 45262.398438 	 -68.734779 	 -208.550430 	 -284.278778 	 1.000000 
69439.554688 	 2823.849121 	 45257.101562 	 110.353485 	 -109.483841 	 -133.969055 	 1.000000 
69220.585938 	 2868.086426 	 45336.441406 	 100.129486 	 -202.709000 	 -359.744568 	 1.000000 
69196.851562 	 2902.921631 	 45408.437500 	 139.435440 	 -220.184540 	 -240.632874 	 1.000000 
69352.390625 	 2840.273682 	 45270.839844 	 -19.909294 	 -348.311737 	 -182.649933 	 1.000000 
69302.945312 	 2821.112549 	 45154.156250 	 -65.306541 	 -215.288116 	 -454.993805 	 1.000000 
69325.226562 	 2636.162109 	 45314.117188 	 6.141785 	 -47.830532 	 -453.799774 	 1.000000 
69300.851562 	 2765.547852 	 45272.839844 	 239.645111 	 -242.768158 	 -435.719879 	 1.000000 
69359.968750 	 2872.633789 	 45427.890625 	 115.455399 	 -52.738266 	 -383.123535 	 1.000000 
69332.015625 	 2947.825195 	 45218.925781 	 27.982885 	 -238.830704 	 -287.905945 	 1.000000 
69264.843750 	 2952.771729 	 45223.167969 	 66.064941 	 -221.052643 	 -461.801758 	 1.000000 
69978.125000 	 2920.627686 	 45446.500000 	 -61.498081 	 -184.210617 	 -342.387421 	 1.000000 
70068.671875 	 2896.733398 	 45377.480469 	 -74.223907 	 -273.889709 	 -184.122833 	 1.000000 
69894.375000 	 2968.750977 	 45614.738281 	 -174.768768 	 -211.885239 	 -333.287415 	 1.000000 
69977.554688 	 2914.021973 	 45453.496094 	 68.503555 	 -262.173096 	 -463.686188 	 1.000000 
70068.289062 	 2958.543213 	 45259.625000 	 -124.345810 	 -222.411423 	 -305.095062 	 1.000000 
69742.812500 	 2867.674316 	 45399.492188 	 58.713657 	 -152.561523 	 -355.721436 	 1.000000 
69921.976562 	 2895.934570 	 45489.726562 	 -38.103603 	 -317.669495 	 -237.373627 	 1.000000 
70043.468750 	 2911.292236 	 45624.261719 	 -40.641186 	 -77.941185 	 -302.270721 	 1.000000 
69852.445312 	 2880.845947 	 45383.660156 	 -25.287718 	 -63.898014 	 -356.553528 	 1.000000 
70087.804688 	 2951.324219 	 45264.453125 	 -63.003807 	 -271.919769 	 -227.474716 	 1.000000 
70002.203125 	 2873.461670 	 45596.625000 	 -62.190685 	 -83.775398 	 -246.540710 	 1.000000 
70043.617188 	 2939.522949 	 45406.460938 	 -102.979210 	 -132.658783 	 -165.407013 	 1.000000 
69841.671875 	 2906.032471 	 45368.097656 	 -137.660507 	 -209.051102 	 -429.729218 	 1.000000 
69756.851562 	 2840.124756 	 45403.570312 	 -120.987411 	 -261.559967 	 -346.317139 	 1.000000 
69778.007812 	 2815.096436 	 45424.046875 	 -93.914734 	 -242.216919 	 -341.721924 	 1.000000 
69264.859375 	 2748.047119 	 43345.859375 	 -172.339630 	 -9.057431 	 -243.837158 	 1.000000 
68404.125000 	 2589.531006 	 44659.359375 	 -8.496992 	 -184.847305 	 -254.787384 	 1.000000 
68417.867188 	 2559.231689 	 44740.832031 	 83.985840 	 -193.786942 	 -270.911682 	 1.000000 
68448.281250 	 2614.584229 	 44656.644531 	 -69.603752 	 -153.470459 	 -158.497635 	 1.000000 
68416.898438 	 2612.268311 	 44648.765625 	 -56.685226 	 -195.353119 	 -217.679092 	 1.000000 
68399.921875 	 2577.057129 	 44740.347656 	 -42.059010 	 -209.335617 	 -171.488998 	 1.000000 
68278.023438 	 2603.010742 	 44612.398438 	 61.824039 	 -150.421127 	 -217.444580 	 1.000000 
68462.562500 	 2554.721680 	 44697.292969 	 35.201660 	 -268.261292 	 -210.162109 	 1.000000 
68425.921875 	 2640.535156 	 44711.238281 	 -37.408493 	 -149.891632 	 -337.188416 	 1.000000 
68365.265625 	 2683.998291 	 44563.777344 	 34.670357 	 -192.072113 	 -265.879822 	 1.000000 
68359.687500 	 2591.929199 	 44719.933594 	 25.636787 	 -178.441727 	 -342.800446 	 1.000000 
68409.429688 	 2539.695068 	 44788.218750 	 9.029867 	 -139.121140 	 -249.813858 	 1.000000 
68458.593750 	 2554.521484 	 44739.843750 	 70.477486 	 -230.537201 	 -262.298889 	 1.000000 
68313.750000 	 2570.276123 	 44613.925781 	 91.863297 	 -180.224731 	 -325.160339 	 1.000000 
68413.601562 	 2592.446289 	 44621.222656 	 24.973486 	 -38.627953 	 -267.956879 	 1.000000 
68427.328125 	 2578.390381 	 44587.332031 	 23.407722 	 -129.788513 	 -200.538177 	 1.000000 
70912.187500 	 4374.441406 	 45026.746094 	 -43.917244 	 -206.166107 	 -281.599518 	 1.000000 
70928.101562 	 4332.136230 	 45022.363281 	 33.431721 	 -182.618591 	 -339.019073 	 1.000000 
71001.882812 	 4314.213867 	 45009.476562 	 -19.226433 	 -311.135345 	 -317.703430 	 1.000000 
70892.859375 	 4409.206055 	 45099.457031 	 12.055564 	 -159.296722 	 -248.061005 	 1.000000 
70857.531250 	 4398.733398 	 45090.332031 	 -28.023296 	 -109.971191 	 -306.556946 	 1.000000 
70935.414062 	 4361.476562 	 45000.375000 	 -98.027832 	 -274.276367 	 -199.243301 	 1.000000 
71005.648438 	 4368.143066 	 44966.578125 	 -105.456406 	 -231.550903 	 -240.784119 	 1.000000 
70901.523438 	 4065.619385 	 45083.632812 	 20.354679 	 -181.466400 	 -304.947937 	 1.000000 
70919.250000 	 3947.554443 	 45127.960938 	 -27.592411 	 -187.528397 	 -283.262787 	 1.000000 
70826.164062 	 4096.698730 	 45126.945312 	 19.235413 	 -179.198700 	 -377.653625 	 1.000000 
70869.968750 	 4105.763184 	 45096.230469 	 53.550663 	 -155.899765 	 -244.834351 	 1.000000 
70905.031250 	 4071.625488 	 45067.000000 	 -72.234428 	 -154.554749 	 -293.094666 	 1.000000 
70800.726562 	 4124.370117 	 45087.460938 	 31.639996 	 -130.772690 	 -276.285767 	 1.000000 
70810.281250 	 4054.772705 	 45074.664062 	 -26.558640 	 -224.315979 	 -240.414810 	 1.000000 
70880.335938 	 4023.569824 	 45111.671875 	 17.038773 	 -144.466141 	 -337.223511 	 1.000000 
70803.734375 	 4033.868408 	 45108.710938 	 16.215002 	 -202.810944 	 -307.675690 	 1.000000 
70921.515625 	 3929.211914 	 45143.078125 	 -94.583534 	 -228.560425 	 -335.484985 	 1.000000 
70923.718750 	 3899.450684 	 45140.304688 	 -61.669502 	 -166.646515 	 -277.875122 	 1.000000 
70902.976562 	 3907.462891 	 45142.484375 	 -68.408127 	 -183.052567 	 -288.204468 	 1.000000 
68365.554688 	 2811.233154 	 45815.222656 	 19.958601 	 -214.665314 	 -336.665161 	 1.000000 
68351.210938 	 2848.686035 	 45779.074219 	 -12.015035 	 -198.370224 	 -325.862976 	 1.000000 
68330.234375 	 2829.565430 	 45870.929688 	 -6.271261 	 -224.560074 	 -427.424744 	 1.000000 
68358.804688 	 2890.563232 	 45842.207031 	 -37.964993 	 -181.789810 	 -351.824554 	 1.000000 
68410.421875 	 2822.938965 	 45725.125000 	 21.462669 	 -167.009064 	 -410.453033 	 1.000000 
70184.820312 	 2432.901367 	 43643.816406 	 3.088319 	 -128.755692 	 -262.758667 	 1.000000 
70158.851562 	 2448.068848 	 43646.382812 	 68.515633 	 -147.159256 	 -236.457748 	 1.000000 
69929.664062 	 1022.657410 	 44892.710938 	 -44.286301 	 21.802286 	 -132.608093 	 1.000000 
71203.375000 	 2146.115723 	 45079.175781 	 44.610481 	 -147.858536 	 -336.765900 	 1.000000 
71247.960938 	 2163.803223 	 45050.621094 	 5.886789 	 -116.473633 	 -337.311554 	 1.000000 
70768.140625 	 1770.169678 	 46112.023438 	 -26.556984 	 -159.078293 	 -335.532928 	 1.000000 
70767.609375 	 1835.062866 	 46101.714844 	 -20.500898 	 -139.544083 	 -328.883728 	 1.000000 
70777.609375 	 1783.188599 	 46090.707031 	 -34.712460 	 -214.626190 	 -280.552185 	 1.000000 
67942.476562 	 2582.190918 	 44356.257812 	 7.549133 	 -186.713486 	 -290.537231 	 1.000000 
70284.257812 	 3137.789062 	 45256.699219 	 -79.407257 	 -247.539688 	 -307.841919 	 1.000000 
70324.773438 	 3104.170410 	 45285.187500 	 -98.243484 	 -221.091263 	 -306.171783 	 1.000000 
70554.820312 	 1077.002075 	 45979.464844 	 12.938078 	 -125.439697 	 -257.774048 	 6.000000 
70548.796875 	 1136.098022 	 45959.246094 	 -9.623358 	 -133.132706 	 -222.302826 	 6.000000 
70486.609375 	 1554.604980 	 46267.687500 	 -10.837772 	 -145.646179 	 -306.131470 	 1.000000 
70496.601562 	 1567.582886 	 46248.292969 	 -16.151501 	 -157.928802 	 -276.827484 	 1.000000 
69421.148438 	 1258.330933 	 44187.699219 	 -34.142231 	 -19.921181 	 -210.924210 	 1.000000 
69432.734375 	 1280.226074 	 44173.468750 	 -19.211153 	 -54.184399 	 -198.473129 	 1.000000 
70206.843750 	 3171.552490 	 45347.835938 	 -4.105844 	 -284.282654 	 -261.087250 	 1.000000 
69207.414062 	 2776.051514 	 45056.585938 	 -27.823824 	 -153.706482 	 -146.606552 	 1.000000 
69243.726562 	 2760.686523 	 45078.449219 	 -0.834220 	 -157.105972 	 -158.425812 	 1.000000 
68999.187500 	 2854.444580 	 44849.953125 	 -8.035706 	 -128.679428 	 -205.889496 	 1.000000 
69094.210938 	 2821.386475 	 44547.257812 	 -17.706516 	 -105.983757 	 -227.623764 	 1.000000 
69067.070312 	 2792.766846 	 44529.281250 	 -26.945116 	 -73.291763 	 -238.499283 	 1.000000 
71350.882812 	 2308.333740 	 45104.839844 	 48.131893 	 -166.857971 	 2.558364 	 1.000000 
71330.500000 	 2285.645996 	 45130.386719 	 39.242329 	 -141.075531 	 27.353199 	 1.000000 
68203.507812 	 2690.234619 	 44944.472656 	 15.318682 	 -124.707054 	 -307.688782 	 1.000000 
68225.171875 	 2712.004395 	 44951.109375 	 3.070333 	 -150.020264 	 -300.284058 	 1.000000 
69562.148438 	 2991.018555 	 43399.707031 	 -132.824631 	 -67.782730 	 -128.083237 	 1.000000 
69449.757812 	 2548.187500 	 44199.011719 	 -25.307821 	 -125.820198 	 -248.736557 	 1.000000 
69475.859375 	 2603.837646 	 44200.351562 	 -0.427386 	 -102.879532 	 -245.858459 	 1.000000 
69457.296875 	 2601.802246 	 44183.332031 	 6.618536 	 -115.069649 	 -265.461273 	 1.000000 
69499.273438 	 2550.364746 	 44189.281250 	 -26.426931 	 -125.159691 	 -259.860565 	 1.000000 
70535.906250 	 3637.019287 	 45341.484375 	 8.866857 	 -207.361176 	 -241.945877 	 1.000000 
70491.625000 	 3636.336914 	 45319.031250 	 20.295980 	 -187.174377 	 -215.440765 	 1.000000 
70543.671875 	 3681.996338 	 45362.511719 	 27.900984 	 -201.478577 	 -225.803192 	 1.000000 
69184.898438 	 2401.980225 	 44273.773438 	 -18.012449 	 -68.662727 	 -255.418640 	 1.000000 
68929.351562 	 2619.259766 	 45338.578125 	 61.517090 	 -147.349060 	 -229.807556 	 1.000000 
68974.390625 	 2634.400635 	 45304.078125 	 81.137558 	 -214.415894 	 -385.911194 	 1.000000 
70671.757812 	 2506.613770 	 45517.714844 	 -16.529280 	 -124.972488 	 -332.822754 	 1.000000 
68376.539062 	 2723.608154 	 45391.968750 	 41.961308 	 -191.519928 	 -323.688202 	 1.000000 
68337.773438 	 2710.084961 	 45379.007812 	 47.699184 	 -221.503281 	 -315.631348 	 1.000000 
69645.109375 	 2509.652344 	 43568.097656 	 -191.895889 	 -94.359787 	 -102.555946 	 1.000000 
69005.414062 	 2888.759277 	 45348.890625 	 104.771133 	 -105.347572 	 -325.948059 	 1.000000 
69041.601562 	 2925.686279 	 45316.464844 	 109.249313 	 -208.241272 	 -233.881683 	 1.000000 
69030.804688 	 2891.000977 	 45352.859375 	 104.355896 	 -116.684731 	 -311.084991 	 1.000000 
69547.718750 	 2020.338989 	 43981.625000 	 -11.367873 	 -54.574505 	 -252.145462 	 1.000000 
68231.515625 	 2558.544434 	 44674.625000 	 32.940750 	 -229.782150 	 -216.406265 	 1.000000 
68201.578125 	 2544.911133 	 44658.753906 	 -4.385958 	 -201.720078 	 -168.412216 	 1.000000 
68773.468750 	 4092.858887 	 46381.515625 	 -9.061748 	 -213.007187 	 -331.140900 	 1.000000 
68781.773438 	 4109.997559 	 46387.277344 	 -4.403031 	 -215.077316 	 -338.369080 	 1.000000 
70348.585938 	 2809.617432 	 43674.859375 	 -100.261276 	 -33.822689 	 -80.453217 	 1.000000 
70377.062500 	 2832.617920 	 43677.789062 	 -74.725426 	 -103.316940 	 -116.837845 	 1.000000 
68568.945312 	 2878.442627 	 44836.722656 	 27.183186 	 -143.397324 	 -308.996918 	 1.000000 
70911.898438 	 1908.451416 	 44272.167969 	 64.880547 	 -13.449418 	 -202.449875 	 1.000000 
70002.218750 	 2544.795166 	 43646.351562 	 -171.048798 	 -111.393806 	 -55.722713 	 1.000000 
69998.640625 	 2572.889893 	 43616.636719 	 -170.824936 	 -98.031586 	 -44.694527 	 1.000000 
69681.328125 	 1115.003662 	 44734.269531 	 -48.030113 	 27.093290 	 -126.714798 	 1.000000 
68988.500000 	 2325.830322 	 46013.144531 	 -8.054900 	 -129.991638 	 -315.364563 	 1.000000 
69014.117188 	 2319.040039 	 46008.605469 	 4.669749 	 -114.051071 	 -307.025482 	 1.000000 
68995.351562 	 2334.199707 	 46040.367188 	 17.164816 	 -149.555283 	 -326.543762 	 1.000000 
69012.117188 	 2333.344727 	 46022.535156 	 9.808151 	 -132.308960 	 -273.680786 	 1.000000 
68862.273438 	 2624.115234 	 45625.195312 	 33.398117 	 -92.082893 	 -321.163544 	 1.000000 
69725.195312 	 2709.859619 	 45559.105469 	 -10.679752 	 -242.664139 	 -271.362000 	 1.000000 
69655.960938 	 2717.093750 	 45534.343750 	 -30.373617 	 -232.249924 	 -306.464905 	 1.000000 
69720.398438 	 2902.525146 	 45532.925781 	 -12.721518 	 -214.288147 	 -364.870148 	 1.000000 
69701.953125 	 2889.483643 	 45505.621094 	 -119.563309 	 -157.101593 	 -408.124847 	 1.000000 
68496.250000 	 2673.986328 	 45367.886719 	 38.147251 	 -181.878372 	 -316.954468 	 1.000000 
68465.960938 	 2659.816406 	 45363.093750 	 28.037277 	 -177.676193 	 -298.628845 	 1.000000 
70287.484375 	 2105.284424 	 43902.152344 	 19.561428 	 -45.018387 	 -232.409485 	 1.000000 
69380.742188 	 2641.638184 	 45122.867188 	 -10.152789 	 -209.768250 	 -265.632935 	 1.000000 
71340.375000 	 3476.088379 	 44680.367188 	 -28.240782 	 -231.973190 	 -271.188232 	 1.000000 
70329.179688 	 2864.521240 	 45533.039062 	 -85.149879 	 -99.998199 	 -335.104980 	 1.000000 
70753.562500 	 3130.943604 	 46577.808594 	 -36.519272 	 -198.268219 	 -344.038574 	 11.000000 
69286.812500 	 2642.568115 	 44372.062500 	 -25.386274 	 -132.921188 	 -235.683487 	 1.000000 
69735.781250 	 2772.393311 	 45347.472656 	 -95.815201 	 -164.431870 	 -398.200775 	 1.000000 
69733.281250 	 2784.830566 	 45332.367188 	 -8.800147 	 -117.790428 	 -315.978119 	 1.000000 
68842.476562 	 2945.482178 	 45295.539062 	 57.060780 	 -168.311127 	 -222.911987 	 1.000000 
68839.156250 	 2979.844238 	 45285.921875 	 32.148994 	 -162.632385 	 -191.309937 	 1.000000 
68881.367188 	 2917.537598 	 45312.496094 	 53.360764 	 -185.387009 	 -210.048065 	 1.000000 
68869.132812 	 2986.201904 	 45257.445312 	 48.043961 	 -197.476608 	 -207.165115 	 1.000000 
68701.945312 	 4030.292969 	 46367.449219 	 15.857059 	 -219.235275 	 -315.235962 	 1.000000 
68717.976562 	 3999.913086 	 46350.886719 	 -13.128636 	 -191.815567 	 -338.764404 	 1.000000 
70864.195312 	 3931.696045 	 45290.039062 	 62.493214 	 -197.515900 	 -258.265228 	 1.000000 
69163.898438 	 2482.831787 	 44260.847656 	 -23.103132 	 -92.422852 	 -253.738190 	 1.000000 
69178.054688 	 2517.843262 	 44274.003906 	 -19.404730 	 -102.207977 	 -263.844604 	 1.000000 
69996.070312 	 2443.729980 	 44074.875000 	 -117.988167 	 -66.049149 	 -84.712883 	 1.000000 
68882.156250 	 2810.217773 	 45445.578125 	 59.369461 	 -91.514496 	 -330.718506 	 1.000000 
70863.164062 	 2296.980713 	 45296.488281 	 5.331978 	 -151.419403 	 -322.200165 	 1.000000 
70344.359375 	 1715.675537 	 44273.343750 	 17.272644 	 -21.463760 	 -200.759140 	 1.000000 
70847.742188 	 3887.248047 	 45223.890625 	 30.527245 	 -155.698883 	 -313.800781 	 1.000000 
70853.367188 	 3900.739258 	 45218.476562 	 14.557236 	 -153.068832 	 -308.299774 	 1.000000 
69199.437500 	 4698.090820 	 46008.222656 	 -3.706085 	 -181.618896 	 -333.185333 	 1.000000 
69211.734375 	 4687.654297 	 46028.402344 	 -13.033545 	 -194.035538 	 -322.766571 	 1.000000 
71259.679688 	 2051.686768 	 44710.394531 	 30.993282 	 88.466072 	 -1.979486 	 1.000000 
71248.617188 	 2041.155273 	 44703.890625 	 35.592350 	 76.363075 	 2.600085 	 1.000000 
71219.835938 	 2313.214111 	 44914.738281 	 93.832359 	 -105.241173 	 -79.786873 	 1.000000 
69318.523438 	 1995.939819 	 43502.792969 	 -82.125282 	 9.255206 	 -204.981064 	 1.000000 
70342.046875 	 1388.286011 	 46352.207031 	 -12.341617 	 -140.481766 	 -302.965424 	 1.000000 
70630.117188 	 3638.817871 	 45324.593750 	 4.313821 	 -209.351257 	 -285.902069 	 1.000000 
70629.609375 	 3647.756348 	 45313.390625 	 17.127262 	 -209.803513 	 -267.362854 	 1.000000 
70538.601562 	 3165.748535 	 45338.062500 	 -66.346283 	 -200.665527 	 -272.562195 	 1.000000 
70555.062500 	 3174.587158 	 45354.281250 	 -50.852825 	 -189.890488 	 -277.332153 	 1.000000 
70525.375000 	 3171.420898 	 45328.574219 	 -68.322327 	 -186.429520 	 -259.504791 	 1.000000 
69061.609375 	 2804.340576 	 44858.523438 	 -5.623970 	 -250.727173 	 -196.025772 	 1.000000 
69546.367188 	 2675.761963 	 45465.023438 	 62.843742 	 -170.177917 	 -346.697296 	 1.000000 
69509.953125 	 2666.955322 	 45476.542969 	 -84.133293 	 -233.063004 	 -305.230804 	 1.000000 
69894.328125 	 2071.473389 	 43905.019531 	 -2.050911 	 -51.566158 	 -244.560837 	 1.000000 
69640.171875 	 3107.709473 	 43484.898438 	 -139.038803 	 -49.223301 	 -98.202492 	 1.000000 
69429.093750 	 2325.200684 	 43968.277344 	 -127.396011 	 77.197983 	 -82.922256 	 1.000000 
70714.726562 	 1850.060059 	 44718.042969 	 22.778376 	 33.965855 	 -139.317108 	 1.000000 
70638.171875 	 3603.786621 	 45154.937500 	 45.908535 	 -246.482239 	 -275.392822 	 1.000000 
68978.210938 	 2410.197510 	 46081.292969 	 3.353694 	 -107.322128 	 -293.759491 	 1.000000 
68980.945312 	 2375.419189 	 46081.988281 	 -1.800227 	 -114.672295 	 -301.598602 	 1.000000 
68975.968750 	 2842.079102 	 45592.253906 	 31.189613 	 -84.515778 	 -338.286652 	 1.000000 
71357.773438 	 2441.566650 	 44562.480469 	 38.036770 	 -216.134308 	 -347.297577 	 1.000000 
69588.101562 	 2557.401123 	 44120.390625 	 -25.584862 	 -125.847786 	 -243.546921 	 1.000000 
71000.687500 	 2412.711670 	 45380.347656 	 8.412836 	 -149.987778 	 -329.368652 	 1.000000 
69583.539062 	 1517.935669 	 44155.500000 	 -43.579685 	 -19.346043 	 -204.711151 	 1.000000 
69621.625000 	 2760.067871 	 45605.695312 	 46.438175 	 -226.118073 	 -353.015076 	 1.000000 
69166.710938 	 2621.325928 	 45275.609375 	 50.839672 	 -91.316216 	 -261.855377 	 1.000000 
69387.171875 	 2624.503174 	 45034.195312 	 10.325439 	 -243.533447 	 -309.269684 	 1.000000 
69191.703125 	 2733.205322 	 44904.574219 	 5.923190 	 -254.687408 	 -193.152802 	 1.000000 
69574.460938 	 1194.356201 	 44246.929688 	 -66.822968 	 30.134724 	 -143.607773 	 1.000000 
68964.187500 	 2309.860840 	 45942.863281 	 -10.529113 	 -116.244545 	 -333.384979 	 1.000000 
71354.218750 	 2816.239746 	 44767.765625 	 51.518200 	 -128.740250 	 -88.965317 	 1.000000 
69024.140625 	 2743.900879 	 45338.703125 	 -64.077728 	 -128.173416 	 -357.777527 	 1.000000 
69052.226562 	 2771.201660 	 45352.683594 	 -87.838303 	 -173.194824 	 -323.909515 	 1.000000 
68170.500000 	 2620.907959 	 44653.699219 	 -26.211979 	 -237.067551 	 -191.269653 	 1.000000 
70056.562500 	 3144.598389 	 45472.894531 	 -15.080988 	 -284.574829 	 -229.602768 	 1.000000 
69245.437500 	 3063.002930 	 45199.667969 	 126.581787 	 -187.837570 	 -291.452820 	 1.000000 
69217.781250 	 3102.168213 	 45189.363281 	 111.199135 	 -189.726349 	 -280.729645 	 1.000000 
71010.609375 	 3205.573486 	 43958.437500 	 11.826061 	 -45.145363 	 -110.337166 	 1.000000 
70561.953125 	 1530.548340 	 46603.441406 	 -44.414516 	 -162.506760 	 -324.862244 	 1.000000 
70927.656250 	 2299.067871 	 45173.328125 	 7.561206 	 -168.068680 	 -313.014587 	 1.000000 
69562.351562 	 2923.772461 	 45234.074219 	 -59.537437 	 -209.195496 	 -279.993927 	 1.000000 
70584.742188 	 2554.514893 	 45389.414062 	 -36.771782 	 -144.571625 	 -307.859985 	 1.000000 
67837.812500 	 2492.726318 	 44465.046875 	 4.011374 	 -167.809204 	 -267.732239 	 1.000000 
71088.523438 	 2241.969482 	 44986.492188 	 30.255611 	 -124.491951 	 -7.426821 	 1.000000 
70650.710938 	 3575.592529 	 45033.105469 	 27.408344 	 -228.776779 	 -273.018799 	 1.000000 
68320.742188 	 1611.015747 	 44545.863281 	 -45.341320 	 -76.161438 	 -262.799774 	 2.000000 
68905.195312 	 2053.352295 	 43653.289062 	 -127.068237 	 25.521032 	 -175.441071 	 1.000000 
69206.367188 	 2619.023193 	 44779.507812 	 -35.521156 	 -158.582611 	 -195.902191 	 1.000000 
70116.273438 	 1411.621582 	 44796.011719 	 -30.666918 	 17.513817 	 -137.655167 	 1.000000 
70464.656250 	 2288.072510 	 44501.503906 	 -45.119736 	 -97.179466 	 -54.602348 	 1.000000 
70463.390625 	 2281.815674 	 44512.324219 	 -47.350586 	 -108.571884 	 -61.454620 	 1.000000 
70581.523438 	 2832.308594 	 45146.832031 	 -60.894421 	 -184.280914 	 -299.376709 	 1.000000 
69219.218750 	 2344.636230 	 45932.976562 	 -14.273354 	 -177.453110 	 -379.914276 	 1.000000 
70503.296875 	 2990.592773 	 43822.398438 	 -122.452286 	 -115.389069 	 -40.775009 	 1.000000 
69255.726562 	 3121.010254 	 45232.957031 	 104.404289 	 -204.751877 	 -260.789062 	 1.000000 
69518.734375 	 2546.615967 	 43482.824219 	 -167.827484 	 -109.375938 	 -141.887939 	 1.000000 
69833.937500 	 2782.634766 	 45422.078125 	 -88.533897 	 -108.104324 	 -389.063995 	 1.000000 
71000.078125 	 1952.030762 	 45529.878906 	 14.168978 	 -137.222168 	 -335.307373 	 1.000000 
71002.906250 	 1926.214722 	 45516.082031 	 10.363758 	 -125.551575 	 -330.071167 	 1.000000 
71133.148438 	 4265.390625 	 45047.203125 	 3.081639 	 -231.649170 	 -321.895020 	 1.000000 
71145.406250 	 4265.265137 	 45045.226562 	 -41.130936 	 -236.519821 	 -258.603577 	 1.000000 
71412.046875 	 3334.408691 	 44595.578125 	 -20.821924 	 -240.708725 	 -263.750305 	 1.000000 
70207.320312 	 2943.959961 	 45380.406250 	 -126.716713 	 -195.171631 	 -430.343933 	 1.000000 
68889.617188 	 2653.489258 	 45766.796875 	 1.198683 	 -87.608620 	 -315.981537 	 1.000000 
71406.304688 	 2477.492188 	 44692.929688 	 92.433273 	 -190.960648 	 -297.996338 	 1.000000 
71385.796875 	 2468.875488 	 44679.296875 	 99.557358 	 -183.552094 	 -291.472961 	 1.000000 
70422.296875 	 3052.749756 	 45998.238281 	 -64.378654 	 -222.937653 	 -368.383759 	 1.000000 
70859.437500 	 3349.331787 	 44861.175781 	 -32.372017 	 -203.598068 	 -277.113800 	 1.000000 
70976.796875 	 2805.343018 	 44873.949219 	 -25.584641 	 -121.899849 	 1.646496 	 1.000000 
68130.796875 	 2879.308838 	 46222.457031 	 -12.558558 	 -208.926743 	 -354.788757 	 1.000000 
68111.367188 	 2881.284668 	 46227.082031 	 -1.453414 	 -205.791733 	 -346.325012 	 1.000000 
68108.929688 	 2889.175781 	 46238.277344 	 -8.230358 	 -210.285889 	 -365.200684 	 1.000000 
69059.453125 	 2628.236816 	 45258.933594 	 -99.180847 	 -181.870148 	 -313.328918 	 1.000000 
69158.937500 	 2004.444702 	 43633.402344 	 -113.758232 	 42.927505 	 -173.800430 	 1.000000 
69420.492188 	 1568.737671 	 43908.664062 	 -51.581985 	 -7.331831 	 -205.078964 	 1.000000 
70558.687500 	 3885.747314 	 45092.253906 	 26.692026 	 -210.210815 	 -223.120544 	 1.000000 
70545.437500 	 3884.618408 	 45079.191406 	 33.001362 	 -205.168671 	 -213.698898 	 1.000000 
69300.273438 	 2832.779053 	 45099.843750 	 -69.128571 	 -183.339157 	 -128.981445 	 1.000000 
69289.523438 	 2811.562012 	 45084.371094 	 -49.607410 	 -136.172684 	 -469.383148 	 1.000000 
70849.945312 	 3959.576660 	 44300.746094 	 -20.187847 	 -195.836395 	 -215.631866 	 5.000000 
71401.421875 	 2755.261475 	 44403.492188 	 28.747704 	 -262.810242 	 -283.293640 	 1.000000 
68972.492188 	 3009.163330 	 45047.023438 	 79.916885 	 -140.066208 	 -237.853195 	 1.000000 
69248.367188 	 2271.478760 	 46132.664062 	 -36.358486 	 -117.645294 	 -312.896851 	 1.000000 
69714.906250 	 3017.538330 	 45535.882812 	 -58.372677 	 -211.401230 	 -326.951050 	 1.000000 
69221.992188 	 2633.923340 	 45298.277344 	 14.429947 	 -224.242355 	 -193.815460 	 1.000000 
70659.289062 	 3834.686279 	 45267.503906 	 -39.161533 	 -155.205795 	 -301.820953 	 1.000000 
69432.718750 	 3327.539795 	 45536.089844 	 16.398806 	 -282.493439 	 -328.973633 	 1.000000 
71008.140625 	 3668.119629 	 46509.976562 	 -32.918678 	 -203.832565 	 -337.206726 	 0.000000 
71011.281250 	 4315.180664 	 45999.398438 	 -35.352341 	 -183.453400 	 -341.437866 	 0.000000 
69230.921875 	 2566.766602 	 44513.015625 	 -38.554134 	 -135.858765 	 -238.337936 	 1.000000 
71103.140625 	 3648.956787 	 44309.062500 	 -19.035608 	 -213.455124 	 -195.824158 	 5.000000 
71160.343750 	 2356.770752 	 44264.660156 	 -41.748737 	 -123.935692 	 20.195246 	 1.000000 
69189.945312 	 2419.129883 	 43845.949219 	 -134.708878 	 67.556221 	 -93.708809 	 1.000000 
69171.132812 	 2393.670654 	 43854.453125 	 -130.474884 	 73.592827 	 -101.740372 	 1.000000 
69103.843750 	 1948.565674 	 43886.875000 	 -152.778320 	 82.491623 	 -79.150177 	 1.000000 
70473.343750 	 1910.043701 	 43771.484375 	 -30.415508 	 -143.138321 	 -142.790100 	 1.000000 
70434.796875 	 1420.083130 	 46680.222656 	 -29.745275 	 -160.487274 	 -310.772583 	 1.000000 
70850.835938 	 2528.562500 	 44742.191406 	 23.608404 	 -47.788071 	 -62.634560 	 1.000000 
70825.578125 	 3828.073975 	 45249.238281 	 16.117525 	 -166.973099 	 -302.583252 	 1.000000 
70875.929688 	 2000.968628 	 44226.664062 	 68.642807 	 -21.011782 	 -190.971649 	 1.000000 
70681.226562 	 2280.480469 	 44677.367188 	 -3.879543 	 -37.221611 	 -52.575932 	 1.000000 
70877.093750 	 2700.824951 	 44916.320312 	 -18.174650 	 -197.907059 	 -309.409180 	 1.000000 
71050.625000 	 3009.167480 	 44985.507812 	 -2.784041 	 -205.466614 	 -291.772644 	 1.000000 
68784.382812 	 1682.635742 	 46223.148438 	 -20.195837 	 -189.733063 	 -314.870728 	 1.000000 
70537.171875 	 3090.828613 	 46108.039062 	 -58.083771 	 -217.197250 	 -363.192749 	 1.000000 
71216.921875 	 2216.660156 	 45200.855469 	 76.800179 	 -129.971344 	 -334.563843 	 1.000000 
70766.289062 	 3073.193848 	 46524.984375 	 -45.805759 	 -189.410965 	 -344.072235 	 11.000000 
69349.531250 	 3016.250488 	 45502.535156 	 68.196846 	 -216.771576 	 -259.462555 	 1.000000 
68251.085938 	 2636.919434 	 45068.839844 	 32.506187 	 -235.461197 	 -318.964020 	 1.000000 
71079.585938 	 3077.225586 	 44876.941406 	 -6.018535 	 -219.860764 	 -282.258484 	 1.000000 
70653.070312 	 2992.166992 	 46769.160156 	 -7.926874 	 -210.257568 	 -349.139435 	 11.000000 
68405.414062 	 3621.994141 	 46276.078125 	 -1.778491 	 -217.419647 	 -329.158844 	 1.000000 
69801.921875 	 1761.922974 	 44048.757812 	 -55.300827 	 30.361250 	 -160.128708 	 1.000000 
70956.679688 	 1836.821411 	 45627.792969 	 4.239956 	 -131.351913 	 -331.347900 	 1.000000 
69952.750000 	 2133.961182 	 43843.019531 	 -5.012902 	 -45.109272 	 -241.967682 	 1.000000 
71275.859375 	 2651.598633 	 44520.187500 	 36.605892 	 -224.307785 	 -316.124878 	 1.000000 
70793.562500 	 2392.640869 	 45541.890625 	 -12.046046 	 -118.599525 	 -335.528351 	 1.000000 
69525.890625 	 1707.769409 	 44023.312500 	 -59.214832 	 5.193152 	 -195.103531 	 1.000000 
68814.601562 	 2815.562988 	 45553.957031 	 33.334072 	 -105.002754 	 -334.436554 	 1.000000 
71367.851562 	 2638.761719 	 44455.687500 	 45.186440 	 -239.699234 	 -303.929138 	 1.000000 
70676.921875 	 1620.645508 	 46415.664062 	 -33.140366 	 -157.118607 	 -335.797638 	 1.000000 
71151.226562 	 3627.306641 	 44753.140625 	 -41.826588 	 -216.897385 	 -272.558533 	 1.000000 
70176.007812 	 3140.228516 	 45179.160156 	 -27.431992 	 -256.290802 	 -266.986053 	 1.000000 
70742.007812 	 2893.798340 	 44586.683594 	 -17.829924 	 42.364307 	 -46.262539 	 1.000000 
69153.023438 	 2903.569336 	 45132.621094 	 78.835938 	 -158.258469 	 -290.477020 	 1.000000 
69494.835938 	 1382.134766 	 44396.804688 	 -46.052402 	 -0.573060 	 -198.592773 	 1.000000 
70849.953125 	 4207.214844 	 45112.894531 	 -62.586388 	 -185.026810 	 -268.462799 	 1.000000 
69286.523438 	 2505.006104 	 44260.226562 	 -10.368365 	 -141.957870 	 -223.688980 	 1.000000 
68775.804688 	 2258.081299 	 46096.339844 	 12.309180 	 -121.902168 	 -292.946472 	 1.000000 
68884.460938 	 3152.902832 	 45160.734375 	 39.927113 	 -112.964767 	 -231.252899 	 1.000000 
69922.406250 	 3735.162354 	 44959.996094 	 17.717937 	 -240.121933 	 -259.221039 	 1.000000 
69027.609375 	 2316.427979 	 43863.593750 	 -141.202698 	 66.975746 	 -96.961334 	 1.000000 
68067.867188 	 2887.991455 	 44262.390625 	 -22.312475 	 -173.964966 	 -240.264587 	 1.000000 
69712.937500 	 3046.416992 	 45684.484375 	 -2.323832 	 -217.059479 	 -346.924530 	 1.000000 
70921.218750 	 3110.224609 	 44394.273438 	 7.041017 	 -227.187988 	 -215.740814 	 1.000000 
70959.140625 	 4037.751221 	 45229.718750 	 -12.504428 	 -162.665283 	 -350.447845 	 1.000000 
69725.289062 	 2886.383789 	 45280.003906 	 -66.628136 	 -179.667038 	 -294.374023 	 1.000000 
69825.187500 	 2007.440918 	 43904.042969 	 -0.662969 	 -57.821705 	 -252.986847 	 1.000000 
69087.476562 	 2682.454834 	 45075.628906 	 26.896032 	 -241.812012 	 -178.857498 	 1.000000 
71438.257812 	 2450.268555 	 44534.304688 	 23.092274 	 51.316322 	 58.050243 	 1.000000 
71186.132812 	 2894.073730 	 44229.546875 	 26.801390 	 -69.022270 	 -60.407974 	 1.000000 
69819.531250 	 2662.039551 	 43720.640625 	 -91.381042 	 -89.268379 	 -166.632477 	 1.000000 
69221.867188 	 2999.024902 	 45364.785156 	 18.937708 	 -189.525848 	 -461.777100 	 1.000000 
69781.679688 	 2749.315674 	 45275.082031 	 -70.505516 	 -203.108444 	 -364.512543 	 1.000000 
68991.351562 	 4458.165039 	 46279.746094 	 13.373333 	 -211.002441 	 -316.514374 	 1.000000 
69854.632812 	 2896.314209 	 43289.949219 	 -156.062653 	 -82.598289 	 -137.629227 	 1.000000 
69828.320312 	 2992.532715 	 43481.000000 	 -57.817154 	 10.200318 	 -215.351746 	 1.000000 
71040.226562 	 3307.645508 	 45221.964844 	 -18.534178 	 -209.213684 	 -258.295959 	 1.000000 
69442.359375 	 2930.794678 	 45501.972656 	 53.363411 	 -98.416679 	 -351.908966 	 1.000000 
70781.828125 	 1333.008179 	 44761.285156 	 49.560387 	 -28.566139 	 -205.520798 	 1.000000 
70784.070312 	 1344.714233 	 44747.972656 	 50.061962 	 -35.554798 	 -197.750488 	 1.000000 
71523.570312 	 3205.360107 	 44588.367188 	 -3.893929 	 -254.554825 	 -264.325592 	 1.000000 
68801.593750 	 2165.388916 	 44259.957031 	 -26.755718 	 -68.461807 	 -264.732666 	 1.000000 
69030.132812 	 2976.679688 	 44855.093750 	 -9.877555 	 -259.762939 	 -210.268982 	 1.000000 
69542.968750 	 2672.426514 	 45141.636719 	 30.483768 	 -217.554886 	 -283.321106 	 1.000000 
68855.820312 	 3843.053711 	 46219.921875 	 -7.794137 	 -213.144241 	 -324.739716 	 1.000000 
70876.007812 	 3193.966064 	 43913.296875 	 10.268095 	 -43.102306 	 -131.467422 	 1.000000 
69488.726562 	 1635.130615 	 44101.839844 	 -50.904716 	 5.533232 	 -192.895508 	 1.000000 
70436.625000 	 2881.135742 	 45272.972656 	 -35.724968 	 -177.440826 	 -223.644257 	 1.000000 
69782.320312 	 2661.534668 	 45519.136719 	 -9.945987 	 -219.367676 	 -287.889587 	 1.000000 
69547.414062 	 2793.377197 	 45536.027344 	 70.016304 	 -170.814392 	 -301.625885 	 1.000000 
69564.570312 	 1286.977661 	 44501.957031 	 -34.460804 	 0.349822 	 -191.575851 	 1.000000 
70448.828125 	 3246.498291 	 45948.714844 	 -61.257050 	 -226.853531 	 -362.799896 	 1.000000 
68331.062500 	 2463.922607 	 44724.863281 	 29.630714 	 -184.309341 	 -308.437347 	 1.000000 
68149.804688 	 2789.809082 	 46685.601562 	 -15.238894 	 -209.220001 	 -333.128021 	 0.000000 
69846.789062 	 2164.534912 	 44212.082031 	 -53.773800 	 34.901516 	 -158.404984 	 1.000000 
70810.710938 	 2226.495117 	 44427.832031 	 -33.954231 	 75.897766 	 -1.091887 	 1.000000 
70792.992188 	 2213.304443 	 44404.566406 	 -27.754211 	 81.773293 	 -4.596121 	 1.000000 
71501.054688 	 2881.143555 	 44600.105469 	 -2.498142 	 -287.041260 	 -277.377747 	 1.000000 
71510.695312 	 2891.446289 	 44590.929688 	 -6.987785 	 -289.336914 	 -281.874512 	 1.000000 
68058.203125 	 2873.596680 	 46016.531250 	 12.747356 	 -210.500336 	 -356.739227 	 1.000000 
70269.031250 	 1311.574341 	 44663.066406 	 20.496664 	 -62.742458 	 -228.688950 	 1.000000 
68218.492188 	 3721.660400 	 46345.816406 	 -2.291501 	 -224.204803 	 -318.229797 	 1.000000 
69629.867188 	 1235.943359 	 44550.746094 	 -25.309141 	 -34.137943 	 -212.792282 	 1.000000 
70309.578125 	 1701.625610 	 44356.535156 	 -13.543193 	 30.709532 	 -145.842148 	 1.000000 
70481.617188 	 1451.765869 	 46667.125000 	 -35.014545 	 -153.848679 	 -306.011871 	 1.000000 
69367.531250 	 1952.609985 	 43538.761719 	 -89.534782 	 20.823977 	 -195.497986 	 1.000000 
69752.742188 	 3005.959229 	 45290.929688 	 -31.357473 	 -266.178802 	 -176.809952 	 1.000000 
69184.765625 	 4101.008789 	 45782.105469 	 22.280273 	 -220.642273 	 -312.992340 	 1.000000 
70900.242188 	 3507.940186 	 45321.972656 	 -36.950394 	 -196.467133 	 -260.536224 	 1.000000 
68735.414062 	 2710.100830 	 44413.175781 	 -43.085861 	 -191.000580 	 -216.530624 	 1.000000 
70009.820312 	 3164.679688 	 43390.441406 	 -90.156342 	 -16.857143 	 -180.871490 	 1.000000 
68725.921875 	 1946.242920 	 46450.535156 	 2.362169 	 -143.381073 	 -266.761932 	 1.000000 
70805.078125 	 3905.240967 	 45861.687500 	 -43.323242 	 -200.830856 	 -345.809265 	 0.000000 
68948.945312 	 4463.444824 	 46288.117188 	 -0.423822 	 -204.985718 	 -334.008270 	 1.000000 
70112.343750 	 3169.754883 	 43475.050781 	 -81.094589 	 -19.310562 	 -172.967926 	 1.000000 
68842.851562 	 2583.759521 	 45670.917969 	 21.082794 	 -76.738892 	 -324.325043 	 1.000000 
68476.460938 	 2583.859131 	 45123.378906 	 40.890026 	 -237.716827 	 -311.438843 	 1.000000 
68732.585938 	 3683.295898 	 46487.453125 	 -10.750530 	 -210.223282 	 -338.673889 	 1.000000 
69603.742188 	 1585.330566 	 44115.050781 	 -50.406689 	 -23.070391 	 -197.740311 	 1.000000 
68030.296875 	 2568.374512 	 44338.906250 	 -43.480145 	 -89.853752 	 -253.149490 	 1.000000 
67804.320312 	 2872.501953 	 46212.250000 	 5.049746 	 -197.959229 	 -330.154144 	 1.000000 
69256.460938 	 4231.645996 	 45793.585938 	 22.235924 	 -215.759003 	 -311.174957 	 1.000000 
69900.132812 	 2133.520996 	 43893.656250 	 -0.390008 	 -74.527351 	 -257.178864 	 1.000000 
68824.960938 	 3220.029297 	 43726.003906 	 -41.077843 	 -204.059677 	 -267.981995 	 1.000000 
70107.656250 	 3211.621826 	 44263.089844 	 -116.464691 	 -68.776680 	 -47.046112 	 1.000000 
69429.000000 	 2947.514893 	 45519.363281 	 67.142303 	 -240.625900 	 -285.441315 	 1.000000 
69168.968750 	 2650.103271 	 45083.363281 	 70.455376 	 -196.034088 	 -295.819672 	 1.000000 
69271.062500 	 2585.668213 	 45214.121094 	 13.696764 	 -199.855270 	 -233.827118 	 1.000000 
68609.453125 	 2103.923340 	 44302.636719 	 -30.903206 	 -76.233833 	 -266.191040 	 1.000000 
67941.640625 	 2488.743164 	 45058.125000 	 -11.044065 	 -124.534821 	 -287.864136 	 1.000000 
70639.281250 	 4512.647949 	 44718.046875 	 10.560724 	 -185.950516 	 -232.391266 	 0.000000 
68934.867188 	 2493.048828 	 45946.507812 	 8.557901 	 -120.470657 	 -310.362183 	 1.000000 
69582.507812 	 2897.119141 	 45377.386719 	 -68.131233 	 -263.527771 	 -184.643723 	 1.000000 
69610.789062 	 2883.855713 	 45394.269531 	 -60.703632 	 -257.056183 	 -177.331818 	 1.000000 
70226.882812 	 1259.743408 	 46397.804688 	 -7.819181 	 -151.505310 	 -284.676483 	 1.000000 
68480.750000 	 2696.557373 	 44639.656250 	 11.732288 	 -188.605881 	 -215.400284 	 1.000000 
68336.796875 	 3893.342041 	 46408.355469 	 3.553538 	 -224.999222 	 -314.994049 	 1.000000 
70019.734375 	 3129.507812 	 45286.144531 	 -40.615059 	 -222.091003 	 -290.473724 	 1.000000 
69780.304688 	 2800.745117 	 45247.550781 	 -67.018196 	 -176.942139 	 -339.946350 	 1.000000 
69505.117188 	 1403.635864 	 44228.238281 	 -44.127636 	 -30.295769 	 -218.291473 	 1.000000 
69709.921875 	 3031.206543 	 45273.453125 	 -48.110840 	 -207.095032 	 -326.200806 	 1.000000 
71091.828125 	 3035.517822 	 44014.320312 	 -14.426795 	 -72.657173 	 -48.542507 	 1.000000 
69072.898438 	 3021.343994 	 45243.320312 	 105.796867 	 -177.954132 	 -213.097870 	 1.000000 
69169.296875 	 3120.987061 	 44600.523438 	 -8.377089 	 -247.196091 	 -231.594894 	 1.000000 
69744.820312 	 2488.983398 	 43566.816406 	 -206.458389 	 -95.435318 	 -88.817276 	 1.000000 
70572.796875 	 3610.985107 	 45283.441406 	 3.518916 	 -192.178284 	 -259.538483 	 1.000000 
68985.046875 	 2436.403564 	 45947.371094 	 -15.842677 	 -141.951157 	 -343.531921 	 1.000000 
68070.429688 	 2606.972412 	 44087.812500 	 -33.934620 	 -201.445938 	 -242.749664 	 1.000000 
69177.500000 	 2028.788940 	 43899.632812 	 -150.230865 	 78.222816 	 -79.261536 	 1.000000 
69372.367188 	 2929.461914 	 45538.453125 	 67.405930 	 -235.954193 	 -294.203369 	 1.000000 
70486.289062 	 3190.670654 	 45387.488281 	 -63.979038 	 -189.333527 	 -278.395477 	 1.000000 
68865.867188 	 3927.288574 	 46263.406250 	 -3.801139 	 -210.582947 	 -325.946136 	 1.000000 
69843.507812 	 1020.714294 	 44856.683594 	 3.410887 	 -41.963734 	 -202.391357 	 1.000000 
69066.718750 	 2477.514648 	 44334.558594 	 -4.822279 	 -83.824959 	 -254.660187 	 1.000000 
69502.664062 	 1738.409302 	 43977.113281 	 -61.994255 	 -0.012111 	 -192.104813 	 1.000000 
70238.656250 	 3035.725098 	 44410.410156 	 -97.019798 	 -87.457939 	 -47.378265 	 1.000000 
70113.546875 	 2995.980225 	 45301.113281 	 12.050071 	 -151.605515 	 -346.101196 	 1.000000 
71584.179688 	 2652.849609 	 44730.019531 	 -11.655589 	 -181.109634 	 42.455696 	 1.000000 
70165.304688 	 2858.802734 	 45547.339844 	 -112.587708 	 -172.223373 	 -451.297638 	 1.000000 
69568.218750 	 2870.147217 	 45422.843750 	 -82.967529 	 -252.272369 	 -198.643753 	 1.000000 
69190.921875 	 2693.312500 	 44733.886719 	 -43.227013 	 -137.706512 	 -203.723694 	 1.000000 
68892.250000 	 1371.825439 	 44228.109375 	 -114.170753 	 52.458923 	 -146.302933 	 0.000000 
70243.164062 	 2853.982422 	 45479.800781 	 -34.016933 	 -222.698273 	 -426.877258 	 1.000000 
70126.695312 	 2981.670654 	 45321.480469 	 -52.545990 	 -288.630798 	 -235.111511 	 1.000000 
69632.000000 	 1172.530396 	 44307.773438 	 -63.148155 	 33.809322 	 -145.346085 	 1.000000 
68129.437500 	 2860.461914 	 45886.648438 	 31.838215 	 -208.952682 	 -360.632629 	 1.000000 
68909.843750 	 2039.986572 	 46192.351562 	 -16.438803 	 -153.297775 	 -311.105469 	 1.000000 
70600.179688 	 4234.854492 	 44197.207031 	 -20.788544 	 -184.239182 	 -223.958588 	 0.000000 
69654.773438 	 2931.395264 	 45577.230469 	 -60.378269 	 -180.239685 	 -313.146332 	 1.000000 
68453.648438 	 2576.129883 	 45068.546875 	 39.341705 	 -178.757523 	 -321.893494 	 1.000000 
69618.937500 	 1353.511230 	 44136.945312 	 -44.246979 	 -22.866976 	 -198.989105 	 1.000000 
69017.648438 	 2643.286865 	 45122.390625 	 -18.230434 	 -180.794647 	 -293.167114 	 1.000000 
70388.054688 	 3221.770752 	 45118.398438 	 -20.853590 	 -250.086304 	 -292.597198 	 1.000000 
68686.390625 	 2028.503784 	 46405.164062 	 -33.299435 	 -162.805756 	 -297.082428 	 1.000000 
71250.726562 	 3386.310791 	 44692.746094 	 -31.512327 	 -225.677368 	 -274.176178 	 1.000000 
70799.765625 	 3828.540771 	 45370.191406 	 14.710135 	 -178.575211 	 -291.907745 	 1.000000 
68735.718750 	 3234.116455 	 46250.050781 	 -6.923564 	 -220.259171 	 -350.588684 	 0.000000 
70541.304688 	 3438.779785 	 45639.000000 	 -59.391247 	 -224.718964 	 -357.945953 	 1.000000 
70828.468750 	 3444.378174 	 45096.550781 	 -33.349987 	 -189.143723 	 -278.932800 	 1.000000 
71508.351562 	 2523.055176 	 45144.808594 	 25.613405 	 -192.898392 	 11.202628 	 1.000000 
69229.257812 	 2400.332520 	 45610.894531 	 5.810149 	 -107.707436 	 -365.469635 	 1.000000 
71325.984375 	 2600.980957 	 45942.843750 	 -39.322235 	 -199.276672 	 -356.774963 	 0.000000 
69824.859375 	 3086.524658 	 45476.863281 	 -44.401039 	 -127.802490 	 -382.773468 	 1.000000 
68062.179688 	 2614.886963 	 44365.539062 	 -28.850248 	 -198.972717 	 -216.386063 	 1.000000 
68642.875000 	 3879.562744 	 46344.300781 	 2.976162 	 -213.921844 	 -319.689636 	 1.000000 
69842.507812 	 2296.942383 	 45951.820312 	 -21.486673 	 -106.291542 	 -313.078766 	 0.000000 
69088.179688 	 3027.329590 	 45030.949219 	 78.652016 	 -165.357376 	 -222.411484 	 1.000000 
68790.132812 	 3121.668701 	 45010.246094 	 50.807858 	 -148.479691 	 -274.733765 	 1.000000 
70075.164062 	 4652.462402 	 45927.105469 	 -3.126550 	 -194.801865 	 -336.276459 	 10.000000 
68847.812500 	 1768.497925 	 43985.289062 	 -119.363945 	 37.657024 	 -182.858353 	 1.000000 
69140.882812 	 2647.817139 	 45110.011719 	 68.706329 	 -235.470505 	 -318.347321 	 1.000000 
68810.671875 	 1979.561035 	 46493.375000 	 -35.952049 	 -164.425873 	 -295.366943 	 1.000000 
71084.593750 	 1662.878662 	 45942.171875 	 -18.780106 	 -144.873108 	 -340.837280 	 1.000000 
70163.109375 	 2583.764160 	 43704.351562 	 -165.493225 	 -95.092209 	 -44.726208 	 1.000000 
70221.757812 	 2422.097656 	 44326.460938 	 -84.981247 	 -80.853470 	 -63.966827 	 1.000000 
70065.687500 	 2129.701660 	 43555.785156 	 -13.147703 	 -11.434727 	 -215.248230 	 1.000000 
69000.148438 	 2905.337646 	 44626.382812 	 -9.374043 	 -96.417023 	 -238.728317 	 1.000000 
69431.562500 	 3016.343262 	 45292.984375 	 93.354584 	 -254.135666 	 -296.460968 	 1.000000 
69120.632812 	 4651.983887 	 46203.074219 	 4.054183 	 -196.790222 	 -335.408386 	 1.000000 
68951.570312 	 3539.987061 	 45925.535156 	 3.517602 	 -233.516190 	 -341.055695 	 1.000000 
69745.992188 	 1070.768921 	 44462.125000 	 -47.167179 	 35.826252 	 -131.519196 	 1.000000 
69384.093750 	 2052.104004 	 43728.027344 	 -100.442726 	 44.313652 	 -167.469421 	 1.000000 
69088.804688 	 2954.788330 	 45166.894531 	 76.524178 	 -172.300415 	 -222.332916 	 1.000000 
69296.445312 	 2703.252441 	 44456.582031 	 -39.056412 	 -133.704803 	 -235.080078 	 1.000000 
68457.570312 	 2784.234863 	 44814.164062 	 9.018316 	 -115.548615 	 -319.933563 	 1.000000 
68440.507812 	 2747.969238 	 44277.820312 	 -41.110947 	 -222.621536 	 -230.442596 	 1.000000 
69193.937500 	 2622.245850 	 43349.417969 	 -99.030945 	 47.532330 	 -81.341560 	 1.000000 
68986.093750 	 2119.382324 	 43662.910156 	 -126.221252 	 27.611090 	 -166.903534 	 1.000000 
68835.843750 	 2757.857666 	 43612.722656 	 -127.464508 	 55.235714 	 -145.626968 	 1.000000 
69317.687500 	 2451.208496 	 43768.953125 	 -16.949644 	 -136.512024 	 -256.359802 	 1.000000 
71134.367188 	 1738.114380 	 45561.792969 	 23.749508 	 -126.185150 	 -334.605011 	 1.000000 
70196.031250 	 2601.510986 	 46566.511719 	 -11.854323 	 -176.514420 	 -350.753174 	 8.000000 
69812.492188 	 2651.111084 	 45679.335938 	 -27.644495 	 -83.239098 	 -375.378082 	 1.000000 
69222.210938 	 2373.700195 	 43811.839844 	 -94.549164 	 26.981867 	 -182.839935 	 1.000000 
71447.898438 	 2563.373291 	 44474.917969 	 50.414131 	 -261.733978 	 -291.985992 	 1.000000 
71548.109375 	 3298.651123 	 44802.484375 	 -24.914894 	 -250.155380 	 -280.924347 	 1.000000 
69200.226562 	 2658.365234 	 44336.800781 	 -31.479626 	 -150.107040 	 -246.800873 	 1.000000 
70202.945312 	 3173.230225 	 45178.671875 	 -27.617048 	 -270.003876 	 -268.234985 	 1.000000 
70101.125000 	 3142.661621 	 43437.964844 	 -67.704247 	 0.308198 	 -193.195786 	 1.000000 
70986.210938 	 2234.521240 	 43984.839844 	 49.958282 	 -138.103210 	 -131.178986 	 1.000000 
69061.242188 	 2053.312256 	 46238.929688 	 -29.733067 	 -113.546501 	 -269.201385 	 1.000000 
69129.335938 	 1480.751831 	 46677.281250 	 -37.831150 	 -143.385422 	 -246.002563 	 1.000000 
68764.835938 	 3068.046143 	 45076.402344 	 57.567287 	 -157.083893 	 -257.950195 	 1.000000 
68424.632812 	 3690.071045 	 46285.570312 	 -3.177807 	 -222.552307 	 -329.644775 	 1.000000 
69119.406250 	 2254.198975 	 45965.656250 	 12.327476 	 -126.534470 	 -303.946594 	 1.000000 
69490.007812 	 2589.623535 	 43324.582031 	 -93.786903 	 -33.229019 	 -93.819870 	 1.000000 
70672.445312 	 3669.760986 	 45200.500000 	 13.628574 	 -211.979691 	 -287.490143 	 1.000000 
69015.585938 	 2711.708008 	 45260.839844 	 18.950405 	 -181.995773 	 -241.236374 	 1.000000 
68140.921875 	 2632.651611 	 44421.417969 	 -25.037462 	 -208.122772 	 -207.536072 	 1.000000 
68498.703125 	 2918.411133 	 44870.816406 	 26.566734 	 -269.205750 	 -290.253540 	 1.000000 
69219.085938 	 4706.312500 	 46175.542969 	 15.043993 	 -197.483871 	 -332.721313 	 1.000000 
70559.554688 	 2176.917480 	 46824.765625 	 -35.339367 	 -177.024567 	 -334.252716 	 0.000000 
69090.000000 	 2005.632202 	 46255.632812 	 -32.379589 	 -112.051826 	 -268.454773 	 1.000000 
69599.835938 	 2092.507568 	 43998.363281 	 -12.162504 	 -80.453857 	 -259.490662 	 1.000000 
69041.148438 	 2904.574951 	 44905.101562 	 -1.158429 	 -134.369949 	 -223.631470 	 1.000000 
68772.695312 	 3292.601562 	 43824.816406 	 -27.939865 	 -218.468460 	 -274.064880 	 1.000000 
68749.125000 	 4202.790527 	 46468.316406 	 -6.551903 	 -221.027695 	 -339.220001 	 1.000000 
69155.375000 	 2277.453125 	 45692.796875 	 7.592389 	 -126.399109 	 -350.913666 	 1.000000 
68965.734375 	 2204.749756 	 43694.000000 	 -109.101128 	 15.063349 	 -184.317093 	 1.000000 
71302.656250 	 2342.883057 	 45207.382812 	 70.560806 	 -95.522423 	 -27.404224 	 1.000000 
68549.515625 	 2861.800537 	 44162.777344 	 -37.840088 	 -216.376648 	 -241.538879 	 1.000000 
70032.765625 	 3110.376709 	 45414.144531 	 -21.444262 	 -277.861206 	 -192.259964 	 1.000000 
67872.351562 	 2744.739746 	 44699.500000 	 7.104469 	 -248.291840 	 -304.447144 	 1.000000 
70276.390625 	 2342.887451 	 47048.093750 	 -33.629944 	 -179.669434 	 -330.190948 	 8.000000 
70920.585938 	 3067.147217 	 46771.566406 	 -35.680580 	 -213.807449 	 -329.384583 	 11.000000 
71477.531250 	 2723.183838 	 45078.667969 	 1.326354 	 -165.676254 	 21.289999 	 1.000000 
70275.593750 	 2187.960449 	 43593.996094 	 -16.276751 	 -163.991501 	 -232.533081 	 1.000000 
68571.804688 	 2801.495605 	 46097.875000 	 -11.336058 	 -208.934387 	 -366.225159 	 1.000000 
71051.554688 	 2187.639648 	 44928.578125 	 60.110096 	 -90.466255 	 -57.381031 	 1.000000 
70405.578125 	 2539.009277 	 43479.085938 	 -109.044228 	 -200.586945 	 -126.374153 	 1.000000 
70983.968750 	 4141.762695 	 45129.066406 	 -37.199772 	 -198.307739 	 -249.018799 	 1.000000 
70906.093750 	 2120.839844 	 43925.906250 	 54.056259 	 -116.597382 	 -162.061157 	 1.000000 
67779.304688 	 2412.155518 	 45182.378906 	 1.928273 	 -223.165985 	 -320.805939 	 1.000000 
68957.421875 	 2145.050537 	 46000.796875 	 -34.787846 	 -155.725174 	 -356.098877 	 1.000000 
70609.781250 	 3030.909668 	 46924.101562 	 -6.121746 	 -207.118042 	 -345.739319 	 11.000000 
68124.328125 	 2617.696777 	 44638.074219 	 5.046187 	 -240.762726 	 -224.324585 	 1.000000 
69084.875000 	 2712.840332 	 44964.878906 	 5.764214 	 -257.215057 	 -193.518234 	 1.000000 
69999.648438 	 3981.064941 	 44613.234375 	 5.706639 	 -214.562454 	 -251.516159 	 1.000000 
70307.398438 	 3786.041504 	 44965.031250 	 11.060546 	 -211.196686 	 -228.252151 	 1.000000 
69346.882812 	 4283.645020 	 45772.742188 	 12.389934 	 -213.641266 	 -308.480438 	 1.000000 
68618.250000 	 3838.943604 	 46307.464844 	 6.602390 	 -213.089951 	 -323.956818 	 1.000000 
68116.421875 	 2315.402588 	 45235.718750 	 -8.889165 	 -116.478050 	 -307.814240 	 1.000000 
70267.078125 	 2769.390625 	 43713.152344 	 -94.608902 	 -32.639668 	 -94.581612 	 1.000000 
70580.546875 	 3035.870850 	 44571.558594 	 -76.986946 	 -90.177681 	 -16.931259 	 1.000000 
69721.515625 	 2534.192139 	 43557.296875 	 -197.038635 	 -71.805939 	 -108.671318 	 1.000000 
70807.414062 	 1219.690063 	 45729.378906 	 24.289791 	 -120.787941 	 -267.072479 	 6.000000 
69522.703125 	 1238.721680 	 44262.644531 	 -43.707066 	 -15.382885 	 -225.527100 	 1.000000 
69607.210938 	 1205.143433 	 44219.597656 	 -47.786850 	 -19.862049 	 -205.283905 	 1.000000 
70258.710938 	 2522.953857 	 46884.347656 	 -20.871492 	 -186.529190 	 -344.259552 	 8.000000 
71284.109375 	 2694.759521 	 44418.054688 	 12.495629 	 -255.165085 	 -307.296417 	 1.000000 
70647.296875 	 2844.138428 	 43648.914062 	 -62.274040 	 -73.796570 	 -85.068703 	 1.000000 
69031.296875 	 2121.158203 	 43686.707031 	 -116.436729 	 22.199350 	 -175.674408 	 1.000000 
69984.226562 	 3149.642578 	 44011.035156 	 -74.178185 	 31.367973 	 -130.795425 	 1.000000 
69522.398438 	 2693.813965 	 43996.632812 	 -118.918510 	 -109.953644 	 -134.766373 	 1.000000 
70917.085938 	 4201.583496 	 44998.089844 	 5.385852 	 -184.177490 	 -249.746582 	 1.000000 
69517.695312 	 2614.747803 	 45383.285156 	 80.707855 	 -330.027313 	 -267.595001 	 1.000000 
68290.671875 	 2528.923340 	 44492.429688 	 28.334833 	 -147.451462 	 -227.034882 	 1.000000 
68130.656250 	 2843.541260 	 46064.714844 	 -0.516270 	 -209.028809 	 -361.396881 	 1.000000 
69262.093750 	 4354.913574 	 45794.929688 	 9.793826 	 -207.505341 	 -323.761536 	 1.000000 
70897.281250 	 1696.333130 	 46190.128906 	 -49.241741 	 -166.931671 	 -351.742371 	 1.000000 
69296.304688 	 2985.251953 	 45435.093750 	 68.040031 	 -212.114883 	 -250.854813 	 1.000000 
68067.398438 	 2494.225586 	 44601.804688 	 27.355619 	 -176.754990 	 -321.105072 	 1.000000 
69375.898438 	 3622.658691 	 45612.246094 	 11.268649 	 -255.831650 	 -320.785004 	 1.000000 
69356.500000 	 2689.430420 	 43496.523438 	 -96.020340 	 -105.852974 	 -207.113785 	 1.000000 
71181.632812 	 2714.146240 	 45029.546875 	 -10.657229 	 -139.981293 	 14.845150 	 1.000000 
69667.421875 	 2851.873535 	 45569.078125 	 -96.653084 	 -204.659882 	 -388.959900 	 1.000000 
68741.203125 	 2997.016602 	 45120.562500 	 5.326866 	 -147.493500 	 -208.867188 	 1.000000 
69389.898438 	 2715.171387 	 44456.328125 	 -26.314228 	 -142.998962 	 -231.381714 	 1.000000 
68747.320312 	 2021.027710 	 46229.367188 	 14.416771 	 -186.271790 	 -318.690277 	 1.000000 
70649.750000 	 3016.610596 	 44703.335938 	 5.242878 	 -212.221451 	 -226.937500 	 1.000000 
68240.054688 	 1462.875977 	 44729.730469 	 -47.608002 	 -82.450592 	 -259.635315 	 2.000000 
69004.007812 	 4219.863281 	 45027.667969 	 12.657381 	 -221.552002 	 -284.211639 	 3.000000 
69263.156250 	 2500.994629 	 45550.960938 	 10.900242 	 -91.823700 	 -377.337952 	 1.000000 
71234.617188 	 2715.083740 	 44615.031250 	 56.214214 	 -66.893600 	 -26.394838 	 1.000000 
70177.343750 	 2605.434814 	 44333.054688 	 -30.902584 	 36.391373 	 -147.627975 	 1.000000 
70082.656250 	 2842.968262 	 43720.281250 	 -147.921326 	 -130.055969 	 -65.140083 	 1.000000 
70568.265625 	 3718.432617 	 44347.187500 	 -10.744851 	 -199.238098 	 -223.600708 	 0.000000 
68397.875000 	 2708.742676 	 44979.652344 	 12.836981 	 -117.353874 	 -294.478668 	 1.000000 
68385.039062 	 2766.031982 	 44938.835938 	 10.310965 	 -118.632797 	 -324.473602 	 1.000000 
69419.398438 	 3004.376709 	 45352.183594 	 77.647881 	 -273.595123 	 -285.037201 	 1.000000 
68766.218750 	 3989.332520 	 46347.503906 	 -15.458209 	 -204.507706 	 -316.555267 	 1.000000 
69741.375000 	 2923.960938 	 43355.273438 	 -86.856689 	 18.392626 	 -229.020966 	 1.000000 
69710.875000 	 2976.718994 	 45277.257812 	 -9.101761 	 -310.413025 	 -207.051224 	 1.000000 
69379.382812 	 3523.504150 	 44455.535156 	 -4.282104 	 -235.031021 	 -257.878662 	 1.000000 
69428.781250 	 2676.800537 	 43887.718750 	 -120.599586 	 -110.471008 	 -150.988495 	 1.000000 
71155.812500 	 2850.193848 	 45006.785156 	 -22.936625 	 -133.163834 	 14.795523 	 1.000000 
68841.968750 	 3166.341553 	 45064.621094 	 53.476875 	 -145.344727 	 -268.428436 	 1.000000 
70027.234375 	 4031.922607 	 44928.910156 	 22.093735 	 -227.515350 	 -265.874573 	 1.000000 
71009.351562 	 2696.857910 	 44448.371094 	 38.653023 	 -90.466934 	 -71.074348 	 1.000000 
69940.867188 	 3367.301270 	 44065.574219 	 -80.021362 	 -54.876518 	 -130.218994 	 1.000000 
68979.343750 	 2764.553467 	 44509.781250 	 0.390301 	 -96.996513 	 -218.262344 	 1.000000 
68286.359375 	 2534.071533 	 44944.593750 	 28.097128 	 -177.969666 	 -338.105164 	 1.000000 
69146.031250 	 2768.074219 	 45528.441406 	 30.096529 	 -112.733574 	 -427.062103 	 1.000000 
70328.437500 	 2790.885498 	 46077.222656 	 -50.893337 	 -154.282318 	 -377.911591 	 1.000000 
69854.562500 	 2808.306641 	 44858.746094 	 -33.616570 	 -189.116989 	 -201.014648 	 1.000000 
69320.101562 	 2276.223389 	 44210.511719 	 -22.468046 	 -65.553375 	 -252.623352 	 1.000000 
68349.921875 	 2667.067383 	 44394.003906 	 -42.609077 	 -223.796860 	 -209.381744 	 1.000000 
68176.843750 	 2785.217773 	 44394.164062 	 -22.066547 	 -207.221741 	 -218.206604 	 1.000000 
69443.023438 	 3700.951416 	 44327.164062 	 -12.172276 	 -217.782059 	 -252.933304 	 1.000000 
71087.554688 	 3165.364258 	 43978.773438 	 9.814802 	 -44.243172 	 -89.822792 	 1.000000 
70747.632812 	 2925.214844 	 44598.554688 	 10.690187 	 -212.667786 	 -226.540146 	 1.000000 
71312.437500 	 2189.798584 	 44966.269531 	 32.567654 	 -123.791672 	 27.197466 	 1.000000 
70039.757812 	 2120.312500 	 43457.234375 	 -97.227020 	 -129.628250 	 -176.871506 	 1.000000 
70214.187500 	 2227.640137 	 43820.992188 	 14.756525 	 -67.035194 	 -258.003906 	 1.000000 
69062.976562 	 1742.337280 	 44293.171875 	 -26.979719 	 -62.056705 	 -259.533691 	 0.000000 
68814.468750 	 2943.615723 	 45154.328125 	 25.834002 	 -131.520325 	 -200.638992 	 1.000000 
68870.226562 	 2529.827148 	 45822.382812 	 18.270664 	 -184.212814 	 -376.952423 	 1.000000 
69602.281250 	 3431.773193 	 44826.796875 	 -8.906575 	 -240.786133 	 -235.341507 	 4.000000 
70354.195312 	 1674.131348 	 46156.683594 	 8.262152 	 -149.322968 	 -296.783722 	 1.000000 
69661.703125 	 885.013184 	 44991.785156 	 -42.608547 	 26.755493 	 -137.166977 	 1.000000 
71373.593750 	 2660.808594 	 44414.296875 	 67.138451 	 -155.159866 	 -58.115704 	 1.000000 
68775.171875 	 2751.386963 	 43575.890625 	 -127.853378 	 53.360554 	 -144.160980 	 1.000000 
71492.453125 	 3612.639404 	 44800.839844 	 -50.009743 	 -235.529160 	 -253.131683 	 1.000000 
71525.445312 	 3400.224365 	 44867.718750 	 -31.064892 	 -244.105759 	 -284.902344 	 1.000000 
70095.539062 	 2818.647217 	 45242.812500 	 -112.149475 	 -167.594162 	 -370.974121 	 1.000000 
69591.218750 	 2668.067383 	 44683.859375 	 -42.733311 	 -156.251648 	 -215.622955 	 1.000000 
69423.867188 	 2600.267090 	 44202.265625 	 -50.323090 	 -89.699181 	 -241.030014 	 1.000000 
68857.265625 	 2196.083740 	 44264.042969 	 -23.888237 	 -76.205078 	 -263.214691 	 1.000000 
69811.992188 	 2653.745850 	 45539.078125 	 -3.082497 	 -225.115417 	 -294.647705 	 1.000000 
70557.375000 	 3514.413818 	 44999.132812 	 -1.895317 	 -218.485657 	 -314.798279 	 1.000000 
69669.281250 	 2872.591553 	 43409.023438 	 -153.756424 	 -66.871597 	 -98.897369 	 1.000000 
69562.523438 	 2660.566162 	 43980.316406 	 -33.714184 	 -122.420059 	 -268.199219 	 1.000000 
69885.687500 	 2519.267822 	 43958.097656 	 -106.565163 	 -54.261711 	 -102.263153 	 1.000000 
71195.382812 	 3093.281494 	 45079.816406 	 -2.851099 	 -219.189987 	 -283.786865 	 1.000000 
70541.953125 	 2126.315918 	 45627.308594 	 12.181978 	 -110.565300 	 -293.807190 	 1.000000 
69743.195312 	 1418.048828 	 44426.933594 	 -30.979124 	 -14.972909 	 -201.083359 	 1.000000 
68862.195312 	 2471.956543 	 44400.507812 	 -17.181046 	 -77.787796 	 -254.363480 	 1.000000 
68695.937500 	 2878.728516 	 44851.582031 	 34.541088 	 -160.366165 	 -278.457977 	 1.000000 
68521.851562 	 2926.250000 	 44887.695312 	 33.323196 	 -163.410202 	 -308.740082 	 1.000000 
70339.937500 	 4608.085938 	 45219.574219 	 30.600723 	 -204.492279 	 -292.263397 	 9.000000 
69551.156250 	 3358.624268 	 44829.648438 	 -8.631639 	 -242.340088 	 -231.887039 	 4.000000 
69185.062500 	 2729.493164 	 45496.890625 	 109.187187 	 -138.996735 	 -308.370117 	 1.000000 
71098.632812 	 2841.609131 	 44977.929688 	 -9.497386 	 -125.448235 	 -1.972521 	 1.000000 
70988.140625 	 4261.781250 	 44915.398438 	 -66.964012 	 -240.146179 	 -334.583160 	 1.000000 
71576.992188 	 3276.156494 	 44788.230469 	 -27.902819 	 -254.338425 	 -284.711365 	 1.000000 
69630.734375 	 2875.185059 	 45563.480469 	 -49.340847 	 -196.441315 	 -368.784821 	 1.000000 
68047.992188 	 2636.710693 	 44645.035156 	 24.860743 	 -250.018265 	 -305.854492 	 1.000000 
68455.937500 	 2804.767822 	 44980.796875 	 12.244657 	 -115.172569 	 -319.493408 	 1.000000 
70711.132812 	 3002.589844 	 44190.664062 	 -89.689728 	 -115.375069 	 -22.242235 	 1.000000 
69532.359375 	 2328.953857 	 44100.652344 	 -18.178436 	 -76.955711 	 -260.333282 	 1.000000 
70479.031250 	 2774.054199 	 45625.519531 	 -46.622589 	 -172.928391 	 -412.341400 	 1.000000 
68030.789062 	 2674.773682 	 45714.050781 	 16.805323 	 -169.045959 	 -327.738068 	 1.000000 
68145.359375 	 2832.576904 	 46172.160156 	 -0.553482 	 -208.192413 	 -353.335144 	 1.000000 
69229.593750 	 2539.893311 	 45918.937500 	 -33.591412 	 -106.407417 	 -341.217987 	 1.000000 
70796.046875 	 2613.607666 	 43907.988281 	 -30.787655 	 -103.496758 	 -84.102386 	 0.000000 
71620.867188 	 2850.776855 	 44898.140625 	 -13.460210 	 -147.719757 	 40.947887 	 1.000000 
70381.023438 	 2794.827148 	 44591.128906 	 -73.119301 	 -112.141190 	 -46.057793 	 1.000000 
70327.039062 	 2285.315186 	 43867.105469 	 -3.889333 	 -182.889603 	 -250.693283 	 1.000000 
69652.015625 	 2521.057861 	 44294.644531 	 -29.817368 	 -176.968445 	 -235.011032 	 1.000000 
69183.937500 	 2883.080322 	 44798.316406 	 9.341721 	 -269.814911 	 -212.989899 	 1.000000 
69284.046875 	 4511.140137 	 45781.121094 	 2.783088 	 -201.604294 	 -311.378876 	 1.000000 
69285.679688 	 4214.310547 	 45725.144531 	 0.107509 	 -214.893143 	 -310.793304 	 1.000000 
70804.914062 	 2423.423584 	 45469.316406 	 -15.003543 	 -131.022507 	 -326.840851 	 1.000000 
69926.054688 	 2835.475098 	 43450.839844 	 -155.895813 	 -44.018143 	 -101.641533 	 1.000000 
69672.765625 	 2027.604248 	 43946.277344 	 -14.556506 	 -73.946693 	 -251.725266 	 1.000000 
68902.718750 	 2227.401123 	 44220.820312 	 -26.108017 	 -71.934280 	 -259.932098 	 1.000000 
69190.218750 	 1037.957764 	 45141.828125 	 -18.089121 	 -87.498581 	 -232.916595 	 0.000000 
68665.523438 	 3051.049072 	 43961.675781 	 -39.212132 	 -210.958817 	 -255.121094 	 1.000000 
68249.195312 	 2463.863770 	 44881.242188 	 6.906524 	 -99.561333 	 -317.196625 	 1.000000 
69064.648438 	 3810.879395 	 45777.148438 	 19.676764 	 -232.909042 	 -313.850708 	 1.000000 
70838.039062 	 4209.587402 	 45070.671875 	 19.160454 	 -185.764709 	 -243.341141 	 1.000000 
70966.000000 	 4214.190918 	 44858.230469 	 -58.658550 	 -181.235184 	 -281.871582 	 1.000000 
70897.953125 	 2750.303467 	 45039.757812 	 20.845221 	 -160.250717 	 -274.195374 	 1.000000 
70494.046875 	 1738.651367 	 44571.343750 	 0.673012 	 34.491039 	 -130.640213 	 1.000000 
68918.007812 	 1724.082520 	 46965.562500 	 -39.995846 	 -213.599869 	 -305.222504 	 0.000000 
70787.445312 	 2256.165771 	 44505.625000 	 -45.962940 	 -119.099602 	 -14.147774 	 1.000000 
68951.656250 	 2990.222412 	 45382.289062 	 76.538269 	 -131.780640 	 -330.688446 	 1.000000 
69265.078125 	 2488.062988 	 44040.250000 	 -13.398129 	 -141.756821 	 -236.333359 	 1.000000 
68457.648438 	 2789.689697 	 45046.691406 	 19.007753 	 -121.041962 	 -320.512848 	 1.000000 
67724.218750 	 2793.573730 	 44803.035156 	 0.470748 	 -242.365204 	 -316.543427 	 1.000000 
69189.671875 	 1914.113403 	 47128.871094 	 -34.022549 	 -209.226959 	 -315.175293 	 0.000000 
70641.984375 	 3031.656250 	 43710.402344 	 -58.437149 	 -58.786613 	 -86.396049 	 1.000000 
71592.070312 	 2640.010498 	 44653.855469 	 134.919373 	 -119.344452 	 -88.439003 	 1.000000 
69876.687500 	 2992.275391 	 45200.421875 	 -37.574059 	 -222.967255 	 -173.282776 	 1.000000 
70151.000000 	 3223.862305 	 45351.125000 	 12.900624 	 -284.242767 	 -288.646942 	 1.000000 
69005.843750 	 2666.770508 	 44534.765625 	 -21.248404 	 -180.948441 	 -201.002960 	 1.000000 
69590.210938 	 2669.234131 	 45443.179688 	 38.235611 	 -156.488602 	 -348.238861 	 1.000000 
70291.648438 	 4435.408203 	 45163.316406 	 34.206070 	 -211.536179 	 -298.154968 	 9.000000 
67971.820312 	 2489.025146 	 44416.945312 	 -6.409731 	 -155.827911 	 -269.482666 	 1.000000 
69673.054688 	 2191.573242 	 47338.480469 	 -21.495472 	 -204.994202 	 -315.254120 	 0.000000 
69738.070312 	 2898.311279 	 43443.871094 	 -78.754997 	 49.905716 	 -213.087997 	 1.000000 
70394.898438 	 2053.442139 	 43903.167969 	 19.234440 	 -34.769054 	 -239.031052 	 1.000000 
70231.976562 	 2349.074951 	 43551.195312 	 -15.149447 	 -90.925674 	 -252.096039 	 1.000000 
68494.992188 	 1914.655151 	 46318.914062 	 -2.932785 	 -138.659348 	 -267.600830 	 1.000000 
68283.617188 	 2878.674805 	 45805.125000 	 14.903285 	 -226.337738 	 -286.003693 	 1.000000 
70849.187500 	 1796.218140 	 45999.167969 	 -32.910301 	 -140.719040 	 -311.094269 	 1.000000 
69844.109375 	 3118.229492 	 45413.734375 	 -17.773811 	 -182.584167 	 -383.163208 	 1.000000 
70432.906250 	 3208.042969 	 43638.132812 	 -44.571899 	 -12.504281 	 -155.996567 	 1.000000 
71568.546875 	 3139.833740 	 44682.054688 	 -25.022133 	 -276.403412 	 -250.922272 	 1.000000 
68760.453125 	 2675.482178 	 44685.324219 	 -40.968525 	 -190.680161 	 -205.205841 	 1.000000 
67874.093750 	 3352.827148 	 46208.671875 	 -15.840902 	 -228.857025 	 -323.644165 	 1.000000 
69058.812500 	 3316.383789 	 45754.839844 	 12.952113 	 -250.076767 	 -356.665131 	 1.000000 
70327.515625 	 2707.416992 	 46638.628906 	 -7.328467 	 -206.392700 	 -357.166443 	 8.000000 
70874.140625 	 2764.710449 	 44340.457031 	 42.035133 	 22.251562 	 -146.855621 	 1.000000 
69745.320312 	 2755.380127 	 45592.699219 	 -7.665545 	 -147.970444 	 -376.858734 	 1.000000 
70164.257812 	 2819.125732 	 45389.191406 	 -148.107956 	 -206.402237 	 -280.657196 	 1.000000 
69732.750000 	 1367.083008 	 44134.222656 	 -40.732300 	 -26.902502 	 -196.617874 	 1.000000 
70137.804688 	 2335.468506 	 43865.093750 	 -4.323168 	 -187.384918 	 -261.061096 	 1.000000 
69163.976562 	 2729.376953 	 44858.972656 	 9.883986 	 -267.582031 	 -200.745285 	 1.000000 
70056.460938 	 2316.593506 	 43856.964844 	 -114.750221 	 91.155563 	 -23.142908 	 1.000000 
71410.453125 	 2457.630859 	 44740.890625 	 97.503304 	 -183.422134 	 -298.140961 	 1.000000 
70462.671875 	 2275.794922 	 43898.386719 	 8.458564 	 -190.015778 	 -243.285294 	 1.000000 
69372.109375 	 2997.059326 	 45513.332031 	 64.700806 	 -208.057022 	 -256.613373 	 1.000000 
70360.648438 	 1203.907471 	 44805.253906 	 23.426203 	 -61.951542 	 -225.222092 	 1.000000 
68197.804688 	 2871.395996 	 45006.988281 	 4.094176 	 -130.977219 	 -284.597839 	 1.000000 
69164.046875 	 3407.500732 	 44427.781250 	 -9.693476 	 -233.582748 	 -247.321304 	 1.000000 
70155.437500 	 2858.616455 	 45746.031250 	 -99.134552 	 -214.330795 	 -412.767822 	 1.000000 
68793.351562 	 1731.965820 	 43851.144531 	 -178.350433 	 83.884735 	 -76.504105 	 1.000000 
70314.796875 	 2449.003906 	 44376.449219 	 -69.368996 	 -83.253632 	 -65.569572 	 1.000000 
71378.820312 	 3928.826172 	 44921.019531 	 -74.146408 	 -196.512878 	 -323.454956 	 1.000000 
70849.429688 	 2643.248291 	 44375.609375 	 30.472225 	 -220.171722 	 -223.518723 	 1.000000 
70334.945312 	 1504.898560 	 44383.148438 	 25.144258 	 -39.819714 	 -217.525604 	 1.000000 
67907.601562 	 2462.185059 	 44331.078125 	 -44.102966 	 -84.195312 	 -267.998657 	 1.000000 
69192.945312 	 3029.948730 	 44706.378906 	 8.751009 	 -269.115387 	 -241.669235 	 1.000000 
68040.843750 	 2468.809082 	 44227.515625 	 -1.692434 	 -161.145218 	 -295.363708 	 1.000000 
67785.734375 	 3027.760254 	 46204.101562 	 -0.982155 	 -222.773453 	 -295.694244 	 1.000000 
68361.429688 	 3687.033447 	 46344.554688 	 -0.546892 	 -217.069336 	 -335.525421 	 1.000000 
68615.531250 	 4100.713379 	 46676.683594 	 1.129518 	 -208.916321 	 -325.582184 	 1.000000 
70587.296875 	 2800.611816 	 45677.191406 	 -89.692039 	 -184.098572 	 -358.056793 	 1.000000 
70631.445312 	 1656.732178 	 46500.515625 	 -16.735760 	 -175.372803 	 -332.737793 	 1.000000 
70900.460938 	 3368.878174 	 44867.203125 	 -27.284735 	 -204.470840 	 -268.940674 	 1.000000 
70804.687500 	 3000.787109 	 46469.628906 	 -37.015137 	 -186.690201 	 -340.950409 	 11.000000 
69682.117188 	 3022.967529 	 43628.617188 	 -112.474976 	 -43.827221 	 -92.242294 	 1.000000 
70488.953125 	 3026.162354 	 44080.023438 	 -107.282776 	 -112.198181 	 -39.199913 	 1.000000 
69413.062500 	 2289.707031 	 43711.839844 	 -145.151367 	 92.574966 	 -53.867970 	 1.000000 
71007.265625 	 3925.477783 	 45170.730469 	 42.344845 	 -214.285812 	 -342.894806 	 1.000000 
70335.914062 	 2766.286133 	 45559.160156 	 -32.691277 	 -185.152344 	 -373.097717 	 1.000000 
69653.179688 	 2851.571289 	 45662.898438 	 -22.096121 	 -221.895432 	 -307.493530 	 1.000000 
69064.984375 	 1719.833740 	 46522.406250 	 -32.065254 	 -134.716125 	 -254.280518 	 1.000000 
69051.210938 	 4736.256836 	 45859.937500 	 33.909595 	 -202.695892 	 -310.619690 	 1.000000 
70086.210938 	 4387.795898 	 45767.992188 	 -3.371089 	 -205.625290 	 -338.710663 	 10.000000 
69132.835938 	 2367.421387 	 45806.617188 	 27.353834 	 -119.608200 	 -322.428253 	 1.000000 
68526.773438 	 1982.267456 	 46355.191406 	 7.685239 	 -191.308990 	 -309.886780 	 1.000000 
70703.414062 	 1875.484741 	 45919.070312 	 -2.992081 	 -147.344986 	 -318.180481 	 1.000000 
71125.296875 	 4186.011230 	 44801.070312 	 -61.259708 	 -183.638718 	 -242.456360 	 1.000000 
69508.500000 	 1369.743530 	 44374.566406 	 -33.062672 	 5.097640 	 -199.824966 	 1.000000 
68377.320312 	 2754.133789 	 45007.675781 	 16.098930 	 -121.979439 	 -324.846802 	 1.000000 
68826.476562 	 2810.236572 	 45432.445312 	 67.749718 	 -107.462418 	 -319.076141 	 1.000000 
69797.414062 	 2963.256348 	 45442.679688 	 11.053475 	 -311.220673 	 -215.706238 	 1.000000 
69243.109375 	 3358.016846 	 44553.906250 	 -20.537045 	 -229.171112 	 -238.514420 	 1.000000 
67704.617188 	 2823.747803 	 44753.425781 	 -3.782976 	 -247.517441 	 -304.111908 	 1.000000 
69059.703125 	 4591.537109 	 46260.183594 	 1.036568 	 -198.144516 	 -334.878113 	 1.000000 
69728.093750 	 2762.938477 	 45285.640625 	 -71.213661 	 -167.431992 	 -346.063141 	 1.000000 
70649.140625 	 1774.448853 	 46079.449219 	 10.986945 	 -144.077591 	 -302.565552 	 1.000000 
68711.664062 	 2413.889404 	 43641.710938 	 -158.247726 	 59.246555 	 -114.057373 	 1.000000 
70919.812500 	 4013.813477 	 44939.742188 	 -75.454468 	 -175.695251 	 -234.861145 	 1.000000 
70706.203125 	 2940.804688 	 44625.636719 	 11.022861 	 -216.165161 	 -223.774445 	 1.000000 
70560.023438 	 2377.466309 	 44211.800781 	 39.034492 	 -108.620705 	 -264.878662 	 1.000000 
68466.648438 	 1774.151001 	 44428.781250 	 -42.000675 	 -77.662666 	 -267.450806 	 2.000000 
68099.960938 	 2644.686035 	 44076.320312 	 -35.202766 	 -201.587402 	 -241.906921 	 1.000000 
69079.828125 	 2683.178955 	 44949.300781 	 -18.173223 	 -155.883804 	 -173.077637 	 1.000000 
68533.257812 	 2729.723633 	 44880.675781 	 -52.493908 	 -197.206528 	 -227.329056 	 1.000000 
70131.078125 	 3269.931396 	 45355.394531 	 10.382832 	 -275.684387 	 -279.837341 	 1.000000 
69996.820312 	 3960.484863 	 44936.949219 	 23.012419 	 -228.509689 	 -264.295502 	 1.000000 
68554.468750 	 3149.443604 	 46577.972656 	 -11.081016 	 -214.312439 	 -339.662354 	 0.000000 
69770.078125 	 4123.527832 	 45782.925781 	 -3.413688 	 -217.863174 	 -337.780212 	 0.000000 
70295.906250 	 1238.156494 	 46444.980469 	 -13.176405 	 -145.857330 	 -297.546143 	 1.000000 
70991.171875 	 2594.257568 	 44481.144531 	 3.292118 	 -118.945816 	 -41.871399 	 1.000000 
71248.320312 	 2813.140625 	 44829.324219 	 48.327259 	 -117.252434 	 -89.218742 	 1.000000 
68883.257812 	 2120.680176 	 46398.187500 	 -26.619846 	 -156.158661 	 -300.757843 	 1.000000 
70290.960938 	 1045.842651 	 44805.859375 	 16.699915 	 -54.634644 	 -208.206467 	 1.000000 
68487.562500 	 2788.751221 	 44588.437500 	 38.007801 	 -214.227554 	 -298.064240 	 1.000000 
69081.203125 	 2718.336670 	 45035.402344 	 16.668539 	 -254.691986 	 -185.538971 	 1.000000 
68878.937500 	 2513.301514 	 45099.109375 	 81.576637 	 -195.685318 	 -295.690704 	 1.000000 
70883.398438 	 3782.824951 	 44927.953125 	 43.074024 	 -198.964188 	 -312.341400 	 1.000000 
68877.945312 	 2068.027588 	 46121.902344 	 -16.735931 	 -157.037109 	 -321.350342 	 1.000000 
68903.140625 	 2245.842041 	 45873.152344 	 -39.319588 	 -139.563629 	 -347.257812 	 1.000000 
70917.781250 	 1720.446533 	 46082.367188 	 -43.766544 	 -141.299469 	 -331.704071 	 1.000000 
70310.867188 	 3051.464600 	 45861.828125 	 -55.546860 	 -188.908615 	 -405.382996 	 1.000000 
69492.093750 	 2658.815430 	 43361.460938 	 -123.194656 	 20.512678 	 -105.925049 	 1.000000 
69610.500000 	 2507.821045 	 43720.617188 	 -150.441528 	 -54.375484 	 -126.439613 	 1.000000 
70830.992188 	 2367.846191 	 44821.257812 	 18.948099 	 -40.486988 	 -68.415329 	 1.000000 
71091.882812 	 3857.772705 	 44364.347656 	 -28.243422 	 -206.044098 	 -199.354492 	 5.000000 
69741.507812 	 925.265259 	 44945.902344 	 -14.820707 	 -16.367636 	 -183.582504 	 1.000000 
70856.109375 	 1897.702271 	 44713.468750 	 33.693184 	 32.022751 	 -141.916748 	 1.000000 
68603.296875 	 3014.657959 	 44044.406250 	 -38.335518 	 -213.989059 	 -252.016495 	 1.000000 
68946.953125 	 4248.277832 	 45057.625000 	 16.546303 	 -223.064163 	 -287.326050 	 3.000000 
68085.125000 	 2854.684326 	 45896.246094 	 37.330067 	 -232.664917 	 -328.913635 	 1.000000 
70515.148438 	 2703.406006 	 45841.878906 	 -40.639133 	 -192.391159 	 -397.082123 	 1.000000 
69536.734375 	 1164.218018 	 46556.539062 	 -28.456284 	 -167.290680 	 -261.831757 	 7.000000 
71671.476562 	 3010.350098 	 45724.269531 	 -43.005680 	 -221.440994 	 -356.745056 	 0.000000 
70579.898438 	 1488.790771 	 44517.421875 	 -48.207008 	 78.802643 	 -20.464926 	 1.000000 
68828.429688 	 2194.767090 	 43634.289062 	 -118.274559 	 12.662715 	 -186.216476 	 1.000000 
69819.023438 	 2837.016846 	 43567.414062 	 -173.015228 	 -137.689926 	 -83.525581 	 1.000000 
70537.023438 	 2799.445312 	 44358.730469 	 -63.030937 	 47.393082 	 -19.410948 	 1.000000 
71483.117188 	 2786.121094 	 44605.062500 	 53.852543 	 -137.536392 	 -6.517184 	 1.000000 
69500.125000 	 1614.368530 	 44172.757812 	 -42.054405 	 8.108332 	 -194.594315 	 1.000000 
70727.515625 	 1988.242065 	 44737.968750 	 28.278048 	 25.253492 	 -147.838394 	 1.000000 
69632.492188 	 1121.502075 	 44918.578125 	 -2.989899 	 -79.312057 	 -234.526932 	 1.000000 
68272.164062 	 2422.941162 	 44672.925781 	 -57.049431 	 -181.677170 	 -273.644775 	 1.000000 
70125.859375 	 3846.755859 	 44751.390625 	 -1.330442 	 -207.249969 	 -232.777588 	 1.000000 
69469.601562 	 3216.230225 	 45519.687500 	 16.620394 	 -292.248077 	 -333.959991 	 1.000000 
69974.015625 	 2599.112305 	 47393.316406 	 -17.977228 	 -206.029068 	 -318.248840 	 0.000000 
71235.351562 	 1598.543945 	 45828.234375 	 -0.489054 	 -146.182480 	 -347.407166 	 1.000000 
70768.242188 	 2754.279785 	 44951.671875 	 -28.906557 	 -198.198410 	 -302.923431 	 1.000000 
70841.687500 	 2421.942383 	 45490.984375 	 -15.872712 	 -139.485550 	 -331.939148 	 1.000000 
70297.976562 	 2603.299805 	 46672.148438 	 -21.751364 	 -181.125565 	 -353.586456 	 8.000000 
69680.976562 	 1174.552979 	 44666.906250 	 -44.075130 	 22.907709 	 -120.266327 	 1.000000 
71217.085938 	 2549.318848 	 44476.070312 	 82.429520 	 -59.391697 	 -74.097031 	 1.000000 
70011.820312 	 2526.420654 	 44294.101562 	 -43.005493 	 34.648136 	 -149.980560 	 1.000000 
71571.570312 	 2297.710205 	 45150.183594 	 58.152267 	 -212.967148 	 8.209431 	 1.000000 
68162.632812 	 2658.507080 	 44629.925781 	 -23.922405 	 -227.775543 	 -183.385406 	 1.000000 
69560.187500 	 2635.082520 	 44746.609375 	 -42.337299 	 -168.240875 	 -207.046265 	 1.000000 
70269.843750 	 3315.206787 	 45375.023438 	 -17.651011 	 -246.535461 	 -221.636658 	 1.000000 
67943.062500 	 3019.569336 	 46088.054688 	 7.324924 	 -231.281723 	 -319.463898 	 1.000000 
69515.062500 	 4223.545410 	 46427.726562 	 -10.971551 	 -203.864136 	 -336.873169 	 0.000000 
68904.976562 	 2289.209229 	 46052.835938 	 -10.565435 	 -142.070236 	 -338.047455 	 1.000000 
68924.460938 	 2461.422363 	 45528.960938 	 30.688057 	 -98.234818 	 -323.808167 	 1.000000 
68723.445312 	 1481.865601 	 46597.125000 	 -35.801289 	 -208.148148 	 -255.146393 	 0.000000 
69752.273438 	 3057.695557 	 45512.671875 	 -31.722424 	 -258.045074 	 -350.724426 	 1.000000 
70238.546875 	 1745.549194 	 44690.156250 	 -17.698679 	 23.231619 	 -145.684326 	 1.000000 
71206.882812 	 2905.063965 	 44778.859375 	 12.204270 	 -233.724823 	 -288.702545 	 1.000000 
70479.578125 	 2243.936523 	 44497.500000 	 -52.339264 	 -96.965492 	 -58.838463 	 1.000000 
70206.046875 	 2909.154541 	 45536.964844 	 -157.954391 	 -174.884750 	 -380.473938 	 1.000000 
69598.796875 	 1200.724609 	 44442.433594 	 -24.610760 	 -27.179373 	 -219.421387 	 1.000000 
69464.382812 	 1146.121460 	 44391.136719 	 -26.526134 	 -20.952438 	 -221.623154 	 1.000000 
68959.414062 	 3369.923828 	 43546.648438 	 -44.095192 	 -203.388107 	 -274.411621 	 1.000000 
68156.687500 	 2666.511230 	 45060.558594 	 33.381008 	 -242.642517 	 -318.520935 	 1.000000 
70124.289062 	 3424.331299 	 45282.785156 	 15.293303 	 -268.235199 	 -246.752457 	 1.000000 
69290.210938 	 4784.433594 	 46105.992188 	 15.079504 	 -190.278397 	 -337.980103 	 1.000000 
69308.500000 	 1392.970093 	 44342.792969 	 -62.478291 	 49.901943 	 -149.690323 	 1.000000 
70338.882812 	 3419.558594 	 44266.238281 	 -49.989296 	 -27.249508 	 -100.993782 	 1.000000 
71251.023438 	 2243.975098 	 45158.996094 	 62.730450 	 -101.171928 	 -20.994751 	 1.000000 
70623.085938 	 2244.453369 	 43663.140625 	 -11.457849 	 -120.709145 	 -151.511703 	 1.000000 
70869.234375 	 2155.511963 	 43879.078125 	 50.854557 	 -117.275192 	 -165.111710 	 1.000000 
70502.265625 	 1134.664551 	 46048.375000 	 22.340590 	 -118.116272 	 -282.127563 	 6.000000 
69484.968750 	 2528.132080 	 44414.101562 	 -31.861948 	 -174.075211 	 -229.395126 	 1.000000 
67868.156250 	 3279.377930 	 46150.960938 	 -12.310555 	 -227.248398 	 -326.811584 	 1.000000 
69313.992188 	 3546.083008 	 45532.500000 	 12.041558 	 -261.097321 	 -331.825867 	 1.000000 
68748.914062 	 3396.931152 	 46844.269531 	 -15.894324 	 -210.926987 	 -333.370514 	 0.000000 
68974.476562 	 3658.952393 	 47098.164062 	 -18.503426 	 -205.161850 	 -324.215454 	 0.000000 
69001.742188 	 3292.989014 	 45703.093750 	 9.268161 	 -249.676270 	 -355.657318 	 1.000000 
69019.937500 	 2580.735352 	 45784.554688 	 -3.741290 	 -128.679123 	 -367.875671 	 1.000000 
68164.640625 	 2243.371094 	 45347.238281 	 -7.752176 	 -120.764305 	 -307.841705 	 1.000000 
69781.507812 	 1285.165283 	 46400.750000 	 -22.795290 	 -159.311554 	 -275.904663 	 7.000000 
68986.226562 	 2093.378174 	 43618.128906 	 -117.927010 	 22.879049 	 -178.230392 	 1.000000 
69893.804688 	 2463.982666 	 43994.765625 	 -2.373711 	 -88.068756 	 -267.747467 	 1.000000 
71254.382812 	 2290.424316 	 45043.878906 	 50.570927 	 -174.725098 	 -7.125015 	 1.000000 
70701.671875 	 2193.147217 	 43872.628906 	 28.657850 	 -192.358902 	 -228.698639 	 1.000000 
70295.453125 	 2422.355957 	 43591.191406 	 -22.168636 	 -122.280998 	 -225.612564 	 1.000000 
69683.820312 	 1006.554199 	 44808.644531 	 -18.348104 	 -12.682524 	 -187.243591 	 1.000000 
69865.148438 	 1305.298218 	 44201.175781 	 -27.928421 	 -22.055643 	 -200.419937 	 1.000000 
68990.476562 	 2261.402588 	 46113.996094 	 -27.773657 	 -93.831261 	 -283.701904 	 1.000000 
69576.710938 	 2667.225830 	 44390.527344 	 -22.372351 	 -137.109940 	 -233.515533 	 1.000000 
69047.257812 	 2389.127930 	 45969.718750 	 -6.974678 	 -139.345810 	 -320.250305 	 1.000000 
69649.078125 	 3704.553711 	 44487.785156 	 -14.309369 	 -212.688858 	 -243.407913 	 1.000000 
69150.703125 	 2618.864014 	 45426.414062 	 54.021347 	 -129.555023 	 -164.831497 	 1.000000 
68051.726562 	 2923.309814 	 46042.636719 	 18.138725 	 -183.207291 	 -348.743835 	 1.000000 
68405.617188 	 2676.737793 	 45711.851562 	 -19.411840 	 -196.929138 	 -331.461609 	 1.000000 
69331.929688 	 3476.912598 	 45514.707031 	 15.422650 	 -264.338104 	 -331.364899 	 1.000000 
68894.960938 	 2988.433594 	 45720.312500 	 19.280512 	 -242.092270 	 -374.172424 	 1.000000 
70171.781250 	 3049.167480 	 45687.945312 	 -95.322723 	 -250.625793 	 -394.581482 	 1.000000 
69349.843750 	 3764.218262 	 45700.652344 	 -4.183797 	 -235.296555 	 -344.389740 	 1.000000 
70837.890625 	 1806.887451 	 45977.542969 	 -15.994143 	 -134.226868 	 -306.778137 	 1.000000 
70762.039062 	 1827.990601 	 45989.976562 	 -5.038064 	 -135.806595 	 -301.430481 	 1.000000 
70710.492188 	 1791.921875 	 46038.488281 	 -39.617264 	 -163.481842 	 -373.350555 	 1.000000 
70374.117188 	 3014.814697 	 46031.292969 	 -57.371487 	 -202.096802 	 -384.648743 	 1.000000 
70299.968750 	 3248.943359 	 45742.746094 	 -83.584381 	 -231.633102 	 -364.475464 	 1.000000 
71427.039062 	 2742.496094 	 44694.035156 	 64.747437 	 -100.654144 	 -2.125853 	 1.000000 
69936.875000 	 2873.825439 	 43647.269531 	 -89.436333 	 -37.463814 	 -164.189972 	 1.000000 
69496.085938 	 2637.011230 	 43408.859375 	 -204.585617 	 -54.815994 	 -143.603104 	 1.000000 
68745.664062 	 2639.596924 	 43591.203125 	 -141.352142 	 61.324871 	 -131.534317 	 1.000000 
71325.609375 	 2646.701660 	 44928.402344 	 99.260429 	 -70.009216 	 -86.321495 	 1.000000 
70715.718750 	 1177.328979 	 44888.097656 	 41.121109 	 -36.362476 	 -203.581329 	 1.000000 
71400.671875 	 2993.335938 	 44319.914062 	 85.122147 	 -10.299976 	 -108.217209 	 1.000000 
70209.320312 	 1666.123535 	 44261.003906 	 21.997499 	 -44.576382 	 -227.833496 	 1.000000 
68813.226562 	 2896.560547 	 44941.632812 	 -17.298393 	 -145.181412 	 -218.037216 	 1.000000 
68380.507812 	 2427.749268 	 44390.976562 	 -32.293903 	 -75.036530 	 -252.598724 	 1.000000 
68984.140625 	 2851.765381 	 44784.519531 	 -27.204367 	 -102.649742 	 -194.380371 	 1.000000 
68271.460938 	 2868.183105 	 44621.527344 	 26.840509 	 -158.674789 	 -228.207413 	 1.000000 
67954.750000 	 2829.092285 	 44233.058594 	 -25.166901 	 -170.660233 	 -245.394363 	 1.000000 
68106.882812 	 2517.446533 	 44546.914062 	 32.018749 	 -171.396240 	 -316.414764 	 1.000000 
68939.640625 	 4438.407715 	 46562.464844 	 -3.478886 	 -207.799072 	 -327.809631 	 1.000000 
69169.390625 	 4530.252930 	 45967.718750 	 -3.370479 	 -192.133484 	 -326.493835 	 1.000000 
68986.992188 	 2484.467041 	 45577.550781 	 -4.838731 	 -106.098129 	 -367.758545 	 1.000000 
70985.062500 	 1770.709717 	 46010.320312 	 -23.208326 	 -136.228531 	 -329.266968 	 1.000000 
70680.671875 	 2152.514648 	 45728.386719 	 -0.041509 	 -128.723938 	 -324.377838 	 1.000000 
