43200.644531 	 65272.355469 	 13565.579102 	 -6.477421 	 134.201935 	 144.448196 	 1.000000 
43144.835938 	 65326.878906 	 13457.333984 	 32.900928 	 334.247131 	 320.469666 	 1.000000 
43276.574219 	 65285.519531 	 13714.819336 	 -284.249023 	 89.391235 	 96.698219 	 1.000000 
43182.968750 	 65228.085938 	 13538.114258 	 -56.894901 	 251.982864 	 440.517395 	 1.000000 
43479.902344 	 65340.222656 	 13704.767578 	 11.329643 	 115.737953 	 57.713257 	 1.000000 
43319.121094 	 65384.269531 	 13341.853516 	 -170.968094 	 194.530167 	 137.589401 	 1.000000 
43263.652344 	 65380.789062 	 13440.181641 	 11.927745 	 155.535416 	 353.953766 	 1.000000 
43194.761719 	 65392.707031 	 13537.870117 	 40.711788 	 83.696785 	 338.978333 	 1.000000 
43410.078125 	 65333.210938 	 13930.100586 	 2.179510 	 47.666412 	 265.463013 	 1.000000 
43367.281250 	 65301.898438 	 13358.365234 	 -27.964399 	 132.646927 	 202.284424 	 1.000000 
43308.304688 	 65176.195312 	 13429.250977 	 205.006180 	 107.786949 	 289.652374 	 1.000000 
43131.738281 	 65099.839844 	 13744.937500 	 156.572739 	 183.080612 	 215.937851 	 1.000000 
43265.308594 	 65227.320312 	 13512.196289 	 91.037560 	 326.048950 	 390.881287 	 1.000000 
43397.480469 	 65291.667969 	 13833.743164 	 67.853752 	 73.438965 	 178.400391 	 1.000000 
43262.371094 	 65363.898438 	 13472.912109 	 -111.209763 	 -8.711657 	 98.973854 	 1.000000 
43072.324219 	 65404.062500 	 13331.416992 	 -82.369110 	 152.570663 	 262.696167 	 1.000000 
43192.417969 	 65257.289062 	 13579.623047 	 -202.061096 	 382.581024 	 452.717499 	 1.000000 
43285.242188 	 65311.656250 	 13388.471680 	 162.881317 	 223.054504 	 305.075592 	 1.000000 
43331.332031 	 65328.667969 	 13558.036133 	 -194.590973 	 91.882065 	 76.952621 	 1.000000 
43177.390625 	 65243.152344 	 13540.578125 	 -60.381390 	 240.527573 	 485.571960 	 1.000000 
42997.226562 	 65295.621094 	 13262.554688 	 12.947856 	 135.603790 	 2.642949 	 1.000000 
43241.144531 	 65336.632812 	 13711.573242 	 -224.064758 	 65.918953 	 62.148045 	 1.000000 
43280.273438 	 65327.492188 	 13764.531250 	 -270.971619 	 102.160347 	 18.522133 	 1.000000 
43116.136719 	 65291.644531 	 13587.112305 	 202.860733 	 224.839828 	 107.170601 	 1.000000 
43247.597656 	 65229.625000 	 13400.338867 	 -66.800522 	 210.005737 	 402.116028 	 1.000000 
43143.730469 	 65124.660156 	 13747.852539 	 77.779709 	 84.154335 	 31.917955 	 1.000000 
43132.730469 	 65273.429688 	 13657.132812 	 -222.023819 	 251.405472 	 217.236465 	 1.000000 
43142.324219 	 65325.355469 	 13307.296875 	 7.517759 	 234.532471 	 375.505615 	 1.000000 
43007.894531 	 65273.734375 	 13678.416016 	 156.706024 	 180.633896 	 251.945786 	 1.000000 
43140.511719 	 65309.636719 	 13489.118164 	 -8.504089 	 475.554321 	 307.594604 	 1.000000 
43356.488281 	 65209.980469 	 13508.647461 	 -147.766678 	 215.639145 	 338.528015 	 1.000000 
43333.867188 	 65368.992188 	 13753.306641 	 -179.525436 	 301.144318 	 168.246948 	 1.000000 
43337.093750 	 65312.882812 	 13820.326172 	 220.649384 	 80.954247 	 -4.172478 	 1.000000 
43065.535156 	 65126.878906 	 13445.343750 	 160.772171 	 129.147995 	 301.537689 	 1.000000 
43194.031250 	 65390.714844 	 13484.375000 	 -143.861984 	 175.453201 	 90.285233 	 1.000000 
43204.812500 	 65269.292969 	 13588.828125 	 -212.747696 	 408.847961 	 320.159058 	 1.000000 
43174.796875 	 65308.937500 	 13449.025391 	 -51.234379 	 492.794281 	 386.906891 	 1.000000 
43361.812500 	 65389.652344 	 13593.509766 	 18.984371 	 296.614624 	 -52.109138 	 1.000000 
43042.906250 	 65267.007812 	 13711.799805 	 261.918701 	 107.667931 	 13.645338 	 1.000000 
43407.199219 	 65471.464844 	 13545.372070 	 -77.317192 	 32.288536 	 72.890999 	 1.000000 
43030.742188 	 65371.632812 	 13626.153320 	 110.845772 	 172.642593 	 121.839165 	 1.000000 
43140.015625 	 65142.328125 	 13511.337891 	 177.991745 	 253.392593 	 282.973236 	 1.000000 
43225.394531 	 65401.664062 	 13632.806641 	 27.656086 	 -60.938484 	 303.073242 	 1.000000 
43224.003906 	 65186.421875 	 13511.696289 	 32.795677 	 361.882874 	 408.905945 	 1.000000 
43130.042969 	 65207.765625 	 13465.262695 	 -131.787109 	 162.365936 	 293.611298 	 1.000000 
43219.996094 	 65436.710938 	 13564.659180 	 -138.752670 	 24.844433 	 66.632202 	 1.000000 
43255.695312 	 65177.167969 	 13317.820312 	 174.562042 	 163.991653 	 199.723938 	 1.000000 
43309.484375 	 65175.003906 	 13442.717773 	 225.266068 	 162.824310 	 330.729706 	 1.000000 
43314.593750 	 65185.316406 	 13661.230469 	 137.746384 	 115.594643 	 63.671101 	 1.000000 
43520.625000 	 65374.082031 	 13815.094727 	 72.925934 	 125.328819 	 282.684692 	 1.000000 
43560.242188 	 65383.664062 	 13729.920898 	 -56.267746 	 92.867882 	 96.385727 	 1.000000 
43079.964844 	 65299.007812 	 13561.793945 	 -181.977753 	 207.338333 	 -80.234001 	 1.000000 
43332.660156 	 65234.914062 	 13388.608398 	 -100.149544 	 70.361137 	 351.164398 	 1.000000 
43259.199219 	 65472.328125 	 13584.450195 	 -20.240669 	 15.911471 	 305.878876 	 1.000000 
43209.289062 	 65176.777344 	 13623.587891 	 -139.651764 	 427.616486 	 49.155254 	 1.000000 
43290.878906 	 65264.664062 	 13516.940430 	 -140.011154 	 224.480270 	 -89.214218 	 1.000000 
43192.648438 	 65293.085938 	 13741.267578 	 203.819229 	 223.726288 	 84.420700 	 1.000000 
43151.578125 	 65148.058594 	 13764.135742 	 199.021683 	 89.220558 	 165.115341 	 1.000000 
43027.003906 	 65289.621094 	 13710.982422 	 -68.088936 	 123.663170 	 -50.810715 	 1.000000 
43004.484375 	 65173.964844 	 13367.132812 	 -26.403114 	 68.315361 	 359.047852 	 1.000000 
43158.917969 	 65299.132812 	 13527.699219 	 190.704773 	 225.910904 	 -42.672966 	 1.000000 
43315.035156 	 65284.253906 	 13869.902344 	 231.413116 	 97.230461 	 9.003942 	 1.000000 
43175.750000 	 65253.585938 	 13520.710938 	 313.962097 	 293.866821 	 60.610813 	 1.000000 
43038.769531 	 65223.066406 	 13517.061523 	 -44.238255 	 0.210359 	 254.822372 	 1.000000 
43382.101562 	 65335.460938 	 13936.373047 	 22.870913 	 81.465233 	 306.549194 	 1.000000 
43118.773438 	 65229.925781 	 13543.849609 	 -49.379059 	 313.161041 	 395.452209 	 1.000000 
43200.878906 	 65245.589844 	 13533.487305 	 188.404297 	 284.411377 	 -68.781540 	 1.000000 
43270.718750 	 65248.972656 	 13462.006836 	 28.714136 	 -99.949722 	 232.546036 	 1.000000 
43050.070312 	 65385.539062 	 13389.231445 	 60.908615 	 209.569839 	 321.573700 	 1.000000 
43207.664062 	 65318.585938 	 13630.897461 	 -304.827026 	 207.850769 	 218.022095 	 1.000000 
43058.046875 	 65251.511719 	 13686.908203 	 15.399834 	 -42.399139 	 94.075096 	 1.000000 
43207.429688 	 65113.570312 	 13545.345703 	 -54.493565 	 345.457245 	 309.994965 	 1.000000 
43397.468750 	 65436.308594 	 13485.065430 	 17.341702 	 115.620789 	 23.588522 	 1.000000 
43198.117188 	 65132.273438 	 13771.174805 	 119.983269 	 92.259651 	 182.398148 	 1.000000 
43078.449219 	 65215.757812 	 13566.748047 	 32.182087 	 291.345276 	 103.514816 	 1.000000 
43379.496094 	 65361.765625 	 13416.367188 	 62.592827 	 256.590210 	 336.397552 	 1.000000 
43419.769531 	 65214.332031 	 13653.313477 	 131.665741 	 74.492607 	 134.830048 	 1.000000 
43412.886719 	 65471.921875 	 13476.363281 	 31.010496 	 286.788239 	 84.506973 	 1.000000 
43196.062500 	 65345.777344 	 13565.579102 	 213.035797 	 12.256584 	 -49.934570 	 1.000000 
43122.253906 	 65300.445312 	 13575.222656 	 30.083584 	 444.637024 	 220.479980 	 1.000000 
43166.234375 	 65135.328125 	 13475.986328 	 149.500259 	 244.335846 	 323.361969 	 1.000000 
43268.824219 	 65150.472656 	 13279.149414 	 -101.548294 	 -6.095718 	 171.317520 	 1.000000 
43112.359375 	 65293.421875 	 13691.790039 	 -176.372803 	 252.173355 	 202.676239 	 1.000000 
43165.265625 	 65256.765625 	 13509.083984 	 64.348328 	 412.295441 	 281.646545 	 1.000000 
43327.566406 	 65261.609375 	 13737.176758 	 -329.535553 	 117.165115 	 205.652130 	 1.000000 
43200.617188 	 65162.054688 	 13505.832031 	 -94.140732 	 199.785797 	 490.580475 	 1.000000 
43317.945312 	 65246.500000 	 13651.177734 	 -30.301781 	 212.843414 	 152.126984 	 1.000000 
43077.441406 	 65325.695312 	 13587.640625 	 127.881851 	 131.022705 	 -89.817398 	 1.000000 
43130.339844 	 65065.128906 	 13307.535156 	 -69.786133 	 370.311096 	 196.308792 	 1.000000 
43201.386719 	 65275.339844 	 13587.710938 	 397.174896 	 308.616302 	 -8.778234 	 1.000000 
43135.015625 	 65297.156250 	 13646.905273 	 -57.221550 	 232.621613 	 120.881485 	 1.000000 
43096.519531 	 65350.824219 	 13465.428711 	 6.176533 	 245.271988 	 25.064280 	 1.000000 
43160.136719 	 65124.324219 	 13741.638672 	 -55.708500 	 174.149490 	 -59.649059 	 1.000000 
43259.414062 	 65223.343750 	 13586.578125 	 30.579082 	 -80.920540 	 169.585800 	 1.000000 
43175.636719 	 65362.277344 	 13509.186523 	 -70.417816 	 383.020355 	 276.151062 	 1.000000 
43350.808594 	 65270.707031 	 13427.564453 	 -92.246170 	 -64.296608 	 136.845108 	 1.000000 
43235.734375 	 65399.468750 	 13484.209961 	 -22.270824 	 147.294128 	 -50.504795 	 1.000000 
43150.519531 	 65308.996094 	 13413.143555 	 83.198097 	 459.463989 	 337.278961 	 1.000000 
43048.742188 	 65345.417969 	 13406.597656 	 70.277710 	 322.244293 	 305.907471 	 1.000000 
43314.156250 	 65311.800781 	 13462.992188 	 48.099766 	 271.828430 	 386.560120 	 1.000000 
43511.035156 	 65360.703125 	 13736.458008 	 -245.749344 	 70.677002 	 127.432594 	 1.000000 
43046.656250 	 65235.675781 	 13580.451172 	 -113.726334 	 133.965836 	 -88.774048 	 1.000000 
43299.117188 	 65297.308594 	 13441.746094 	 -70.936089 	 132.769531 	 -48.089870 	 1.000000 
43055.167969 	 65245.453125 	 13459.566406 	 103.995689 	 330.155029 	 324.805695 	 1.000000 
43163.019531 	 65202.808594 	 13842.389648 	 -58.958302 	 150.465714 	 -26.149563 	 1.000000 
43079.378906 	 65166.281250 	 13412.661133 	 -13.866353 	 63.079483 	 -66.747765 	 1.000000 
43387.574219 	 65326.863281 	 13374.332031 	 67.254097 	 251.143646 	 333.154236 	 1.000000 
43398.578125 	 65378.078125 	 13693.345703 	 -150.531891 	 265.186829 	 64.410591 	 1.000000 
43161.195312 	 65280.500000 	 13808.601562 	 -154.497223 	 229.937225 	 168.087006 	 1.000000 
43120.371094 	 65152.664062 	 13499.347656 	 177.776901 	 203.370880 	 352.072479 	 1.000000 
43336.531250 	 65241.597656 	 13579.985352 	 150.956161 	 125.182671 	 23.224228 	 1.000000 
43298.781250 	 65357.320312 	 13740.070312 	 -65.563477 	 -48.989388 	 272.394928 	 1.000000 
43373.929688 	 65333.187500 	 13723.553711 	 -284.241180 	 96.253159 	 22.808468 	 1.000000 
43454.960938 	 65197.296875 	 14270.404297 	 31.194801 	 96.808701 	 6.393210 	 1.000000 
43418.843750 	 65313.500000 	 14410.878906 	 5.908646 	 -20.235783 	 -127.515396 	 1.000000 
43296.558594 	 65355.742188 	 14267.546875 	 51.334347 	 16.580917 	 97.804535 	 1.000000 
43442.429688 	 65195.625000 	 14446.649414 	 138.297852 	 46.936329 	 -86.413536 	 1.000000 
43509.199219 	 65249.003906 	 14357.958984 	 -49.532604 	 79.662865 	 63.124676 	 1.000000 
43489.800781 	 65190.828125 	 14417.618164 	 -10.874928 	 -26.744967 	 73.253670 	 1.000000 
43358.566406 	 65310.902344 	 14233.247070 	 106.888954 	 40.171135 	 147.926575 	 1.000000 
43326.789062 	 65392.316406 	 14005.630859 	 -71.653816 	 48.407322 	 222.709000 	 1.000000 
43613.460938 	 65153.792969 	 14424.248047 	 -4.080150 	 32.094418 	 -123.601227 	 1.000000 
43406.140625 	 65167.933594 	 14414.828125 	 -59.378830 	 68.103668 	 -71.094513 	 1.000000 
43507.164062 	 65060.519531 	 14366.445312 	 169.100250 	 92.939270 	 151.059921 	 1.000000 
43370.183594 	 65410.859375 	 13989.582031 	 -54.430817 	 58.849297 	 270.927063 	 1.000000 
43196.878906 	 65298.273438 	 14102.926758 	 31.504957 	 19.654417 	 65.042023 	 1.000000 
43432.007812 	 65165.933594 	 14372.866211 	 151.473129 	 93.330009 	 -128.000076 	 1.000000 
43459.343750 	 65332.054688 	 14286.844727 	 91.807236 	 -21.663481 	 -30.032043 	 1.000000 
43562.207031 	 65055.429688 	 14213.777344 	 64.254234 	 213.074417 	 -74.507561 	 1.000000 
43515.085938 	 65247.632812 	 14171.907227 	 -44.046360 	 169.993713 	 -74.691330 	 1.000000 
43530.699219 	 65272.089844 	 14218.175781 	 42.124260 	 70.292084 	 -6.526346 	 1.000000 
43357.582031 	 65367.937500 	 14002.486328 	 -96.185555 	 119.192642 	 228.894180 	 1.000000 
43463.546875 	 65278.949219 	 14393.425781 	 -90.822815 	 218.034164 	 74.685249 	 1.000000 
43369.695312 	 65283.683594 	 14277.212891 	 -93.407715 	 76.887802 	 113.541801 	 1.000000 
43221.308594 	 65307.054688 	 14200.536133 	 86.510208 	 116.893639 	 227.194031 	 1.000000 
43474.726562 	 65220.269531 	 14237.779297 	 -44.567360 	 -83.313210 	 258.827118 	 1.000000 
43289.671875 	 65249.277344 	 14233.696289 	 105.549988 	 3.681372 	 77.744637 	 1.000000 
43467.582031 	 65150.910156 	 14279.548828 	 335.032928 	 -63.659611 	 47.362202 	 1.000000 
43490.058594 	 65121.875000 	 14477.114258 	 132.648895 	 107.031265 	 -60.892315 	 1.000000 
43490.070312 	 65094.500000 	 14178.699219 	 -113.140541 	 147.978699 	 135.945312 	 1.000000 
43353.757812 	 65188.039062 	 14314.839844 	 -78.183807 	 248.802795 	 -70.202103 	 1.000000 
43393.835938 	 65024.824219 	 14352.472656 	 118.498222 	 -90.967949 	 -35.161892 	 1.000000 
43260.757812 	 65254.589844 	 14054.416992 	 -41.498741 	 92.752502 	 217.020264 	 1.000000 
43434.050781 	 65386.515625 	 14217.941406 	 -38.153980 	 41.247211 	 90.596970 	 1.000000 
43443.250000 	 65021.039062 	 14477.645508 	 116.832207 	 80.989738 	 153.856888 	 1.000000 
43372.765625 	 65330.789062 	 14133.963867 	 -96.122063 	 298.626495 	 150.583771 	 1.000000 
43538.433594 	 65007.195312 	 14398.830078 	 175.602753 	 50.845219 	 103.068840 	 1.000000 
43384.992188 	 65325.902344 	 14254.196289 	 61.752934 	 163.351547 	 -131.515686 	 1.000000 
43450.972656 	 65330.371094 	 14424.663086 	 -44.974442 	 31.426331 	 -160.050110 	 1.000000 
43369.691406 	 65300.171875 	 14043.981445 	 -30.849169 	 72.795532 	 250.197830 	 1.000000 
43294.804688 	 65162.714844 	 14291.063477 	 5.520137 	 -15.639602 	 14.717403 	 1.000000 
43355.007812 	 65226.632812 	 14067.763672 	 -31.986254 	 -92.519516 	 131.331039 	 1.000000 
43461.199219 	 65222.339844 	 14213.307617 	 -141.543701 	 252.365250 	 -23.722546 	 1.000000 
43447.273438 	 65016.132812 	 14344.318359 	 214.176208 	 -4.722152 	 42.750637 	 1.000000 
43603.324219 	 65117.285156 	 14352.357422 	 237.023102 	 94.658234 	 -76.458702 	 1.000000 
43448.421875 	 65114.996094 	 14302.662109 	 267.537994 	 17.181957 	 137.126328 	 1.000000 
43468.257812 	 65230.281250 	 14410.142578 	 170.514297 	 51.719265 	 112.635330 	 1.000000 
43529.152344 	 65107.695312 	 14176.816406 	 -64.844688 	 -31.211493 	 130.715256 	 1.000000 
43532.277344 	 65299.847656 	 14268.295898 	 -3.640445 	 113.828949 	 -2.551732 	 1.000000 
43274.000000 	 65297.117188 	 14288.796875 	 108.248436 	 21.279015 	 45.107758 	 1.000000 
43436.558594 	 65019.140625 	 14397.263672 	 45.908573 	 27.683004 	 -8.545601 	 1.000000 
43479.156250 	 65034.730469 	 14255.025391 	 -61.739086 	 61.497505 	 158.016510 	 1.000000 
43605.761719 	 65090.484375 	 14235.501953 	 81.737434 	 96.892960 	 77.654381 	 1.000000 
43461.242188 	 65177.960938 	 14269.570312 	 188.077774 	 -94.708267 	 1.802306 	 1.000000 
43398.601562 	 65210.582031 	 14206.621094 	 -184.172653 	 202.177948 	 24.905066 	 1.000000 
43334.792969 	 65187.121094 	 14242.500000 	 62.812435 	 132.800842 	 233.005814 	 1.000000 
43421.179688 	 65288.410156 	 14472.064453 	 34.940338 	 0.819832 	 -78.144066 	 1.000000 
43402.003906 	 65348.863281 	 14446.161133 	 99.602928 	 81.416328 	 244.858459 	 1.000000 
43497.757812 	 65254.089844 	 14236.966797 	 161.368195 	 310.276764 	 -33.766922 	 1.000000 
43527.671875 	 65126.125000 	 14366.699219 	 92.876221 	 261.830200 	 137.627380 	 1.000000 
43459.703125 	 65243.125000 	 14529.736328 	 -130.630814 	 215.071014 	 -30.525057 	 1.000000 
43468.562500 	 65125.773438 	 14425.596680 	 41.173794 	 151.589905 	 133.545975 	 1.000000 
43339.589844 	 65335.441406 	 14213.222656 	 11.113336 	 -33.687637 	 2.001235 	 1.000000 
43491.234375 	 65336.230469 	 14387.965820 	 13.441450 	 25.963652 	 -168.722351 	 1.000000 
43026.558594 	 65472.910156 	 14080.880859 	 -34.927063 	 156.057434 	 81.620163 	 1.000000 
43080.046875 	 65444.378906 	 14067.781250 	 75.824867 	 122.082596 	 43.812363 	 1.000000 
43118.437500 	 65512.296875 	 14097.531250 	 3.164720 	 163.988281 	 171.300446 	 1.000000 
42972.394531 	 65386.578125 	 14118.462891 	 205.263199 	 37.523964 	 51.761261 	 1.000000 
43211.492188 	 64277.312500 	 13017.654297 	 -71.063324 	 242.477707 	 134.031174 	 1.000000 
43285.332031 	 64230.039062 	 13126.669922 	 -42.627987 	 209.662506 	 108.252327 	 1.000000 
43332.359375 	 64284.851562 	 13108.337891 	 -9.069605 	 229.959595 	 103.192039 	 1.000000 
43248.390625 	 64212.101562 	 13045.976562 	 1.847747 	 254.726456 	 162.725433 	 1.000000 
43238.976562 	 64220.886719 	 12947.321289 	 -17.361736 	 226.595490 	 75.779884 	 1.000000 
43281.066406 	 64274.363281 	 12987.083008 	 -71.045616 	 177.880463 	 70.384453 	 1.000000 
43894.824219 	 66146.500000 	 14706.939453 	 -2.380211 	 4.726366 	 90.088722 	 1.000000 
43901.269531 	 66139.109375 	 14680.064453 	 -0.668534 	 -110.029495 	 58.399883 	 1.000000 
43944.125000 	 66168.515625 	 14675.256836 	 -62.942284 	 64.164795 	 78.603226 	 1.000000 
42921.035156 	 65456.621094 	 12917.137695 	 -87.960182 	 60.814308 	 209.854996 	 1.000000 
42947.089844 	 65443.332031 	 12980.437500 	 -113.352432 	 43.122082 	 213.718750 	 1.000000 
42885.410156 	 65446.851562 	 12899.333984 	 2.266013 	 81.766479 	 190.385834 	 1.000000 
42920.578125 	 65422.175781 	 12931.359375 	 -26.905333 	 114.463364 	 191.172363 	 1.000000 
43692.902344 	 65081.062500 	 14070.853516 	 -44.360195 	 117.414955 	 111.689774 	 1.000000 
43638.433594 	 65295.906250 	 14744.790039 	 -136.992111 	 151.048416 	 70.434380 	 1.000000 
43668.597656 	 65351.851562 	 14757.974609 	 -123.327095 	 107.235146 	 47.417969 	 1.000000 
43633.718750 	 65282.554688 	 14736.716797 	 -139.239883 	 150.199371 	 103.692070 	 1.000000 
43312.343750 	 65177.902344 	 14728.704102 	 145.401627 	 200.731049 	 -6.318495 	 1.000000 
43992.578125 	 66267.156250 	 12885.937500 	 -83.166237 	 96.402367 	 126.795387 	 1.000000 
43999.578125 	 66564.125000 	 13802.665039 	 -1.582310 	 23.466614 	 95.474442 	 1.000000 
44021.925781 	 66549.289062 	 13741.632812 	 11.866605 	 35.989468 	 117.646858 	 1.000000 
42876.007812 	 64910.796875 	 13255.585938 	 95.640381 	 257.735016 	 106.433533 	 1.000000 
43136.484375 	 65856.742188 	 12564.597656 	 -111.561729 	 97.167519 	 173.002380 	 1.000000 
43133.683594 	 65887.187500 	 12541.756836 	 -119.174881 	 147.429657 	 205.401245 	 1.000000 
43478.292969 	 65779.273438 	 12506.547852 	 -102.739044 	 79.564323 	 136.769547 	 1.000000 
42957.898438 	 65142.031250 	 13453.585938 	 28.698757 	 131.571228 	 348.219513 	 1.000000 
42935.097656 	 65148.246094 	 13381.795898 	 -40.671009 	 103.833084 	 22.338917 	 1.000000 
42598.691406 	 64729.667969 	 12919.438477 	 58.814621 	 196.609634 	 118.474243 	 1.000000 
42556.867188 	 64701.445312 	 12896.862305 	 68.519737 	 211.252640 	 127.598610 	 1.000000 
42120.578125 	 63671.710938 	 13331.781250 	 10.892192 	 160.763290 	 77.205406 	 1.000000 
42111.953125 	 63633.406250 	 13353.595703 	 0.013576 	 179.440201 	 83.587883 	 1.000000 
43642.523438 	 65528.761719 	 13986.281250 	 -175.832916 	 51.610928 	 130.058853 	 1.000000 
43596.285156 	 65523.453125 	 13970.049805 	 1.463175 	 124.195236 	 77.249634 	 1.000000 
43618.941406 	 65497.148438 	 13950.542969 	 115.548233 	 175.739578 	 198.550034 	 1.000000 
43978.281250 	 66458.859375 	 13974.402344 	 -0.417881 	 26.718859 	 87.185387 	 1.000000 
43187.839844 	 65448.246094 	 13909.339844 	 -11.191336 	 22.288677 	 57.623539 	 1.000000 
43187.609375 	 65445.707031 	 13855.176758 	 -134.307922 	 92.486145 	 134.063614 	 1.000000 
43471.761719 	 65336.117188 	 14640.135742 	 -156.882919 	 201.351135 	 33.765305 	 1.000000 
43428.402344 	 65356.242188 	 14671.849609 	 180.369781 	 -2.008332 	 -6.043041 	 1.000000 
43462.171875 	 65328.660156 	 14641.993164 	 -139.798370 	 167.421921 	 39.759464 	 1.000000 
43423.484375 	 65403.875000 	 14644.276367 	 -4.026708 	 261.645691 	 -31.463831 	 1.000000 
43442.175781 	 65304.152344 	 14646.974609 	 183.750565 	 -1.342180 	 -9.016327 	 1.000000 
43424.871094 	 65375.929688 	 14661.463867 	 147.764267 	 165.105698 	 -40.236256 	 1.000000 
42802.839844 	 65202.996094 	 13184.555664 	 174.682739 	 105.024460 	 107.181587 	 1.000000 
43463.933594 	 64722.304688 	 15864.874023 	 58.932987 	 183.598206 	 109.664459 	 9.000000 
43466.414062 	 64706.957031 	 15857.560547 	 94.382675 	 179.438858 	 113.547844 	 9.000000 
43433.324219 	 64724.558594 	 15868.024414 	 61.684628 	 158.410004 	 111.993019 	 9.000000 
43884.027344 	 65363.003906 	 14959.611328 	 -112.618439 	 134.046783 	 90.131432 	 1.000000 
42616.265625 	 67148.187500 	 14403.315430 	 56.428463 	 41.845081 	 80.214424 	 10.000000 
44233.183594 	 65121.367188 	 15298.279297 	 -70.716217 	 150.906403 	 127.137962 	 1.000000 
42575.988281 	 67120.289062 	 14282.289062 	 57.518890 	 42.153526 	 92.789589 	 10.000000 
42575.281250 	 67112.187500 	 14287.318359 	 61.776051 	 86.368515 	 101.568398 	 10.000000 
43231.882812 	 63660.417969 	 12736.765625 	 -62.275772 	 189.831268 	 144.559677 	 1.000000 
43213.878906 	 63704.164062 	 12733.654297 	 -46.970707 	 175.110809 	 148.592697 	 1.000000 
43604.996094 	 65913.906250 	 13578.591797 	 -10.996662 	 -11.204560 	 111.689140 	 1.000000 
43615.296875 	 65897.578125 	 13572.101562 	 -19.652626 	 -6.381787 	 82.791565 	 1.000000 
42738.875000 	 66872.312500 	 15054.336914 	 59.348793 	 3.156188 	 80.167549 	 10.000000 
43786.144531 	 65018.507812 	 15734.992188 	 18.070982 	 210.357346 	 114.500923 	 1.000000 
43833.367188 	 66556.898438 	 12804.723633 	 6.865298 	 52.294666 	 87.246689 	 1.000000 
43883.628906 	 65458.718750 	 13880.527344 	 -159.592880 	 95.789268 	 120.270248 	 1.000000 
43511.371094 	 65625.523438 	 15007.645508 	 -13.061791 	 -5.650870 	 57.287743 	 1.000000 
42878.296875 	 65579.992188 	 15920.396484 	 119.205170 	 131.981934 	 84.744377 	 0.000000 
43038.035156 	 65627.335938 	 12624.793945 	 -76.180855 	 73.758347 	 194.514038 	 1.000000 
43938.515625 	 65040.210938 	 14853.181641 	 -71.785835 	 185.437317 	 82.245628 	 1.000000 
43305.832031 	 65921.023438 	 12294.479492 	 -124.380089 	 143.960556 	 169.584702 	 1.000000 
43313.246094 	 65886.898438 	 12290.603516 	 -115.133553 	 148.386520 	 156.862671 	 1.000000 
43302.703125 	 65925.648438 	 12307.092773 	 -114.653984 	 95.603668 	 159.109299 	 1.000000 
43657.320312 	 65902.242188 	 13361.477539 	 -23.073763 	 -4.392302 	 114.921722 	 1.000000 
43619.058594 	 65895.859375 	 13357.169922 	 -3.126099 	 -15.591586 	 121.943092 	 1.000000 
43672.976562 	 65909.781250 	 13385.269531 	 -26.024103 	 2.430462 	 102.928093 	 1.000000 
43533.007812 	 64898.269531 	 14473.387695 	 34.970436 	 38.594456 	 -41.657887 	 1.000000 
42302.894531 	 65190.195312 	 12888.355469 	 102.864151 	 109.486870 	 77.527664 	 1.000000 
42742.613281 	 66685.812500 	 13752.473633 	 58.914219 	 19.026810 	 76.967529 	 5.000000 
42739.648438 	 66697.523438 	 13746.250977 	 50.028133 	 18.389631 	 83.053566 	 5.000000 
42717.843750 	 66699.687500 	 13745.297852 	 56.566956 	 5.940890 	 74.487663 	 5.000000 
42116.792969 	 65134.234375 	 12598.074219 	 65.795013 	 82.503586 	 78.582977 	 1.000000 
42118.679688 	 65178.804688 	 12617.267578 	 82.760887 	 142.903503 	 58.267662 	 1.000000 
42732.644531 	 66720.539062 	 13636.784180 	 53.915184 	 19.583496 	 88.625931 	 5.000000 
44368.585938 	 65337.015625 	 15609.666016 	 -43.324776 	 147.784119 	 137.415222 	 1.000000 
41525.667969 	 65261.933594 	 13991.180664 	 75.481453 	 104.809090 	 61.701862 	 3.000000 
41520.792969 	 65267.343750 	 13982.661133 	 81.472054 	 99.567581 	 73.406357 	 3.000000 
43689.359375 	 65554.187500 	 14957.378906 	 -116.349197 	 144.271713 	 88.245186 	 1.000000 
43507.464844 	 65954.859375 	 12268.705078 	 -83.423119 	 75.046463 	 125.688835 	 1.000000 
43477.687500 	 65929.890625 	 12290.009766 	 -97.911003 	 90.521957 	 124.440056 	 1.000000 
43060.003906 	 65331.070312 	 12249.606445 	 13.004092 	 44.826828 	 109.149612 	 1.000000 
43046.558594 	 65333.578125 	 12268.374023 	 10.141984 	 34.486935 	 91.525665 	 1.000000 
42745.671875 	 66305.164062 	 15508.860352 	 68.327652 	 -22.535650 	 126.018623 	 10.000000 
42843.460938 	 66497.765625 	 13870.541016 	 60.678673 	 14.172715 	 82.737564 	 5.000000 
43337.941406 	 64904.152344 	 13271.327148 	 54.168625 	 86.265404 	 285.085052 	 1.000000 
43346.074219 	 64909.855469 	 13299.685547 	 33.645927 	 92.861504 	 289.950684 	 1.000000 
43316.667969 	 64902.703125 	 13319.376953 	 45.254944 	 52.708549 	 285.018982 	 1.000000 
44193.152344 	 65046.054688 	 15348.229492 	 -72.450760 	 123.802963 	 121.864326 	 1.000000 
44194.164062 	 65059.582031 	 15346.027344 	 -99.797325 	 157.967194 	 125.070793 	 1.000000 
42704.082031 	 63311.554688 	 14171.057617 	 -8.934950 	 167.595886 	 90.296486 	 6.000000 
44549.804688 	 65431.972656 	 15465.551758 	 -75.203545 	 152.894577 	 160.712418 	 1.000000 
42717.589844 	 64504.589844 	 15016.982422 	 88.104599 	 158.654724 	 72.673714 	 8.000000 
43363.132812 	 65484.691406 	 14471.426758 	 -15.446826 	 98.984634 	 -117.514481 	 1.000000 
44462.050781 	 64804.605469 	 15161.203125 	 -72.134842 	 201.283691 	 152.335358 	 1.000000 
43309.492188 	 64826.332031 	 13569.838867 	 -102.426880 	 298.514557 	 98.790199 	 1.000000 
43461.667969 	 65615.250000 	 15410.064453 	 50.067047 	 -17.721624 	 89.272499 	 1.000000 
43472.542969 	 65594.585938 	 15384.766602 	 48.920933 	 -8.451621 	 95.378548 	 1.000000 
43738.562500 	 65406.042969 	 15157.496094 	 -100.904526 	 154.967224 	 92.608925 	 1.000000 
41452.339844 	 65409.222656 	 14293.916016 	 71.580490 	 101.843536 	 66.350800 	 3.000000 
42340.722656 	 65300.753906 	 12814.074219 	 106.326233 	 98.556923 	 81.096321 	 1.000000 
41857.234375 	 65414.718750 	 13134.918945 	 74.148140 	 64.879967 	 54.725689 	 1.000000 
43382.667969 	 65219.421875 	 13869.245117 	 -41.113304 	 33.225414 	 -67.462212 	 1.000000 
43132.582031 	 65419.824219 	 14045.875977 	 -38.399071 	 11.067120 	 71.670738 	 1.000000 
44055.187500 	 67052.109375 	 13622.893555 	 0.701355 	 39.384968 	 76.735153 	 1.000000 
44138.238281 	 64988.937500 	 15285.398438 	 -79.630234 	 158.798340 	 137.515854 	 1.000000 
44138.210938 	 64967.132812 	 15304.040039 	 -79.842400 	 175.823486 	 140.423294 	 1.000000 
43337.945312 	 65482.523438 	 14244.375977 	 46.733418 	 21.112333 	 114.895103 	 1.000000 
43575.417969 	 65001.726562 	 14439.495117 	 21.646046 	 116.789375 	 -31.301647 	 1.000000 
41708.605469 	 65440.746094 	 13027.683594 	 71.471382 	 67.066818 	 52.027531 	 1.000000 
41733.773438 	 65410.453125 	 13027.634766 	 68.034416 	 67.609863 	 59.935490 	 1.000000 
43508.285156 	 64834.785156 	 14269.029297 	 135.669098 	 47.125446 	 -35.364037 	 1.000000 
44346.339844 	 66912.523438 	 13204.553711 	 8.336606 	 58.070023 	 78.725792 	 1.000000 
44382.187500 	 64931.332031 	 15111.234375 	 -74.950172 	 200.947540 	 151.831284 	 1.000000 
42579.824219 	 65326.734375 	 12083.313477 	 -27.337795 	 202.397629 	 141.062332 	 1.000000 
43591.296875 	 65276.261719 	 13746.957031 	 -50.299671 	 156.147842 	 282.536072 	 1.000000 
43593.984375 	 65548.226562 	 14047.553711 	 -172.268585 	 58.699829 	 122.826408 	 1.000000 
43576.457031 	 65506.726562 	 14042.701172 	 -178.663040 	 46.562389 	 122.274170 	 1.000000 
43118.363281 	 65208.484375 	 13936.354492 	 21.684229 	 123.172279 	 88.565788 	 1.000000 
43085.328125 	 65387.390625 	 14248.535156 	 -51.730835 	 48.930031 	 -76.500000 	 1.000000 
43089.597656 	 65344.113281 	 14236.778320 	 -94.624176 	 43.531311 	 23.874306 	 1.000000 
43826.937500 	 65026.535156 	 14652.987305 	 80.166824 	 123.706848 	 44.551445 	 1.000000 
43785.183594 	 65249.507812 	 15711.483398 	 9.469715 	 146.894547 	 91.527512 	 1.000000 
44401.550781 	 66895.367188 	 14453.172852 	 27.754787 	 16.699711 	 89.233437 	 11.000000 
42996.531250 	 65200.949219 	 12088.131836 	 -1.006791 	 119.094261 	 129.592712 	 1.000000 
43719.101562 	 66416.796875 	 13585.349609 	 5.168975 	 18.732975 	 92.467804 	 1.000000 
44012.460938 	 65679.203125 	 14472.608398 	 -124.256668 	 117.920876 	 127.430016 	 1.000000 
43811.761719 	 64929.500000 	 14767.730469 	 57.137657 	 126.727226 	 40.578045 	 1.000000 
43272.925781 	 65367.617188 	 13229.922852 	 10.096020 	 39.708767 	 296.163879 	 1.000000 
41777.679688 	 65584.671875 	 13489.322266 	 73.395943 	 47.850533 	 66.253349 	 1.000000 
43757.933594 	 66535.960938 	 13373.609375 	 3.595667 	 26.849833 	 90.710564 	 1.000000 
43782.488281 	 63568.277344 	 13530.858398 	 -65.992310 	 187.710983 	 107.777069 	 4.000000 
43318.207031 	 65990.429688 	 12411.891602 	 -93.053307 	 78.195656 	 146.001709 	 1.000000 
43679.632812 	 65316.316406 	 15198.161133 	 57.982601 	 38.842010 	 28.088110 	 1.000000 
42849.093750 	 64726.808594 	 13021.510742 	 92.500603 	 213.808670 	 106.324104 	 1.000000 
43532.335938 	 66044.351562 	 13609.749023 	 11.609252 	 -7.529736 	 112.822563 	 1.000000 
43683.300781 	 65533.531250 	 15073.128906 	 -62.423660 	 32.491329 	 76.281830 	 1.000000 
43687.773438 	 66021.742188 	 13416.085938 	 -10.370719 	 -2.876614 	 114.488365 	 1.000000 
43751.246094 	 65335.519531 	 15116.379883 	 90.051979 	 25.406628 	 27.639088 	 1.000000 
43760.445312 	 65321.050781 	 15403.058594 	 -16.934502 	 197.823410 	 85.366302 	 1.000000 
43350.890625 	 65303.015625 	 14638.534180 	 118.001976 	 94.168373 	 -23.626097 	 1.000000 
43607.703125 	 64970.652344 	 14199.768555 	 -20.296478 	 61.627335 	 96.002396 	 1.000000 
42634.207031 	 65200.785156 	 12917.148438 	 131.297333 	 102.244270 	 89.749168 	 1.000000 
43791.484375 	 65907.851562 	 15469.804688 	 -8.410087 	 24.474632 	 94.823769 	 1.000000 
43848.761719 	 65797.687500 	 15076.353516 	 17.150959 	 -8.518893 	 75.120255 	 1.000000 
43402.441406 	 65158.890625 	 14897.636719 	 59.714539 	 236.699051 	 17.264879 	 1.000000 
42179.589844 	 63618.183594 	 13303.573242 	 -6.191693 	 152.066467 	 82.255211 	 1.000000 
42943.710938 	 65456.308594 	 13464.058594 	 21.500391 	 158.397308 	 325.336609 	 1.000000 
42920.968750 	 65457.085938 	 13459.270508 	 -5.591403 	 54.815346 	 1.845818 	 1.000000 
44442.628906 	 65180.890625 	 15459.155273 	 -82.505981 	 183.789764 	 158.334824 	 1.000000 
44075.117188 	 66360.304688 	 14843.196289 	 -12.569423 	 -13.513870 	 90.060768 	 1.000000 
43143.917969 	 64015.691406 	 13104.047852 	 -101.226913 	 236.750366 	 94.676468 	 1.000000 
43250.191406 	 65614.632812 	 13845.866211 	 17.481655 	 -83.377876 	 95.244522 	 1.000000 
41555.691406 	 66227.437500 	 14369.295898 	 47.183758 	 40.682705 	 88.137466 	 1.000000 
43581.632812 	 65586.164062 	 15599.189453 	 110.071671 	 50.635605 	 101.912148 	 1.000000 
43441.730469 	 65573.492188 	 14815.855469 	 -36.920109 	 118.278503 	 -11.908830 	 1.000000 
43307.882812 	 64970.410156 	 14364.173828 	 9.735692 	 85.665344 	 170.382019 	 1.000000 
43514.515625 	 64894.609375 	 14254.538086 	 50.294449 	 75.850487 	 -106.907654 	 1.000000 
43477.414062 	 64990.105469 	 14024.575195 	 -47.482304 	 107.671181 	 -68.790421 	 1.000000 
42671.496094 	 64511.453125 	 14953.805664 	 95.476471 	 153.245026 	 66.472382 	 8.000000 
42989.675781 	 65411.148438 	 11921.292969 	 4.740520 	 73.596680 	 79.145744 	 1.000000 
42862.023438 	 65555.085938 	 13062.208984 	 18.232105 	 143.306686 	 241.705505 	 1.000000 
42855.531250 	 66747.929688 	 14968.277344 	 64.481094 	 -1.374062 	 82.673332 	 10.000000 
42027.199219 	 65103.234375 	 13838.935547 	 101.270142 	 124.057022 	 62.141678 	 3.000000 
43008.207031 	 65464.312500 	 12866.972656 	 -81.836021 	 102.132805 	 262.544006 	 1.000000 
42450.613281 	 65065.000000 	 13009.729492 	 114.616501 	 103.561310 	 83.587273 	 1.000000 
42621.273438 	 65683.562500 	 14839.977539 	 120.974113 	 57.295830 	 76.355904 	 1.000000 
44752.250000 	 65563.695312 	 14507.544922 	 -67.277374 	 116.131454 	 141.927429 	 1.000000 
43932.523438 	 65178.425781 	 15785.055664 	 32.940994 	 148.932953 	 99.236053 	 1.000000 
43942.027344 	 65181.531250 	 15758.971680 	 -21.007257 	 140.844437 	 111.789558 	 1.000000 
43883.230469 	 65161.824219 	 15821.237305 	 24.082123 	 161.914597 	 99.457809 	 1.000000 
43503.734375 	 66098.718750 	 13458.081055 	 8.847951 	 -7.696363 	 108.116188 	 1.000000 
43094.417969 	 64103.937500 	 13159.012695 	 -72.610016 	 244.268585 	 165.024231 	 1.000000 
43710.328125 	 65458.976562 	 15040.202148 	 -94.921860 	 142.684311 	 102.275986 	 1.000000 
43734.386719 	 64977.191406 	 15951.732422 	 11.456476 	 110.022568 	 95.447823 	 1.000000 
44403.398438 	 65249.464844 	 15612.569336 	 -42.966698 	 149.422791 	 124.178535 	 1.000000 
43490.453125 	 65855.750000 	 12783.517578 	 -103.351494 	 69.681915 	 138.303131 	 1.000000 
44120.386719 	 65385.582031 	 13535.417969 	 -120.297569 	 73.738914 	 141.741486 	 1.000000 
43059.562500 	 65213.109375 	 12326.595703 	 -99.380600 	 185.254227 	 174.425446 	 1.000000 
43066.515625 	 65621.328125 	 12280.592773 	 17.186798 	 142.411591 	 142.063690 	 1.000000 
42769.937500 	 66484.265625 	 15190.967773 	 72.460724 	 -8.188403 	 97.338181 	 10.000000 
43433.457031 	 64924.445312 	 12950.873047 	 18.328609 	 118.336563 	 239.511520 	 1.000000 
43863.675781 	 66260.546875 	 14395.543945 	 -1.571506 	 0.704198 	 110.589638 	 1.000000 
44343.804688 	 65505.433594 	 13966.783203 	 -85.691833 	 68.997513 	 116.400154 	 1.000000 
43234.734375 	 65505.367188 	 13773.599609 	 1.182500 	 122.403061 	 86.943695 	 1.000000 
43685.761719 	 65330.847656 	 15616.094727 	 21.711184 	 161.037476 	 82.000656 	 1.000000 
43279.332031 	 65501.242188 	 14534.925781 	 -114.151573 	 126.741501 	 -53.593594 	 1.000000 
43437.007812 	 65120.640625 	 13886.728516 	 95.782166 	 101.515129 	 24.564951 	 1.000000 
44054.875000 	 66201.617188 	 15357.788086 	 8.678980 	 7.693957 	 92.153389 	 1.000000 
43745.226562 	 65439.589844 	 14922.480469 	 23.995232 	 85.962959 	 -18.644461 	 1.000000 
43969.910156 	 66145.593750 	 14930.216797 	 -5.210359 	 -0.970481 	 61.192085 	 1.000000 
43951.242188 	 66133.781250 	 14933.533203 	 3.891501 	 -4.037080 	 56.620632 	 1.000000 
43351.992188 	 65519.640625 	 15989.458984 	 133.598221 	 76.793999 	 165.525345 	 1.000000 
43215.867188 	 65130.398438 	 13073.913086 	 126.998009 	 225.172943 	 200.463531 	 1.000000 
43216.003906 	 65133.722656 	 13101.273438 	 123.853989 	 232.217194 	 200.946884 	 1.000000 
43208.691406 	 65050.867188 	 14365.870117 	 82.887871 	 67.205261 	 17.674242 	 1.000000 
43213.972656 	 65757.195312 	 13978.182617 	 -53.509174 	 217.296021 	 43.019753 	 1.000000 
44021.464844 	 63464.683594 	 13610.414062 	 -74.085602 	 171.729004 	 126.128670 	 4.000000 
42902.800781 	 65544.375000 	 12983.036133 	 -29.071238 	 146.193726 	 226.116592 	 1.000000 
43857.535156 	 65518.980469 	 15083.256836 	 -110.992432 	 189.045654 	 109.984322 	 1.000000 
43395.855469 	 65590.695312 	 15349.286133 	 126.649628 	 47.201687 	 74.692184 	 1.000000 
42963.496094 	 63850.695312 	 12464.052734 	 -15.468236 	 190.733643 	 125.132713 	 1.000000 
43415.093750 	 66545.070312 	 12510.256836 	 -0.854511 	 60.102650 	 83.460312 	 1.000000 
42951.871094 	 65438.257812 	 12437.174805 	 67.881050 	 143.337921 	 133.732071 	 1.000000 
42122.066406 	 65837.257812 	 15078.776367 	 90.147507 	 70.318840 	 90.297920 	 1.000000 
44571.203125 	 65809.882812 	 13884.874023 	 -59.737705 	 75.174484 	 119.657188 	 1.000000 
43547.566406 	 65952.179688 	 15641.882812 	 42.643150 	 -15.684073 	 116.998741 	 1.000000 
43354.460938 	 63585.613281 	 12966.771484 	 -42.801537 	 212.281311 	 99.367218 	 1.000000 
44177.968750 	 65297.371094 	 15652.495117 	 -20.438370 	 172.210602 	 120.690559 	 1.000000 
42874.125000 	 63999.324219 	 12341.942383 	 -14.608997 	 184.366058 	 125.050407 	 1.000000 
42365.273438 	 64123.808594 	 15025.539062 	 68.515381 	 136.196762 	 78.473778 	 7.000000 
42816.457031 	 66661.968750 	 15008.956055 	 72.259850 	 1.681136 	 83.752121 	 10.000000 
43282.218750 	 65385.730469 	 14407.910156 	 90.738899 	 106.665916 	 -120.559082 	 1.000000 
43316.359375 	 65701.382812 	 13856.531250 	 -8.917521 	 119.972046 	 58.253586 	 1.000000 
44418.058594 	 65802.507812 	 14438.404297 	 -97.488029 	 116.800896 	 147.366989 	 1.000000 
43558.996094 	 65575.601562 	 15643.873047 	 26.765820 	 135.921082 	 71.703239 	 1.000000 
43896.363281 	 65250.156250 	 14922.970703 	 -108.513588 	 172.393234 	 96.387001 	 1.000000 
42872.179688 	 65162.277344 	 12723.218750 	 -6.371385 	 216.307602 	 202.109421 	 1.000000 
43519.425781 	 65009.355469 	 14636.483398 	 -135.223602 	 220.621429 	 79.098862 	 1.000000 
43410.777344 	 65625.804688 	 15915.133789 	 -17.692030 	 38.006405 	 154.007217 	 1.000000 
44329.343750 	 65420.648438 	 15444.452148 	 -84.483246 	 148.782974 	 155.928635 	 1.000000 
44501.777344 	 65152.976562 	 15458.389648 	 -73.154205 	 198.969269 	 156.828613 	 1.000000 
43467.519531 	 65830.679688 	 12113.973633 	 -118.396370 	 150.452545 	 152.735641 	 1.000000 
43534.839844 	 65373.101562 	 14003.625000 	 -64.114494 	 138.574020 	 252.488495 	 1.000000 
44073.007812 	 65362.179688 	 14051.192383 	 -136.809464 	 129.008224 	 121.187027 	 1.000000 
43127.359375 	 65532.363281 	 14024.252930 	 -49.653111 	 24.005852 	 55.855049 	 1.000000 
42946.093750 	 65394.242188 	 12645.089844 	 -98.655212 	 178.872757 	 213.047607 	 1.000000 
44100.390625 	 65726.257812 	 14270.154297 	 -127.599167 	 98.773399 	 144.778168 	 1.000000 
43298.671875 	 65693.335938 	 13797.381836 	 -13.415513 	 182.530731 	 48.343246 	 1.000000 
42745.769531 	 64629.808594 	 14924.613281 	 91.745811 	 159.316727 	 61.947266 	 8.000000 
41886.394531 	 65773.218750 	 14685.558594 	 77.644890 	 54.985264 	 87.136055 	 1.000000 
43963.730469 	 63461.992188 	 13607.412109 	 -60.464531 	 184.267776 	 114.775978 	 4.000000 
42690.886719 	 64900.109375 	 13096.441406 	 94.068977 	 211.161957 	 115.182236 	 1.000000 
43328.453125 	 65800.453125 	 12557.376953 	 -104.777435 	 70.534782 	 128.566727 	 1.000000 
43333.316406 	 65807.679688 	 12574.873047 	 -97.626129 	 81.974594 	 127.512871 	 1.000000 
43909.046875 	 66214.648438 	 15080.750977 	 -26.205294 	 41.852226 	 86.023140 	 1.000000 
44057.273438 	 65055.402344 	 14951.724609 	 -59.567741 	 165.886597 	 79.811104 	 1.000000 
43458.300781 	 65450.960938 	 14842.386719 	 -19.671228 	 144.937851 	 -27.070906 	 1.000000 
44423.617188 	 65562.250000 	 13910.426758 	 -86.747978 	 76.718048 	 127.756905 	 1.000000 
43383.707031 	 65103.925781 	 13321.131836 	 -71.288681 	 83.160423 	 -10.628083 	 1.000000 
42963.714844 	 65231.195312 	 14139.854492 	 -9.379210 	 64.968697 	 -54.433094 	 1.000000 
43233.203125 	 64899.445312 	 12767.801758 	 25.227495 	 109.947937 	 208.067474 	 1.000000 
43463.843750 	 65409.144531 	 13892.033203 	 -121.380486 	 196.563339 	 200.821579 	 1.000000 
43967.515625 	 66670.148438 	 13669.993164 	 1.371526 	 11.598322 	 92.888046 	 1.000000 
43079.976562 	 64498.574219 	 15243.372070 	 58.203144 	 188.922226 	 85.150620 	 0.000000 
43302.636719 	 65076.488281 	 13830.208008 	 -8.447242 	 192.280762 	 -49.738186 	 1.000000 
43123.859375 	 65513.992188 	 13521.063477 	 8.354639 	 209.672028 	 309.845154 	 1.000000 
43591.503906 	 65875.593750 	 12580.364258 	 -106.161415 	 84.129845 	 126.716011 	 1.000000 
42975.187500 	 65067.187500 	 13154.135742 	 118.753662 	 242.196915 	 168.377029 	 1.000000 
43538.695312 	 65204.527344 	 13258.066406 	 30.451468 	 188.489227 	 262.247620 	 1.000000 
43363.617188 	 65329.308594 	 14567.147461 	 107.397064 	 29.776506 	 3.203820 	 1.000000 
43148.273438 	 65629.703125 	 14000.472656 	 -129.533798 	 208.653900 	 85.395805 	 1.000000 
43519.035156 	 66643.453125 	 12878.466797 	 9.224920 	 48.106422 	 80.269157 	 1.000000 
43261.214844 	 65538.898438 	 12207.764648 	 -70.670357 	 94.647461 	 145.312576 	 1.000000 
43825.632812 	 65367.464844 	 15255.182617 	 -107.161461 	 153.268097 	 109.636322 	 1.000000 
43499.359375 	 64944.523438 	 14347.587891 	 165.998322 	 -7.701771 	 17.521494 	 1.000000 
42025.496094 	 65197.746094 	 12606.878906 	 79.610443 	 104.653023 	 65.426544 	 1.000000 
43715.734375 	 65150.781250 	 14691.062500 	 -98.017799 	 193.976654 	 43.091377 	 1.000000 
44042.136719 	 65115.679688 	 14869.477539 	 -73.418152 	 157.887085 	 84.228043 	 1.000000 
43516.210938 	 65349.015625 	 13460.061523 	 -206.437454 	 56.577999 	 200.902664 	 1.000000 
44211.078125 	 66564.687500 	 14042.299805 	 -0.788715 	 12.068023 	 81.930603 	 1.000000 
43151.875000 	 65099.750000 	 13245.904297 	 14.522316 	 -31.360935 	 269.634186 	 1.000000 
42879.347656 	 64813.914062 	 12960.106445 	 101.102699 	 197.838715 	 120.870628 	 1.000000 
42990.476562 	 65217.472656 	 13309.808594 	 33.184811 	 145.757309 	 300.382355 	 1.000000 
43544.863281 	 65719.039062 	 13511.092773 	 -29.759037 	 -34.070343 	 117.505394 	 1.000000 
43051.687500 	 65281.175781 	 12493.382812 	 82.978783 	 152.143661 	 133.507462 	 1.000000 
43278.101562 	 64917.781250 	 13444.333984 	 -5.224594 	 191.367722 	 277.265259 	 1.000000 
41739.726562 	 65849.703125 	 14809.170898 	 76.355888 	 72.654289 	 88.630661 	 1.000000 
43256.453125 	 64951.210938 	 13390.863281 	 29.620705 	 48.856148 	 312.279755 	 1.000000 
44089.699219 	 65376.933594 	 15400.763672 	 -97.121918 	 145.013397 	 140.799179 	 1.000000 
42764.574219 	 64890.148438 	 13059.993164 	 80.770447 	 217.834976 	 133.062073 	 1.000000 
41926.121094 	 65375.289062 	 12771.224609 	 78.947998 	 95.666214 	 46.826485 	 1.000000 
43544.996094 	 65482.386719 	 14972.360352 	 -7.244059 	 162.182693 	 1.871469 	 1.000000 
43560.890625 	 65491.031250 	 14987.152344 	 -43.024494 	 192.399887 	 33.475594 	 1.000000 
43155.843750 	 64438.960938 	 13241.680664 	 -46.569542 	 216.399277 	 158.775620 	 1.000000 
42915.609375 	 65294.734375 	 13544.940430 	 60.501942 	 6.984447 	 280.897125 	 1.000000 
43456.078125 	 65202.429688 	 13886.850586 	 54.466473 	 114.580864 	 53.081722 	 1.000000 
43295.300781 	 64123.832031 	 13029.957031 	 -64.330315 	 278.575745 	 134.720566 	 1.000000 
42873.238281 	 65411.925781 	 13295.219727 	 -35.957279 	 170.206055 	 316.917419 	 1.000000 
43582.835938 	 65432.964844 	 14995.261719 	 28.490562 	 77.154701 	 -3.154272 	 1.000000 
43303.300781 	 65676.007812 	 13912.541016 	 4.680649 	 -68.125183 	 97.520317 	 1.000000 
43772.468750 	 65114.687500 	 14909.738281 	 -109.475266 	 190.189621 	 91.568169 	 1.000000 
43341.679688 	 63590.261719 	 12714.309570 	 -54.097618 	 210.548584 	 116.986443 	 1.000000 
43092.585938 	 65673.937500 	 13955.915039 	 38.268513 	 92.411819 	 223.205902 	 1.000000 
43653.359375 	 65232.738281 	 13869.846680 	 112.058678 	 95.940590 	 59.117741 	 1.000000 
43278.382812 	 65160.937500 	 14043.841797 	 10.602530 	 47.003769 	 162.082260 	 1.000000 
43304.890625 	 66149.554688 	 12500.400391 	 -11.151381 	 44.906281 	 95.159111 	 1.000000 
43614.890625 	 64898.328125 	 14409.809570 	 33.202026 	 88.807022 	 -51.205341 	 1.000000 
43759.250000 	 64977.437500 	 15895.973633 	 -7.194999 	 133.433990 	 110.600143 	 1.000000 
43600.542969 	 65083.328125 	 15716.416992 	 9.207103 	 118.219872 	 83.725967 	 1.000000 
43226.656250 	 65298.738281 	 12634.459961 	 20.628946 	 121.547363 	 199.003479 	 1.000000 
43876.781250 	 66270.539062 	 13932.990234 	 3.963633 	 11.439359 	 91.328445 	 1.000000 
42385.386719 	 65259.281250 	 12839.509766 	 98.660278 	 94.636681 	 73.910805 	 1.000000 
43322.542969 	 65989.085938 	 12216.818359 	 -120.402931 	 125.816902 	 158.245850 	 1.000000 
43700.597656 	 65115.839844 	 14368.861328 	 -68.925484 	 92.944450 	 100.047913 	 1.000000 
43133.933594 	 65343.320312 	 14274.440430 	 -29.179268 	 68.529648 	 114.419380 	 1.000000 
43582.570312 	 65391.980469 	 13357.820312 	 -176.173508 	 61.584911 	 191.709976 	 1.000000 
43862.863281 	 65132.457031 	 15712.956055 	 33.565815 	 159.556290 	 93.617500 	 1.000000 
42994.824219 	 65440.535156 	 12076.467773 	 6.779470 	 43.341404 	 87.512497 	 1.000000 
42238.378906 	 65173.128906 	 13280.726562 	 117.663498 	 102.431633 	 59.129227 	 1.000000 
43905.906250 	 65049.906250 	 14508.581055 	 83.331375 	 104.366402 	 25.287035 	 1.000000 
42917.945312 	 65073.226562 	 13777.635742 	 73.687767 	 196.137283 	 171.355942 	 1.000000 
43250.187500 	 65592.921875 	 12908.856445 	 29.070326 	 74.454277 	 222.895538 	 1.000000 
44020.156250 	 64975.734375 	 14566.213867 	 -117.153671 	 128.105850 	 117.655540 	 1.000000 
44127.054688 	 66234.281250 	 15191.988281 	 -31.158899 	 45.575592 	 104.176147 	 1.000000 
43502.941406 	 65078.468750 	 14753.411133 	 69.766006 	 -37.044254 	 -26.522907 	 1.000000 
43788.496094 	 65062.468750 	 14640.460938 	 38.992977 	 115.597084 	 29.491182 	 1.000000 
43831.539062 	 65173.082031 	 15812.039062 	 21.502666 	 148.736588 	 90.136856 	 1.000000 
43340.027344 	 65329.046875 	 14485.194336 	 18.709694 	 -125.401840 	 38.366520 	 1.000000 
44637.757812 	 65679.492188 	 15062.693359 	 -70.726204 	 150.320587 	 157.658035 	 13.000000 
43684.984375 	 65848.507812 	 12665.762695 	 -102.542725 	 88.181778 	 131.851013 	 1.000000 
42652.078125 	 63708.738281 	 13860.751953 	 4.352687 	 183.061783 	 86.407654 	 0.000000 
42774.515625 	 65418.613281 	 12944.640625 	 -35.270710 	 52.687744 	 178.709290 	 1.000000 
43770.843750 	 65790.929688 	 13603.422852 	 -12.696233 	 -31.743580 	 94.650093 	 1.000000 
42236.972656 	 65336.066406 	 12839.550781 	 92.241608 	 104.318932 	 73.271713 	 1.000000 
43280.316406 	 65104.460938 	 13274.055664 	 -39.727127 	 163.275238 	 106.169060 	 1.000000 
41522.203125 	 65896.929688 	 14520.301758 	 67.028389 	 71.953339 	 82.366875 	 1.000000 
43399.972656 	 65012.753906 	 14059.082031 	 123.766869 	 96.347511 	 116.145844 	 1.000000 
41785.609375 	 65638.468750 	 13765.223633 	 77.625793 	 50.631786 	 70.231010 	 1.000000 
43062.199219 	 65390.214844 	 13265.401367 	 10.547108 	 254.924606 	 258.535278 	 1.000000 
43550.992188 	 65272.746094 	 13596.623047 	 21.814383 	 227.061813 	 253.163879 	 1.000000 
43926.035156 	 65407.464844 	 15091.887695 	 -60.476295 	 180.160736 	 78.974358 	 1.000000 
43932.019531 	 65441.183594 	 15132.246094 	 -57.888672 	 165.791107 	 74.579712 	 1.000000 
42409.480469 	 64207.507812 	 13064.275391 	 60.846397 	 167.678604 	 81.742424 	 1.000000 
43603.113281 	 65172.101562 	 14835.066406 	 -108.640854 	 206.084869 	 59.537037 	 1.000000 
44762.691406 	 65599.085938 	 14508.116211 	 -73.897812 	 111.116173 	 149.329514 	 1.000000 
43185.152344 	 64411.441406 	 12929.977539 	 -57.859100 	 197.068024 	 145.822739 	 1.000000 
42473.097656 	 64060.113281 	 14953.302734 	 48.888222 	 158.269897 	 89.908936 	 7.000000 
43334.910156 	 64291.296875 	 13182.806641 	 -52.549282 	 170.302017 	 183.878464 	 1.000000 
43421.312500 	 65216.960938 	 12557.880859 	 41.319855 	 128.460159 	 179.962143 	 1.000000 
42996.605469 	 65287.054688 	 14391.804688 	 -102.633820 	 36.675892 	 -2.313208 	 1.000000 
44328.554688 	 65308.503906 	 15611.226562 	 -71.368195 	 132.085541 	 127.060844 	 1.000000 
43259.964844 	 64197.156250 	 13213.001953 	 -81.067741 	 181.677032 	 119.967255 	 1.000000 
42878.777344 	 65407.863281 	 13372.063477 	 -99.772514 	 77.646942 	 134.095367 	 1.000000 
41717.898438 	 65451.335938 	 15181.186523 	 81.426971 	 115.861252 	 73.332962 	 0.000000 
43095.285156 	 65342.894531 	 13921.337891 	 88.961281 	 31.418049 	 211.198730 	 1.000000 
43602.781250 	 63653.949219 	 13411.445312 	 -68.685959 	 195.783798 	 100.591019 	 4.000000 
43212.031250 	 65499.484375 	 13440.618164 	 23.438763 	 40.585728 	 37.222431 	 1.000000 
43919.667969 	 65916.812500 	 14919.967773 	 20.924788 	 5.054123 	 69.578445 	 1.000000 
43317.359375 	 65048.562500 	 14076.891602 	 4.286206 	 -9.514796 	 43.029606 	 1.000000 
43980.046875 	 66505.039062 	 13788.560547 	 30.404903 	 26.803633 	 81.310196 	 1.000000 
43005.292969 	 65988.703125 	 14056.501953 	 74.893044 	 -30.027170 	 79.149803 	 1.000000 
43464.812500 	 65557.234375 	 14398.393555 	 63.049282 	 165.164017 	 56.367447 	 1.000000 
43791.250000 	 65030.464844 	 14472.967773 	 72.802528 	 153.308838 	 33.444550 	 1.000000 
43474.265625 	 65117.328125 	 13897.404297 	 26.057463 	 195.608994 	 -40.342205 	 1.000000 
42882.585938 	 66969.914062 	 14796.875977 	 53.345791 	 6.004421 	 67.243942 	 10.000000 
41979.363281 	 65646.406250 	 14878.920898 	 89.727783 	 103.339226 	 73.877609 	 1.000000 
42949.449219 	 65461.640625 	 13372.919922 	 -24.536289 	 66.329475 	 -11.489672 	 1.000000 
43604.664062 	 64975.339844 	 14108.736328 	 67.152763 	 207.194839 	 113.610657 	 1.000000 
43199.546875 	 65348.230469 	 14250.290039 	 2.621646 	 227.312164 	 228.642807 	 1.000000 
42346.203125 	 65118.406250 	 12213.597656 	 60.599083 	 101.120865 	 71.512619 	 1.000000 
44958.003906 	 65619.015625 	 14588.649414 	 -57.085354 	 128.457214 	 138.123291 	 1.000000 
42744.121094 	 64443.351562 	 13176.036133 	 61.711220 	 211.916672 	 96.965591 	 1.000000 
43713.328125 	 66209.710938 	 14207.774414 	 -0.463449 	 3.148556 	 97.764198 	 1.000000 
43434.023438 	 65403.277344 	 14591.098633 	 60.350906 	 62.048443 	 -111.594894 	 1.000000 
43717.742188 	 65281.617188 	 13952.465820 	 10.011857 	 182.939560 	 101.761078 	 1.000000 
41619.210938 	 65493.601562 	 12991.655273 	 73.823891 	 61.480370 	 45.517700 	 1.000000 
42942.785156 	 65293.839844 	 14171.468750 	 -148.806534 	 104.584770 	 101.026909 	 1.000000 
42698.578125 	 64684.742188 	 12845.227539 	 77.870911 	 192.574844 	 89.941269 	 1.000000 
42617.867188 	 64573.074219 	 15016.888672 	 93.210800 	 155.333160 	 61.533302 	 8.000000 
43635.312500 	 65158.234375 	 14607.363281 	 158.023529 	 144.718124 	 38.393620 	 1.000000 
43320.640625 	 65367.718750 	 14444.603516 	 -36.429756 	 16.218002 	 -46.427368 	 1.000000 
43297.261719 	 65547.343750 	 14550.028320 	 -89.214149 	 128.111160 	 -55.391464 	 1.000000 
43308.617188 	 65873.648438 	 11962.160156 	 -106.079941 	 145.150253 	 151.125488 	 1.000000 
43158.472656 	 65509.269531 	 14219.932617 	 22.637192 	 26.327353 	 63.491379 	 1.000000 
43759.214844 	 65301.292969 	 15569.261719 	 -6.308493 	 209.311890 	 104.270966 	 1.000000 
43113.449219 	 65212.367188 	 12319.302734 	 -102.089836 	 193.686874 	 174.076462 	 1.000000 
43163.566406 	 65677.726562 	 12650.579102 	 -120.026451 	 68.284821 	 142.547195 	 1.000000 
43591.066406 	 65535.800781 	 13647.302734 	 -53.675037 	 -57.495209 	 112.737427 	 1.000000 
44000.417969 	 65278.875000 	 13841.606445 	 -154.684769 	 99.124878 	 136.364685 	 1.000000 
43253.574219 	 65703.093750 	 12171.017578 	 -78.172920 	 84.876038 	 138.502853 	 1.000000 
43597.050781 	 65132.855469 	 14520.411133 	 117.774910 	 51.672104 	 -3.588568 	 1.000000 
43384.531250 	 65547.390625 	 14508.255859 	 58.249416 	 148.538483 	 105.109177 	 1.000000 
43717.949219 	 65288.976562 	 15168.248047 	 -0.269956 	 172.416977 	 38.988079 	 1.000000 
43543.367188 	 65500.441406 	 14412.121094 	 72.362190 	 154.393463 	 160.485245 	 1.000000 
43348.687500 	 65313.742188 	 14959.822266 	 -58.573734 	 40.079571 	 18.227991 	 1.000000 
44003.046875 	 65164.058594 	 15782.596680 	 56.454395 	 131.695251 	 75.244751 	 1.000000 
43168.503906 	 65151.941406 	 13173.656250 	 121.677094 	 269.988251 	 214.606277 	 1.000000 
43265.457031 	 65082.164062 	 13728.821289 	 -14.045867 	 102.996193 	 -86.839912 	 1.000000 
42938.835938 	 65237.976562 	 12703.695312 	 103.144470 	 48.596569 	 124.289154 	 1.000000 
43466.292969 	 65368.375000 	 15963.265625 	 32.669518 	 121.412628 	 82.891045 	 1.000000 
43542.007812 	 64865.261719 	 13425.720703 	 5.728306 	 156.185776 	 24.513382 	 1.000000 
43516.750000 	 65308.703125 	 13538.680664 	 -27.177637 	 131.873779 	 287.757935 	 1.000000 
43960.523438 	 66220.437500 	 15126.524414 	 -34.044449 	 43.611492 	 91.345963 	 1.000000 
43696.117188 	 65424.222656 	 14293.422852 	 -179.373703 	 90.950951 	 110.634651 	 1.000000 
43275.355469 	 65251.570312 	 12320.244141 	 45.892448 	 130.684982 	 146.196228 	 1.000000 
43461.300781 	 65885.468750 	 13564.465820 	 4.278936 	 -25.705082 	 110.403496 	 1.000000 
43191.343750 	 65116.656250 	 14061.276367 	 134.738083 	 282.828766 	 48.538265 	 1.000000 
43304.601562 	 65463.933594 	 14180.366211 	 9.372947 	 60.302013 	 115.256065 	 1.000000 
43177.734375 	 65360.433594 	 14553.321289 	 80.824509 	 51.632416 	 93.972427 	 1.000000 
43924.667969 	 65283.070312 	 15063.808594 	 -50.456844 	 176.646820 	 69.747749 	 1.000000 
42613.089844 	 64343.246094 	 13146.942383 	 52.536488 	 204.507263 	 93.792953 	 1.000000 
42607.785156 	 65292.394531 	 12118.420898 	 -29.614176 	 210.452209 	 137.401779 	 1.000000 
44019.046875 	 66200.781250 	 15020.050781 	 -1.550206 	 2.024100 	 65.908134 	 1.000000 
43136.847656 	 65321.328125 	 14465.215820 	 202.252258 	 27.767233 	 38.541290 	 1.000000 
43149.230469 	 65148.515625 	 14065.258789 	 79.765221 	 85.788300 	 196.124619 	 1.000000 
43740.042969 	 66197.203125 	 14205.369141 	 -0.516696 	 -13.842195 	 93.354279 	 1.000000 
44184.105469 	 65352.054688 	 15362.246094 	 -92.817131 	 185.688568 	 136.022369 	 1.000000 
43084.144531 	 65055.320312 	 13281.397461 	 73.757301 	 96.216576 	 234.012344 	 1.000000 
43313.558594 	 65309.578125 	 11839.449219 	 -104.187843 	 166.410278 	 145.563660 	 1.000000 
44373.187500 	 66833.187500 	 14480.079102 	 27.218882 	 21.548965 	 84.825867 	 11.000000 
43684.769531 	 65708.742188 	 13591.761719 	 -38.544380 	 -30.973238 	 99.333801 	 1.000000 
43370.671875 	 65759.523438 	 15212.763672 	 61.995457 	 -21.336618 	 88.584824 	 1.000000 
42308.964844 	 65059.281250 	 14620.650391 	 111.571777 	 122.905136 	 57.545898 	 0.000000 
43485.277344 	 64964.656250 	 14700.985352 	 10.636544 	 97.966652 	 34.428337 	 1.000000 
43719.437500 	 66138.132812 	 14375.721680 	 2.355649 	 9.240810 	 107.147163 	 1.000000 
43569.390625 	 66835.656250 	 12661.385742 	 8.387802 	 61.285290 	 79.817924 	 1.000000 
43859.218750 	 64874.781250 	 15594.240234 	 -25.384922 	 145.960632 	 110.466537 	 1.000000 
42658.386719 	 65295.269531 	 12157.589844 	 -42.160370 	 131.299133 	 135.679367 	 1.000000 
43011.757812 	 65529.062500 	 13616.151367 	 45.093494 	 35.477184 	 70.767860 	 1.000000 
43814.613281 	 66673.937500 	 12664.726562 	 10.557202 	 50.606728 	 85.096710 	 1.000000 
44300.089844 	 65821.296875 	 13834.283203 	 -108.754128 	 96.290504 	 153.203247 	 1.000000 
44011.988281 	 63582.820312 	 13774.386719 	 -73.140533 	 171.535233 	 121.040367 	 4.000000 
43168.835938 	 64647.308594 	 13367.298828 	 5.597415 	 282.075775 	 92.810410 	 1.000000 
41906.023438 	 65358.687500 	 12800.230469 	 76.422531 	 105.301544 	 49.436543 	 1.000000 
41415.003906 	 65798.695312 	 14269.801758 	 60.824036 	 69.152130 	 79.976677 	 1.000000 
44883.656250 	 65605.468750 	 14560.587891 	 -61.812645 	 118.393875 	 150.376511 	 1.000000 
44031.929688 	 63458.585938 	 13696.035156 	 -75.537575 	 168.834091 	 118.837593 	 4.000000 
43101.703125 	 64320.398438 	 12961.492188 	 -35.757786 	 266.496582 	 98.263229 	 1.000000 
42527.152344 	 65167.472656 	 12448.809570 	 29.846893 	 193.701523 	 131.040817 	 1.000000 
43276.089844 	 63649.148438 	 12819.875977 	 -63.070251 	 199.085876 	 150.360764 	 1.000000 
43176.367188 	 65652.531250 	 12669.257812 	 -121.793892 	 72.850151 	 156.666748 	 1.000000 
43607.898438 	 65421.761719 	 14126.650391 	 21.039225 	 117.928680 	 126.879044 	 1.000000 
43878.164062 	 66721.343750 	 13753.124023 	 8.030246 	 13.057549 	 82.658440 	 1.000000 
44191.179688 	 65471.949219 	 14064.315430 	 -125.598068 	 104.941223 	 123.760117 	 1.000000 
43984.640625 	 63446.835938 	 13683.620117 	 -68.576164 	 169.792191 	 118.704811 	 4.000000 
42993.519531 	 65526.683594 	 12662.590820 	 -127.404961 	 66.452110 	 183.640884 	 1.000000 
44224.847656 	 66965.835938 	 13260.919922 	 16.106071 	 49.089462 	 77.971992 	 1.000000 
43379.363281 	 65078.085938 	 13978.891602 	 50.589569 	 92.948586 	 21.904406 	 1.000000 
41576.382812 	 65204.324219 	 13740.747070 	 77.929367 	 106.491386 	 63.433247 	 3.000000 
42737.300781 	 65467.976562 	 12135.885742 	 59.469734 	 54.503223 	 62.602810 	 1.000000 
42855.582031 	 65350.671875 	 12228.510742 	 -27.000875 	 126.088066 	 145.698105 	 1.000000 
41680.851562 	 65763.742188 	 14020.709961 	 74.700027 	 68.790794 	 74.908768 	 1.000000 
42157.535156 	 63634.949219 	 13385.324219 	 -1.219186 	 147.427902 	 72.076027 	 1.000000 
43554.761719 	 65607.921875 	 13231.996094 	 -137.950439 	 47.840130 	 169.417892 	 1.000000 
44013.625000 	 65044.488281 	 15767.812500 	 -21.679951 	 139.338226 	 120.031136 	 1.000000 
43985.382812 	 66151.781250 	 14957.168945 	 -12.098724 	 -5.319848 	 64.868942 	 1.000000 
42891.058594 	 66679.843750 	 14718.948242 	 47.521214 	 14.810261 	 92.380623 	 10.000000 
43629.085938 	 64876.480469 	 14492.829102 	 166.032501 	 37.535976 	 26.657017 	 1.000000 
43273.578125 	 65594.968750 	 13692.972656 	 -12.317669 	 218.429581 	 -10.695288 	 1.000000 
43521.410156 	 65264.625000 	 14083.083984 	 -221.257568 	 117.332367 	 135.619003 	 1.000000 
43604.281250 	 65496.800781 	 15022.814453 	 -61.727013 	 30.001787 	 64.135384 	 1.000000 
41696.257812 	 65565.976562 	 13376.750977 	 71.573410 	 45.022816 	 67.391563 	 1.000000 
44097.039062 	 65434.613281 	 15318.036133 	 -82.355186 	 181.313110 	 133.253387 	 1.000000 
43213.511719 	 65513.125000 	 14081.414062 	 32.434048 	 13.286666 	 205.010910 	 1.000000 
42495.304688 	 65552.000000 	 12225.527344 	 -43.513702 	 114.981789 	 114.797615 	 1.000000 
43186.523438 	 65159.304688 	 13171.985352 	 116.761162 	 267.325348 	 217.265198 	 1.000000 
42858.238281 	 65271.984375 	 12267.831055 	 70.492378 	 153.132416 	 107.839020 	 1.000000 
42132.792969 	 65123.558594 	 12316.931641 	 63.477444 	 116.679611 	 65.568703 	 1.000000 
43018.925781 	 64989.906250 	 13100.472656 	 98.550110 	 244.074982 	 168.351974 	 1.000000 
43675.324219 	 64963.421875 	 13698.470703 	 39.793106 	 175.422836 	 62.976555 	 1.000000 
43377.011719 	 65491.554688 	 12727.365234 	 30.997028 	 123.206245 	 203.661880 	 1.000000 
43404.890625 	 63955.730469 	 12890.959961 	 -13.848872 	 225.958054 	 128.033264 	 1.000000 
42605.632812 	 64963.632812 	 11970.355469 	 -32.674046 	 198.974716 	 133.435684 	 1.000000 
43038.269531 	 65351.648438 	 12337.648438 	 -108.994171 	 171.425842 	 179.095444 	 1.000000 
43176.894531 	 65412.925781 	 14161.215820 	 -29.114834 	 78.114120 	 94.643173 	 1.000000 
43195.921875 	 65387.195312 	 14370.332031 	 -127.742340 	 26.265030 	 2.901734 	 1.000000 
43055.273438 	 65473.746094 	 12408.744141 	 47.882866 	 19.780281 	 100.146515 	 1.000000 
43108.460938 	 65141.046875 	 13255.439453 	 139.082138 	 286.926575 	 204.211075 	 1.000000 
43754.511719 	 65945.898438 	 15756.194336 	 28.351667 	 -5.370182 	 119.006714 	 1.000000 
44141.878906 	 66209.406250 	 15418.655273 	 6.943696 	 13.884871 	 95.997276 	 1.000000 
44103.996094 	 66742.156250 	 13598.483398 	 4.579206 	 33.774288 	 97.518692 	 1.000000 
43658.347656 	 65422.066406 	 14478.828125 	 43.689114 	 152.923920 	 -5.480364 	 1.000000 
41999.003906 	 65817.609375 	 13920.260742 	 77.732155 	 35.590477 	 80.115875 	 1.000000 
43768.757812 	 65069.988281 	 14711.677734 	 51.874165 	 114.080772 	 17.535305 	 1.000000 
42901.773438 	 65537.085938 	 13535.250000 	 -31.284668 	 93.095222 	 6.521917 	 1.000000 
43836.414062 	 65827.531250 	 15044.801758 	 25.626215 	 -4.368445 	 83.560921 	 1.000000 
42774.589844 	 66785.070312 	 13117.861328 	 48.571812 	 26.481636 	 73.282944 	 0.000000 
43102.472656 	 65389.707031 	 13065.642578 	 60.163475 	 220.749161 	 252.006653 	 1.000000 
42908.398438 	 65466.140625 	 13884.450195 	 -46.606682 	 194.264725 	 62.256870 	 1.000000 
43639.750000 	 65119.609375 	 15424.521484 	 83.544868 	 72.284721 	 51.842194 	 1.000000 
43303.957031 	 64997.839844 	 14118.907227 	 25.284121 	 -7.011981 	 151.769592 	 1.000000 
43052.554688 	 65564.140625 	 14473.988281 	 -26.740715 	 82.790092 	 80.211540 	 1.000000 
44604.519531 	 65825.828125 	 14556.978516 	 -83.455109 	 120.788818 	 155.488113 	 1.000000 
44079.835938 	 65368.218750 	 13606.143555 	 -121.876007 	 71.854317 	 147.356003 	 1.000000 
44858.894531 	 66279.132812 	 14231.471680 	 -19.654125 	 78.297554 	 116.396233 	 12.000000 
41400.199219 	 65099.988281 	 13762.099609 	 70.262680 	 113.592796 	 63.917248 	 3.000000 
44622.535156 	 65911.578125 	 13845.775391 	 -53.054600 	 75.881035 	 121.014252 	 1.000000 
44035.800781 	 66418.554688 	 13987.072266 	 -11.461068 	 9.624126 	 82.811455 	 1.000000 
43080.664062 	 65360.800781 	 12266.218750 	 34.042614 	 42.358852 	 103.021599 	 1.000000 
44438.441406 	 65406.449219 	 15608.865234 	 -72.024590 	 128.904465 	 147.607986 	 1.000000 
43219.574219 	 64178.656250 	 12956.108398 	 -64.305649 	 292.994934 	 83.145966 	 1.000000 
42439.621094 	 64723.140625 	 12909.580078 	 67.292427 	 199.552750 	 100.067787 	 1.000000 
42677.382812 	 64428.500000 	 13168.162109 	 58.662189 	 213.098572 	 94.966774 	 1.000000 
43578.625000 	 65319.093750 	 13898.309570 	 -57.305489 	 171.889496 	 277.580444 	 1.000000 
43176.468750 	 65616.351562 	 14043.060547 	 -21.771439 	 227.129776 	 29.327099 	 1.000000 
43454.468750 	 64718.296875 	 13037.802734 	 -32.115967 	 256.777496 	 141.083740 	 1.000000 
42035.191406 	 64247.246094 	 12701.852539 	 21.927515 	 171.119904 	 88.689522 	 0.000000 
43345.109375 	 64224.992188 	 12906.400391 	 -15.712265 	 216.089462 	 183.521896 	 1.000000 
43002.027344 	 65322.343750 	 12412.211914 	 61.392788 	 37.132298 	 103.785904 	 1.000000 
43574.355469 	 65359.964844 	 14596.993164 	 62.725449 	 166.904373 	 21.990732 	 1.000000 
44142.230469 	 65315.136719 	 15534.215820 	 -26.425167 	 170.740143 	 115.056160 	 1.000000 
43910.988281 	 65726.554688 	 14138.120117 	 -141.266327 	 80.625374 	 149.975937 	 1.000000 
43437.054688 	 65409.710938 	 15401.698242 	 30.191086 	 112.115997 	 38.447563 	 1.000000 
41978.542969 	 65648.937500 	 14990.873047 	 90.195801 	 105.939865 	 71.644402 	 1.000000 
43214.753906 	 65212.617188 	 13187.438477 	 188.573166 	 115.433884 	 226.035873 	 1.000000 
42772.867188 	 65292.359375 	 12365.075195 	 -7.094614 	 133.578262 	 153.085419 	 1.000000 
41943.332031 	 65209.976562 	 12366.699219 	 51.101902 	 78.265800 	 67.163368 	 1.000000 
43981.632812 	 65097.523438 	 14646.346680 	 -102.425713 	 181.517441 	 98.963737 	 1.000000 
44678.367188 	 64966.414062 	 15479.454102 	 -63.702770 	 196.337296 	 163.244064 	 1.000000 
44070.332031 	 65155.226562 	 14316.052734 	 -130.956879 	 137.616241 	 119.998268 	 1.000000 
44461.613281 	 65506.070312 	 14402.446289 	 -92.747765 	 109.204483 	 133.825134 	 1.000000 
43399.031250 	 63642.613281 	 12641.116211 	 -63.722992 	 196.939987 	 134.562607 	 1.000000 
43070.378906 	 64082.636719 	 12610.777344 	 -18.019234 	 194.638077 	 150.708206 	 1.000000 
43451.953125 	 65208.921875 	 13507.859375 	 112.515076 	 160.392822 	 244.321579 	 1.000000 
42310.265625 	 64163.093750 	 15081.714844 	 66.959114 	 143.365173 	 87.123962 	 7.000000 
43753.925781 	 64986.871094 	 13971.481445 	 -49.197098 	 90.663292 	 78.271233 	 1.000000 
43277.835938 	 65288.609375 	 14519.767578 	 -25.131298 	 139.778214 	 159.582642 	 1.000000 
42819.898438 	 65065.714844 	 13479.798828 	 57.146435 	 102.345154 	 241.838608 	 1.000000 
43759.304688 	 63315.902344 	 13463.102539 	 -50.748268 	 188.716888 	 102.159897 	 4.000000 
42947.304688 	 64726.109375 	 13637.048828 	 102.013283 	 239.912491 	 63.984436 	 1.000000 
43020.847656 	 65053.585938 	 13316.963867 	 -60.095455 	 89.016937 	 155.713898 	 1.000000 
43704.789062 	 66139.718750 	 14293.606445 	 41.561222 	 -24.001263 	 91.527512 	 1.000000 
43592.609375 	 65434.964844 	 14771.459961 	 127.146255 	 -15.287664 	 5.938190 	 1.000000 
43481.398438 	 65354.746094 	 13397.603516 	 57.480827 	 187.559982 	 329.477753 	 1.000000 
43450.222656 	 65421.742188 	 15009.058594 	 -52.781841 	 19.190760 	 42.823669 	 1.000000 
43552.960938 	 65333.292969 	 15959.730469 	 77.903748 	 96.927864 	 112.185158 	 1.000000 
43310.867188 	 63910.003906 	 12920.979492 	 -56.529530 	 233.693314 	 124.532486 	 1.000000 
43117.328125 	 64249.953125 	 13118.483398 	 -90.056091 	 158.830246 	 152.246109 	 1.000000 
44009.671875 	 65374.785156 	 15401.383789 	 -37.428795 	 168.490738 	 101.069176 	 1.000000 
42972.707031 	 63853.640625 	 14471.511719 	 1.617472 	 194.028992 	 91.991096 	 0.000000 
42439.328125 	 64731.171875 	 12964.394531 	 62.815308 	 185.636765 	 121.829330 	 1.000000 
43175.847656 	 65179.878906 	 12066.090820 	 -93.030701 	 177.324905 	 161.912567 	 1.000000 
43455.816406 	 65449.789062 	 13757.476562 	 37.648121 	 258.392090 	 -15.654598 	 1.000000 
43217.515625 	 65375.437500 	 12031.314453 	 -108.578751 	 166.863358 	 158.066803 	 1.000000 
43408.445312 	 66563.671875 	 14235.111328 	 42.189369 	 -2.540432 	 85.300446 	 0.000000 
43596.273438 	 65405.578125 	 15300.746094 	 25.616936 	 110.601913 	 23.415432 	 1.000000 
43428.078125 	 65484.492188 	 14620.302734 	 62.958069 	 21.296947 	 -52.890965 	 1.000000 
44212.101562 	 65282.601562 	 15201.999023 	 -68.843826 	 146.112488 	 110.339195 	 1.000000 
42932.464844 	 65064.648438 	 13715.508789 	 106.638245 	 131.675781 	 149.004044 	 1.000000 
43545.199219 	 64864.503906 	 14415.171875 	 66.856758 	 24.228882 	 -80.175385 	 1.000000 
43933.742188 	 65329.339844 	 15628.036133 	 49.093525 	 131.386993 	 64.703262 	 1.000000 
43479.730469 	 65498.292969 	 14610.024414 	 -129.452454 	 117.480980 	 26.049206 	 1.000000 
41870.812500 	 65192.949219 	 12433.900391 	 53.987747 	 77.816956 	 59.059200 	 1.000000 
43235.750000 	 65457.210938 	 14145.498047 	 -28.766382 	 32.127018 	 70.049141 	 1.000000 
43370.171875 	 66420.226562 	 12377.415039 	 -8.971502 	 62.051113 	 84.616455 	 1.000000 
44141.886719 	 65114.242188 	 15174.222656 	 -97.808754 	 125.337860 	 146.035248 	 1.000000 
44915.507812 	 65634.328125 	 14576.990234 	 -57.877636 	 125.259857 	 142.000702 	 1.000000 
44920.515625 	 65606.062500 	 14549.602539 	 -51.349052 	 118.915413 	 132.974838 	 1.000000 
42817.335938 	 65270.910156 	 13191.434570 	 -29.731531 	 48.293419 	 236.781921 	 1.000000 
43624.699219 	 65572.554688 	 14995.998047 	 3.654796 	 173.201111 	 19.203733 	 1.000000 
43722.250000 	 65413.457031 	 14947.473633 	 -105.521889 	 153.077454 	 66.282555 	 1.000000 
42345.554688 	 64989.734375 	 12239.790039 	 50.693031 	 166.485504 	 85.586746 	 1.000000 
42801.863281 	 65323.589844 	 12225.637695 	 -11.910951 	 135.045044 	 143.753922 	 1.000000 
43780.566406 	 64864.613281 	 14464.974609 	 107.711052 	 101.382904 	 37.827625 	 1.000000 
42891.667969 	 65486.843750 	 12788.894531 	 -129.618881 	 53.983616 	 225.291855 	 1.000000 
42271.871094 	 63821.070312 	 13131.414062 	 30.713764 	 160.786880 	 86.447342 	 1.000000 
43291.285156 	 63700.992188 	 12638.152344 	 -57.199028 	 171.299332 	 159.887146 	 1.000000 
43527.414062 	 66345.546875 	 12235.125977 	 -96.732353 	 108.627831 	 129.534241 	 1.000000 
42853.222656 	 65174.714844 	 13452.824219 	 69.061478 	 35.708035 	 249.527985 	 1.000000 
43100.777344 	 65914.460938 	 14108.469727 	 80.055298 	 -33.509262 	 83.102142 	 1.000000 
43201.300781 	 65102.132812 	 13052.361328 	 128.481369 	 218.444489 	 200.020660 	 1.000000 
43248.187500 	 65325.269531 	 12578.042969 	 -98.468727 	 82.851089 	 184.923035 	 1.000000 
41715.574219 	 65450.429688 	 12992.935547 	 65.992714 	 56.827675 	 64.270584 	 1.000000 
43241.734375 	 65350.515625 	 14620.315430 	 41.657505 	 137.819153 	 -80.791176 	 1.000000 
43690.273438 	 66099.882812 	 13439.582031 	 -4.969556 	 -1.591418 	 108.788269 	 1.000000 
44215.515625 	 65069.843750 	 15122.654297 	 -77.149910 	 172.017532 	 126.877350 	 1.000000 
43324.101562 	 63831.347656 	 12913.746094 	 -57.957878 	 228.671722 	 124.896454 	 1.000000 
43813.601562 	 65582.226562 	 15041.258789 	 -110.434319 	 167.124832 	 95.626892 	 1.000000 
43156.714844 	 64883.625000 	 12069.668945 	 -86.754089 	 185.026611 	 153.742294 	 1.000000 
43506.601562 	 66161.492188 	 12364.368164 	 -113.413132 	 109.636665 	 141.823471 	 1.000000 
43378.535156 	 65142.003906 	 13439.420898 	 51.823086 	 33.914608 	 183.621063 	 1.000000 
42750.773438 	 64717.503906 	 15038.044922 	 88.766167 	 163.314804 	 53.621780 	 8.000000 
43521.898438 	 65638.593750 	 14052.869141 	 31.008432 	 193.297928 	 61.038528 	 1.000000 
43071.316406 	 65141.574219 	 12041.410156 	 3.809972 	 112.108734 	 119.201332 	 1.000000 
43041.535156 	 65541.539062 	 14820.868164 	 149.514648 	 38.309166 	 55.218277 	 1.000000 
43411.371094 	 65679.578125 	 14072.066406 	 -59.907444 	 -41.286469 	 96.772423 	 1.000000 
44344.667969 	 65031.761719 	 15268.774414 	 -34.471371 	 161.068756 	 106.779869 	 1.000000 
45121.214844 	 66290.210938 	 14142.288086 	 -18.759340 	 94.050972 	 123.014397 	 12.000000 
43524.945312 	 64659.644531 	 14050.473633 	 -53.117085 	 270.669739 	 91.926872 	 1.000000 
43055.535156 	 65219.808594 	 12288.813477 	 -101.140121 	 181.637283 	 180.227859 	 1.000000 
43086.652344 	 65565.992188 	 12680.832031 	 -130.495819 	 67.725082 	 169.724762 	 1.000000 
44545.925781 	 66154.898438 	 13758.047852 	 -89.323357 	 124.378746 	 156.419022 	 1.000000 
43296.921875 	 65124.875000 	 14801.155273 	 21.544397 	 8.162392 	 -46.728783 	 1.000000 
43529.894531 	 65231.472656 	 13215.285156 	 27.174349 	 102.364807 	 283.100067 	 1.000000 
42113.828125 	 65100.832031 	 12763.771484 	 87.195030 	 102.045937 	 74.971245 	 1.000000 
43195.570312 	 65252.851562 	 14161.939453 	 79.122910 	 -95.972847 	 76.776131 	 1.000000 
43929.960938 	 66221.718750 	 14527.444336 	 3.235669 	 -8.235168 	 126.054085 	 1.000000 
43952.660156 	 65148.355469 	 15057.594727 	 -99.519859 	 162.244659 	 105.284859 	 1.000000 
43501.988281 	 63325.699219 	 13194.229492 	 -47.914864 	 193.274719 	 94.948387 	 0.000000 
43315.453125 	 64186.925781 	 12856.403320 	 -5.134625 	 220.072189 	 170.154205 	 1.000000 
42930.113281 	 64555.644531 	 12211.915039 	 -46.535088 	 187.931961 	 152.545761 	 2.000000 
42813.121094 	 65315.363281 	 13477.144531 	 28.204523 	 80.897346 	 282.693481 	 1.000000 
43449.812500 	 65084.265625 	 14780.805664 	 25.473824 	 -30.871893 	 -32.718033 	 1.000000 
43666.621094 	 65542.554688 	 13890.530273 	 -30.503048 	 -64.905746 	 95.176811 	 1.000000 
43669.863281 	 65355.421875 	 14249.299805 	 201.271240 	 138.924377 	 -22.365376 	 1.000000 
43777.777344 	 65168.792969 	 14274.320312 	 30.881050 	 69.903831 	 132.948486 	 1.000000 
43465.382812 	 64846.066406 	 13028.681641 	 -21.372072 	 64.658554 	 5.665308 	 1.000000 
43598.097656 	 65544.976562 	 15701.574219 	 17.634102 	 124.977699 	 73.179695 	 1.000000 
42938.800781 	 65441.703125 	 12047.940430 	 13.855270 	 42.530457 	 77.661789 	 1.000000 
41768.714844 	 65855.031250 	 14931.646484 	 76.509163 	 72.232635 	 89.387917 	 1.000000 
43758.625000 	 65209.183594 	 14760.882812 	 53.708202 	 123.103188 	 7.345270 	 1.000000 
43295.753906 	 65381.121094 	 14430.181641 	 100.065948 	 95.802841 	 -117.464165 	 1.000000 
43963.789062 	 65088.750000 	 15730.747070 	 -15.575788 	 215.960587 	 131.055679 	 1.000000 
43137.320312 	 64277.207031 	 12991.257812 	 -40.986267 	 179.275635 	 163.814407 	 1.000000 
43175.613281 	 65835.781250 	 12528.173828 	 -120.317192 	 84.935410 	 190.493118 	 1.000000 
43287.589844 	 65387.835938 	 14011.348633 	 54.236885 	 2.798243 	 222.939468 	 1.000000 
42774.812500 	 65469.546875 	 12180.125000 	 49.658932 	 151.771011 	 105.070824 	 1.000000 
43069.339844 	 65030.980469 	 13505.451172 	 -15.348117 	 315.924133 	 206.559708 	 1.000000 
43813.273438 	 66644.437500 	 12915.659180 	 17.226402 	 49.083439 	 82.798195 	 1.000000 
43529.738281 	 66425.671875 	 12976.018555 	 8.023599 	 44.046459 	 98.240547 	 1.000000 
44181.976562 	 63370.039062 	 13705.985352 	 -69.477333 	 165.879807 	 125.435692 	 4.000000 
43539.378906 	 64495.882812 	 14068.496094 	 -45.813454 	 253.478180 	 92.269768 	 1.000000 
43280.218750 	 64097.363281 	 15643.483398 	 14.187668 	 191.887909 	 125.479744 	 0.000000 
43178.441406 	 64935.597656 	 13759.442383 	 16.440409 	 327.395630 	 65.377571 	 1.000000 
42903.031250 	 64668.390625 	 13157.318359 	 83.298958 	 236.058334 	 101.744118 	 1.000000 
42938.871094 	 63964.511719 	 12423.520508 	 -25.149961 	 186.621613 	 137.063858 	 1.000000 
43029.464844 	 65411.246094 	 12563.222656 	 -100.156540 	 171.316544 	 207.204071 	 1.000000 
42770.355469 	 66905.656250 	 14619.641602 	 43.015347 	 28.894983 	 88.309387 	 10.000000 
41575.015625 	 64972.781250 	 13832.521484 	 73.459503 	 118.925652 	 59.983437 	 3.000000 
43257.164062 	 65077.804688 	 14509.449219 	 15.795975 	 76.133194 	 -50.903255 	 1.000000 
43579.730469 	 64787.031250 	 14446.467773 	 17.865391 	 37.320370 	 39.998173 	 1.000000 
43557.972656 	 65446.472656 	 13693.950195 	 -70.685272 	 -73.990028 	 106.741074 	 1.000000 
43231.292969 	 65160.132812 	 12475.795898 	 42.801186 	 55.959599 	 142.979904 	 1.000000 
43511.789062 	 65587.117188 	 15168.207031 	 -7.458783 	 159.416992 	 33.314152 	 1.000000 
43709.175781 	 65077.820312 	 15767.543945 	 1.839804 	 119.526825 	 89.739723 	 1.000000 
45118.570312 	 65697.804688 	 14724.555664 	 -45.024647 	 106.168922 	 171.199249 	 1.000000 
43920.632812 	 65352.722656 	 13889.382812 	 -125.923126 	 58.900875 	 97.769951 	 1.000000 
43392.589844 	 63772.511719 	 12718.518555 	 -61.654987 	 203.957947 	 128.683197 	 1.000000 
42241.925781 	 64518.308594 	 12864.504883 	 42.971386 	 188.662262 	 95.447433 	 1.000000 
43475.734375 	 65223.039062 	 13827.318359 	 -16.631926 	 106.726059 	 -56.385128 	 1.000000 
43541.023438 	 65283.578125 	 14148.258789 	 -65.111809 	 -114.093346 	 117.373398 	 1.000000 
43542.429688 	 65372.945312 	 15159.941406 	 -57.237797 	 54.347313 	 54.297409 	 1.000000 
43264.289062 	 65032.527344 	 14893.119141 	 131.641479 	 210.045715 	 28.136875 	 1.000000 
43526.042969 	 64963.195312 	 14224.703125 	 42.048458 	 189.396652 	 133.499741 	 1.000000 
42128.488281 	 65156.316406 	 13196.699219 	 106.641403 	 104.723427 	 57.619953 	 1.000000 
43606.855469 	 65534.542969 	 14824.260742 	 -111.327301 	 129.343536 	 73.306793 	 1.000000 
43349.207031 	 65321.484375 	 14804.056641 	 54.743767 	 130.696823 	 64.432533 	 1.000000 
43298.164062 	 64830.867188 	 13274.460938 	 6.103480 	 66.836037 	 277.579895 	 1.000000 
43004.140625 	 65377.371094 	 14453.471680 	 183.087265 	 32.402668 	 52.040516 	 1.000000 
42647.210938 	 65912.359375 	 15183.305664 	 109.721123 	 73.184944 	 86.832481 	 0.000000 
43568.750000 	 64859.871094 	 14279.496094 	 101.939880 	 170.280579 	 16.654491 	 1.000000 
43436.492188 	 65489.277344 	 14480.236328 	 -22.662853 	 -89.447670 	 64.717667 	 1.000000 
43118.968750 	 65294.796875 	 12942.222656 	 -26.377548 	 -11.308608 	 161.998093 	 1.000000 
43707.757812 	 65234.429688 	 13911.743164 	 -15.017128 	 78.941376 	 81.336441 	 1.000000 
43852.703125 	 65214.355469 	 15866.116211 	 12.670066 	 141.405640 	 90.801552 	 1.000000 
43376.082031 	 65101.101562 	 15184.601562 	 -17.191269 	 153.530151 	 40.312283 	 1.000000 
43825.203125 	 65429.554688 	 14749.248047 	 -106.131172 	 154.139999 	 66.660507 	 1.000000 
42758.417969 	 65258.343750 	 13445.795898 	 18.836433 	 110.276131 	 267.679474 	 1.000000 
42588.316406 	 65507.105469 	 12559.932617 	 -39.854965 	 89.923050 	 158.552567 	 1.000000 
44038.277344 	 66193.718750 	 15606.879883 	 24.735979 	 15.464374 	 109.439209 	 1.000000 
42652.777344 	 66529.531250 	 15300.656250 	 66.241257 	 -12.462156 	 95.728096 	 10.000000 
42739.316406 	 65520.222656 	 14535.344727 	 147.637253 	 83.673935 	 51.263214 	 1.000000 
41905.179688 	 65187.875000 	 13582.415039 	 96.191895 	 102.209999 	 60.523720 	 3.000000 
43494.417969 	 65376.949219 	 14803.949219 	 -124.168709 	 123.265648 	 46.215218 	 1.000000 
43496.835938 	 65483.933594 	 13522.631836 	 -106.706100 	 103.018150 	 62.224457 	 1.000000 
43629.277344 	 65798.601562 	 13489.293945 	 -31.641386 	 -11.131413 	 115.396317 	 1.000000 
43778.937500 	 66453.679688 	 14401.348633 	 -12.015342 	 1.097817 	 98.792526 	 1.000000 
43287.054688 	 65237.343750 	 14479.071289 	 104.202171 	 -4.919814 	 67.461082 	 1.000000 
43832.257812 	 66482.914062 	 12819.008789 	 4.964965 	 62.225670 	 82.721840 	 1.000000 
43977.265625 	 65012.175781 	 15739.639648 	 -17.514078 	 155.452667 	 116.091492 	 1.000000 
44749.851562 	 65671.593750 	 15026.375000 	 -65.498512 	 141.958847 	 156.048309 	 13.000000 
42684.503906 	 65563.960938 	 13616.208984 	 -26.733570 	 91.997940 	 187.810516 	 1.000000 
43325.320312 	 64737.132812 	 13520.823242 	 -100.072441 	 285.819794 	 106.793571 	 1.000000 
43000.738281 	 64198.847656 	 13449.395508 	 9.269750 	 229.918655 	 90.355339 	 1.000000 
42928.222656 	 64568.292969 	 12389.251953 	 -48.327721 	 194.036545 	 160.135483 	 2.000000 
43236.464844 	 65028.984375 	 11835.186523 	 -88.903923 	 173.963623 	 147.709885 	 1.000000 
42638.734375 	 66818.609375 	 13940.832031 	 47.320263 	 19.171545 	 80.382362 	 5.000000 
43344.292969 	 64979.921875 	 13974.414062 	 40.580559 	 59.142357 	 11.069496 	 1.000000 
43419.191406 	 64972.972656 	 13441.246094 	 -53.121120 	 206.736969 	 253.686661 	 1.000000 
43670.128906 	 65323.460938 	 13622.422852 	 -56.009132 	 202.233093 	 96.819351 	 1.000000 
41647.011719 	 65440.183594 	 12880.535156 	 69.513702 	 62.802265 	 48.094135 	 1.000000 
43598.441406 	 65494.812500 	 15055.687500 	 -56.095570 	 25.318415 	 68.196312 	 1.000000 
42085.484375 	 65937.703125 	 15452.623047 	 87.141121 	 78.009201 	 105.917595 	 0.000000 
43815.808594 	 64832.527344 	 14450.393555 	 102.831558 	 91.718224 	 31.118280 	 1.000000 
43527.648438 	 64760.515625 	 14306.008789 	 111.770004 	 118.005585 	 11.420454 	 1.000000 
43434.093750 	 65323.597656 	 14896.749023 	 -51.005959 	 159.806473 	 -2.586488 	 1.000000 
44440.433594 	 65097.328125 	 15238.109375 	 -53.995312 	 160.651306 	 131.133408 	 1.000000 
44436.031250 	 65713.093750 	 14895.687500 	 -87.074249 	 142.787262 	 150.122467 	 13.000000 
43710.441406 	 63650.421875 	 13425.704102 	 -84.335991 	 183.688309 	 121.948814 	 4.000000 
43242.898438 	 63952.957031 	 13198.398438 	 -103.672951 	 222.061493 	 101.360329 	 1.000000 
43714.187500 	 65242.007812 	 15258.928711 	 9.193133 	 220.216232 	 70.501190 	 1.000000 
42437.378906 	 64175.207031 	 13093.011719 	 54.502460 	 175.935059 	 78.589592 	 1.000000 
43037.164062 	 65331.894531 	 12534.819336 	 -101.693047 	 189.603363 	 195.020737 	 1.000000 
42712.535156 	 66688.289062 	 13667.264648 	 65.616890 	 11.209728 	 77.272369 	 5.000000 
41953.371094 	 64429.507812 	 14465.533203 	 77.016983 	 126.985336 	 70.688766 	 0.000000 
43324.871094 	 65147.449219 	 13958.237305 	 62.502968 	 41.074230 	 -89.755905 	 1.000000 
43214.414062 	 65266.644531 	 14660.127930 	 37.407661 	 -61.293621 	 4.130939 	 1.000000 
42905.992188 	 65311.050781 	 12381.921875 	 69.901245 	 152.295746 	 126.170975 	 1.000000 
42854.535156 	 65414.246094 	 14056.478516 	 180.790588 	 36.205280 	 64.975388 	 1.000000 
41582.500000 	 65515.527344 	 13011.327148 	 75.716751 	 61.862499 	 43.772442 	 1.000000 
43917.781250 	 66633.500000 	 13097.714844 	 -2.585483 	 45.031960 	 83.903648 	 1.000000 
43695.042969 	 64895.269531 	 15435.992188 	 -24.224932 	 138.887680 	 88.079987 	 1.000000 
43031.515625 	 65230.593750 	 14146.185547 	 -144.849442 	 147.672256 	 117.398537 	 1.000000 
43959.085938 	 65659.984375 	 14411.349609 	 -127.791298 	 107.659531 	 132.179764 	 1.000000 
43263.601562 	 65509.542969 	 12549.265625 	 -107.063988 	 76.104225 	 164.380280 	 1.000000 
43723.277344 	 65516.906250 	 14077.902344 	 -184.626740 	 64.782211 	 148.312393 	 1.000000 
44873.527344 	 65577.523438 	 14586.936523 	 -57.970188 	 113.335632 	 141.290939 	 1.000000 
43353.570312 	 64595.804688 	 13448.242188 	 -87.066322 	 264.308685 	 103.031387 	 1.000000 
42268.550781 	 64724.441406 	 12668.319336 	 33.230045 	 183.817719 	 114.716118 	 1.000000 
42904.660156 	 65447.027344 	 12774.506836 	 -91.750977 	 175.227386 	 236.683624 	 1.000000 
43788.257812 	 65810.671875 	 15300.548828 	 30.636288 	 -12.029130 	 87.955055 	 1.000000 
44065.976562 	 66372.648438 	 13863.115234 	 -2.664885 	 39.743786 	 104.396500 	 1.000000 
44399.507812 	 66799.601562 	 13740.437500 	 23.296846 	 22.203100 	 76.345169 	 1.000000 
43011.289062 	 66815.671875 	 15098.616211 	 48.761581 	 1.279595 	 78.139168 	 10.000000 
41479.515625 	 65898.625000 	 14442.282227 	 64.904915 	 72.050095 	 83.892189 	 1.000000 
43781.421875 	 65381.070312 	 15342.698242 	 24.789936 	 149.122833 	 50.040497 	 1.000000 
43624.148438 	 65056.707031 	 14775.458008 	 72.203514 	 122.060745 	 20.382866 	 1.000000 
43528.750000 	 65352.414062 	 13513.669922 	 -6.503354 	 142.472107 	 281.620972 	 1.000000 
42806.375000 	 65294.164062 	 12239.629883 	 -10.276954 	 117.544960 	 135.768646 	 1.000000 
42983.105469 	 65334.691406 	 12444.554688 	 71.122772 	 150.237946 	 136.079132 	 1.000000 
43147.148438 	 65396.457031 	 13120.602539 	 114.126488 	 181.962250 	 241.648178 	 1.000000 
43823.179688 	 65280.960938 	 15442.111328 	 -46.423382 	 75.912491 	 91.836792 	 1.000000 
43390.320312 	 66217.187500 	 13567.581055 	 -3.093658 	 -0.907537 	 93.769585 	 1.000000 
43794.281250 	 65034.433594 	 15911.608398 	 -1.617055 	 115.806877 	 101.861992 	 1.000000 
44111.722656 	 64944.921875 	 15149.144531 	 -78.580208 	 171.720932 	 125.645897 	 1.000000 
44542.000000 	 65000.972656 	 15476.217773 	 -70.429726 	 129.833740 	 152.315170 	 1.000000 
44563.199219 	 65646.023438 	 14916.516602 	 -76.960159 	 142.185516 	 150.417053 	 13.000000 
44485.187500 	 65575.000000 	 14196.599609 	 -94.976181 	 122.472710 	 131.708237 	 1.000000 
42736.246094 	 63343.207031 	 13948.675781 	 -18.282192 	 174.575089 	 95.840691 	 6.000000 
42319.062500 	 64194.281250 	 13083.283203 	 35.609520 	 185.270142 	 98.969917 	 1.000000 
43409.410156 	 63682.433594 	 12707.935547 	 -60.207924 	 205.861816 	 127.102913 	 1.000000 
42873.800781 	 65174.359375 	 13280.923828 	 -0.074040 	 30.179022 	 256.416260 	 1.000000 
45090.957031 	 66217.640625 	 14000.373047 	 -61.472645 	 134.834885 	 156.712830 	 12.000000 
42652.894531 	 67046.281250 	 14437.668945 	 37.247082 	 44.678097 	 88.506577 	 10.000000 
42808.574219 	 65100.082031 	 13122.397461 	 108.495773 	 213.218109 	 161.955688 	 1.000000 
43507.707031 	 65466.148438 	 13506.040039 	 -118.633247 	 165.574661 	 198.722137 	 1.000000 
41762.464844 	 65435.628906 	 13083.366211 	 69.940971 	 68.985634 	 52.314793 	 1.000000 
43709.902344 	 66111.703125 	 13266.071289 	 -8.954469 	 14.260666 	 116.888763 	 1.000000 
43800.027344 	 66672.476562 	 12695.639648 	 9.019891 	 49.403500 	 80.684235 	 1.000000 
43572.187500 	 65174.761719 	 15304.992188 	 -30.236471 	 161.426315 	 65.921555 	 1.000000 
44629.500000 	 65690.578125 	 15103.524414 	 -75.584404 	 149.309525 	 155.870941 	 13.000000 
43209.816406 	 64212.691406 	 12835.556641 	 -10.985614 	 206.728500 	 181.375870 	 1.000000 
44048.203125 	 66858.992188 	 13072.862305 	 6.982339 	 44.965569 	 74.163635 	 1.000000 
42217.437500 	 64731.839844 	 12598.775391 	 70.026215 	 154.401855 	 74.143410 	 1.000000 
42957.742188 	 64778.093750 	 14921.078125 	 108.611580 	 175.909393 	 59.870029 	 8.000000 
41745.175781 	 65359.621094 	 12814.924805 	 66.400948 	 109.301468 	 42.617676 	 1.000000 
43213.597656 	 65142.082031 	 14048.461914 	 41.864124 	 78.859947 	 249.941635 	 1.000000 
43261.207031 	 65055.273438 	 12816.858398 	 22.856506 	 34.450565 	 191.277664 	 1.000000 
42711.441406 	 65633.992188 	 12014.291992 	 46.557690 	 36.965149 	 38.905518 	 1.000000 
43446.617188 	 64989.328125 	 14489.429688 	 -141.689133 	 244.963196 	 80.952263 	 1.000000 
43338.066406 	 65155.375000 	 15550.754883 	 18.541302 	 93.117729 	 56.380909 	 1.000000 
43898.257812 	 66286.671875 	 14291.952148 	 -5.324853 	 6.761362 	 104.489304 	 1.000000 
43902.347656 	 66595.085938 	 12833.781250 	 9.906886 	 44.033474 	 85.208984 	 1.000000 
43427.765625 	 66613.046875 	 12392.873047 	 -2.756698 	 67.132378 	 81.001900 	 1.000000 
43451.410156 	 65657.375000 	 14761.256836 	 -30.457476 	 137.681854 	 -8.630247 	 1.000000 
44191.863281 	 65126.707031 	 15208.337891 	 -53.033642 	 141.477554 	 114.035446 	 1.000000 
43934.429688 	 64925.554688 	 14759.793945 	 -118.836166 	 156.746902 	 123.617378 	 1.000000 
42773.914062 	 65041.457031 	 13386.854492 	 46.831898 	 122.977570 	 193.337265 	 1.000000 
44025.023438 	 63504.898438 	 13698.434570 	 -73.165161 	 165.633926 	 120.756317 	 4.000000 
42775.476562 	 64454.906250 	 13138.742188 	 71.570656 	 204.903503 	 95.416275 	 1.000000 
43001.230469 	 64804.296875 	 13223.271484 	 81.668129 	 250.224716 	 116.299324 	 1.000000 
43138.367188 	 65051.578125 	 12752.151367 	 104.357941 	 116.902870 	 162.003494 	 1.000000 
42304.210938 	 65366.078125 	 12285.489258 	 63.599030 	 59.278221 	 60.688446 	 1.000000 
43802.351562 	 66306.398438 	 14814.085938 	 -1.073289 	 20.609667 	 51.916759 	 1.000000 
43319.207031 	 66036.375000 	 13643.429688 	 -2.069908 	 -18.869303 	 94.701241 	 1.000000 
43138.707031 	 65531.445312 	 14176.770508 	 11.146334 	 26.226336 	 64.925209 	 1.000000 
42729.757812 	 65293.546875 	 13582.207031 	 36.595863 	 101.334373 	 165.368561 	 1.000000 
44089.660156 	 65235.867188 	 14190.250000 	 -132.929321 	 133.634247 	 121.726173 	 1.000000 
43796.265625 	 65292.839844 	 13952.570312 	 -144.248184 	 56.951500 	 100.844757 	 1.000000 
43344.433594 	 64595.574219 	 13481.475586 	 -83.793373 	 269.461670 	 95.240883 	 1.000000 
42448.027344 	 64120.566406 	 13147.384766 	 41.031525 	 185.169891 	 88.143333 	 1.000000 
