#subID	 x	 y	 z	 vx	 yv	 yz	 vmax	 B_MAG
#subID	 kpc/h	 kpc/h	 kpc/h	 km/s	 km/s	 km/s	 km/s	 mags
449198 21830.435547 28971.333984 56560.644531 -39.601040 -35.957748 -225.989761 182.157623 -1.941706e+01
449199 21971.109375 28952.041016 56569.734375 9.090821 10.563304 -316.185455 55.269588 -1.460287e+01
449200 21768.058594 28947.876953 56531.074219 -26.442579 -200.359863 -178.625000 40.413277 -1.244474e+01
449201 21993.896484 28941.093750 56459.144531 -85.529709 -32.572311 -193.841797 23.068914 -9.160285e+00
449202 21884.335938 28905.810547 56510.535156 121.748779 2.742328 -142.623993 20.829401 1.000000e+37
449203 21995.203125 29055.767578 56572.453125 -50.472858 60.856464 -227.576263 20.000107 1.000000e+37
449204 21971.878906 29005.388672 56554.582031 -71.223587 -191.656357 -294.151947 16.291021 1.000000e+37
449205 21642.880859 28996.876953 56531.257812 25.254700 -99.716606 -297.861572 13.097292 1.000000e+37
449206 21701.673828 29013.996094 56629.222656 -35.994179 -149.386688 -323.051331 14.546690 1.000000e+37
449207 21891.298828 28982.343750 56650.816406 79.549652 -15.022427 -145.030106 12.456676 1.000000e+37
449208 21920.927734 29067.810547 56563.046875 155.304504 -28.014006 -310.301666 13.920255 1.000000e+37
449209 21737.330078 28963.183594 56470.687500 -52.343632 -35.717892 -72.227516 10.688013 1.000000e+37
449210 21888.869141 29075.947266 56497.312500 -129.420593 7.977109 -247.505905 13.060122 1.000000e+37
449211 21856.214844 28924.324219 56651.230469 78.629570 161.942459 -277.940369 9.130564 1.000000e+37
449212 21802.083984 29012.546875 56428.339844 -57.737568 32.606152 -51.750557 8.682747 1.000000e+37
449213 21888.753906 28936.931641 56640.070312 65.012756 69.383896 -111.126060 11.936442 1.000000e+37
449214 21943.259766 28891.978516 56500.328125 88.842842 8.636328 -315.167694 10.817959 1.000000e+37
449215 21669.376953 28969.232422 56565.253906 24.530733 -80.755623 -336.642883 9.276253 1.000000e+37
457369 22642.007812 27767.958984 56230.449219 42.213139 -5.724609 -241.786011 163.244934 -2.065226e+01
457370 22500.396484 27666.792969 56313.296875 56.043930 -29.942116 -123.089211 63.587589 -1.639173e+01
457371 22612.714844 27812.994141 56273.902344 23.300766 -104.838974 -76.679977 39.616913 -1.331244e+01
457372 22514.257812 27829.828125 56144.640625 34.701660 -61.139706 -272.398010 44.296932 -1.271017e+01
457373 22687.675781 27914.072266 56260.472656 -1.419323 -26.477989 -315.768768 29.497189 -1.001691e+01
457374 22538.763672 27703.695312 56138.476562 54.421448 -62.207104 -141.391327 22.750017 1.000000e+37
457375 22551.894531 27758.730469 56082.992188 102.027046 68.195869 -381.790924 15.363268 1.000000e+37
457376 22598.945312 27869.402344 56222.226562 129.660172 -54.035286 -329.339203 21.612062 1.000000e+37
457377 22627.740234 27839.980469 56207.089844 -110.544113 -0.625380 -305.826630 20.009897 1.000000e+37
457378 22672.550781 27836.007812 56374.085938 73.378815 -56.925220 -304.350189 15.325668 1.000000e+37
457379 22602.076172 27766.708984 56172.835938 73.824028 -86.990181 -198.558548 13.963614 -1.110289e+01
457380 22531.597656 27675.250000 56300.175781 -69.865509 -6.801210 -432.434357 12.844864 1.000000e+37
457381 22692.423828 27740.384766 56127.464844 17.300116 79.496948 -160.124954 13.900631 1.000000e+37
457382 22498.787109 27700.007812 56351.949219 -26.282125 7.208777 -425.359833 9.722829 1.000000e+37
457383 22554.027344 27803.548828 56235.625000 -44.157295 -215.216187 -175.334213 11.202425 1.000000e+37
457384 22726.507812 27693.236328 56348.781250 86.099770 -56.949547 -271.079163 11.036593 1.000000e+37
457385 22565.816406 27747.783203 56075.277344 124.533119 44.879398 -357.375977 8.973423 1.000000e+37
457386 22682.140625 27837.582031 56101.820312 -54.481087 -52.097862 -294.286957 9.589703 1.000000e+37
457387 22484.279297 27755.814453 56188.613281 -15.712193 60.918659 -222.946259 7.235976 1.000000e+37
457388 22618.550781 27845.437500 56273.234375 -121.877716 -175.517136 -253.823410 7.658288 1.000000e+37
457389 22591.507812 27805.015625 56043.996094 106.931328 78.617683 -344.409302 7.029818 1.000000e+37
457390 22654.824219 27739.201172 56218.964844 -162.814148 3.387421 -349.266815 11.559819 1.000000e+37
457391 22707.390625 27729.873047 56281.621094 135.206284 -89.563469 -178.566940 8.686513 1.000000e+37
459354 21235.896484 29293.537109 56923.386719 42.324478 35.012318 -200.979095 169.320068 -2.022833e+01
459355 21161.431641 29275.625000 56865.867188 113.076424 87.540955 -297.544403 39.854286 -1.265713e+01
459356 21143.876953 29209.451172 56954.468750 99.030663 62.594479 -192.797440 34.011723 -1.395196e+01
459357 21235.099609 29305.439453 56931.210938 16.294004 -46.703209 -55.564957 24.425434 -1.665469e+01
459358 21316.343750 29380.013672 56936.003906 10.119222 63.339088 -100.755814 26.367929 -1.088421e+01
459359 21274.998047 29373.433594 57012.335938 -38.129173 -28.249571 -126.687698 23.713692 1.000000e+37
459360 21274.601562 29270.087891 56884.812500 86.478035 170.346863 -295.712219 28.083502 -1.061098e+01
459361 21307.810547 29247.410156 57068.335938 -5.193963 -3.526760 -289.800751 19.616720 1.000000e+37
459362 21197.732422 29308.943359 57121.996094 -2.473777 -63.948570 -225.487213 18.773064 1.000000e+37
459363 21138.617188 29206.603516 57096.808594 45.390251 -65.447723 -217.163788 13.076493 1.000000e+37
459364 21180.650391 29250.394531 56877.929688 227.232834 86.088844 -128.112030 12.274840 1.000000e+37
459365 21083.978516 29327.062500 56985.785156 13.790977 63.960510 -213.707016 11.334120 1.000000e+37
459366 21275.988281 29135.402344 56893.347656 -15.401048 116.679741 -208.857620 9.751000 1.000000e+37
459367 21317.472656 29302.460938 56985.773438 -89.614822 95.749802 -161.262375 9.839799 1.000000e+37
479793 22070.113281 28574.886719 56440.636719 -65.702370 14.991228 -210.999786 139.063110 -2.035445e+01
479794 21973.947266 28478.787109 56387.683594 -40.942287 79.536362 -158.226196 43.397171 -1.312425e+01
479795 21968.878906 28608.748047 56507.671875 123.118065 80.662270 -231.683792 39.772419 -1.153234e+01
479796 22174.314453 28565.662109 56364.503906 -80.479866 -46.673195 -233.141907 29.035521 -1.030669e+01
479797 21975.089844 28506.160156 56417.750000 -81.605698 -72.136604 -75.753029 19.119196 1.000000e+37
479798 22094.230469 28599.447266 56405.230469 -43.273724 -60.984280 -372.258026 20.873981 1.000000e+37
479799 22057.453125 28581.121094 56460.929688 -25.103655 6.639493 -177.638229 13.187032 1.000000e+37
479800 22064.505859 28619.072266 56418.417969 -80.171013 -82.670670 -105.278557 22.041693 -1.036279e+01
479801 22080.396484 28574.736328 56450.144531 -41.661945 -130.800552 -230.798645 14.499371 -1.390158e+01
479802 22130.781250 28663.878906 56386.222656 10.820248 -38.416405 -274.315979 14.439004 1.000000e+37
479803 22156.033203 28608.779297 56492.878906 72.254417 60.852020 -318.186676 12.080517 1.000000e+37
479804 21969.503906 28504.968750 56409.238281 27.448263 45.856598 -116.496857 13.282197 1.000000e+37
479805 22002.232422 28426.421875 56439.562500 -147.721390 -18.728039 -253.866867 9.475567 1.000000e+37
479806 22101.859375 28528.804688 56469.910156 0.549121 -1.336988 -306.024841 15.697745 1.000000e+37
479807 22013.568359 28629.925781 56420.531250 3.621920 -40.212795 -241.726868 11.634194 1.000000e+37
511982 20230.476562 27650.869141 56069.128906 45.485138 32.457703 -199.164200 135.199783 -1.927070e+01
511983 20275.349609 27619.140625 56128.050781 6.218343 -27.039946 -206.772232 30.000122 -1.090735e+01
511984 20324.693359 27705.580078 56093.601562 64.731003 10.457808 -154.870316 21.302835 -8.745221e+00
511985 20299.267578 27681.660156 56192.234375 63.299892 18.788349 -218.276428 16.950724 1.000000e+37
511986 20270.880859 27610.386719 56126.718750 -16.915127 13.302992 -245.494186 18.003059 1.000000e+37
511987 20253.156250 27587.712891 56133.648438 -35.831921 2.338860 -269.141937 11.071892 1.000000e+37
612729 21825.363281 28476.193359 58123.089844 -66.002365 31.423801 -295.395966 74.070572 -1.705337e+01
612730 21832.519531 28532.230469 58150.988281 -65.438240 10.465667 -313.592560 15.260024 1.000000e+37
612731 21821.925781 28417.726562 58132.359375 -30.034925 10.401161 -299.875000 7.082988 1.000000e+37
648869 21208.033203 30729.548828 57217.242188 -65.822266 30.915443 -219.599335 66.580429 -1.610943e+01
648870 21187.041016 30729.839844 57226.089844 -42.246494 102.421631 -209.018219 16.510952 1.000000e+37
650858 22855.253906 27845.908203 56037.261719 -78.564232 -116.502434 -167.423752 64.900162 -1.582998e+01
650859 22849.830078 27854.455078 56050.851562 -149.721161 -134.548676 -132.944748 20.511425 1.000000e+37
650860 22880.820312 27897.025391 56067.914062 -106.146835 -99.619041 -196.760254 10.586153 1.000000e+37
680602 20145.585938 29014.431641 56889.703125 24.253332 61.954643 -191.052872 61.308098 -1.537442e+01
693203 21148.564453 30022.164062 56731.519531 -16.444908 27.447561 -265.037476 53.678505 -1.316045e+01
693204 21138.255859 30009.583984 56753.707031 14.674079 -23.191393 -284.621002 20.547527 1.000000e+37
693205 21158.681641 30027.714844 56783.878906 -20.596672 -3.919372 -297.007080 12.487735 1.000000e+37
693206 21126.908203 29991.794922 56767.281250 -62.302258 13.866722 -175.768417 13.593174 1.000000e+37
693207 21165.197266 29990.095703 56719.804688 1.270175 60.663128 -290.411896 14.793460 1.000000e+37
693208 21083.466797 30028.396484 56744.476562 -47.639580 -40.404972 -192.945221 7.606131 1.000000e+37
693209 21203.302734 30001.919922 56727.921875 -28.789602 31.007959 -257.255646 9.439919 1.000000e+37
694897 23253.292969 29221.636719 56591.089844 -118.655144 0.129044 -308.122864 57.180969 -1.476876e+01
695107 21549.785156 29488.535156 56288.894531 -21.715601 -59.618439 -228.797180 57.243908 -1.440577e+01
695108 21573.423828 29567.613281 56296.039062 -33.528412 -77.941170 -267.187439 16.553104 1.000000e+37
695109 21583.968750 29513.066406 56273.523438 -8.558020 -79.883606 -231.606339 11.584363 1.000000e+37
695798 23498.261719 29869.955078 56736.535156 -138.144241 70.330566 -263.950043 13.783830 1.000000e+37
695799 23456.865234 29845.175781 56789.347656 -88.077530 -6.815134 -282.425568 12.776814 1.000000e+37
695802 23485.238281 29850.777344 56730.925781 -114.014290 74.352226 -278.332886 10.122416 1.000000e+37
728051 20574.212891 30007.041016 57344.644531 -2.111936 24.596846 -169.679321 50.293224 -1.351897e+01
728052 20570.476562 29974.833984 57350.046875 -16.324703 26.701111 -187.212433 11.280293 1.000000e+37
728412 22680.062500 29049.550781 56465.445312 -110.560005 -24.418463 -308.837097 39.315983 -1.002274e+01
728413 22667.535156 29075.339844 56468.371094 -127.415749 -4.975191 -269.444214 27.467230 1.000000e+37
728414 22668.748047 29065.222656 56444.500000 -114.148094 -6.941180 -252.663620 22.248541 1.000000e+37
728415 22679.296875 29058.457031 56488.144531 -87.827049 -54.022800 -293.971466 22.784040 1.000000e+37
728416 22694.400391 29069.460938 56447.488281 -131.236969 -54.432434 -320.688934 18.682095 1.000000e+37
728417 22695.152344 29064.535156 56504.105469 -131.118576 -57.933178 -295.714386 13.852310 1.000000e+37
737903 19955.732422 27912.699219 56175.980469 48.670235 -1.759438 -211.708130 48.924896 -1.317441e+01
740088 20623.275391 30652.642578 57274.230469 -40.526951 64.596367 -229.375793 45.783714 -1.458475e+01
740089 20619.226562 30659.578125 57268.914062 -74.137535 84.001190 -182.684723 15.816973 1.000000e+37
741826 20852.142578 27292.406250 56270.488281 69.721916 46.252388 -200.760513 50.267502 -1.366238e+01
741827 20851.474609 27282.193359 56283.792969 51.747368 -14.886867 -173.857117 12.209050 1.000000e+37
765471 21990.285156 28112.585938 56410.566406 95.869232 45.626411 -209.122101 38.543625 -1.251816e+01
765472 21994.318359 28114.167969 56419.046875 122.598717 3.128888 -201.330444 17.313438 1.000000e+37
775878 22026.503906 28653.687500 56238.816406 -60.287712 -37.195610 -334.012329 38.738598 -9.887318e+00
775879 22008.472656 28653.419922 56249.582031 -53.842064 -34.690712 -374.363892 17.920362 1.000000e+37
775880 22076.005859 28660.328125 56231.546875 -146.600784 -86.192429 -158.007919 8.383516 1.000000e+37
775881 21971.466797 28653.763672 56229.613281 85.784142 59.635387 -206.053802 9.451949 1.000000e+37
777477 22900.511719 29253.572266 58301.308594 -104.172401 38.368004 -294.121613 42.990204 -1.293928e+01
783059 22230.484375 29956.244141 56761.339844 -44.552372 -15.156865 -144.286087 35.593216 -9.927862e+00
793957 20950.177734 28875.587891 57077.332031 61.115002 83.079041 -149.464783 42.793648 -1.250446e+01
799328 22341.966797 28373.181641 56361.398438 -93.841759 10.538218 -235.476517 42.057281 -1.296292e+01
801112 22125.396484 28322.414062 57250.625000 -62.880840 21.953535 -332.319489 38.946728 -1.195370e+01
801113 22153.507812 28321.818359 57262.761719 -75.529167 5.295998 -302.314178 12.422369 1.000000e+37
801114 22150.011719 28309.375000 57237.210938 -75.743698 4.477304 -356.541138 9.750357 1.000000e+37
810100 21640.949219 29067.582031 56376.398438 77.087158 65.664711 -170.983826 34.099628 -8.771627e+00
810101 21621.714844 29067.732422 56406.328125 104.627609 59.207218 -182.613113 11.434529 1.000000e+37
814392 22109.992188 29122.156250 56638.925781 -109.939255 10.633556 -304.038025 35.207462 -9.688260e+00
814393 22120.298828 29077.859375 56632.121094 -39.913288 -7.605055 -197.915405 12.037559 1.000000e+37
820716 21988.417969 28308.541016 57692.832031 -58.331585 20.757532 -307.145782 34.975666 -9.280222e+00
820717 22004.712891 28289.800781 57716.496094 -80.487053 36.449467 -299.771973 18.901461 1.000000e+37
825479 22588.068359 27755.236328 56513.476562 -48.358582 -17.805424 -389.205353 38.563206 -1.081115e+01
827857 20970.283203 30880.718750 57042.007812 -95.007309 35.971066 -286.547516 29.535229 1.000000e+37
827858 20955.498047 30876.802734 57056.101562 -97.697861 64.068542 -275.989502 21.810429 1.000000e+37
846479 19815.410156 28999.320312 56642.812500 23.608498 56.328156 -178.237045 37.799362 -1.084620e+01
852958 22506.152344 27733.619141 56569.839844 -73.796654 -25.256935 -399.851410 29.697054 1.000000e+37
852959 22538.044922 27699.441406 56547.605469 -90.451881 -0.854834 -395.723328 10.288012 1.000000e+37
868503 21609.595703 31173.414062 56802.976562 -93.093964 38.938576 -237.354538 25.770355 1.000000e+37
868504 21611.679688 31156.976562 56815.800781 -76.925072 49.030468 -234.566879 20.688406 1.000000e+37
868878 22380.111328 27348.027344 56088.453125 -32.504932 -50.799904 -180.235489 30.896261 1.000000e+37
868879 22419.593750 27365.160156 56100.355469 -40.548122 -59.644829 -186.462845 21.345312 1.000000e+37
871445 22340.671875 28220.259766 56277.875000 -83.716919 -69.482208 -221.873016 35.660206 -1.052691e+01
899737 21556.558594 29321.984375 56267.847656 -16.616573 -61.790356 -227.481277 33.123817 -1.139520e+01
905312 22909.841797 29546.140625 57881.253906 -113.097290 25.456678 -287.541748 25.630541 1.000000e+37
905313 22927.300781 29537.890625 57917.914062 -112.174820 45.334526 -298.173584 14.769483 1.000000e+37
919077 21317.445312 29876.564453 56663.570312 -29.512474 7.635096 -252.216629 25.606733 1.000000e+37
919078 21303.560547 29878.966797 56650.214844 -18.434284 -9.390587 -253.303452 16.624670 1.000000e+37
920048 22819.417969 28498.582031 56169.808594 -115.314911 -49.885891 -286.680969 21.218094 1.000000e+37
920049 22791.820312 28456.246094 56196.445312 -126.263016 -60.888905 -285.389374 11.050746 1.000000e+37
920050 22830.173828 28532.689453 56190.414062 -113.928780 -56.431301 -307.924255 13.997690 1.000000e+37
924455 21952.398438 30301.234375 56763.585938 -107.012947 13.346829 -272.655518 25.977123 1.000000e+37
925500 22920.753906 28805.087891 56385.730469 -115.729454 -37.624733 -276.137970 27.861776 1.000000e+37
926747 20508.748047 27436.410156 56320.433594 39.932739 62.972305 -205.787643 27.798838 -8.401598e+00
929142 22037.984375 28224.357422 56141.628906 89.385231 41.193203 -193.189697 23.349373 1.000000e+37
929143 22035.498047 28228.363281 56128.371094 85.155411 26.816530 -182.845917 18.771935 1.000000e+37
930560 23084.101562 29774.011719 57562.300781 -114.742249 26.056812 -294.569214 27.995142 1.000000e+37
937281 22933.785156 29387.916016 58029.195312 -106.870621 28.397141 -291.488556 24.619087 1.000000e+37
937282 22930.677734 29368.666016 58026.578125 -108.411583 14.778771 -284.810211 14.717057 1.000000e+37
937539 21133.306641 30377.939453 56681.320312 -60.786537 1.746656 -229.610352 28.943804 1.000000e+37
952940 21733.300781 29695.626953 56617.722656 -22.557129 -44.584602 -253.562912 28.673473 -8.690888e+00
957032 22857.443359 27938.328125 55874.664062 -132.722366 -97.350426 -284.919983 27.993652 1.000000e+37
969333 20890.472656 30407.679688 57260.511719 -16.336077 24.550398 -147.110489 25.337002 1.000000e+37
969334 20929.363281 30389.810547 57258.867188 -31.764660 24.597691 -139.369308 9.745312 1.000000e+37
980877 20144.978516 28394.234375 55460.363281 8.484531 -1.217239 -101.810173 24.915047 1.000000e+37
991618 20074.646484 29708.843750 56607.617188 2.530996 46.170067 -102.489334 25.795458 1.000000e+37
994649 22517.177734 30919.349609 56989.738281 -100.873154 45.694805 -274.538879 24.581642 1.000000e+37
999964 20598.589844 28339.371094 58343.058594 -10.650148 80.061226 -242.981903 22.459099 1.000000e+37
999965 20609.230469 28332.783203 58344.820312 -4.865987 99.930115 -251.031448 11.244789 1.000000e+37
1001650 22928.619141 29319.892578 58069.250000 -95.688225 41.570065 -295.817719 22.386227 1.000000e+37
1007012 21375.535156 30040.591797 56833.011719 -32.083736 1.731321 -252.617279 26.835089 -8.640245e+00
1012428 22865.097656 29579.787109 56751.886719 -102.904137 -6.644117 -289.348663 26.461527 1.000000e+37
1018765 19534.267578 29058.949219 56861.039062 4.323639 39.417675 -125.513275 18.761555 1.000000e+37
1018766 19538.519531 29050.054688 56848.199219 -4.892029 38.320721 -118.034973 10.305657 1.000000e+37
1029426 22511.986328 27807.957031 56625.312500 -59.464798 -29.744839 -401.161499 26.046055 1.000000e+37
1053458 23328.968750 29807.582031 56820.617188 -76.641121 18.245317 -304.659668 22.730589 1.000000e+37
1053459 23292.236328 29809.017578 56783.765625 -100.369675 -0.566722 -320.984863 9.753167 1.000000e+37
1055238 21207.126953 27838.884766 58344.789062 -22.810364 54.218204 -267.074310 25.215113 1.000000e+37
1055239 21209.830078 27832.328125 58348.769531 -12.993900 43.077599 -257.086456 12.227177 1.000000e+37
1055818 22880.333984 29743.652344 56379.839844 -36.654888 -0.163358 -151.822235 24.227074 1.000000e+37
1057592 21983.591797 29359.236328 56329.382812 7.292643 -68.507774 -228.182114 28.314077 1.000000e+37
1058171 21714.564453 30838.246094 56759.644531 -103.830490 35.147572 -240.120285 24.712803 1.000000e+37
1060464 22734.638672 27903.576172 56374.535156 33.638569 42.057343 -272.502380 28.314678 -1.013588e+01
1068907 22448.052734 29886.566406 56660.710938 -53.952904 -8.718660 -148.004150 21.340446 1.000000e+37
1070721 22573.882812 27858.451172 55930.886719 -97.950821 -111.771286 -221.344131 22.485186 1.000000e+37
1081604 21197.857422 30268.855469 56648.925781 -47.246937 7.361856 -260.733978 16.481585 1.000000e+37
1081605 21209.685547 30241.388672 56677.335938 -61.208218 -5.799042 -218.813812 13.975958 1.000000e+37
1082278 23111.412109 29912.521484 56206.734375 -28.072531 11.850749 -161.462280 21.687996 1.000000e+37
1082975 21472.535156 29427.484375 57019.308594 -78.872192 14.523709 -348.795074 23.238340 1.000000e+37
1084959 21053.099609 30205.121094 57218.925781 -19.174194 12.571406 -156.288681 23.177881 1.000000e+37
1085561 22278.705078 28993.150391 56369.230469 -142.724350 -40.677094 -295.253418 21.036648 1.000000e+37
1094581 22081.738281 29214.960938 56445.738281 -71.159256 -56.631588 -299.527191 28.417336 -9.402227e+00
1098127 21725.904297 29001.191406 56353.210938 -57.312561 -152.243561 -312.523804 13.769339 1.000000e+37
1098128 21738.751953 28946.322266 56370.144531 -80.403397 -61.444378 -169.245209 11.566312 1.000000e+37
1098129 23367.490234 29825.746094 56774.250000 -89.133484 18.236374 -306.882904 20.606676 1.000000e+37
1098865 19522.111328 28809.953125 56835.261719 13.126871 45.861488 -128.903992 19.670900 1.000000e+37
1101111 22215.152344 28173.107422 56089.890625 -8.339539 -67.691742 -189.471817 26.401028 -8.819473e+00
1102543 20353.207031 28297.183594 55886.035156 9.922440 -4.877659 -107.027054 22.952404 1.000000e+37
1115758 23090.970703 28997.841797 56653.460938 -110.524620 3.276556 -327.928833 23.625175 1.000000e+37
1117354 22405.607422 30882.660156 57000.000000 -87.946053 42.879242 -273.876007 22.420792 1.000000e+37
1125593 22263.000000 27526.449219 56295.929688 -10.690971 -22.206676 -161.228546 22.210638 1.000000e+37
1128102 22035.613281 28304.742188 56488.660156 -24.312752 49.139126 -207.038391 17.884558 1.000000e+37
1128103 22003.283203 28292.501953 56491.617188 -30.611090 54.352592 -192.817200 21.608833 1.000000e+37
1128104 22648.242188 29606.931641 58251.785156 -82.799850 36.212578 -289.666595 20.830521 1.000000e+37
1129777 20157.994141 30114.365234 57838.609375 -75.042519 84.794426 -254.594025 22.283974 1.000000e+37
1132407 22367.410156 28329.951172 56209.398438 72.113052 12.867656 -167.790390 21.953266 1.000000e+37
1137705 22645.093750 29869.984375 57054.750000 -92.092178 13.572097 -301.409729 25.439144 1.000000e+37
1148626 20975.097656 30849.416016 57116.183594 -46.189564 26.011690 -201.133316 17.389202 1.000000e+37
1148627 20978.476562 30852.013672 57130.464844 -51.357468 11.189792 -203.544373 14.974894 1.000000e+37
1150610 21635.119141 29119.195312 56300.113281 68.141716 78.608093 -179.891098 22.215559 1.000000e+37
1156197 22830.902344 28007.212891 55935.625000 85.830742 14.825281 -253.994217 19.874285 1.000000e+37
1165945 21053.115234 28978.289062 56462.957031 64.992409 104.734383 -221.180481 21.770941 1.000000e+37
1173339 21803.142578 28433.193359 58502.527344 -70.524620 37.386471 -297.469330 22.265945 1.000000e+37
1179864 19842.062500 28330.648438 56359.765625 17.252697 28.708641 -196.648178 23.273607 1.000000e+37
1185224 23105.486328 28015.267578 56066.613281 -83.495903 -101.371330 -204.229324 22.896641 1.000000e+37
1186291 22630.671875 29754.488281 56763.820312 -98.738800 -6.069197 -280.978363 23.159101 1.000000e+37
1186292 21960.974609 28116.541016 56252.027344 84.664192 37.230652 -287.659729 19.057585 1.000000e+37
1191917 22731.417969 28047.003906 55893.234375 -103.655449 -97.848801 -276.626221 19.313499 1.000000e+37
1191918 22719.064453 28059.080078 55888.761719 -113.992668 -111.044868 -270.913696 10.479838 1.000000e+37
1206068 22206.160156 30688.341797 56863.050781 -93.942574 36.765846 -272.809540 19.980885 1.000000e+37
1206069 22283.125000 28772.197266 56518.957031 -82.993736 -56.855141 -290.531128 24.610170 1.000000e+37
1209599 20108.253906 30067.222656 56628.824219 -7.400547 51.164249 -104.790451 20.963728 1.000000e+37
1212045 22003.236328 29417.333984 56535.566406 -129.234818 -49.357349 -307.691040 20.477816 1.000000e+37
1218386 21900.720703 28589.025391 56174.132812 72.879089 61.697643 -221.724533 15.898115 1.000000e+37
1218387 21891.615234 28607.599609 56203.921875 102.084839 66.015671 -202.226715 12.377502 1.000000e+37
1231420 20761.601562 29244.175781 56781.714844 90.469193 47.691780 -173.636551 20.183979 1.000000e+37
1241074 22470.537109 28212.316406 55845.550781 -41.508415 -43.122818 -202.029266 22.311014 1.000000e+37
1242462 21376.830078 30788.230469 56697.820312 -98.836601 28.510881 -234.996231 20.176123 1.000000e+37
1245306 21768.332031 29168.585938 57127.910156 -39.776978 -50.144558 -238.166275 24.883444 1.000000e+37
1267432 21052.646484 30445.447266 56684.539062 -55.155022 30.108608 -270.102173 20.412102 1.000000e+37
1267435 20389.013672 27579.699219 56211.070312 7.605460 -19.206451 -201.984451 22.025259 -8.986460e+00
1273632 21617.031250 29270.548828 58734.574219 -94.881767 32.281528 -270.193695 19.933990 1.000000e+37
1273635 21798.613281 27733.367188 56298.570312 82.154457 8.692344 -202.657547 21.582603 1.000000e+37
1280001 23223.677734 29804.550781 57213.128906 -104.602943 17.524218 -304.007904 18.218016 1.000000e+37
1298687 21436.009766 30416.917969 57245.746094 -68.321388 5.710580 -187.747482 18.073370 1.000000e+37
1300449 20728.744141 30525.341797 57175.917969 -20.553070 80.217316 -238.397751 19.811626 1.000000e+37
1307555 22654.113281 28073.236328 57091.585938 -98.295021 -16.078671 -357.782196 19.574490 1.000000e+37
1318756 23160.759766 29030.757812 56495.187500 -123.123985 0.480629 -297.791534 17.611712 1.000000e+37
1318757 23172.380859 29016.462891 56498.714844 -120.288155 10.264864 -301.380829 7.160842 1.000000e+37
1318758 22739.523438 28025.613281 55957.640625 -100.619888 -104.572166 -258.466980 14.035051 1.000000e+37
1318760 21692.919922 28473.986328 58187.878906 -54.758404 62.993683 -319.756622 18.249556 1.000000e+37
1320579 23136.642578 29058.957031 56537.515625 -41.740124 -36.321640 -160.181427 14.721253 1.000000e+37
1320580 23129.261719 29049.402344 56532.699219 -49.466991 -33.067486 -157.763794 12.380454 1.000000e+37
1338194 21543.181641 29566.416016 56357.027344 -17.746130 -71.005836 -233.052277 21.768221 1.000000e+37
1344253 20033.142578 28902.300781 56742.644531 22.835400 61.372982 -164.327957 17.498960 1.000000e+37
1346364 22351.660156 27830.451172 56041.472656 -82.443443 62.693291 -304.827057 12.112854 1.000000e+37
1350465 23021.146484 30408.625000 57177.261719 -93.587257 36.498634 -293.407013 15.384469 1.000000e+37
1354653 19725.582031 28771.638672 57022.515625 23.264551 56.237381 -169.249069 14.545498 1.000000e+37
1356720 21364.505859 30256.955078 57038.406250 -63.587345 6.070379 -235.932266 18.800734 1.000000e+37
1361050 23371.416016 29136.824219 56322.445312 -107.359894 -23.723328 -270.276428 18.497389 1.000000e+37
1363256 21230.275391 30175.398438 56642.910156 -54.892490 -4.735742 -215.934204 18.483000 1.000000e+37
1376655 22436.792969 27502.931641 56343.839844 77.286179 -76.667465 -219.137665 21.186005 1.000000e+37
1381150 21932.218750 29344.339844 56379.644531 -93.169983 -45.953720 -263.676208 22.708197 1.000000e+37
1395154 19950.865234 28839.134766 56996.625000 28.112354 74.389603 -189.319138 19.804239 1.000000e+37
1402468 19670.304688 29658.005859 56841.539062 -1.285488 66.380821 -194.160416 16.399857 1.000000e+37
1412450 20277.246094 28691.708984 55983.304688 7.130682 7.282273 -105.333229 17.933043 1.000000e+37
1420207 20153.089844 27904.367188 56009.460938 104.400414 36.436314 -187.305176 18.983931 1.000000e+37
1428133 20905.845703 30060.445312 56951.847656 2.225779 38.706776 -245.518845 16.896217 1.000000e+37
1430807 23230.517578 29223.302734 55763.835938 -2.200110 -7.230652 -81.976776 16.145338 1.000000e+37
1436178 22418.972656 30461.740234 56951.687500 -100.394150 27.939632 -265.745819 18.178963 1.000000e+37
1447277 20471.621094 30450.632812 57363.000000 -3.941612 45.028118 -163.339081 18.642223 1.000000e+37
1450033 20397.687500 29017.808594 58318.023438 -33.804119 85.718468 -238.482590 15.755968 1.000000e+37
1464514 21907.716797 28214.464844 56646.277344 -32.953495 9.819532 -199.751770 17.332632 1.000000e+37
1464517 20543.957031 30664.332031 57320.921875 -20.823080 41.140896 -171.942886 15.600960 1.000000e+37
1467493 21963.015625 28649.371094 56342.664062 15.844716 -74.725670 -143.616425 18.075655 1.000000e+37
1473471 21802.187500 31101.914062 56936.308594 -97.263710 52.318684 -277.275696 15.576328 1.000000e+37
1486010 19973.810547 29101.416016 56951.652344 19.737408 30.723940 -127.557625 17.600397 1.000000e+37
1502073 22828.115234 27521.291016 56392.222656 -46.682224 -66.051140 -304.079895 17.771507 1.000000e+37
1502074 23333.587891 28830.384766 56428.980469 -37.370190 -44.784172 -160.909485 17.257339 1.000000e+37
1518816 22523.234375 28339.123047 56279.652344 -71.757957 -65.135429 -247.396820 18.664152 1.000000e+37
1525800 21294.615234 30982.580078 57003.863281 -111.380249 39.875504 -272.305023 17.930311 1.000000e+37
1525801 21395.908203 29053.597656 56590.183594 -12.424613 -49.083790 -217.414597 18.986202 1.000000e+37
1529242 19587.865234 28905.539062 56852.691406 4.660996 42.694836 -127.233994 16.471163 1.000000e+37
1532862 22024.609375 27862.898438 56062.878906 -37.782928 -55.103642 -185.112915 18.425415 1.000000e+37
1532863 20693.802734 30063.765625 57247.046875 8.860130 22.758682 -196.776306 21.035921 1.000000e+37
1543696 19789.789062 29484.585938 56682.398438 5.254117 47.565926 -111.900604 16.930277 1.000000e+37
1543697 20639.761719 30120.021484 57447.148438 -26.598808 83.447472 -261.795319 13.880375 1.000000e+37
1543698 20644.726562 30134.349609 57445.972656 -27.937235 82.206924 -276.002441 10.163900 1.000000e+37
1554810 21501.646484 29141.632812 56768.792969 -92.340500 -114.953331 -208.574371 13.726983 1.000000e+37
1554811 22898.740234 28085.691406 55932.890625 -112.903244 -110.754753 -252.128433 18.972555 1.000000e+37
1554812 21746.181641 28793.986328 56208.351562 -56.942638 31.553968 -156.469162 18.616276 1.000000e+37
1554816 22186.623047 30253.292969 56684.808594 -27.834253 -1.497553 -139.479034 18.839525 1.000000e+37
1562583 21325.259766 28172.917969 57048.636719 26.968678 62.573811 -293.181183 17.833931 1.000000e+37
1578533 20042.148438 30338.134766 56556.101562 -15.391680 61.740211 -104.793304 17.316835 1.000000e+37
1586444 23178.960938 29928.666016 56884.320312 -89.546272 5.949169 -286.857269 16.298956 1.000000e+37
1594703 22411.482422 28289.511719 56148.136719 -130.312347 -47.064346 -314.458618 13.704213 1.000000e+37
1594704 21469.449219 29125.501953 56783.164062 -39.286343 -50.931553 -203.924179 23.938705 -8.951540e+00
1594712 21997.730469 27855.529297 56250.718750 77.658203 43.935944 -299.061005 12.884529 1.000000e+37
1594713 21977.351562 27856.722656 56249.875000 87.039597 37.780483 -295.866119 10.289931 1.000000e+37
1594714 20251.707031 27648.927734 56312.574219 48.991993 102.498932 -218.784164 16.891691 1.000000e+37
1612038 22028.943359 28721.080078 56366.453125 -36.559170 -7.159393 -207.698135 13.462037 1.000000e+37
1612044 20045.468750 28912.947266 56906.386719 30.134695 84.451897 -179.397949 14.034335 1.000000e+37
1612045 20046.566406 28910.478516 56872.859375 30.523724 86.295456 -200.517868 7.502821 1.000000e+37
1612046 21226.621094 29075.191406 57078.898438 52.347836 18.596386 -256.659332 20.338482 1.000000e+37
1616494 21285.505859 29224.484375 57153.156250 55.449863 -19.195929 -214.995102 9.362823 1.000000e+37
1634920 22388.865234 30831.650391 56876.664062 -92.086746 52.502922 -270.904541 16.657026 1.000000e+37
1634921 22544.429688 27876.160156 55848.218750 -87.957344 -92.316803 -235.842667 17.164955 1.000000e+37
1639573 21034.503906 29995.281250 56811.132812 -65.579918 -36.730988 -201.965942 18.700769 1.000000e+37
1639574 21776.537109 29176.884766 56852.769531 -97.342995 -65.836815 -255.515182 20.263313 1.000000e+37
1639575 23050.458984 29769.923828 57683.527344 -114.016418 30.084757 -300.907532 15.181659 1.000000e+37
1644304 23097.611328 29180.548828 56584.386719 -101.216881 -19.782980 -287.598877 15.667191 1.000000e+37
1644310 19757.703125 29787.109375 56739.781250 -0.236742 76.638611 -203.420700 15.555450 1.000000e+37
1663565 20839.949219 29610.531250 56964.695312 29.195404 39.540054 -159.180908 19.023348 1.000000e+37
1668691 21285.044922 30402.544922 57131.589844 -40.685658 6.627527 -150.099030 17.333889 1.000000e+37
1668692 20296.974609 28542.884766 55927.042969 7.689698 4.052920 -104.857742 12.749440 1.000000e+37
1673765 22019.464844 28868.101562 56379.953125 -20.235050 -75.909790 -123.674469 17.684486 1.000000e+37
1673766 22306.904297 28129.654297 56290.820312 -31.676401 -46.552254 -176.068939 17.118740 1.000000e+37
1683961 22070.378906 27777.777344 56853.390625 6.631955 27.919426 -347.297913 12.365273 1.000000e+37
1683962 22594.888672 28127.042969 56060.324219 44.508743 22.081236 -218.642517 20.545856 1.000000e+37
1689215 20931.851562 29742.263672 57067.039062 52.543800 2.811483 -188.526047 13.885320 1.000000e+37
1694521 21132.744141 28307.357422 57297.648438 16.013458 67.463211 -285.432343 16.374687 1.000000e+37
1721971 22014.369141 28722.875000 56392.265625 92.622551 40.307514 -140.646545 9.939695 1.000000e+37
1721974 20242.826172 30103.710938 57739.210938 -73.327209 83.013977 -254.932419 15.069592 1.000000e+37
1727736 21611.328125 28893.064453 56546.136719 -113.231400 -74.895409 -135.536453 17.245539 1.000000e+37
1727737 22762.226562 28151.558594 55958.031250 -112.747559 -87.943932 -291.640747 15.123954 1.000000e+37
1727738 22115.400391 28508.402344 56167.921875 76.145851 50.980679 -186.297226 11.719789 1.000000e+37
1745429 22463.937500 27982.724609 56832.386719 -48.815910 -4.551649 -365.986511 17.860998 1.000000e+37
1751493 21255.744141 29514.955078 56708.316406 56.817066 128.026352 -153.717484 16.763691 1.000000e+37
1757474 20859.423828 30924.105469 57099.964844 -48.276657 63.235065 -258.857819 13.515221 1.000000e+37
1757477 20602.792969 27728.095703 55762.386719 31.998543 45.761967 -187.459839 16.138464 1.000000e+37
1763552 22861.814453 29074.701172 56582.433594 -113.200432 -34.395336 -276.430969 15.425200 1.000000e+37
1769785 20095.113281 28599.728516 56125.523438 20.693052 53.144440 -218.414658 17.315266 1.000000e+37
1776005 22801.013672 29465.375000 56669.496094 -100.168922 -11.104191 -286.836578 11.080032 1.000000e+37
1776011 20122.396484 29585.728516 56349.394531 -3.210608 41.466133 -92.627914 12.711287 1.000000e+37
1776012 20099.449219 29590.476562 56343.480469 2.200049 33.622578 -87.084106 9.843551 1.000000e+37
1782499 22134.917969 27799.093750 56556.656250 38.632282 31.322132 -347.528076 12.523653 1.000000e+37
1782500 21647.601562 27824.871094 57176.906250 12.888174 44.497593 -311.963806 16.118858 1.000000e+37
1782502 21619.166016 27168.964844 57144.304688 45.767982 35.493263 -308.545044 14.830263 1.000000e+37
1782503 21530.988281 28301.710938 56164.582031 78.886810 40.617069 -194.998734 16.429857 1.000000e+37
1788947 23146.162109 27979.066406 56543.972656 -16.346987 -79.231216 -146.209763 15.872886 1.000000e+37
1795422 19958.472656 29524.441406 56600.144531 18.383728 74.572678 -200.428574 16.793161 1.000000e+37
1822431 21714.789062 27916.376953 56618.875000 52.991020 47.710316 -311.167694 13.215360 1.000000e+37
1829495 22148.000000 29746.441406 56945.707031 -41.166866 -28.895954 -151.024811 15.228062 1.000000e+37
1829502 21228.285156 29463.339844 56610.453125 16.467232 75.054428 -133.699356 15.430060 1.000000e+37
1829503 19931.445312 29519.892578 56800.128906 15.328732 59.201412 -188.832581 11.452056 1.000000e+37
1843791 20306.361328 29098.439453 58439.609375 -33.703964 82.843155 -240.350006 11.617610 1.000000e+37
1843792 20317.730469 29095.156250 58415.519531 -41.650478 87.106239 -236.501358 11.104367 1.000000e+37
1858509 22509.257812 29908.355469 56312.753906 -46.065472 -8.064393 -151.510269 15.002991 1.000000e+37
1865853 21759.937500 27854.769531 56507.039062 46.745384 41.708942 -316.111298 15.375589 1.000000e+37
1865854 22873.630859 27685.587891 56113.398438 25.549622 -4.195484 -230.253052 20.855413 -1.071633e+01
1873609 21443.417969 29357.263672 56763.722656 6.778456 38.250481 -166.127960 18.735552 -8.560994e+00
1873612 22977.552734 28073.058594 56067.941406 -78.014351 -131.496307 -184.922089 14.382025 1.000000e+37
1873613 21236.105469 29239.876953 56738.621094 103.980721 -48.325096 -123.262802 16.756168 1.000000e+37
1881326 21964.949219 29175.333984 56697.015625 -138.648224 -51.268124 -182.835358 15.668817 1.000000e+37
1881331 21752.544922 29462.779297 55102.347656 -3.514005 19.894817 -88.693954 14.762196 1.000000e+37
1881332 22634.781250 28407.519531 56361.492188 -52.474983 -57.690411 -253.893814 17.189739 1.000000e+37
1888988 22678.423828 29654.013672 58254.570312 -87.366997 24.136053 -290.730713 15.076262 1.000000e+37
1889002 22668.121094 28080.679688 57063.785156 -105.736008 -9.016008 -346.883148 15.060208 1.000000e+37
1896885 21299.093750 29945.976562 58344.425781 -94.040489 47.684216 -272.761536 12.840511 1.000000e+37
1896898 22139.058594 27754.544922 56599.242188 21.139673 24.312765 -356.643311 14.099907 1.000000e+37
1905023 20382.181641 30465.076172 56985.531250 -8.515824 53.463058 -110.887329 14.601252 1.000000e+37
1905028 22416.052734 27489.101562 56740.484375 93.287132 16.462870 -238.676071 14.774750 1.000000e+37
1913169 20708.035156 30156.033203 57268.312500 -38.361847 59.961594 -270.866516 12.733398 1.000000e+37
1921427 21560.730469 29374.822266 57051.433594 22.808676 -8.870275 -160.597641 15.759240 1.000000e+37
1929819 22018.058594 28702.669922 56314.339844 -12.826171 -86.245781 -140.316910 13.898895 1.000000e+37
1929820 21903.208984 28755.066406 56502.867188 -52.554367 18.305695 -95.078094 11.844652 1.000000e+37
1929821 21893.501953 28736.839844 56500.218750 -131.639465 16.002161 -239.297928 11.055944 1.000000e+37
1929831 21339.908203 29580.939453 57093.925781 10.826584 5.233385 -127.635155 14.589390 1.000000e+37
1965061 22742.066406 27781.070312 56427.824219 86.250488 -28.383984 -251.359772 10.702362 1.000000e+37
1974291 21015.744141 30789.767578 57180.179688 -51.619469 26.155205 -200.545959 18.160172 1.000000e+37
1983510 22119.207031 28349.755859 56404.324219 80.535583 56.069492 -177.308578 14.198884 1.000000e+37
1983511 21559.529297 29079.972656 57361.550781 -64.857384 30.266815 -328.944824 14.524559 1.000000e+37
2002292 21115.009766 29298.052734 56582.792969 100.888809 114.700470 -195.421265 13.218933 1.000000e+37
2002293 21237.431641 27785.324219 57674.429688 21.143978 61.822422 -276.815765 15.111355 1.000000e+37
2012045 22440.892578 30827.818359 56968.613281 -94.154938 45.430904 -264.184479 14.117642 1.000000e+37
2022048 23092.933594 29106.531250 56423.167969 -38.112900 -35.807350 -145.307632 14.269842 1.000000e+37
2022051 20305.091797 30707.472656 56882.066406 -14.483665 64.696999 -113.479233 13.641128 1.000000e+37
2022056 21308.888672 30090.445312 56614.523438 -55.466961 -3.041443 -251.479080 13.643270 1.000000e+37
2031948 23037.482422 28961.218750 56453.457031 -113.046761 -19.390663 -297.420837 15.918047 1.000000e+37
2031949 22395.564453 27853.175781 56238.722656 -38.312412 -133.996613 -148.040604 13.912331 1.000000e+37
2042117 21934.019531 30267.511719 56730.542969 -89.560440 16.076012 -259.872864 13.254345 1.000000e+37
2042135 20754.611328 30012.730469 56951.195312 -33.570988 51.503155 -289.006348 12.936663 1.000000e+37
2052651 21836.328125 28796.718750 56488.246094 -103.749855 61.727379 -214.054291 11.659975 1.000000e+37
2052652 21720.785156 28770.144531 56163.558594 -95.239006 -8.571497 -233.501175 14.182548 1.000000e+37
2052674 22624.720703 27794.255859 56834.371094 -93.301270 -25.564680 -376.950867 9.785708 1.000000e+37
2063321 22934.599609 29218.085938 56610.757812 -109.062477 -27.148647 -285.735535 13.437788 1.000000e+37
2063326 22376.644531 29359.652344 56930.636719 -79.408363 -38.887512 -162.963760 14.830408 1.000000e+37
2063329 19815.640625 29534.886719 56693.777344 -0.704483 43.870384 -107.202469 13.688609 1.000000e+37
2074032 22178.289062 27800.046875 56447.351562 50.803905 32.176918 -346.391266 12.564392 1.000000e+37
2074035 21012.787109 28553.720703 57401.539062 11.156345 73.750000 -279.852356 12.371967 1.000000e+37
2084952 21828.152344 28397.679688 56381.367188 -51.989532 -57.168625 -175.483261 12.222753 1.000000e+37
2084956 21226.392578 29448.539062 57106.003906 1.018814 -47.266422 -149.363678 14.134923 1.000000e+37
2096012 22282.822266 29886.476562 56678.199219 -33.584545 -15.208395 -131.995087 15.829066 1.000000e+37
2096017 22361.539062 29837.675781 56750.695312 -51.497116 -4.272019 -144.842422 14.863330 1.000000e+37
2107605 21093.105469 30473.169922 56724.410156 -51.932919 7.991827 -225.763870 11.632086 1.000000e+37
2107606 21723.308594 30197.406250 56718.882812 -98.410728 10.444016 -290.226746 14.861271 1.000000e+37
2107607 22390.095703 28231.244141 56012.726562 63.299271 -2.062109 -218.917953 15.246999 1.000000e+37
2107617 22649.423828 27653.123047 56819.664062 -91.390617 -24.327255 -385.509552 14.447413 1.000000e+37
2119150 21729.125000 28812.015625 56482.007812 74.617050 -13.457106 -241.338135 16.322020 1.000000e+37
2130878 21191.785156 30157.035156 56685.964844 -59.154625 -12.441389 -224.930374 11.873808 1.000000e+37
2142945 22332.777344 28803.064453 56346.402344 -150.600266 -45.677814 -274.827728 12.780320 1.000000e+37
2142960 22366.357422 27618.898438 56085.574219 31.285131 -31.677057 -184.781433 14.373236 1.000000e+37
2155191 23292.123047 29624.056641 56791.582031 -109.677986 20.934305 -320.342590 12.078551 1.000000e+37
2155195 22114.767578 29799.255859 56929.441406 -42.070091 -31.137848 -157.031967 13.568487 1.000000e+37
2167597 22811.447266 29157.179688 57883.996094 -103.266273 34.646149 -298.744110 13.091451 1.000000e+37
2167620 19783.968750 28842.386719 56649.230469 12.872869 67.645355 -171.042023 15.196400 1.000000e+37
2180344 21144.595703 29391.535156 56597.906250 75.259575 -32.838692 -250.060928 14.465048 1.000000e+37
2193295 20138.812500 28731.052734 56938.761719 13.708948 48.969685 -131.297989 13.396973 1.000000e+37
2206623 21428.992188 30895.089844 56837.683594 -87.804688 21.323652 -225.219635 11.027601 1.000000e+37
2206624 21746.750000 30833.511719 56813.316406 -60.939373 24.010178 -155.426224 15.422235 1.000000e+37
2206625 21631.492188 28895.080078 56633.917969 -63.102062 17.580370 -237.556671 16.096230 1.000000e+37
2206626 22818.808594 29849.691406 56330.011719 -30.018515 -3.180560 -144.547791 13.191795 1.000000e+37
2206627 22936.546875 29652.890625 56783.710938 -102.814697 -9.768589 -288.397278 14.237787 1.000000e+37
2206636 22963.830078 27855.537109 56134.144531 -85.560547 -135.341110 -216.752182 13.575891 1.000000e+37
2206647 22889.503906 28053.722656 56175.269531 37.503353 -17.607185 -212.481827 13.875416 1.000000e+37
2206650 19782.501953 30002.625000 57049.613281 -11.011152 86.895348 -208.104874 12.394614 1.000000e+37
2220054 21075.746094 29498.984375 56682.773438 34.052170 -44.256981 -220.869797 12.115623 1.000000e+37
2234128 22820.847656 30722.103516 56269.203125 -11.235171 41.165768 -155.280746 13.904555 1.000000e+37
2234130 21338.375000 29496.142578 57036.976562 66.448448 70.804626 -285.799957 14.834318 1.000000e+37
2248343 21040.615234 30251.128906 56622.457031 -67.677872 5.925186 -261.818634 12.825097 1.000000e+37
2248344 22803.298828 28949.744141 57686.031250 -95.341087 20.237572 -304.071442 13.414434 1.000000e+37
2248352 22371.867188 29712.808594 56767.074219 -58.116348 -13.465001 -145.068344 14.907749 1.000000e+37
2248353 22341.400391 29236.134766 56740.191406 -87.319824 -48.890430 -143.056778 11.987369 1.000000e+37
2248362 20795.244141 28599.798828 56960.136719 44.335243 59.900497 -141.094513 13.047790 1.000000e+37
2262627 21533.957031 29206.083984 56709.902344 -34.133682 -97.192795 -244.923798 13.509864 1.000000e+37
2262628 21521.009766 29185.642578 56718.140625 -99.796219 -123.644829 -203.064468 11.095239 1.000000e+37
2262634 22065.035156 29274.064453 56552.554688 -102.888046 -59.304047 -262.264130 16.076851 1.000000e+37
2262635 21782.859375 29061.501953 57188.546875 -49.384987 -71.836670 -217.893448 13.385472 1.000000e+37
2262653 20442.443359 27840.003906 56029.265625 67.741112 -9.874503 -166.620438 14.665994 1.000000e+37
2276966 22991.412109 28019.199219 55796.328125 -2.062303 -78.187759 -54.839828 10.502098 1.000000e+37
2277199 20962.443359 30741.171875 56946.980469 -76.611618 61.153225 -279.613922 10.818324 1.000000e+37
2277200 22987.220703 29502.412109 58068.125000 -107.048241 22.191736 -295.330170 10.982335 1.000000e+37
2277203 21011.156250 29072.367188 56785.949219 -69.695251 -10.388854 -159.888763 16.084267 1.000000e+37
2292100 21978.255859 28796.230469 56569.171875 59.864597 109.229591 -233.585052 10.004931 1.000000e+37
2292113 20941.099609 30345.597656 57241.429688 -26.687134 23.291538 -138.177353 11.593690 1.000000e+37
2292119 21068.031250 30737.072266 56824.062500 -60.776165 39.922581 -230.423080 15.986665 1.000000e+37
2307087 22684.888672 28084.914062 55990.425781 -108.755692 -112.432564 -261.030396 12.091772 1.000000e+37
2307095 22701.064453 27895.335938 56144.156250 -81.771042 -146.746552 -182.067429 11.654383 1.000000e+37
2307096 22508.380859 29882.248047 56645.242188 -62.335579 -0.456054 -140.899979 12.402555 1.000000e+37
2307097 21925.826172 29507.896484 57122.675781 -55.476181 -59.069565 -167.351379 13.587352 1.000000e+37
2307098 22641.675781 27912.566406 56316.957031 12.670037 -8.520993 -345.877686 15.811374 1.000000e+37
2307111 21675.531250 27570.675781 55923.417969 63.799797 -16.840942 -201.139725 12.219073 1.000000e+37
2322718 23059.679688 30141.162109 56993.917969 -92.380577 18.160254 -281.599823 13.463974 1.000000e+37
2338989 22009.085938 28441.755859 56515.753906 -9.448383 -69.530861 -142.720901 9.277749 1.000000e+37
2338990 21797.080078 28994.498047 56399.507812 -210.496353 -95.665504 -204.353333 8.502599 1.000000e+37
2338991 23152.316406 28791.226562 56563.300781 -124.874062 -4.322422 -329.484772 13.205585 1.000000e+37
2339000 23121.392578 29062.964844 56471.898438 -40.552227 -35.598740 -153.235291 6.198869 1.000000e+37
2339001 23098.355469 29054.664062 56465.652344 -43.344612 -32.664200 -145.188599 7.908269 1.000000e+37
2339009 20890.722656 29735.068359 56739.316406 43.638615 9.700491 -220.575409 10.767975 1.000000e+37
2339010 21541.205078 29656.759766 56373.960938 -42.629421 -62.587227 -254.834854 11.754028 1.000000e+37
2339018 22639.378906 28109.554688 56312.183594 82.201187 -39.594818 -190.008072 12.959970 1.000000e+37
2339019 21640.099609 27361.816406 56126.984375 61.429218 -24.027992 -238.106613 15.881258 1.000000e+37
2354876 23301.449219 29564.019531 55803.496094 -0.884512 9.161974 -90.859657 9.372378 1.000000e+37
2354877 23293.974609 29548.800781 55807.527344 -4.633245 17.957180 -90.562126 7.962455 1.000000e+37
2355154 19956.341797 29014.181641 56346.964844 11.773210 74.141113 -199.349136 13.066071 1.000000e+37
2371769 21094.240234 30261.849609 56932.890625 -79.360909 -17.710443 -208.462677 12.858378 1.000000e+37
2371771 21919.488281 28169.128906 56555.687500 -68.584900 -10.584041 -159.462631 13.605553 1.000000e+37
2371780 22347.271484 28797.554688 56537.863281 -81.714607 -38.309307 -181.426315 11.802063 1.000000e+37
2371786 20598.511719 30190.974609 57267.632812 -29.694576 64.659248 -268.620178 12.317240 1.000000e+37
2389014 20953.136719 30790.748047 56888.949219 -60.696568 28.520817 -234.632538 12.744890 1.000000e+37
2406516 22092.912109 28811.285156 56343.191406 -24.642904 -80.777618 -147.284744 11.177721 1.000000e+37
2406517 21989.113281 28529.712891 56156.550781 77.589317 62.464138 -222.566360 12.228736 1.000000e+37
2406519 21058.681641 30550.349609 56834.593750 -54.490910 37.683052 -260.863739 10.929632 1.000000e+37
2406537 21305.003906 30104.388672 56592.984375 -41.709114 -3.023768 -254.476654 14.969819 1.000000e+37
2406549 19491.300781 29119.892578 56811.011719 11.137759 61.761684 -189.551880 10.570473 1.000000e+37
2424463 21355.455078 29699.005859 56514.863281 -33.276455 -50.817535 -230.836273 15.991494 1.000000e+37
2424465 23420.210938 29447.355469 56891.714844 -127.981819 20.620750 -322.671509 13.094372 1.000000e+37
2424471 22385.794922 28500.939453 56407.421875 -71.758492 25.345924 -208.986099 14.804819 1.000000e+37
2424477 19499.216797 29545.117188 56938.070312 -7.049339 79.500015 -193.485107 12.831929 1.000000e+37
2424490 22770.150391 27647.587891 56329.105469 59.500404 2.495663 -319.747620 16.771528 1.000000e+37
2424492 21442.544922 27212.021484 56071.062500 54.710934 -63.062538 -260.588257 11.123998 1.000000e+37
2442889 20895.000000 31008.238281 57041.281250 -99.335251 32.986427 -254.715622 12.460671 1.000000e+37
2442890 22901.007812 29020.904297 55850.980469 -82.605721 -53.973873 -209.203918 9.132706 1.000000e+37
2442891 22989.679688 29498.003906 56390.800781 -40.365540 -12.382339 -153.830872 12.487295 1.000000e+37
2442911 20072.335938 27903.359375 56289.453125 39.023392 -8.590675 -210.312805 13.040023 1.000000e+37
2461844 22259.810547 27528.923828 56000.527344 -58.066692 -79.885658 -173.714935 13.731347 1.000000e+37
2461845 22826.357422 28642.830078 56199.812500 -105.105614 -45.171482 -294.738983 12.801674 1.000000e+37
2461846 22851.312500 29574.587891 57784.378906 -84.003494 21.572086 -288.759613 13.289970 1.000000e+37
2461856 21547.591797 29845.095703 57186.398438 -51.820641 -31.844925 -196.981171 11.396109 1.000000e+37
2461857 21726.683594 30784.296875 56865.253906 -45.282669 30.391747 -162.136002 11.897379 1.000000e+37
2461864 19647.955078 28790.513672 56865.730469 8.833524 45.846661 -126.379684 12.412423 1.000000e+37
2461867 21019.947266 30617.222656 57133.062500 -50.588921 17.470150 -208.971863 14.001929 1.000000e+37
2461878 22806.281250 27712.312500 56177.414062 98.493874 -54.368149 -313.599854 8.126329 1.000000e+37
2461879 22495.916016 28219.324219 56337.800781 89.014053 10.712717 -190.175262 12.789923 1.000000e+37
2480795 20923.179688 30532.917969 57382.660156 -84.274529 60.180843 -292.736328 12.046612 1.000000e+37
2480800 22469.976562 27697.025391 56367.726562 162.688385 35.182896 -235.506287 10.128706 1.000000e+37
2500502 22014.142578 28834.896484 56571.460938 53.805798 -42.217514 -241.894165 11.509328 1.000000e+37
2500510 22347.343750 30950.205078 56264.464844 -21.589323 51.040775 -150.683517 12.316638 1.000000e+37
2500511 21037.345703 31093.330078 56970.402344 -29.404482 50.575932 -132.536575 12.817153 1.000000e+37
2520722 22093.404297 27777.390625 56378.945312 -31.206820 -56.688889 -240.076935 13.965076 1.000000e+37
2520723 21040.882812 29401.341797 57375.085938 46.873253 -21.802704 -182.619690 11.420529 1.000000e+37
2520742 22174.703125 27527.236328 56488.234375 59.954464 2.469103 -221.029648 13.018597 1.000000e+37
2520744 22071.136719 27320.919922 56734.089844 77.479111 -1.898840 -213.504059 15.121520 1.000000e+37
2541137 21921.912109 28547.431641 56499.367188 88.008865 82.605316 -268.504944 12.190907 1.000000e+37
2541150 22097.080078 29120.119141 56886.023438 -28.248873 -55.704632 -278.025085 12.425343 1.000000e+37
2541155 19662.753906 29284.646484 56790.894531 2.264138 40.069210 -112.844170 11.318722 1.000000e+37
2541167 20892.275391 27297.423828 56329.726562 58.543480 16.797995 -193.037186 12.523429 1.000000e+37
2541172 22159.335938 27363.451172 56738.312500 79.777733 3.772700 -218.532440 12.180254 1.000000e+37
2562325 21714.488281 30097.279297 56593.140625 -99.477203 -5.669825 -269.357727 11.534791 1.000000e+37
2562333 21183.630859 29243.722656 57203.933594 101.324478 121.532784 -198.768753 10.582999 1.000000e+37
2562347 20990.296875 30829.669922 56914.636719 -51.843067 52.547478 -253.444519 8.084337 1.000000e+37
2562356 20047.654297 28801.078125 56820.667969 35.122047 76.112320 -174.710220 13.419099 1.000000e+37
2584123 23086.914062 28584.833984 55641.433594 -73.932663 -75.742744 -205.049622 12.560907 1.000000e+37
2584131 21516.156250 29863.128906 56865.222656 -21.311905 -8.756309 -244.222031 12.075883 1.000000e+37
2584151 22518.808594 27588.750000 57585.617188 -69.243515 -0.393753 -344.914185 12.029410 1.000000e+37
2606554 21937.798828 29355.126953 56421.769531 -95.719696 -43.360714 -281.237274 12.134690 1.000000e+37
2606555 22298.503906 27599.072266 55938.558594 -72.828613 -98.758911 -190.342056 12.071773 1.000000e+37
2606556 22087.238281 28247.144531 56020.644531 -34.811207 -71.810005 -205.556473 14.714799 1.000000e+37
2606568 21140.955078 31039.841797 57376.957031 -78.619438 23.783154 -193.499756 12.792602 1.000000e+37
2606569 21534.660156 30896.744141 56885.355469 -81.556168 23.851053 -193.131348 12.957442 1.000000e+37
2606570 22386.935547 29955.513672 56540.671875 -42.307514 -11.669997 -131.783356 11.007457 1.000000e+37
2606571 23262.638672 30065.019531 56129.675781 -22.273630 13.616824 -168.258347 13.484008 1.000000e+37
2606594 20359.925781 27741.951172 56261.011719 67.307686 52.807304 -259.872375 13.163758 1.000000e+37
2606595 20950.039062 29005.351562 56479.578125 76.213440 98.035202 -218.330643 11.793843 1.000000e+37
2606601 22325.121094 28184.261719 56265.320312 -83.650475 -50.349522 -227.864960 15.517622 1.000000e+37
2629521 23014.962891 28567.681641 55714.703125 -74.017654 -77.758408 -203.711655 11.112939 1.000000e+37
2629539 19447.554688 29185.201172 56842.218750 4.524360 41.098358 -123.076111 9.932096 1.000000e+37
2629544 21965.560547 28574.222656 56340.925781 -54.701420 96.164780 -167.775253 14.074997 1.000000e+37
2653120 22032.630859 29518.626953 56496.562500 -75.327538 -6.123129 -276.919952 10.589990 1.000000e+37
2677288 21995.833984 28739.132812 56429.796875 -35.439541 -8.019607 -180.779251 10.057651 1.000000e+37
2677289 21969.421875 28469.542969 56197.449219 97.001480 55.761879 -177.588379 11.571188 1.000000e+37
2677290 22641.216797 28527.978516 57232.519531 -97.620514 -1.220142 -334.986877 10.222716 1.000000e+37
2677304 21310.011719 29060.392578 56914.128906 127.686333 72.561539 -235.720108 12.581669 1.000000e+37
2677317 21819.855469 29665.728516 56269.042969 -20.486208 -39.581028 -252.144547 13.733091 1.000000e+37
2677318 20963.642578 29987.318359 56672.234375 -6.203849 38.053024 -276.480408 10.405287 1.000000e+37
2677325 21451.453125 28836.408203 56582.648438 43.168510 101.280258 -297.505219 10.517906 1.000000e+37
2677327 19623.316406 29074.292969 56410.726562 22.397791 69.668221 -175.501892 11.002801 1.000000e+37
2702103 22851.320312 29473.146484 58076.062500 -83.011757 23.583406 -291.328613 9.800072 1.000000e+37
2702115 23217.203125 27955.613281 56518.019531 -20.747715 -68.997253 -147.417709 9.608110 1.000000e+37
2702137 22255.691406 27881.138672 56077.828125 109.333328 27.731699 -280.953888 10.762232 1.000000e+37
2702139 20260.267578 27794.574219 55936.492188 25.998943 -13.691755 -192.671326 17.413090 1.000000e+37
2702140 20854.044922 29494.267578 56571.183594 82.810089 53.275639 -176.312958 12.497684 1.000000e+37
2702141 20213.638672 27679.066406 56357.199219 50.954811 93.487808 -152.245911 12.664242 1.000000e+37
2727586 21420.058594 29777.753906 56496.011719 -9.365713 2.182686 -246.413254 11.694821 1.000000e+37
2727595 22444.621094 29881.398438 56600.296875 -45.098495 -6.282882 -130.134750 9.255042 1.000000e+37
2727597 21038.507812 31071.273438 56941.746094 -35.613968 51.915268 -134.990768 12.654878 1.000000e+37
2727602 20129.412109 28567.910156 55615.460938 3.558470 0.342522 -107.492012 10.825775 1.000000e+37
2727604 20648.185547 30028.636719 57266.156250 -35.136337 85.478981 -277.300598 9.469644 1.000000e+37
2754053 22865.408203 28924.615234 55864.101562 -84.502968 -57.432331 -209.043121 13.744179 1.000000e+37
2754054 23064.736328 29270.074219 57020.902344 -117.842232 14.135752 -321.378937 12.566410 1.000000e+37
2754067 23260.875000 28049.802734 56522.691406 -25.630030 -65.530937 -146.278305 8.151862 1.000000e+37
2754083 20034.693359 29451.312500 56745.433594 19.558304 53.259636 -188.555695 8.597137 1.000000e+37
2780958 22148.578125 29847.019531 56626.933594 -33.648216 -26.350657 -150.564011 12.594975 1.000000e+37
2780967 20136.181641 28503.343750 55535.621094 1.917369 -0.129203 -110.253395 8.626421 1.000000e+37
2780979 20285.419922 30126.396484 57760.152344 -44.940983 94.086029 -242.826508 9.914362 1.000000e+37
2780992 22525.962891 27853.673828 56458.015625 -31.283129 -20.581295 -394.861755 12.124476 1.000000e+37
2780993 21553.175781 27139.554688 56105.734375 77.677803 -18.139351 -285.187012 12.602742 1.000000e+37
2780994 20717.541016 28280.878906 56791.531250 32.586281 30.858904 -145.870499 9.751856 1.000000e+37
2808881 21743.167969 29193.097656 57007.679688 -37.103138 -79.941246 -256.272552 11.820269 1.000000e+37
2808903 20592.113281 28634.730469 58100.628906 -17.705070 76.606483 -251.458969 9.401959 1.000000e+37
2837546 22927.644531 29151.738281 56593.273438 -110.920311 -24.826916 -283.888062 11.825923 1.000000e+37
2837566 21146.861328 29220.546875 57262.781250 104.823082 99.247826 -177.774490 12.513330 1.000000e+37
2837567 20140.632812 28536.156250 55494.843750 6.175599 -5.041433 -100.118149 10.854307 1.000000e+37
2837569 20354.917969 30318.933594 57157.285156 4.556694 65.972794 -207.198273 11.700504 1.000000e+37
2837589 20027.484375 28786.482422 56199.671875 17.688208 65.178345 -210.863235 12.428638 1.000000e+37
2867086 21538.125000 28944.478516 56396.992188 95.524452 87.562103 -160.663849 12.467362 1.000000e+37
2867087 22398.855469 28509.992188 56914.960938 -98.538811 -6.995906 -349.619507 11.535615 1.000000e+37
2867088 22937.445312 29473.480469 57766.253906 -113.271843 32.691490 -284.953430 10.979438 1.000000e+37
2867118 21549.351562 28875.193359 56706.476562 60.765560 90.600571 -184.652527 14.543992 1.000000e+37
2867119 19966.578125 28316.031250 56153.257812 30.913347 18.512577 -187.096008 13.666570 1.000000e+37
2897757 22486.373047 30060.740234 56794.515625 -98.820877 5.857225 -275.493927 9.703922 1.000000e+37
2897778 19934.839844 29862.230469 56608.046875 1.866689 47.668171 -117.331535 10.927135 1.000000e+37
2897779 19885.386719 28297.332031 56651.066406 10.495088 17.959623 -141.910126 9.424529 1.000000e+37
2897798 20302.628906 28548.898438 56888.566406 24.803522 51.016769 -159.642258 13.854880 1.000000e+37
2929292 21641.052734 30319.066406 56793.292969 -99.778580 16.820862 -288.380859 11.889214 1.000000e+37
2929293 23263.804688 29294.968750 56639.070312 -128.298615 -23.910530 -321.622070 10.658310 1.000000e+37
2929294 22825.076172 28592.908203 56206.406250 -128.452148 -45.821388 -301.191528 10.429692 1.000000e+37
2929310 21047.134766 29127.066406 56803.437500 45.362274 73.106079 -188.457245 14.202491 1.000000e+37
2929323 21055.818359 30641.652344 57196.832031 -49.525223 24.631731 -197.449020 11.657489 1.000000e+37
2929337 22280.679688 28562.406250 56717.917969 -93.026375 -6.710533 -203.729599 13.648706 1.000000e+37
2929344 22677.246094 27962.416016 57289.980469 -95.263245 -6.099545 -354.796906 11.060260 1.000000e+37
2961834 21269.605469 29302.339844 56520.949219 -90.958069 -88.616722 -197.848068 12.230332 1.000000e+37
2961835 21851.667969 28875.035156 56314.683594 -181.428284 -27.915476 -234.502625 5.623899 1.000000e+37
2961836 22947.751953 28921.988281 56442.554688 -114.690872 -37.503494 -281.323029 10.598295 1.000000e+37
2961837 22759.880859 28869.708984 57601.554688 -93.563911 15.396740 -312.453827 10.545152 1.000000e+37
2961858 19676.078125 29449.384766 56947.863281 5.358080 70.530228 -196.053711 12.775413 1.000000e+37
2961859 21225.800781 30065.408203 56688.605469 -71.903481 -20.410788 -202.611465 9.991411 1.000000e+37
2961875 22181.189453 28055.406250 56321.820312 46.764240 41.134987 -161.360001 13.410822 1.000000e+37
2961880 19957.642578 28957.275391 56779.273438 29.037560 72.736763 -177.671707 7.195921 1.000000e+37
2995882 21842.314453 29719.183594 56586.234375 -112.816925 -27.914320 -291.354431 10.843693 1.000000e+37
2995884 22959.767578 30544.003906 57043.820312 -87.154099 39.019638 -281.435791 12.001382 1.000000e+37
2995886 21953.599609 28154.707031 56167.707031 -24.523348 -24.700724 -169.581711 10.916142 1.000000e+37
2995898 22347.253906 29582.550781 56788.769531 -65.293625 -25.038324 -147.238998 12.569394 1.000000e+37
2995901 21369.904297 29507.386719 56780.695312 12.034390 -26.708200 -218.496414 11.481410 1.000000e+37
2995910 20851.660156 28805.289062 57164.292969 42.907726 85.103012 -134.704498 8.838839 1.000000e+37
2995911 20292.275391 30456.492188 57343.574219 -9.598248 44.164310 -149.545471 10.837850 1.000000e+37
2995914 20828.556641 31032.734375 57203.695312 -64.229424 32.541439 -205.592056 9.147510 1.000000e+37
2995925 22485.208984 28361.500000 56178.960938 -39.433811 -64.054993 -246.708649 15.986712 1.000000e+37
2995926 19735.041016 30037.777344 57077.960938 -10.917998 85.771385 -210.226547 11.254325 1.000000e+37
3030816 21913.232422 28909.210938 56338.851562 -73.382088 -81.711029 -253.557495 10.689769 1.000000e+37
3030817 23336.703125 29451.451172 56683.652344 -101.225143 -1.491502 -304.252899 10.234056 1.000000e+37
3030819 21817.824219 28423.824219 56500.921875 -47.748306 57.334633 -231.453186 10.788215 1.000000e+37
3030820 22055.488281 28461.425781 56075.652344 -46.711178 -57.448135 -241.472900 8.553394 1.000000e+37
3030838 22187.001953 30112.179688 56757.312500 -23.252989 -14.463337 -143.403152 11.029779 1.000000e+37
3030846 20274.273438 29674.134766 56718.578125 -0.812761 38.932541 -94.985603 10.446278 1.000000e+37
3030847 20686.320312 30136.369141 57292.851562 2.507756 9.670000 -166.860916 9.801588 1.000000e+37
3030850 22131.396484 28303.623047 56152.160156 81.964760 33.668793 -185.726837 10.771357 1.000000e+37
3030868 19979.058594 28947.025391 56285.050781 18.000105 72.740410 -198.958847 7.499672 1.000000e+37
3066988 21640.064453 30193.580078 58396.414062 -100.805603 44.839069 -274.428253 9.828401 1.000000e+37
3067005 23187.326172 29938.152344 56196.132812 -30.875525 9.719975 -158.262680 10.902658 1.000000e+37
3067014 20580.214844 30201.677734 57524.339844 -35.741810 76.402420 -261.216125 12.003510 1.000000e+37
3067015 19900.187500 30195.109375 57188.738281 -11.586984 90.351700 -211.429306 11.389100 1.000000e+37
3067019 21129.802734 30265.660156 56577.109375 -53.253040 17.050652 -258.707428 10.238093 1.000000e+37
3067020 21950.939453 28729.253906 56403.937500 -65.063805 -11.928697 -89.914436 11.952249 1.000000e+37
3067040 21776.314453 27830.464844 56965.132812 18.971916 39.375744 -319.433258 8.549189 1.000000e+37
3067041 22587.972656 27768.347656 56422.718750 -40.542072 -24.417631 -400.708832 12.778576 1.000000e+37
3104144 21185.878906 29773.683594 56880.335938 -68.786743 -45.165955 -230.001572 9.021759 1.000000e+37
3104156 22122.035156 30184.275391 56280.617188 -78.809593 -3.779121 -184.037491 12.005190 1.000000e+37
3104172 19537.332031 28889.841797 56801.773438 14.285824 40.478367 -124.779129 9.160295 1.000000e+37
3104179 20950.222656 30977.183594 57190.214844 -90.171913 15.080177 -197.612213 11.911058 1.000000e+37
3104180 21942.441406 28187.398438 56245.621094 85.735023 39.418785 -273.195190 11.716997 1.000000e+37
3104199 22049.882812 27430.724609 56252.617188 78.552841 20.536369 -309.788269 8.784178 1.000000e+37
3104202 19494.107422 28735.232422 56579.910156 13.502760 87.461601 -236.766449 11.872393 1.000000e+37
3142212 23052.033203 28330.009766 55797.941406 -0.333629 -58.657982 -62.713356 9.744984 1.000000e+37
3142794 23281.382812 29470.458984 56686.753906 -92.259529 2.105434 -302.198792 10.222197 1.000000e+37
3142828 21476.333984 30132.769531 56731.238281 -37.016174 11.347512 -248.063522 11.714197 1.000000e+37
3142830 20416.380859 30466.000000 57354.203125 -62.967731 71.308464 -276.862762 10.454813 1.000000e+37
3142831 21147.265625 30230.904297 56652.847656 -64.873833 -9.221521 -231.513718 11.282599 1.000000e+37
3182602 21520.189453 30615.609375 56913.835938 -103.898720 32.328991 -281.805328 10.780887 1.000000e+37
3182603 22136.960938 30628.998047 56834.750000 -87.627548 32.420155 -274.786682 8.890569 1.000000e+37
3182604 22856.039062 29858.539062 56807.386719 -94.216064 4.993970 -294.030853 10.479960 1.000000e+37
3182605 21473.664062 29422.169922 56417.148438 11.586143 34.195400 -215.629944 10.259177 1.000000e+37
3182607 21982.703125 28669.080078 56535.777344 18.585207 -3.511181 -133.558060 11.252993 1.000000e+37
3182609 22979.890625 29398.775391 57883.601562 -100.219139 35.509270 -284.324768 7.669285 1.000000e+37
3182637 20105.998047 29565.230469 56373.804688 -7.397190 43.973900 -100.369011 12.277081 1.000000e+37
3182639 20946.177734 29698.910156 57082.242188 63.701218 5.924679 -180.258865 8.399116 1.000000e+37
3182641 21227.001953 29898.982422 56928.175781 -22.021460 -3.909463 -236.459961 11.611528 1.000000e+37
3182642 20985.160156 30763.410156 56880.796875 -68.149582 26.245453 -236.535797 8.227330 1.000000e+37
3182660 21275.275391 28187.013672 57115.855469 26.659342 62.518543 -294.153351 10.346992 1.000000e+37
3182665 20739.404297 29473.740234 56549.332031 70.025368 47.144001 -194.273041 9.846803 1.000000e+37
3182676 22495.615234 27839.359375 56787.125000 -71.300224 -12.844733 -389.507111 10.407960 1.000000e+37
3223874 22803.255859 29612.644531 56666.285156 -93.471390 -12.231806 -287.868469 9.153481 1.000000e+37
3223911 20631.343750 30130.992188 57276.050781 -32.212109 64.458221 -273.884155 10.243815 1.000000e+37
3223915 20907.494141 31007.244141 57154.675781 -62.201157 22.825975 -198.036423 10.975342 1.000000e+37
3266929 22826.832031 28856.134766 55846.535156 -80.336037 -59.244129 -205.548950 11.414772 1.000000e+37
3266932 23207.673828 29827.937500 56996.761719 -112.816170 17.422678 -317.264038 9.538640 1.000000e+37
3266933 23263.144531 29836.998047 56986.050781 -98.485550 17.827908 -310.102783 8.037336 1.000000e+37
3266934 22861.464844 29584.695312 57396.691406 -94.980667 19.896383 -301.077698 8.812210 1.000000e+37
3266935 23341.023438 28906.791016 56459.734375 -43.487446 -45.706326 -162.914917 10.110662 1.000000e+37
3266956 22154.189453 29342.681641 56562.023438 -114.821785 -69.305489 -174.618515 9.995687 1.000000e+37
3266991 22583.191406 27780.746094 55799.031250 -18.660521 -42.121010 -221.244049 9.794851 1.000000e+37
3266992 21530.982422 28582.414062 56265.839844 82.752419 61.435722 -184.932144 9.912765 1.000000e+37
3266993 21607.039062 27256.130859 56005.781250 97.319885 -20.626278 -238.875290 10.091715 1.000000e+37
3311764 23240.470703 29146.113281 56581.289062 -97.695206 -11.279979 -297.900726 7.814546 1.000000e+37
3311765 22300.642578 27848.126953 56059.320312 115.360458 29.917269 -278.471252 9.996529 1.000000e+37
3311801 20815.550781 30647.949219 57613.859375 -89.690979 64.877075 -283.419220 10.216582 1.000000e+37
3311818 21924.878906 28310.843750 57570.296875 -66.176048 14.307435 -305.088837 10.120577 1.000000e+37
3311819 21467.923828 29516.792969 56418.367188 -26.316086 -8.888499 -305.604706 11.836030 1.000000e+37
3311823 19777.390625 29747.265625 56743.738281 -6.563568 73.929138 -209.636841 7.598625 1.000000e+37
3358325 22122.386719 28714.888672 56602.484375 -103.194443 -84.731491 -228.263153 10.938368 1.000000e+37
3358349 22478.554688 29017.759766 56956.816406 -85.265198 -41.113434 -167.438309 10.965423 1.000000e+37
3358361 19742.222656 28744.710938 56882.878906 12.146322 42.112823 -128.747253 9.176748 1.000000e+37
3358365 20950.410156 30501.261719 57326.117188 -84.569923 60.624672 -291.655975 9.766037 1.000000e+37
3358372 21111.589844 30818.767578 56850.894531 -61.093811 37.227856 -224.366592 11.170876 1.000000e+37
3358373 21282.859375 29543.138672 57440.628906 -57.512730 40.835846 -317.076782 9.353183 1.000000e+37
3358394 20241.259766 27820.685547 56053.089844 106.615417 -17.844608 -168.160202 10.435014 1.000000e+37
3358396 20003.103516 28354.171875 56362.082031 34.434589 29.155535 -189.846146 11.147989 1.000000e+37
3405938 23098.660156 28633.900391 55780.175781 -2.839721 -42.025928 -68.903206 8.516836 1.000000e+37
3406739 22330.750000 27736.103516 56330.062500 -20.535534 -128.076797 -182.655365 10.583294 1.000000e+37
3406740 21748.820312 28676.763672 56173.699219 -104.203964 -26.914333 -231.751389 10.083072 1.000000e+37
3406742 22746.464844 29038.216797 57741.546875 -106.189133 30.045906 -311.842773 10.286603 1.000000e+37
3406743 22817.896484 29262.724609 57872.050781 -108.401466 33.386196 -291.173309 10.828531 1.000000e+37
3406763 21161.355469 29307.347656 57144.171875 27.999996 -65.134621 -202.274979 12.891730 1.000000e+37
3406776 20639.669922 30756.998047 57291.976562 -55.260075 68.708031 -243.032379 11.655761 1.000000e+37
3406781 21962.445312 29242.455078 56702.226562 -121.248421 -50.117023 -186.952713 10.964590 1.000000e+37
3406782 20791.025391 30051.218750 56876.593750 -34.108200 49.470165 -287.712219 10.856030 1.000000e+37
3406783 21705.673828 29045.880859 57201.183594 -63.570782 30.395176 -339.008789 11.244293 1.000000e+37
3406800 22116.623047 29239.160156 56763.074219 -39.874420 -29.828272 -166.810013 11.331469 1.000000e+37
3406801 20960.328125 28166.734375 57630.628906 3.323048 67.854172 -272.382782 8.812614 1.000000e+37
3406802 22193.115234 27792.431641 56478.378906 36.408836 27.935863 -356.658447 8.246572 1.000000e+37
3456891 21772.197266 30302.056641 56729.738281 -96.428482 4.450203 -262.122498 9.869338 1.000000e+37
3456893 23269.031250 29460.267578 56737.425781 -99.330200 -4.505453 -287.715668 7.846085 1.000000e+37
3456897 21717.576172 28809.277344 56191.085938 -87.760040 -6.394032 -217.908737 7.646497 1.000000e+37
3456898 22008.613281 28301.611328 57803.949219 -65.083893 19.812670 -310.347626 12.312912 1.000000e+37
3456925 21181.812500 30835.490234 57253.855469 -44.733963 6.182406 -226.603256 11.200707 1.000000e+37
3456926 22462.507812 29839.384766 56587.980469 -45.065010 -7.742242 -126.995987 8.356609 1.000000e+37
3456928 23312.941406 29123.464844 56395.203125 -37.687046 -32.584892 -155.731613 10.474059 1.000000e+37
3456938 21157.652344 29396.351562 57118.257812 18.748959 -59.724243 -138.947800 7.336283 1.000000e+37
3456939 20174.199219 29581.572266 56974.105469 25.830292 46.392868 -187.293594 11.151689 1.000000e+37
3456946 21521.017578 29380.533203 56242.500000 -29.937576 -66.232956 -246.712357 11.384863 1.000000e+37
3456964 20753.781250 28226.671875 58204.039062 -5.544530 77.050552 -244.399231 12.529615 1.000000e+37
3456978 22574.708984 27584.023438 57425.113281 -74.468941 -7.908015 -353.685608 6.988595 1.000000e+37
3509122 21321.591797 30721.675781 56761.777344 -87.957146 13.897594 -219.129135 7.890496 1.000000e+37
3509125 22806.591797 28635.916016 56210.000000 -128.200882 -43.891182 -297.088684 12.576138 1.000000e+37
3509172 20564.001953 29864.962891 56844.273438 35.593853 57.552879 -222.622040 8.840623 1.000000e+37
3509175 20964.843750 30740.660156 57106.585938 -49.590450 23.385925 -211.710556 10.290132 1.000000e+37
3509177 21878.328125 28739.970703 57678.691406 -58.547474 17.076715 -305.616058 9.592971 1.000000e+37
3509193 22200.914062 28245.697266 56312.789062 36.400932 54.997334 -158.101227 11.686623 1.000000e+37
3509196 21673.193359 27464.365234 55923.824219 74.778259 -4.518499 -268.577545 9.615685 1.000000e+37
3563331 21020.414062 30843.302734 57062.464844 -112.675529 44.497139 -304.229065 7.157643 1.000000e+37
3563332 21588.781250 29053.701172 56743.746094 22.164671 8.371760 -270.667114 9.957317 1.000000e+37
3563333 21523.078125 29091.177734 56467.203125 17.406759 -58.245495 -240.865067 6.616689 1.000000e+37
3563334 22008.480469 28420.238281 56547.144531 -10.988626 -38.015957 -141.004837 10.855913 1.000000e+37
3563337 22304.289062 27754.505859 56331.160156 54.928543 21.909491 -368.879639 6.166149 1.000000e+37
3563338 22709.160156 29365.416016 57859.566406 -81.849068 23.259026 -292.748566 10.601219 1.000000e+37
3563339 21434.275391 29488.720703 57270.921875 -60.479061 31.667768 -332.766663 12.171115 1.000000e+37
3563341 21074.535156 30610.781250 57256.664062 -23.832272 36.897667 -141.699982 11.139499 1.000000e+37
3563394 21169.808594 29625.894531 57566.765625 -58.589725 47.238014 -304.186768 10.507682 1.000000e+37
3563415 21798.175781 28572.783203 56317.765625 67.551720 79.317192 -291.970520 9.060005 1.000000e+37
3563416 21831.777344 28235.597656 56433.746094 96.714706 37.423660 -185.775024 9.950894 1.000000e+37
3563417 21149.394531 29763.402344 56685.332031 -10.394178 19.364468 -283.389404 11.041723 1.000000e+37
3563418 20816.714844 28226.644531 57805.074219 -2.866233 69.283989 -266.613007 11.599250 1.000000e+37
3563419 22048.585938 27168.939453 56274.789062 73.470665 2.631556 -313.816254 7.892662 1.000000e+37
3563422 19755.796875 28750.525391 56283.113281 25.231054 52.359783 -179.391022 10.870692 1.000000e+37
3563423 19960.152344 29894.539062 57065.515625 1.269674 97.709663 -227.698898 10.420208 1.000000e+37
3563435 22311.119141 27554.304688 56256.332031 39.018002 -80.263496 -189.568619 10.555025 1.000000e+37
3563445 22872.513672 27855.902344 55818.335938 -119.105812 -80.018051 -266.787109 10.359773 1.000000e+37
3620159 21348.947266 29183.085938 56723.425781 71.687325 88.351105 -257.385742 10.481753 1.000000e+37
3620161 22298.556641 28073.210938 56298.808594 15.940149 -55.297455 -183.427094 10.887307 1.000000e+37
3620189 21504.775391 29880.513672 57074.582031 -85.484123 -35.761852 -217.890808 9.783925 1.000000e+37
3620191 21256.453125 29703.921875 57204.261719 -18.949839 -27.414894 -183.148010 10.230933 1.000000e+37
3620208 20367.818359 29711.203125 56823.660156 4.760518 36.088093 -96.654625 9.267246 1.000000e+37
3620243 21695.884766 27966.013672 56512.445312 56.675251 47.855858 -303.715271 8.061872 1.000000e+37
3620246 21191.400391 29344.248047 56584.972656 87.922150 120.650146 -174.334045 12.007589 1.000000e+37
3620247 21939.585938 28643.164062 56309.261719 108.232368 56.477123 -155.668854 9.266607 1.000000e+37
3620250 21557.853516 27184.093750 56155.625000 114.082748 38.696922 -256.148254 9.329835 1.000000e+37
3620255 23091.794922 28613.130859 56591.226562 -121.567635 -13.125287 -334.661438 8.916601 1.000000e+37
3679495 21669.267578 29088.896484 56260.050781 85.580421 83.611198 -190.671555 10.641271 1.000000e+37
3679517 21313.968750 30525.486328 57096.023438 -43.765469 12.124838 -147.316833 8.754169 1.000000e+37
3679518 22996.109375 28582.015625 56533.410156 -53.261757 -60.913155 -164.034683 11.568381 1.000000e+37
3679522 21829.039062 29133.679688 55222.593750 2.206311 6.214156 -88.425041 9.243597 1.000000e+37
3679523 21260.722656 29235.332031 57224.816406 37.295513 7.039175 -254.855225 8.212779 1.000000e+37
3679537 20885.664062 30883.605469 57122.929688 -54.439407 23.030127 -208.063049 10.585783 1.000000e+37
3679538 21629.031250 29068.048828 57401.406250 -65.700645 33.200554 -327.231049 8.519693 1.000000e+37
3679559 21893.333984 28246.613281 58381.566406 -70.617401 55.608360 -297.258698 10.149143 1.000000e+37
3679568 21617.484375 27409.498047 55803.316406 55.187622 -27.633867 -221.272675 8.868056 1.000000e+37
3679569 20265.046875 27819.457031 55978.996094 24.089214 -22.934076 -234.219009 11.396376 1.000000e+37
3741544 21121.570312 30448.679688 56788.453125 -34.097359 30.638954 -260.128601 11.579985 1.000000e+37
3741545 22904.564453 28279.109375 56026.660156 -123.159264 -67.798271 -299.556763 10.326350 1.000000e+37
3741546 21555.222656 29049.572266 56720.835938 -52.988651 -82.022720 -270.022980 11.471556 1.000000e+37
3741547 21615.980469 28375.517578 58353.261719 -53.796581 26.725924 -295.808563 11.336835 1.000000e+37
3741569 22154.103516 31065.072266 56385.144531 -67.944649 48.197327 -200.776016 9.532436 1.000000e+37
3741571 22956.458984 27924.064453 56016.320312 -108.402687 -123.316765 -172.314560 11.018824 1.000000e+37
3741572 21622.250000 29075.718750 56610.265625 18.030998 -123.367950 -186.171265 9.234218 1.000000e+37
3741573 21097.689453 29094.986328 56979.984375 127.251480 -12.089943 -233.720108 11.748954 1.000000e+37
3741591 20017.705078 28894.443359 56872.535156 37.116505 83.483711 -189.466949 8.417329 1.000000e+37
3741593 20400.841797 30289.917969 57241.535156 17.020241 58.176735 -170.756714 8.618522 1.000000e+37
3741619 21722.652344 27849.210938 57560.519531 -12.574390 40.245953 -308.002441 7.567430 1.000000e+37
3741623 20776.494141 29991.769531 57093.597656 -24.575771 67.885567 -282.863831 9.234140 1.000000e+37
3741627 21240.724609 29089.056641 56997.023438 65.082558 54.142220 -274.768951 14.221050 1.000000e+37
3741629 19954.421875 29043.429688 56876.917969 26.951675 54.300747 -167.901016 11.546931 1.000000e+37
3741636 22913.156250 27644.933594 56414.191406 -48.218285 -62.021717 -302.973602 4.762726 1.000000e+37
3805505 21268.312500 28657.066406 54769.386719 -0.763972 -9.650898 -79.874176 7.027415 1.000000e+37
3806627 21844.994141 30359.787109 56744.117188 -95.577286 6.071068 -266.429688 10.586512 1.000000e+37
3806628 21783.187500 30160.095703 56555.859375 -103.800591 -9.999427 -227.700745 7.710377 1.000000e+37
3806629 21835.515625 28733.335938 56033.761719 -57.536831 -13.427184 -226.190933 11.601066 1.000000e+37
3806630 22722.904297 29795.984375 57253.332031 -93.346603 19.459375 -303.890289 9.437719 1.000000e+37
3806631 22694.888672 29408.968750 58118.609375 -79.552589 31.726675 -291.809418 9.737301 1.000000e+37
3806635 22762.310547 29846.638672 56974.300781 -96.251396 12.888728 -298.929565 7.325544 1.000000e+37
3806665 21913.345703 28666.886719 56432.339844 -22.594809 18.775484 -274.065918 9.752545 1.000000e+37
3806666 21538.146484 30220.324219 57154.863281 -70.533875 -8.746522 -183.437698 8.466145 1.000000e+37
3806667 21873.324219 29034.957031 57041.929688 -105.958275 -80.485443 -209.178085 10.448729 1.000000e+37
3806668 22907.607422 27869.566406 56655.261719 -32.426750 -82.154625 -156.729813 7.754378 1.000000e+37
3806669 22625.509766 27933.136719 56285.199219 101.909798 -104.640739 -198.028641 10.315948 1.000000e+37
3806684 21363.576172 29506.792969 56918.718750 41.200237 27.353737 -91.896896 9.725373 1.000000e+37
3806692 20860.841797 30525.220703 57177.589844 -39.416523 36.675022 -225.537964 10.108647 1.000000e+37
3806729 22419.421875 28469.095703 56634.863281 -7.999218 24.723295 -295.314117 7.843309 1.000000e+37
3806736 20314.480469 27762.316406 56100.609375 71.456215 -0.069856 -163.898300 11.744843 1.000000e+37
3874775 21408.943359 30848.970703 56691.105469 -104.469185 27.401003 -242.985291 7.674955 1.000000e+37
3874777 22006.384766 28335.972656 56486.589844 -79.212143 45.606552 -234.606750 9.863437 1.000000e+37
3874779 21882.013672 28591.152344 56026.773438 -40.390663 -24.759691 -216.944855 9.354062 1.000000e+37
3874810 22277.048828 29930.542969 56780.164062 -56.335567 -16.125792 -178.804672 11.341529 1.000000e+37
3874863 20384.015625 30184.257812 57784.097656 -48.984573 86.940735 -242.334946 8.971038 1.000000e+37
3874866 20329.986328 29426.869141 58323.261719 -34.746864 93.654259 -234.802094 9.298866 1.000000e+37
3874867 20006.763672 28954.029297 56851.386719 34.485455 77.825150 -177.315125 12.318934 1.000000e+37
3874881 22694.107422 28543.609375 58250.027344 -99.635147 25.234247 -304.914062 8.753164 1.000000e+37
3946653 21107.228516 30888.478516 57040.335938 -118.236458 26.469156 -272.648529 10.281437 1.000000e+37
3946655 22445.320312 27881.076172 55900.191406 -88.605232 -104.345238 -237.246506 9.596731 1.000000e+37
3946656 22540.638672 28050.345703 56508.113281 -101.891205 -44.387459 -366.693817 8.062606 1.000000e+37
3946657 23103.845703 28432.933594 55941.722656 -99.839867 -80.465950 -252.355087 7.456447 1.000000e+37
3946658 21908.279297 28638.917969 56217.929688 -3.628890 -82.482864 -170.107468 7.715672 1.000000e+37
3946659 21888.783203 29083.058594 56394.261719 0.802256 -111.435570 -130.792847 12.072615 1.000000e+37
3946660 21904.583984 29396.601562 58461.269531 -92.019218 32.303005 -279.762177 8.135436 1.000000e+37
3946661 21907.289062 28525.283203 58065.789062 -76.477661 63.847355 -283.192657 10.307121 1.000000e+37
3946663 22967.609375 29308.984375 58100.125000 -94.004326 46.054928 -283.918427 8.829099 1.000000e+37
3946686 21462.712891 29608.931641 57009.160156 -88.820107 -63.058006 -238.090759 9.946512 1.000000e+37
3946688 23168.931641 29997.351562 56078.710938 -17.465830 15.506025 -155.091644 9.864961 1.000000e+37
3946689 22051.062500 28266.056641 56771.398438 -98.874901 -7.732749 -245.092957 10.956120 1.000000e+37
3946691 21200.238281 29295.988281 57154.687500 -26.537647 59.599865 -223.316254 9.466309 1.000000e+37
3946707 20224.070312 29825.169922 56729.007812 -1.453694 44.366344 -107.479622 10.701678 1.000000e+37
3946746 20371.447266 30155.210938 57734.632812 -51.880741 105.319565 -250.561127 9.281836 1.000000e+37
3946747 20319.914062 29121.166016 58393.144531 -36.199703 82.064217 -235.028656 10.274508 1.000000e+37
3946748 22331.207031 28050.710938 56506.777344 -56.161549 -52.408722 -280.074982 12.020630 1.000000e+37
3946754 21404.556641 27809.117188 55943.617188 71.048454 14.960108 -242.172775 10.045836 1.000000e+37
3946755 20603.939453 29509.236328 56548.152344 60.929634 58.151863 -194.506927 8.879609 1.000000e+37
3946773 21941.433594 28552.349609 57664.808594 -58.374065 29.507168 -304.874786 6.995739 1.000000e+37
4019100 20109.431641 27826.027344 56137.597656 64.371872 -36.972237 -222.347687 5.634865 1.000000e+37
4020838 23152.359375 28992.490234 55763.691406 -1.424477 -19.454927 -77.189171 8.737560 1.000000e+37
4022113 21812.078125 29077.232422 56680.937500 66.908646 -118.729622 -272.132599 8.828950 1.000000e+37
4022114 21500.761719 29303.515625 56759.304688 50.966827 56.915638 -210.413071 11.443540 1.000000e+37
4022115 22990.324219 29300.492188 55935.718750 -90.145767 -32.535416 -231.944138 6.385325 1.000000e+37
4022116 23046.748047 29111.988281 56494.730469 -108.571007 -20.257441 -288.075470 10.879534 1.000000e+37
4022117 22673.437500 27913.544922 55979.578125 -59.587311 -138.060013 -149.698975 10.363042 1.000000e+37
4022146 22114.697266 30127.351562 56558.914062 -48.812897 -13.753844 -150.424347 10.355060 1.000000e+37
4022147 22155.212891 30387.837891 56529.328125 -32.764042 10.427913 -141.228394 11.018129 1.000000e+37
4022161 19985.396484 28802.232422 55554.761719 0.324277 9.805633 -102.362892 9.042055 1.000000e+37
4022166 20694.017578 30070.763672 57193.535156 32.646156 38.374672 -163.464096 12.754439 1.000000e+37
4022205 22120.757812 28111.056641 56583.339844 46.837921 57.134712 -215.248215 13.921053 1.000000e+37
4022207 21613.367188 27824.445312 57265.953125 13.647694 43.337212 -309.810150 8.942560 1.000000e+37
4022214 20889.603516 28133.566406 58070.140625 0.577025 75.289101 -259.792633 8.891497 1.000000e+37
4022215 20572.396484 28715.714844 58117.980469 -20.129337 77.473091 -251.038361 9.903397 1.000000e+37
4022216 20636.728516 29838.470703 56811.742188 44.103935 55.003666 -219.287827 6.562778 1.000000e+37
4022217 19783.423828 28092.021484 56716.089844 15.657234 30.731424 -192.431854 9.840573 1.000000e+37
4022230 22406.050781 27506.650391 56245.066406 -67.236931 0.043923 -262.267334 9.087724 1.000000e+37
4101144 21251.515625 30589.642578 56702.578125 -98.039131 15.326239 -229.193771 6.564683 1.000000e+37
4101145 21191.164062 29638.181641 56865.652344 -57.927734 -64.488945 -232.674911 11.775636 1.000000e+37
4101146 21644.453125 28631.156250 56499.160156 -45.248734 5.977763 -173.737259 8.759480 1.000000e+37
4101149 22534.875000 30333.093750 56934.671875 -102.182045 20.539375 -263.745026 10.766190 1.000000e+37
4101151 21967.257812 28392.367188 56620.394531 -20.605017 44.963108 -226.905258 10.644084 1.000000e+37
4101152 22278.253906 28480.193359 56662.089844 -105.799438 -2.372499 -365.916992 9.955130 1.000000e+37
4101191 21809.294922 29114.283203 57036.121094 -56.477737 -98.181450 -201.502747 9.729838 1.000000e+37
4101193 22121.572266 28650.898438 56889.117188 -119.358299 -37.549187 -220.527145 9.299862 1.000000e+37
4101194 22134.052734 28722.025391 56915.414062 -119.931671 -39.669033 -208.394852 8.578400 1.000000e+37
4101195 23154.542969 29940.789062 56181.648438 -29.130735 3.129147 -153.908157 8.471182 1.000000e+37
4101217 19814.425781 29637.970703 56626.867188 3.386844 45.214451 -109.752541 9.846946 1.000000e+37
4101274 19529.935547 29315.824219 56465.082031 9.449773 80.051537 -203.567154 9.944522 1.000000e+37
4101275 21108.583984 29236.298828 56520.886719 85.382027 102.833000 -177.766754 5.607017 1.000000e+37
4101276 21098.453125 28955.171875 56443.144531 52.931587 104.982170 -217.644806 10.362855 1.000000e+37
4184159 21262.525391 30655.574219 56681.914062 -96.557732 18.961618 -225.752686 7.457164 1.000000e+37
4184160 21781.541016 29085.802734 56782.226562 -4.547471 43.080402 -189.453308 7.500368 1.000000e+37
4184161 22014.210938 28324.882812 56551.691406 -0.861213 -29.093733 -197.892700 9.076881 1.000000e+37
4184162 22183.373047 28290.910156 56219.589844 -111.493645 -82.407425 -150.690933 9.538543 1.000000e+37
4184164 22298.755859 27840.183594 55985.527344 -82.018311 -106.072662 -206.284012 8.756211 1.000000e+37
4184165 23112.705078 28927.376953 56355.542969 -116.796799 -12.745852 -298.705994 9.041295 1.000000e+37
4184166 23241.457031 28521.160156 56169.292969 -120.041199 -42.857021 -305.580475 7.527626 1.000000e+37
4184211 22181.447266 30771.990234 56574.019531 -58.593147 32.283516 -179.397064 10.325015 1.000000e+37
4184212 21969.835938 28274.810547 56716.457031 -100.705002 -21.006784 -251.148224 10.419209 1.000000e+37
4184233 20208.447266 29834.910156 56723.312500 1.623684 38.982269 -104.395729 8.468120 1.000000e+37
4184234 19813.486328 29893.361328 56591.394531 0.167321 52.083630 -114.530212 10.050800 1.000000e+37
4184236 20077.486328 30524.599609 57195.546875 -4.486584 68.103905 -162.758652 7.279626 1.000000e+37
4184247 21212.009766 30270.261719 56714.128906 -57.725857 3.269348 -264.638855 7.530139 1.000000e+37
4184273 22468.458984 27644.724609 56014.300781 129.437408 47.599449 -223.828888 9.087074 1.000000e+37
4184275 21681.621094 28176.539062 56487.566406 59.669102 56.479530 -301.921692 7.337239 1.000000e+37
4184281 20397.361328 28706.013672 58424.406250 -13.548340 89.247581 -225.981735 8.697193 1.000000e+37
4269917 23047.531250 28828.054688 56426.902344 -123.350449 -18.697590 -296.936066 7.194444 1.000000e+37
4269918 21768.175781 28470.255859 56388.582031 -55.183975 -47.408127 -182.060913 7.925459 1.000000e+37
4269919 22394.087891 27716.353516 56312.042969 -8.822970 -149.209702 -179.232666 8.703943 1.000000e+37
4269920 22120.449219 28204.048828 56179.015625 -30.190041 -24.122660 -224.863541 9.051924 1.000000e+37
4269921 21547.843750 29178.929688 56473.957031 92.047493 75.954140 -143.013718 10.341316 1.000000e+37
4269922 21912.458984 28695.322266 56544.675781 -46.508827 48.982597 -395.977570 8.401015 1.000000e+37
4269923 21419.253906 28580.814453 58753.097656 -83.737808 22.534370 -269.341431 10.136925 1.000000e+37
4269925 21421.105469 30321.931641 57607.851562 -99.005104 42.478161 -292.089447 8.565937 1.000000e+37
4269926 22366.166016 30235.537109 57561.578125 -90.599228 32.469482 -290.649841 7.585165 1.000000e+37
4269929 22948.300781 29350.468750 57702.480469 -97.005074 24.521301 -293.606995 7.557926 1.000000e+37
4269930 23367.255859 29492.882812 57404.582031 -124.971825 28.122597 -309.403381 7.640440 1.000000e+37
4269962 22778.322266 27842.990234 55975.324219 -32.915363 -55.063225 -183.530365 10.768093 1.000000e+37
4269964 22949.015625 30310.759766 56302.832031 -26.506063 25.028563 -159.913422 9.277611 1.000000e+37
4269981 21416.244141 29438.955078 56915.835938 -21.436470 -38.988869 -189.909027 11.463675 1.000000e+37
4269983 21280.255859 29486.201172 57105.878906 6.238324 -32.747234 -152.222168 9.423544 1.000000e+37
4269992 21973.064453 29314.986328 56604.210938 -23.735519 -104.001717 -252.589554 9.319140 1.000000e+37
4270025 21533.324219 27968.074219 57597.222656 -8.102366 44.502228 -297.443451 8.658463 1.000000e+37
4270028 21783.792969 27726.830078 56572.550781 57.302738 42.446777 -312.846985 5.924980 1.000000e+37
4270029 22160.386719 27644.732422 56079.500000 96.891319 11.393273 -180.225952 13.306765 1.000000e+37
4270037 21564.878906 27308.931641 55764.683594 48.849152 -38.259327 -213.830856 8.054624 1.000000e+37
4270040 20954.648438 27542.367188 56164.128906 63.222069 24.964268 -218.636948 10.803011 1.000000e+37
4270041 20415.945312 28686.810547 56959.703125 31.745224 56.219944 -156.868469 7.758316 1.000000e+37
4270043 20655.115234 28003.132812 56634.250000 24.897974 10.344830 -154.477676 7.083590 1.000000e+37
4270054 22303.527344 28223.261719 56469.453125 78.944954 35.078899 -248.001724 9.631149 1.000000e+37
4270066 22622.402344 27495.576172 57360.558594 -69.143379 -9.581613 -358.055878 9.901147 1.000000e+37
4358542 21356.451172 29535.886719 54769.339844 -5.567669 30.350428 -85.947289 7.617616 1.000000e+37
4359985 21178.093750 30497.292969 56700.656250 -100.037483 4.065195 -222.504532 7.259447 1.000000e+37
4359989 21268.621094 29637.552734 58462.726562 -87.819359 47.445694 -270.900879 8.343532 1.000000e+37
4359990 22008.128906 29432.810547 58388.078125 -90.546967 32.144192 -282.605408 8.656987 1.000000e+37
4359997 23171.210938 29780.267578 57174.054688 -114.303375 31.994213 -302.537170 7.748415 1.000000e+37
4359998 22883.947266 28725.746094 56941.859375 -115.145515 -0.646189 -337.125275 9.541560 1.000000e+37
4360038 21375.822266 30377.595703 57124.136719 -50.447033 3.678766 -160.450821 8.859230 1.000000e+37
4360040 22402.941406 29276.837891 56937.152344 -84.095009 -35.659649 -164.796280 9.185408 1.000000e+37
4360088 20268.363281 30105.953125 57835.738281 -52.718063 80.429749 -237.733658 7.584880 1.000000e+37
4360089 21546.382812 29321.125000 56496.171875 -41.126217 -76.851059 -176.412735 11.125589 1.000000e+37
4360122 22592.066406 27790.564453 55998.300781 144.982483 55.549835 -233.626404 8.737851 1.000000e+37
4360123 22058.960938 28455.781250 56158.542969 79.442314 64.144478 -218.567307 9.748467 1.000000e+37
4360131 21771.273438 29216.869141 56673.187500 96.333786 48.378910 -226.506836 8.935484 1.000000e+37
4360132 22050.792969 27301.892578 56728.539062 82.709892 -3.088759 -208.187714 6.658388 1.000000e+37
