#subID	 x	 y	 z	 vx	 yv	 yz	 vmax	 B_MAG
#subID	 kpc/h	 kpc/h	 kpc/h	 km/s	 km/s	 km/s	 km/s	 mags
414577 11424.292969 45794.160156 66475.968750 13.750097 147.918884 -101.201485 194.799484 -2.131272e+01
414578 11380.638672 45796.121094 66524.406250 22.181854 144.460190 -286.445984 104.689049 -1.872414e+01
414579 11568.272461 45670.171875 66722.992188 193.668671 241.449051 -220.721207 60.841045 -1.672523e+01
414580 11475.129883 45667.253906 66612.656250 78.098656 50.793320 -108.963036 50.751499 -1.549239e+01
414581 11425.920898 45793.792969 66483.687500 75.558861 -22.688982 -136.158585 35.414150 -1.776072e+01
414582 11477.946289 45857.214844 66360.710938 -103.317314 298.059052 -107.253929 28.328938 -8.651669e+00
414583 11298.554688 45585.625000 66349.734375 224.083725 234.368652 -191.872238 21.249432 1.000000e+37
414584 11503.784180 45665.160156 66448.250000 15.411029 18.124821 -67.500145 24.320759 -9.971276e+00
414585 11415.263672 45804.941406 66255.539062 98.936508 213.703323 -157.232925 25.635441 -8.340292e+00
414586 11286.394531 45682.726562 66348.054688 52.560413 190.579269 -161.824600 25.283943 -1.169545e+01
414587 11540.153320 45833.113281 66487.320312 -59.077251 -14.191682 20.307756 20.424349 1.000000e+37
414588 11596.137695 45860.503906 66471.242188 -68.411598 14.658117 -125.649895 20.653074 1.000000e+37
414589 11432.844727 45910.824219 66316.210938 -32.552017 193.547211 -164.107132 26.726410 -1.010797e+01
414590 11520.546875 45675.847656 66566.945312 165.047729 187.012161 -118.815392 20.398266 1.000000e+37
414591 11209.615234 45780.152344 66588.296875 3.159361 173.896759 -29.066336 22.343519 1.000000e+37
414592 11419.226562 45688.742188 66565.187500 -51.659817 166.935974 -28.674520 22.417725 -8.961535e+00
414593 11338.065430 45871.019531 66433.875000 59.991627 169.963684 -25.977810 23.732365 -1.056258e+01
414594 11481.818359 45881.886719 66412.085938 -155.509384 202.557327 -235.828568 16.453396 1.000000e+37
414595 11402.191406 45798.816406 66454.492188 31.858204 -187.231796 -187.190475 22.321173 1.000000e+37
414596 11594.280273 45877.285156 66535.875000 185.958817 138.377457 -299.045013 13.152919 1.000000e+37
414597 11464.289062 45750.644531 66590.546875 8.954957 141.869186 63.412647 15.478343 1.000000e+37
414598 11535.462891 45763.945312 66367.656250 223.339279 317.750977 -95.278809 12.964603 1.000000e+37
414599 11345.312500 45749.234375 66298.601562 119.499001 183.935242 -86.651756 16.430805 1.000000e+37
414600 11390.608398 45825.042969 66476.507812 176.541702 -97.286301 -118.183815 17.148170 1.000000e+37
414601 11336.897461 45773.281250 66660.242188 184.338791 100.327728 -112.190559 16.223099 1.000000e+37
414602 11298.843750 45856.472656 66390.250000 55.685631 298.916138 -104.090927 18.417273 1.000000e+37
414603 11471.363281 45745.406250 66284.429688 109.752907 119.034760 -178.298294 19.055859 1.000000e+37
414604 11405.719727 45797.820312 66611.125000 -70.601654 -48.678894 -181.613541 15.053740 1.000000e+37
414605 11220.416016 45740.218750 66539.445312 163.215591 167.967896 -95.870026 14.685209 1.000000e+37
414606 11489.985352 45840.578125 66417.203125 111.460884 276.755463 -334.003754 13.837123 1.000000e+37
414607 11424.238281 45632.046875 66446.265625 -95.414879 270.493011 -18.473145 14.751048 1.000000e+37
414608 11368.578125 45857.132812 66322.320312 -11.916354 275.422546 -214.367294 16.173981 1.000000e+37
414609 11396.691406 45878.386719 66453.882812 192.488480 197.776993 -24.505478 16.348963 1.000000e+37
414610 11548.840820 45766.093750 66636.546875 234.550598 220.904877 -262.286255 12.456274 1.000000e+37
414611 11306.415039 45873.457031 66508.773438 -114.306976 254.724014 -119.924240 12.431358 1.000000e+37
414612 11405.063477 45667.843750 66531.656250 231.595367 267.212708 -212.694183 7.654674 1.000000e+37
414613 11516.250000 45800.441406 66404.664062 255.683609 243.660446 3.272020 14.242592 1.000000e+37
414614 11438.014648 45806.285156 66556.640625 -10.925689 86.922020 -159.972382 11.738673 -1.055770e+01
414615 11333.879883 45688.007812 66526.210938 -64.896019 5.457170 10.500220 9.183791 1.000000e+37
414616 11393.904297 45725.750000 66732.875000 4.255027 209.377655 -99.763046 13.164133 1.000000e+37
414617 11535.086914 45759.664062 66513.476562 -209.351746 103.138824 -126.566658 11.985039 1.000000e+37
414618 11497.631836 45804.652344 66417.398438 -117.783821 116.361122 -318.001801 12.452060 1.000000e+37
414619 11539.339844 45832.539062 66387.156250 -74.792938 210.450119 -86.291870 10.039376 1.000000e+37
414620 11258.258789 45833.699219 66376.054688 -39.036163 289.513031 -191.105942 9.963740 1.000000e+37
414621 11406.359375 45801.253906 66680.757812 -77.027550 133.953232 -208.057800 11.770077 1.000000e+37
414622 11437.237305 45690.144531 66426.382812 -11.735069 73.473511 -160.496719 8.146823 1.000000e+37
414623 11292.338867 45693.265625 66525.437500 175.246689 205.232544 -123.419273 9.996826 1.000000e+37
414624 11368.035156 45817.398438 66518.218750 119.941780 20.802700 -195.933670 12.427149 1.000000e+37
414625 11438.368164 45774.917969 66577.921875 -94.128342 44.697060 -103.660408 10.954865 1.000000e+37
414626 11186.875977 45785.105469 66583.242188 -12.964618 197.693130 -129.345001 10.087709 1.000000e+37
414627 11535.085938 45815.027344 66326.421875 -107.112572 59.500072 -163.303757 9.070386 1.000000e+37
414628 11236.767578 45705.039062 66396.679688 16.980539 82.506569 -141.809143 8.768791 1.000000e+37
414629 11492.514648 45774.050781 66489.515625 -207.945648 57.039692 31.298977 9.539857 1.000000e+37
414630 11280.623047 45769.324219 66614.828125 55.420940 228.841553 70.197510 7.890087 1.000000e+37
414631 11159.501953 45866.222656 66479.398438 -110.968864 52.976807 -19.462162 9.321643 1.000000e+37
459116 11228.090820 45136.179688 66496.492188 13.777520 195.869995 -110.909058 185.877182 -2.130664e+01
459117 11261.873047 45122.843750 66435.601562 6.888586 282.862671 27.146202 30.162380 -1.278541e+01
459118 11321.155273 45186.960938 66343.484375 -50.462284 217.331467 -17.935736 21.585606 1.000000e+37
459119 11333.506836 45179.960938 66481.359375 72.333138 236.885193 -14.157635 20.350285 1.000000e+37
459120 11203.462891 45173.765625 66628.476562 28.011923 288.778992 -81.317383 19.282549 -8.758391e+00
459121 11294.174805 45151.855469 66476.023438 17.629734 207.051117 26.754238 22.019028 1.000000e+37
459122 11210.683594 44995.714844 66482.039062 -88.947983 247.143356 15.359691 14.131086 1.000000e+37
459123 11284.261719 45103.519531 66403.437500 143.660339 212.574066 -103.648483 13.696018 1.000000e+37
459124 11157.584961 45089.160156 66431.585938 241.485168 218.907272 -209.573456 8.818392 1.000000e+37
459125 11129.058594 45141.128906 66506.093750 19.160648 114.887856 -247.919724 8.850250 1.000000e+37
459126 11150.574219 45129.468750 66436.656250 243.318665 195.285233 -217.580124 7.415206 1.000000e+37
505880 10477.859375 47030.777344 67513.804688 351.914642 255.965637 -120.113731 37.999458 -1.024234e+01
505884 10650.102539 47078.289062 67635.093750 280.395569 249.177612 -135.465317 20.331959 1.000000e+37
505889 10628.519531 47076.671875 67580.453125 259.958344 334.943024 -44.179863 11.089463 1.000000e+37
505891 10606.727539 46995.070312 67544.117188 290.674377 281.576019 -117.435555 10.480140 1.000000e+37
505893 10668.816406 47082.609375 67584.390625 186.773514 249.510162 -146.040466 10.747189 1.000000e+37
505899 10551.146484 46970.796875 67560.078125 168.666367 226.402740 -37.330833 8.122068 1.000000e+37
505900 10461.651367 47044.433594 67550.195312 154.888168 296.677948 -217.502457 9.817874 1.000000e+37
528517 11127.245117 44813.312500 65742.656250 20.373308 162.002365 -100.161270 116.819229 -1.933605e+01
528518 11175.316406 44814.921875 65709.343750 78.112511 128.729156 -50.622189 19.853296 1.000000e+37
528519 11156.704102 44753.261719 65759.546875 44.825214 198.202744 -5.943707 15.546333 1.000000e+37
528520 11165.503906 44885.554688 65833.000000 -0.961483 169.091995 -93.849304 12.815107 1.000000e+37
528521 11118.228516 44856.421875 65830.273438 -60.636505 135.358871 -108.860458 10.720485 1.000000e+37
548249 11649.294922 46280.261719 66596.929688 131.028793 141.940094 -150.755722 100.632187 -1.924003e+01
548250 11721.776367 46270.140625 66618.421875 172.781830 57.224770 -157.403809 12.923645 1.000000e+37
548251 11631.562500 46247.273438 66647.734375 198.135681 156.109238 -93.983818 13.552443 1.000000e+37
612136 11306.178711 47440.617188 66970.000000 -53.899696 244.926605 -48.229328 80.825935 -1.757598e+01
612137 11362.240234 47481.847656 67038.914062 57.305668 201.875595 -23.322809 23.412073 1.000000e+37
612138 11350.386719 47461.824219 66934.031250 48.876194 198.853531 23.606939 8.273478 1.000000e+37
613337 11911.201172 44674.781250 65485.214844 -44.968948 111.186363 -65.838615 77.391541 -1.757406e+01
613338 11903.984375 44645.777344 65500.031250 -115.417839 110.463867 -76.725700 11.468534 1.000000e+37
616708 11245.902344 45711.093750 66176.976562 35.735970 168.418854 0.333360 79.173332 -1.710393e+01
617480 9432.317383 45551.621094 66290.414062 205.005966 171.098770 -133.998825 74.328156 -1.687574e+01
617481 9440.510742 45489.515625 66305.312500 227.588730 175.999054 -97.683266 25.287699 1.000000e+37
617482 9465.044922 45561.003906 66230.710938 207.212158 208.744278 -135.938202 10.845265 1.000000e+37
618781 9990.583008 44947.167969 65188.800781 100.177353 95.890411 -76.210411 69.129448 -1.667921e+01
618782 9998.570312 44923.382812 65219.714844 151.428589 112.783882 -51.188263 17.722994 1.000000e+37
618783 10037.839844 44995.617188 65134.351562 86.659981 72.490929 -24.158665 11.562037 1.000000e+37
632787 11788.937500 47142.765625 66998.726562 50.647114 167.324875 61.500061 69.480164 -1.629353e+01
634896 9696.560547 45757.707031 65422.707031 122.849380 111.474426 -69.062721 71.934547 -1.639204e+01
634897 9690.491211 45752.585938 65401.792969 75.509712 93.225487 -67.223663 21.383289 -8.598048e+00
646570 11613.233398 44111.039062 65724.039062 101.017677 120.830902 -174.688904 64.666092 -1.608232e+01
646571 11667.602539 44122.398438 65732.820312 91.030098 114.281494 -206.597900 43.798229 -1.300694e+01
650437 10076.156250 46487.902344 67168.226562 218.777969 247.078644 -112.934265 55.727291 -1.504808e+01
650438 10059.760742 46501.980469 67172.054688 288.070312 234.304977 -84.466057 44.671417 -1.241989e+01
657344 11749.518555 45938.125000 66733.125000 55.824806 178.080673 20.983513 66.746140 -1.619677e+01
657345 11752.003906 45954.972656 66671.523438 18.200726 247.744247 -17.108023 12.283072 1.000000e+37
667261 11641.370117 43854.847656 65915.828125 11.610331 100.171097 -160.327576 62.773212 -1.566486e+01
695332 12919.614258 44284.472656 66297.476562 -76.225792 169.697159 -173.928146 54.687073 -1.400989e+01
695333 12916.416992 44280.121094 66327.851562 -108.201591 158.655304 -145.835999 15.580466 1.000000e+37
700556 11568.333984 45152.078125 66142.031250 54.728405 167.876175 -186.279358 51.916435 -1.407152e+01
700557 11585.578125 45185.640625 66176.539062 33.659885 165.045273 -244.566864 34.689140 -1.069513e+01
705162 11366.396484 44581.808594 66131.789062 41.064293 180.303848 -115.416687 56.737370 -1.433696e+01
706148 9660.703125 46702.007812 66229.367188 162.986481 130.878143 -37.541824 16.668755 1.000000e+37
719927 11701.004883 45186.757812 66151.726562 3.031164 229.708633 -175.351562 45.950485 -1.273710e+01
719928 11762.225586 45232.257812 66180.781250 29.253666 244.425613 -185.304245 34.126602 -1.076767e+01
719929 11709.230469 45193.605469 66177.328125 -40.718834 204.031036 -93.361641 20.108706 1.000000e+37
722218 11327.472656 46928.878906 66634.828125 -18.312864 177.780228 -53.168678 48.664970 -1.387852e+01
722219 11316.566406 46924.859375 66609.523438 -58.471348 186.090164 -45.105122 16.115646 1.000000e+37
722220 11278.753906 46918.074219 66614.164062 7.308563 159.949554 -43.244972 13.835374 1.000000e+37
727507 10214.556641 46571.375000 67509.726562 244.426376 229.914444 -77.151260 45.828732 -1.285805e+01
733869 11223.278320 46155.128906 66560.539062 18.181736 66.394989 -55.595154 48.458393 -1.410488e+01
733870 11194.365234 46153.621094 66573.335938 12.103165 61.763950 -34.307953 14.944311 1.000000e+37
735673 11477.138672 45215.835938 66267.031250 -42.607685 220.692230 -83.471870 47.158012 -1.426302e+01
756850 11430.115234 46373.238281 66812.765625 0.788038 126.826691 -148.895218 50.924168 -1.376226e+01
769212 10882.820312 44006.515625 66719.890625 128.618027 125.650139 -216.518372 42.084263 -1.136471e+01
769213 10856.561523 44010.527344 66734.976562 170.334412 120.206459 -231.421295 15.490291 1.000000e+37
769214 10905.617188 44013.031250 66680.070312 92.919785 126.245018 -203.598694 8.860999 1.000000e+37
770340 10618.726562 46925.515625 67172.242188 178.665146 191.647049 21.763210 40.286282 -1.329981e+01
773299 10684.625000 46632.824219 67376.273438 188.933807 249.718521 -69.656006 36.346584 1.000000e+37
773300 10693.389648 46606.671875 67435.984375 158.339188 253.897781 -81.820312 15.884393 1.000000e+37
777676 11103.397461 45639.312500 66555.117188 -38.003315 94.728653 -214.202545 45.512924 -1.284336e+01
780680 11723.036133 45002.851562 66146.695312 67.548233 159.271255 -59.815723 44.477383 -1.260970e+01
788194 11990.303711 44914.230469 66241.398438 61.567795 215.183380 -176.934616 39.410099 -1.054044e+01
812954 11656.892578 46491.195312 66824.851562 -23.300732 152.772461 -141.481995 35.980568 -1.118604e+01
819036 11774.849609 43612.226562 65776.640625 88.759125 84.085716 -254.377258 37.254169 -1.148894e+01
819328 11711.632812 43878.007812 66182.914062 129.666672 128.369812 -244.738266 38.482803 -1.056309e+01
822866 11360.870117 43967.308594 66197.632812 9.106819 110.458862 -144.654694 37.877567 -1.188999e+01
826880 10528.881836 45115.429688 67411.648438 175.614380 187.094055 -187.356262 38.450321 -1.127766e+01
840850 11409.375977 46839.167969 67360.304688 177.492416 260.802063 -93.275200 35.147877 -1.041732e+01
840851 11409.224609 46834.906250 67392.867188 188.510574 240.143448 -94.738441 16.801786 1.000000e+37
841193 11261.976562 46575.941406 67140.148438 -50.218403 186.711273 -113.792328 33.397312 -1.130698e+01
873788 9792.004883 46324.125000 66831.250000 218.222733 162.161743 -82.398834 25.267746 1.000000e+37
873789 9764.839844 46313.375000 66791.593750 227.903091 162.530319 -69.309822 13.570068 1.000000e+37
876246 11025.233398 43921.839844 66492.914062 123.560631 130.619827 -221.443909 28.518515 1.000000e+37
879925 11495.129883 44770.785156 66013.718750 -66.037521 135.069702 -36.563122 32.587570 -1.070627e+01
884723 10633.014648 45220.832031 67304.156250 168.932068 194.357422 -175.146530 28.945326 1.000000e+37
893643 11631.029297 43601.847656 65807.921875 124.023979 100.459473 -274.299713 28.325478 1.000000e+37
893644 11650.176758 43619.714844 65826.531250 135.540771 108.394203 -300.424225 12.760571 1.000000e+37
895544 11810.105469 44591.449219 66395.953125 28.721874 179.279007 -166.750870 27.778988 1.000000e+37
895545 11812.552734 44616.359375 66383.937500 159.469421 168.987289 -94.449722 11.377769 1.000000e+37
895546 11802.882812 44602.128906 66391.742188 29.472582 164.085922 -188.295593 13.343122 1.000000e+37
897539 10930.411133 46419.382812 66573.914062 141.059357 116.014893 31.283546 30.260553 1.000000e+37
897707 11669.223633 45602.570312 66347.125000 61.187710 257.181244 -179.876236 34.104404 -1.129271e+01
901014 11739.643555 47160.292969 66745.835938 47.793522 168.285263 75.619102 31.922873 -8.692033e+00
916615 11871.590820 45790.296875 66637.734375 115.495369 242.465775 -172.657684 25.595692 1.000000e+37
916616 11878.375977 45767.664062 66619.906250 137.069519 242.241455 -198.242783 18.695272 1.000000e+37
917005 10637.219727 47095.546875 67349.523438 151.369675 287.835419 -111.614090 26.411362 1.000000e+37
939242 12673.835938 44613.894531 65327.925781 -7.719096 86.831322 -69.692833 26.036961 1.000000e+37
939785 9762.434570 45893.898438 65601.718750 98.417847 108.137047 -67.566429 25.367847 1.000000e+37
939786 9735.584961 45881.523438 65578.015625 120.910919 128.082382 -87.601738 13.719442 1.000000e+37
940031 11270.362305 44017.195312 66309.859375 18.572556 127.947220 -137.847595 28.995190 -8.224062e+00
945556 11099.187500 44084.671875 66882.757812 131.860168 140.233017 -201.642181 25.862350 1.000000e+37
945557 11103.490234 44061.386719 66892.000000 106.447983 128.942551 -193.223587 13.097222 1.000000e+37
946090 11861.150391 45577.531250 65830.851562 -70.404793 134.768143 -41.727493 25.607895 1.000000e+37
948686 10849.577148 46588.156250 67006.859375 160.112762 263.244629 -151.975113 21.016037 1.000000e+37
948687 10843.558594 46612.191406 67008.578125 161.304779 244.017517 -161.750977 22.802670 1.000000e+37
948958 10918.985352 43614.179688 67240.898438 157.049850 114.972252 -179.905136 26.536163 1.000000e+37
953526 10961.343750 46048.839844 67031.875000 187.710587 233.055893 -166.612427 27.196310 1.000000e+37
968674 11184.036133 45568.167969 66513.609375 220.100082 157.118347 -33.397732 23.499075 1.000000e+37
968675 11181.895508 45571.113281 66505.625000 211.665359 150.134781 4.530061 15.203443 1.000000e+37
969967 9883.657227 46200.539062 67151.445312 202.182938 231.877762 -93.088112 19.278364 1.000000e+37
969968 9868.559570 46195.875000 67124.898438 258.918182 226.352188 -140.380127 16.980009 1.000000e+37
976968 11637.523438 44527.613281 65722.273438 88.621857 153.196640 -133.789429 25.674082 -8.722004e+00
976969 11609.180664 44520.632812 65679.773438 84.408173 166.091644 -132.112442 7.791367 1.000000e+37
998303 11443.851562 43626.777344 65501.105469 133.177872 61.528416 -207.883377 24.404182 1.000000e+37
1011944 9704.791016 46327.347656 66899.390625 222.913025 196.189957 -88.982552 18.623377 1.000000e+37
1011945 9718.599609 46333.691406 66901.765625 223.045746 191.254410 -76.048851 13.663798 1.000000e+37
1011946 9703.367188 46346.250000 66942.843750 215.086884 187.692719 -98.881752 10.054817 1.000000e+37
1011947 9707.524414 46296.996094 66897.023438 207.273193 171.440582 -69.826797 6.937541 1.000000e+37
1011948 9715.136719 46331.363281 66908.234375 227.321472 152.741135 -103.030052 12.127877 1.000000e+37
1014126 10447.749023 46993.765625 67250.289062 146.318222 298.066925 -146.322174 24.786407 -8.912094e+00
1017393 11888.687500 45660.394531 66297.843750 68.078262 242.645218 -173.556351 23.336199 1.000000e+37
1017394 11870.474609 45657.015625 66295.890625 74.966499 246.273514 -189.905685 17.390352 1.000000e+37
1027358 11112.616211 45304.171875 65693.523438 19.943260 181.591919 -126.652306 27.369722 1.000000e+37
1029401 10975.910156 43852.878906 67043.210938 131.773422 130.271118 -201.901932 21.833839 1.000000e+37
1034937 11512.855469 45961.765625 66659.882812 -39.822826 84.256706 -213.595184 27.695229 -1.093289e+01
1034939 11665.247070 45851.156250 66498.875000 88.125877 303.548065 -38.250816 21.213572 1.000000e+37
1041193 10356.949219 44907.050781 66562.460938 190.399857 157.977982 -121.371986 24.303461 1.000000e+37
1043934 12498.245117 46281.988281 66676.960938 -76.932846 227.952881 -165.794403 25.488171 1.000000e+37
1044534 13234.254883 44628.089844 66408.468750 -71.836662 178.333527 -165.370987 20.654898 1.000000e+37
1046664 11099.109375 43594.632812 65579.687500 120.750435 50.060059 -48.669746 23.412354 1.000000e+37
1047687 11118.776367 46480.808594 66755.140625 -8.059695 130.556854 -85.288490 25.902651 -1.012455e+01
1063409 11691.723633 45828.949219 66359.523438 123.171288 112.238678 -279.994171 21.259094 1.000000e+37
1063410 11718.623047 45823.648438 66361.945312 126.075676 115.302078 -259.115540 9.798317 1.000000e+37
1073194 11854.793945 45300.031250 66150.273438 97.155495 172.663483 -207.309433 19.376245 1.000000e+37
1073195 11879.599609 45283.371094 66187.195312 79.150551 158.772354 -108.270134 17.419491 1.000000e+37
1075722 10743.205078 43824.207031 66858.507812 125.327797 124.332817 -215.587692 25.378216 1.000000e+37
1075723 10742.979492 43817.019531 66872.820312 102.456642 120.093857 -228.485962 13.577372 1.000000e+37
1081578 11657.195312 47204.386719 67101.156250 63.524853 204.058945 37.909435 24.785044 1.000000e+37
1084925 11696.897461 45526.996094 66813.125000 136.118668 211.166153 -84.381401 21.591125 1.000000e+37
1086193 11601.305664 44773.785156 66170.171875 -11.537701 201.156754 -163.989792 25.043783 1.000000e+37
1107804 11927.953125 45979.402344 66355.929688 56.845211 108.463463 -148.821030 23.466415 -8.704302e+00
1110154 10897.269531 44344.164062 65347.355469 8.393637 146.146912 -183.981964 23.381748 1.000000e+37
1132372 11801.651367 47024.210938 66835.703125 22.540003 220.558853 -83.441689 25.993986 -8.529287e+00
1135837 11369.576172 46973.714844 67506.328125 169.961212 263.404358 -77.811943 24.882799 1.000000e+37
1143011 11419.861328 45171.117188 66345.242188 91.901749 286.166565 -258.141663 16.070547 1.000000e+37
1143012 11427.907227 45177.871094 66344.117188 91.768143 302.644745 -275.830841 16.497681 1.000000e+37
1144877 11971.248047 47121.484375 67101.125000 -63.861366 216.947662 -24.594751 20.966248 1.000000e+37
1161880 11768.058594 46081.628906 66060.601562 -88.097336 151.092072 -36.056919 21.054457 1.000000e+37
1166893 11482.272461 45536.941406 66325.976562 -23.153713 266.495026 -58.823143 21.008190 -9.748294e+00
1166895 11181.151367 46572.835938 66905.062500 121.281357 178.163666 -83.483307 21.551121 1.000000e+37
1170042 11252.421875 46890.433594 66323.515625 -23.099394 171.491440 -48.746265 20.598761 1.000000e+37
1171064 9811.300781 46494.222656 66299.546875 153.407715 144.396622 -39.283585 22.502735 1.000000e+37
1175384 10481.302734 44785.136719 67382.625000 129.426514 168.915054 -206.524185 21.884998 1.000000e+37
1177665 11054.306641 46518.925781 66404.804688 -69.671829 146.698227 -86.321091 22.164127 1.000000e+37
1177667 10090.086914 46379.082031 67031.445312 227.891891 194.197906 -63.740200 19.232735 1.000000e+37
1178743 11775.232422 44924.121094 66453.796875 34.724133 190.405746 -192.757050 19.510506 1.000000e+37
1178744 11773.939453 44963.062500 66469.867188 163.138992 230.676620 -118.954147 9.638707 1.000000e+37
1196466 10213.863281 46884.523438 66783.718750 185.028961 163.120163 -10.158799 19.883831 1.000000e+37
1198791 13060.087891 44499.679688 66276.179688 -72.108772 161.946472 -148.026978 16.020515 1.000000e+37
1200014 11127.159180 43950.507812 66147.554688 -14.573890 108.526047 -56.332329 25.424557 1.000000e+37
1206013 11880.617188 45120.917969 66027.281250 116.413658 210.828247 -127.291206 22.360796 1.000000e+37
1206017 9723.570312 45835.175781 66855.851562 193.709763 198.924927 -108.010902 20.717413 1.000000e+37
1218326 11686.340820 45027.355469 66365.296875 10.790806 188.081223 -204.600784 22.365948 1.000000e+37
1232740 11447.267578 47459.218750 66614.195312 66.920616 213.916122 -23.987995 17.936079 1.000000e+37
1236964 11850.346680 46968.960938 66411.617188 44.536137 156.248337 48.319725 21.746902 1.000000e+37
1241009 11482.819336 44856.343750 66655.882812 69.775909 64.279213 -71.328835 22.206724 1.000000e+37
1246669 11236.812500 45916.625000 66373.992188 -36.388157 279.116577 -173.207123 18.302364 1.000000e+37
1253841 11194.536133 46522.488281 67044.234375 -59.836460 172.178085 -118.019096 22.762817 1.000000e+37
1255247 10158.353516 46660.277344 67567.750000 297.498322 182.577789 -97.377998 17.611668 1.000000e+37
1271989 11466.462891 44908.875000 66324.781250 -8.482428 161.431732 -40.602150 21.255802 1.000000e+37
1271990 11898.656250 45462.183594 66271.156250 46.556789 207.302109 -181.047348 18.966021 1.000000e+37
1271991 11903.668945 45431.511719 66255.867188 70.197426 224.142532 -213.570801 11.899514 1.000000e+37
1271992 11895.159180 45447.515625 66286.617188 78.254677 218.917862 -219.044891 10.359371 1.000000e+37
1271995 10504.269531 46666.667969 67376.335938 192.020065 278.446503 -99.168541 20.504215 1.000000e+37
1275177 11036.939453 44392.542969 65454.628906 45.513714 149.425995 -150.027527 22.270584 1.000000e+37
1278392 11405.441406 47387.804688 66918.523438 -13.426338 220.061356 3.648271 19.215517 1.000000e+37
1281628 11577.458008 46707.566406 67194.445312 167.539001 244.159058 -131.480957 17.158649 1.000000e+37
1281629 11569.471680 46701.644531 67181.132812 168.001846 254.060150 -134.405655 13.767748 1.000000e+37
1303850 11789.893555 44815.773438 66131.757812 128.819580 214.514008 -209.983810 17.168089 1.000000e+37
1303851 11792.695312 44829.019531 66145.976562 121.925957 222.296249 -220.209061 13.512620 1.000000e+37
1320475 11856.275391 46092.566406 66538.664062 -52.906178 110.164444 -107.715767 19.403473 1.000000e+37
1344154 11209.385742 45955.343750 66491.625000 1.080631 280.431152 -120.043694 22.679157 1.000000e+37
1344155 11209.307617 45926.535156 66496.593750 42.262783 154.233109 -31.492393 10.766292 1.000000e+37
1346256 11107.210938 45039.406250 66249.710938 195.953186 193.760635 -185.870697 18.365988 1.000000e+37
1352413 10332.710938 46675.949219 67444.703125 231.976379 239.514160 -64.222572 15.972610 1.000000e+37
1352414 10314.917969 46675.531250 67454.148438 194.784851 259.931732 -60.717098 13.807639 1.000000e+37
1363154 11261.600586 45530.746094 66547.085938 117.117958 130.108887 -165.352890 18.989962 1.000000e+37
1367425 10813.104492 44092.988281 65407.906250 14.096723 127.707703 -157.577026 18.932335 1.000000e+37
1367426 9314.490234 45559.972656 66205.179688 231.970764 165.144913 -108.914261 16.702393 1.000000e+37
1369681 10211.928711 46505.269531 67310.421875 187.257248 222.146744 -48.924599 16.850555 1.000000e+37
1371958 11420.266602 46380.121094 67069.765625 74.086594 193.909958 -162.370148 18.491068 1.000000e+37
1376541 11448.091797 44687.796875 66026.648438 -28.247488 191.558136 -126.878685 22.476419 1.000000e+37
1381048 9806.653320 45052.988281 66585.773438 195.203522 174.736588 -145.926834 18.782616 1.000000e+37
1383353 10145.783203 46410.812500 66326.695312 140.429916 144.685028 -21.902622 17.999710 1.000000e+37
1387909 11878.688477 45222.746094 66182.156250 117.933983 156.654480 -186.404129 18.346277 1.000000e+37
1390237 11579.032227 47407.511719 66412.289062 -65.600639 232.369766 -69.497009 17.214176 1.000000e+37
1392609 11048.299805 44823.511719 66093.046875 -28.980373 146.276932 -90.645721 23.037786 -8.754483e+00
1397351 12618.148438 44647.445312 65410.261719 -12.137432 93.609100 -80.301903 20.817991 1.000000e+37
1399781 10319.989258 46799.906250 67719.890625 277.018219 269.207947 -85.939346 18.802330 1.000000e+37
1404769 11782.829102 43717.875000 65740.585938 60.133984 115.636543 -244.544159 19.188631 1.000000e+37
1414821 11459.021484 43552.914062 65760.093750 129.174500 49.483841 -175.256256 15.983959 1.000000e+37
1422702 10426.083984 44421.050781 67615.062500 156.147903 154.401154 -184.897141 18.437439 1.000000e+37
1427994 11013.699219 46893.640625 67049.015625 124.811081 234.579605 -84.853401 21.491936 1.000000e+37
1428000 10754.480469 43965.230469 65142.410156 119.272514 72.998802 -77.648834 18.306591 1.000000e+37
1430715 11289.120117 47385.382812 67091.828125 85.240524 257.145599 -35.245426 20.545609 1.000000e+37
1433368 11895.282227 46450.058594 66933.070312 132.900314 219.401306 -163.981277 18.198477 1.000000e+37
1436030 11548.788086 46349.078125 66591.742188 118.816429 179.683609 -150.410690 15.564991 1.000000e+37
1441484 11409.415039 45623.167969 66231.343750 169.261597 216.265564 -53.603676 19.578241 1.000000e+37
1444305 11679.600586 44171.265625 66047.812500 39.615086 124.003784 -127.798042 18.058434 1.000000e+37
1447159 11916.048828 45152.164062 66262.976562 88.290504 167.580963 -98.428490 15.433406 1.000000e+37
1447160 11925.142578 45132.855469 66244.929688 82.792137 161.975342 -87.992645 14.447475 1.000000e+37
1449912 11335.535156 46916.535156 66854.062500 84.528290 193.038834 -52.410500 18.772617 1.000000e+37
1458559 11908.628906 45201.425781 65469.921875 -49.793369 110.504204 -59.761433 16.283859 1.000000e+37
1458565 10354.102539 44509.410156 66388.859375 184.218445 142.571823 -119.699585 14.449896 1.000000e+37
1461400 11594.545898 43534.644531 65967.382812 124.381325 116.554474 -277.757935 17.751013 1.000000e+37
1467355 10340.056641 46882.855469 67527.414062 329.131134 251.859039 -120.429039 16.147903 1.000000e+37
1495416 11874.296875 46398.437500 66420.023438 -115.912926 209.372375 -154.442932 18.328558 1.000000e+37
1495420 10491.999023 46565.628906 67252.421875 186.500259 280.342621 -157.966003 13.672447 1.000000e+37
1498542 9734.645508 46373.730469 66805.601562 239.189621 152.237610 -84.051521 18.479361 1.000000e+37
1505235 11682.455078 47293.144531 67287.726562 51.169197 173.145081 48.501766 17.796415 1.000000e+37
1508557 10518.290039 45437.589844 67016.906250 143.682785 196.434921 -205.353943 15.206176 1.000000e+37
1522082 9968.946289 46318.414062 67085.343750 234.972443 177.119064 -68.876869 13.824876 1.000000e+37
1522084 9551.443359 44535.222656 66399.445312 190.954376 141.320724 -143.193207 17.711885 1.000000e+37
1536127 10211.821289 45295.839844 65602.312500 120.485329 104.021553 -67.409302 16.115829 1.000000e+37
1536153 10019.235352 44205.566406 66402.992188 181.547272 130.958450 -132.284485 16.409529 1.000000e+37
1539866 11825.684570 44307.324219 66605.710938 82.360504 131.719330 -82.282280 15.749322 1.000000e+37
1543521 10789.080078 45915.664062 67062.601562 186.488220 228.288391 -175.117538 16.408960 1.000000e+37
1550776 11391.715820 47085.906250 67242.328125 174.946518 277.951874 -106.082321 16.627171 1.000000e+37
1554628 11112.531250 43787.773438 66102.578125 -20.509823 92.661636 -60.983311 17.021320 1.000000e+37
1582286 11471.463867 46785.046875 67210.984375 -56.147141 198.503494 -114.477280 19.620750 1.000000e+37
1586256 11821.060547 46840.707031 66821.500000 106.560051 226.189392 -151.023087 18.575634 1.000000e+37
1586262 10088.536133 46447.527344 67252.781250 232.846863 255.577881 -140.736359 14.168734 1.000000e+37
1586263 10095.749023 46484.785156 67262.148438 239.389389 180.690582 -83.854385 8.203516 1.000000e+37
1594475 11602.313477 46402.636719 66679.812500 89.097549 111.373436 -144.947571 18.322935 1.000000e+37
1598810 12458.506836 46736.019531 65297.265625 61.003624 140.635040 -23.141621 11.444736 1.000000e+37
1598818 10979.344727 46901.703125 67267.976562 47.372955 280.213409 -225.358948 18.237974 1.000000e+37
1598825 11377.815430 46717.710938 67155.312500 193.150391 252.617310 -118.127899 16.444839 1.000000e+37
1607451 10959.759766 45772.582031 66436.992188 198.041870 198.762863 -191.081406 17.583399 1.000000e+37
1611835 11606.750977 44706.234375 65685.070312 73.225548 155.229294 -147.091263 17.472492 1.000000e+37
1620841 11496.053711 46714.300781 66458.765625 63.954029 152.286713 -49.845036 18.365068 1.000000e+37
1625409 10427.996094 46967.058594 66943.601562 108.017204 262.928284 -165.786133 16.037298 1.000000e+37
1634700 10879.850586 45099.800781 66093.242188 193.969086 143.857971 -72.732018 16.885838 1.000000e+37
1639337 11062.924805 45136.214844 66442.625000 93.535019 125.853256 -160.009689 14.618114 1.000000e+37
1639343 11568.674805 47014.250000 66999.281250 30.026327 213.190445 -90.860611 18.244791 1.000000e+37
1648834 12629.695312 44531.218750 65513.046875 -1.825044 110.152847 -62.730614 15.354995 1.000000e+37
1658429 10034.152344 44463.906250 66458.359375 185.127106 140.600372 -138.037369 13.007094 1.000000e+37
1668412 11745.944336 44293.410156 65966.070312 29.192106 141.651947 -115.768661 17.677559 1.000000e+37
1668415 11456.249023 47462.027344 66802.671875 45.227245 213.019638 -5.974102 15.468996 1.000000e+37
1678602 11233.507812 46919.894531 67589.664062 138.470886 245.443832 -24.215345 15.578742 1.000000e+37
1683708 11050.986328 43950.437500 65363.648438 121.823624 73.800766 -61.959579 14.499240 1.000000e+37
1683713 9673.573242 46119.824219 66468.429688 209.206741 143.561203 -97.351715 15.517064 1.000000e+37
1699492 11595.921875 44226.734375 64990.660156 -21.968794 95.242943 -82.322136 15.222155 1.000000e+37
1699496 11497.625000 43894.097656 65848.804688 5.549283 88.217995 -191.248199 16.331732 1.000000e+37
1704998 9873.825195 45175.542969 66589.960938 199.817963 177.543686 -138.752014 15.544662 1.000000e+37
1710442 11385.166992 46009.941406 66833.125000 -134.605286 112.845032 -109.769203 17.409021 1.000000e+37
1710452 10106.441406 46677.343750 67437.773438 283.315521 160.518036 -73.975334 14.778839 1.000000e+37
1716063 11829.708008 46974.652344 67029.476562 -12.919872 216.679596 -121.749023 17.748913 -8.874759e+00
1716071 9577.677734 45655.039062 66411.976562 198.401779 178.183838 -157.747833 15.515969 1.000000e+37
1721722 10289.917969 46620.609375 67604.546875 249.693924 221.603439 -68.415688 16.667692 1.000000e+37
1727444 10923.608398 45698.003906 65944.984375 -39.974228 152.196686 -67.902489 17.534023 1.000000e+37
1733263 11862.759766 46490.097656 67073.640625 -19.422094 194.850037 -148.371811 16.438192 1.000000e+37
1733274 10177.425781 46683.992188 67274.328125 198.340393 278.216949 -126.259338 17.368620 1.000000e+37
1745148 10931.828125 47254.382812 67195.882812 123.331726 271.678223 -59.588303 18.616461 1.000000e+37
1757171 11111.202148 45204.507812 66484.429688 59.315994 219.394073 -102.881393 11.394669 1.000000e+37
1757175 12354.645508 46046.523438 65991.078125 -48.690155 145.140411 -45.625484 15.610240 1.000000e+37
1757185 10551.467773 46991.605469 67204.328125 244.167847 188.300735 -17.954679 13.823455 1.000000e+37
1757186 10553.039062 47026.187500 67217.859375 245.335480 183.954117 -22.550783 11.417725 1.000000e+37
1757193 9909.265625 45940.968750 66778.765625 242.396179 189.279648 -128.846237 14.410749 1.000000e+37
1763242 11361.569336 47177.707031 66945.296875 80.196106 229.176453 -41.404568 13.731563 1.000000e+37
1763288 10975.628906 45369.800781 66094.859375 162.592346 128.858994 -24.566076 14.352145 1.000000e+37
1775691 11677.225586 45722.054688 66915.578125 87.299530 73.174644 -112.714592 15.180596 1.000000e+37
1782194 12513.676758 45098.718750 65396.500000 -36.573643 108.501472 -74.571434 16.225466 1.000000e+37
1788630 10337.962891 46672.515625 66819.742188 167.492981 165.331619 3.631653 18.198690 1.000000e+37
1795085 12721.345703 44083.113281 66279.828125 -70.813507 166.717178 -181.779358 13.143347 1.000000e+37
1795087 12188.376953 44678.527344 65631.812500 -44.550751 136.156677 -88.642784 12.074026 1.000000e+37
1795096 9797.714844 45372.484375 66755.601562 196.078293 185.879791 -143.102722 14.663657 1.000000e+37
1801751 9829.603516 45642.343750 66654.656250 199.534500 200.916046 -133.297638 15.972045 1.000000e+37
1808412 12140.736328 44703.343750 65689.398438 -61.667294 96.719894 -79.575722 11.415960 1.000000e+37
1808423 11557.210938 44681.632812 66379.257812 157.842957 159.154694 -56.880096 12.678317 1.000000e+37
1815201 11721.631836 45960.781250 66375.531250 92.807228 315.474792 -117.296013 13.060513 1.000000e+37
1815210 11747.955078 47237.703125 66419.429688 -86.225761 250.056366 -98.608757 15.562815 1.000000e+37
1815214 11077.035156 45743.457031 66062.554688 -39.796246 73.593300 -76.705902 14.376018 1.000000e+37
1822073 11088.807617 44757.925781 66426.093750 7.448491 225.422653 -96.572723 19.207249 1.000000e+37
1822080 10432.521484 44554.644531 67567.531250 159.069519 159.120560 -182.450882 14.459585 1.000000e+37
1822082 10490.334961 47111.546875 67450.445312 190.629364 289.944702 -155.165512 18.273449 1.000000e+37
1822083 10357.785156 44761.980469 66488.367188 186.947495 155.313065 -118.084763 13.537169 1.000000e+37
1836187 10955.389648 43807.085938 65461.503906 -18.201542 103.211632 -221.474854 12.870897 1.000000e+37
1836188 11394.089844 46455.277344 66303.812500 -111.034798 166.679672 -110.990837 14.239170 1.000000e+37
1850709 11231.984375 43980.710938 65444.117188 16.433254 109.057747 -128.818497 16.555536 1.000000e+37
1850722 11350.039062 46773.941406 67016.828125 148.998398 218.573868 -94.194885 16.342617 1.000000e+37
1850732 9334.188477 45521.593750 66231.335938 240.534424 169.589325 -105.131790 12.416719 1.000000e+37
1865490 11869.910156 43716.195312 66084.601562 -44.065193 86.112724 -65.998856 15.361952 1.000000e+37
1865491 11682.185547 46501.601562 67060.312500 169.296509 233.872971 -157.482849 15.184801 1.000000e+37
1873270 10355.073242 45566.328125 66026.585938 138.220154 120.023834 -45.453712 13.685337 1.000000e+37
1888572 11485.291992 43570.351562 65946.523438 -14.488729 77.784386 -164.281891 19.546911 1.000000e+37
1888578 11610.476562 46445.847656 66845.257812 -38.090588 149.015121 -147.263123 15.360752 1.000000e+37
1888579 11859.648438 45814.003906 66280.187500 42.216965 243.881424 -100.860443 14.079252 1.000000e+37
1888591 10404.922852 47118.628906 67283.328125 148.763458 278.797546 -123.987579 17.603771 1.000000e+37
1888592 9857.297852 46382.890625 66825.171875 238.006256 135.298706 -84.575836 13.656489 1.000000e+37
1888593 9988.166992 46348.453125 67013.828125 217.993927 155.362610 -56.776001 10.884879 1.000000e+37
1896470 11677.062500 45713.351562 66227.492188 121.995781 79.727119 -235.777985 12.771779 1.000000e+37
1896486 11880.168945 44689.179688 65592.773438 -28.462372 120.784019 -103.576874 17.137415 1.000000e+37
1904620 12859.104492 46872.097656 66224.445312 -23.035122 184.374207 -35.385521 12.289946 1.000000e+37
1912778 11051.891602 46058.253906 66292.679688 -47.611763 189.315567 -44.698391 13.485021 1.000000e+37
1912783 11821.412109 45592.917969 65860.882812 -50.899853 130.563126 -42.084633 13.580132 1.000000e+37
1912788 12002.707031 44986.925781 65621.234375 -61.982307 102.850960 -67.868340 10.904685 1.000000e+37
1921026 11668.158203 45877.105469 66425.328125 5.191921 33.185650 -168.228775 16.253912 1.000000e+37
1929394 11486.393555 43476.214844 65871.851562 -28.474834 73.345978 -169.626312 17.445139 1.000000e+37
1929406 11283.261719 43805.179688 66179.726562 131.977310 124.228981 -242.951141 15.921736 1.000000e+37
1938105 11316.812500 46776.218750 67209.554688 -35.353550 186.743362 -85.293915 15.445598 1.000000e+37
1955523 10594.917969 44932.710938 66883.945312 141.201752 175.396133 -209.872604 13.024367 1.000000e+37
1964572 11781.610352 45434.847656 66195.062500 114.094612 177.544937 -57.743458 15.492094 1.000000e+37
1983030 11748.977539 44359.277344 65921.968750 30.974035 131.476105 -121.443573 17.601738 1.000000e+37
1983057 9390.043945 45736.347656 66468.367188 204.665787 153.503632 -127.039627 14.360394 1.000000e+37
2001762 11592.469727 45655.769531 66083.984375 -34.826813 99.636459 -160.724075 12.161972 1.000000e+37
2001765 11670.252930 45742.960938 66623.406250 14.712064 186.588699 31.106058 17.128439 1.000000e+37
2001777 9869.324219 46366.804688 66439.140625 141.321976 125.444351 -19.041025 14.794497 1.000000e+37
2011574 11720.492188 44811.429688 66345.148438 -34.507275 152.383148 -80.065277 17.636456 1.000000e+37
2021561 11713.685547 46309.000000 66766.882812 100.073265 153.063553 -137.487747 14.860727 1.000000e+37
2021575 10393.446289 46948.527344 67316.718750 194.122253 299.619629 -99.157593 12.202438 1.000000e+37
2031477 11138.833008 45038.753906 65531.261719 29.839462 143.770432 -150.200851 14.651986 1.000000e+37
2041643 10881.442383 46314.367188 66420.062500 166.387558 208.174866 -164.660263 14.262289 1.000000e+37
2041654 11176.905273 43421.554688 66085.617188 130.506134 101.503349 -258.494598 13.315720 1.000000e+37
2041660 9890.030273 45971.156250 65755.890625 118.009743 114.073784 -61.681499 15.071689 1.000000e+37
2052173 11370.812500 44986.664062 66309.492188 -84.760773 167.140259 -61.056885 15.913031 1.000000e+37
2073541 12173.371094 44338.835938 65524.671875 -94.824142 148.394913 -149.101807 15.428553 1.000000e+37
2084417 11438.895508 46386.839844 67029.585938 200.633667 227.262833 -141.917664 12.221877 1.000000e+37
2084419 12538.779297 44619.347656 65320.734375 -8.942533 98.654198 -67.870155 11.224679 1.000000e+37
2095461 11189.582031 44785.867188 65465.777344 53.332939 131.866882 -122.880104 17.403181 1.000000e+37
2095489 10166.681641 46894.042969 66682.500000 189.164352 149.074631 -11.397326 12.891295 1.000000e+37
2107037 11969.535156 43748.957031 66363.218750 43.924065 108.141785 -159.645752 16.285862 1.000000e+37
2107038 11663.071289 44861.031250 66204.578125 -97.002319 141.681702 -51.304287 15.430792 1.000000e+37
2118540 10790.277344 46300.468750 66208.234375 127.816429 108.913162 24.890381 13.189522 1.000000e+37
2118606 10221.424805 45238.589844 65298.289062 100.280670 99.743004 -76.812180 12.224637 1.000000e+37
2130266 11459.876953 45588.863281 66479.593750 90.823128 230.022751 -181.408829 12.875910 1.000000e+37
2130276 11998.917969 44246.042969 66094.796875 79.375015 150.039612 -183.448792 11.436257 1.000000e+37
2130278 12512.138672 44753.750000 66085.265625 -84.671089 168.315842 -160.680084 11.577801 1.000000e+37
2130286 11851.625977 45299.343750 66269.257812 -98.216446 138.324387 -45.255386 15.761773 1.000000e+37
2130287 11493.969727 44458.777344 65605.578125 89.282936 146.151123 -130.889938 13.317626 1.000000e+37
2130288 11598.465820 47511.785156 66318.953125 -30.235722 232.376053 -92.302551 13.351104 1.000000e+37
2142361 11633.162109 46576.214844 66954.929688 -8.874493 171.007141 -162.980087 14.483625 1.000000e+37
2142385 10426.770508 46860.414062 66937.273438 190.573685 167.996613 6.390553 13.586385 1.000000e+37
2154573 11744.408203 44698.226562 65915.625000 114.777931 171.023926 -164.965775 10.770131 1.000000e+37
2154574 11750.329102 44684.589844 65908.531250 118.295586 177.612442 -168.091782 9.237125 1.000000e+37
2154595 11594.021484 47335.414062 67082.875000 18.419853 243.018097 -83.108147 11.788296 1.000000e+37
2154596 11581.766602 47325.796875 67091.382812 40.821453 253.460266 -75.125198 11.185670 1.000000e+37
2166993 11832.669922 44406.875000 66600.648438 74.603645 143.100830 -88.056313 14.008710 1.000000e+37
2166994 11316.741211 47452.835938 67161.562500 80.881264 246.488800 -11.217393 15.911999 1.000000e+37
2166995 11764.937500 46011.566406 66509.914062 53.602856 269.695007 -16.539875 15.289613 1.000000e+37
2167018 11779.792969 46155.179688 66938.757812 143.085754 209.020966 -176.424393 14.089125 1.000000e+37
2179717 10764.198242 44937.808594 66001.085938 189.665756 139.741287 -83.365280 12.084327 1.000000e+37
2179721 11062.001953 46563.132812 66381.125000 165.949707 203.106171 -136.960251 12.485054 1.000000e+37
2179723 10795.309570 45552.691406 68214.390625 49.100071 201.130966 -215.341782 12.991470 1.000000e+37
2179724 10253.044922 45765.246094 67368.328125 107.459686 214.207520 -218.363846 11.877985 1.000000e+37
2192669 11338.094727 44647.824219 66418.570312 200.611740 180.365311 -124.991234 12.868858 1.000000e+37
2192670 11418.744141 43817.031250 65975.773438 189.742874 91.183701 -109.617050 10.494134 1.000000e+37
2192701 10794.666016 46545.105469 67147.726562 171.714386 267.743774 -152.800690 13.995279 1.000000e+37
2192702 10472.348633 46741.746094 67562.343750 189.089508 262.393036 -51.768539 13.713327 1.000000e+37
2205986 10088.996094 44476.675781 67769.085938 96.526611 145.698425 -205.475067 14.593991 1.000000e+37
2206003 10998.082031 46969.000000 67682.937500 147.699310 235.793198 8.528877 13.829040 1.000000e+37
2219359 11951.852539 47454.968750 66448.382812 -66.028076 265.162140 -82.321007 13.584473 1.000000e+37
2219360 11427.806641 47542.652344 66737.125000 54.791988 212.585999 -13.674853 11.855454 1.000000e+37
2219361 11472.032227 44186.582031 65581.445312 91.874916 121.093430 -136.800049 14.790098 1.000000e+37
2219383 11801.041016 44119.371094 66032.156250 28.667051 128.182617 -199.684906 14.395606 1.000000e+37
2219385 10774.147461 45758.152344 67186.812500 191.677826 222.362747 -165.079590 12.932837 1.000000e+37
2233430 11404.434570 43927.812500 66558.757812 137.763397 138.826797 -220.446060 13.918055 1.000000e+37
2233451 10750.996094 46805.289062 67120.929688 149.141464 268.803528 -142.059555 11.491318 1.000000e+37
2247594 11095.657227 44451.703125 66237.695312 -11.521659 180.177124 -166.680573 14.234732 1.000000e+37
2247596 11407.975586 46323.089844 66305.054688 -126.245766 164.088196 -121.652809 12.182864 1.000000e+37
2247605 10684.027344 46798.738281 66619.164062 124.418015 239.206375 -163.916992 8.696364 1.000000e+37
2247624 10655.295898 47093.472656 67547.453125 235.979797 285.330383 -97.625130 16.362377 1.000000e+37
2261899 11662.417969 47030.296875 67403.054688 54.956276 208.950562 11.783476 11.669950 1.000000e+37
2276469 11370.751953 45706.136719 66774.609375 249.214447 215.317200 -192.302521 9.284640 1.000000e+37
2276472 11759.797852 46003.320312 66604.953125 170.082047 159.919220 -233.121017 11.861035 1.000000e+37
2276473 11130.985352 46676.726562 66273.492188 -48.138981 159.437012 -74.500359 13.225093 1.000000e+37
2291322 10942.117188 43849.945312 65799.546875 -67.180275 123.456421 -217.908569 12.829391 1.000000e+37
2291336 12026.183594 46337.597656 66779.375000 -34.915131 172.062500 -142.924362 16.343651 1.000000e+37
2291337 11648.879883 46757.109375 66702.406250 -8.465155 166.768265 -55.239223 12.307118 1.000000e+37
2291354 10191.578125 46897.164062 66718.992188 185.283844 147.001633 -12.342618 12.173042 1.000000e+37
2306328 11507.477539 46475.488281 66453.500000 66.507759 117.630417 -43.981907 10.315065 1.000000e+37
2321876 11060.939453 43937.679688 65686.781250 44.602036 104.962311 -116.675125 14.563908 1.000000e+37
2321890 12399.515625 44602.007812 65712.851562 -16.066610 128.080994 -76.877640 12.469291 1.000000e+37
2321916 9915.234375 46883.253906 66353.265625 205.572922 148.848969 -72.561935 12.064997 1.000000e+37
2338155 12721.683594 47005.304688 66405.101562 -26.539833 184.528641 -27.873829 13.832482 1.000000e+37
2338180 10525.806641 46072.945312 67173.523438 189.224716 241.335388 -173.833817 13.667433 1.000000e+37
2354317 12238.278320 44025.464844 65351.628906 -29.420458 102.285950 -88.532845 13.579384 1.000000e+37
2354339 10660.607422 46799.605469 67328.742188 173.847443 275.847229 -114.390144 11.794899 1.000000e+37
2354340 11240.844727 44140.894531 65959.179688 184.337006 108.856224 -93.252510 11.477217 1.000000e+37
2388124 11354.378906 46539.714844 66199.367188 107.653252 108.976181 44.191650 11.240852 1.000000e+37
2388172 11879.132812 44968.425781 65708.710938 51.118259 91.795135 -0.864972 13.258208 1.000000e+37
2388204 11876.826172 46664.003906 67243.890625 -0.603520 212.341278 -132.513687 14.475490 1.000000e+37
2388205 11623.069336 46002.050781 67083.578125 48.174015 99.798775 -66.344719 11.957218 1.000000e+37
2405660 11521.567383 46751.199219 66306.882812 -93.199715 199.586502 -107.096901 10.591887 1.000000e+37
2405665 11693.947266 46513.062500 67167.968750 41.581425 142.086731 -1.253068 11.588017 1.000000e+37
2405685 9443.961914 46169.437500 66539.281250 209.661041 175.741928 -104.164574 9.321891 1.000000e+37
2405686 10182.434570 46684.976562 66833.882812 198.957352 185.485794 -41.558380 13.649915 1.000000e+37
2405688 11823.811523 46261.074219 67038.851562 145.578384 216.210754 -153.129654 10.516911 1.000000e+37
2423553 12329.330078 43659.015625 66289.101562 -92.131126 144.724686 -186.049057 8.025876 1.000000e+37
2423567 11491.180664 46331.570312 66799.757812 4.805510 150.449921 -176.645126 12.603909 1.000000e+37
2423569 11451.021484 44006.210938 65538.914062 133.772934 107.350075 -223.698730 13.507304 1.000000e+37
2423570 11745.321289 47361.382812 66296.953125 -57.756084 223.682846 -80.673203 13.935683 1.000000e+37
2423601 10327.330078 46579.589844 67431.289062 192.322357 234.715027 -48.897675 10.776567 1.000000e+37
2441974 11286.549805 46377.125000 66073.531250 105.348236 109.080612 39.538330 10.774364 1.000000e+37
2442026 11530.567383 43591.816406 65638.867188 34.791782 87.891518 -228.434158 12.635660 1.000000e+37
2442027 10861.514648 46388.128906 67223.195312 183.735916 252.868713 -138.936523 11.360257 1.000000e+37
2442029 10434.506836 47109.121094 66827.281250 214.354477 154.028366 -4.558816 11.341283 1.000000e+37
2442031 10752.179688 46561.601562 67263.781250 157.819656 184.632263 11.818256 11.094870 1.000000e+37
2460872 11621.567383 44454.492188 65720.078125 68.841805 155.456696 -138.156158 9.789150 1.000000e+37
2460879 12757.625000 44024.160156 66306.765625 -70.022827 170.359131 -185.684662 12.578930 1.000000e+37
2460886 11312.424805 46560.960938 66928.062500 15.225590 165.306473 -145.321075 13.064248 1.000000e+37
2460888 11892.703125 43644.023438 66470.664062 67.499550 90.548035 -139.491699 14.188405 1.000000e+37
2460890 11093.071289 43732.230469 66082.664062 -52.050720 127.677086 -262.432007 13.332623 1.000000e+37
2460907 11251.762695 43544.687500 65725.195312 -33.509430 85.337959 -292.971588 13.826867 1.000000e+37
2460925 9929.870117 46831.875000 66455.273438 174.396713 136.333023 -34.860062 10.674159 1.000000e+37
2479873 10861.070312 45329.003906 65950.078125 149.925827 122.399536 -31.179344 10.384685 1.000000e+37
2479882 11064.465820 43634.527344 66113.625000 -7.885672 70.924736 -58.758667 12.986938 1.000000e+37
2479883 11085.083984 46437.796875 66217.421875 142.461426 192.551193 -176.898041 13.438271 1.000000e+37
2479910 11048.085938 46803.503906 67597.625000 130.842407 214.159409 11.825809 14.239212 1.000000e+37
2499521 11427.202148 43786.164062 66021.265625 136.419250 119.174744 -258.812958 13.785206 1.000000e+37
2499529 10936.811523 46209.539062 67151.585938 183.502579 237.408676 -149.080246 9.423654 1.000000e+37
2519723 11737.903320 46991.113281 66886.929688 113.159508 245.924179 -138.207214 14.363179 1.000000e+37
2519749 11701.964844 46740.843750 67145.148438 150.495346 243.572632 -145.202896 8.614256 1.000000e+37
2519751 11230.972656 45548.308594 67899.804688 27.141554 205.445358 -224.738495 12.864518 1.000000e+37
2519773 10459.953125 44966.597656 67444.859375 173.731552 187.192459 -189.467117 12.291850 1.000000e+37
2519779 9898.597656 46226.148438 67182.875000 201.625809 231.156845 -106.081955 11.841946 1.000000e+37
2540152 11906.468750 47474.539062 66452.632812 -81.449638 274.819244 -95.662682 13.249329 1.000000e+37
2540183 9803.230469 46373.585938 66878.250000 216.074829 196.882370 -94.774925 6.139889 1.000000e+37
2561166 10491.922852 45890.003906 65607.789062 101.316132 99.421425 -11.393160 12.131905 1.000000e+37
2561236 11148.077148 45606.007812 66666.085938 14.665497 208.489487 8.526217 12.206008 1.000000e+37
2561269 10909.718750 43656.605469 65541.171875 -4.535898 87.023186 -236.334961 11.721030 1.000000e+37
2561281 11922.930664 45681.445312 66476.281250 100.566742 85.383835 -47.830727 14.820009 1.000000e+37
2561282 9796.233398 45695.160156 66531.257812 215.424759 176.418869 -132.840637 11.040052 1.000000e+37
2561283 11888.146484 45204.312500 66404.929688 98.199226 197.030991 -178.521805 15.347185 1.000000e+37
2582966 10094.866211 44932.140625 65221.273438 101.909317 128.064148 -104.153992 12.720267 1.000000e+37
2583057 11398.050781 47075.839844 67337.523438 6.188919 240.317978 -111.364250 13.069543 1.000000e+37
2583059 11580.861328 44928.769531 66286.515625 3.853160 132.985184 -115.506157 10.412475 1.000000e+37
2583089 10113.945312 46413.289062 67212.625000 210.553253 152.379379 -72.131523 8.551033 1.000000e+37
2583091 10893.101562 46706.078125 67320.703125 175.317474 251.263916 -89.185242 13.691724 1.000000e+37
2605464 11642.009766 44999.265625 66413.515625 -16.846224 156.503036 -53.842865 12.560555 1.000000e+37
2605465 11643.528320 45150.792969 66201.812500 181.269302 237.137299 -135.197205 12.106443 1.000000e+37
2605492 10200.743164 46721.125000 67228.164062 201.675949 270.660461 -112.386459 8.942602 1.000000e+37
2605493 11767.490234 46357.777344 66518.921875 65.646194 144.352371 -120.879494 12.466196 1.000000e+37
2605499 11281.701172 43723.070312 66697.882812 139.781555 130.886780 -210.558029 13.363539 1.000000e+37
2628370 11620.715820 44096.316406 65910.765625 -7.796750 117.740112 -145.821930 11.210634 1.000000e+37
2628387 11718.074219 46314.609375 66894.914062 -105.227524 150.700439 -58.261463 9.890141 1.000000e+37
2628388 11688.097656 45786.976562 66631.421875 189.513382 253.624222 -143.035126 7.269863 1.000000e+37
2628389 11518.333008 44851.710938 66485.718750 -19.714268 184.333069 -120.335236 15.942603 -9.092812e+00
2628390 11811.519531 44975.117188 66697.710938 2.479256 202.871460 -119.437706 13.533521 1.000000e+37
2628422 10714.985352 46808.695312 67142.945312 155.868256 266.562103 -137.892685 9.889101 1.000000e+37
2651957 11058.899414 46118.089844 66371.632812 44.769661 160.604507 -40.271271 13.192097 1.000000e+37
2651979 12577.883789 44547.531250 65410.101562 -9.811211 91.704559 -76.643517 9.946157 1.000000e+37
2651980 11622.996094 45832.566406 67010.632812 73.869354 145.562012 -163.885727 10.623214 1.000000e+37
2651981 11469.759766 44863.335938 66062.617188 7.673670 198.204712 -88.282471 15.090661 1.000000e+37
2676115 10872.272461 46515.308594 66375.093750 157.106628 211.138641 -154.121536 11.732808 1.000000e+37
2676150 11850.724609 45764.585938 66414.609375 75.311058 266.028229 -221.687134 12.083435 1.000000e+37
2676155 9924.356445 45927.289062 65905.265625 121.856339 131.176208 -58.741837 12.864236 1.000000e+37
2676168 9454.927734 46111.699219 66822.851562 252.165466 179.761124 -125.681778 12.397775 1.000000e+37
2700839 11680.765625 46542.589844 67115.406250 37.426304 138.742081 12.412382 11.033665 1.000000e+37
2700871 12209.526367 45692.925781 65329.382812 -57.888023 147.883057 -86.364403 10.631139 1.000000e+37
2726380 10800.772461 45145.929688 66017.210938 152.107559 125.304787 -40.887161 12.529200 1.000000e+37
2726381 11559.976562 46518.445312 67292.781250 165.756790 210.395798 -78.939659 12.511077 1.000000e+37
2752759 11337.673828 45985.656250 66564.640625 58.244282 161.909805 -38.847755 13.924084 1.000000e+37
2752760 11591.206055 45964.535156 66606.726562 33.531666 288.609467 -12.725713 7.318933 1.000000e+37
2752762 11508.539062 46161.226562 66769.226562 -55.910210 129.213821 -164.979019 13.804912 1.000000e+37
2752763 11680.360352 45613.960938 66477.906250 -31.499319 60.390305 -110.957298 11.475238 1.000000e+37
2752764 11208.497070 46652.492188 67276.632812 -39.137222 176.741348 -77.084167 10.183322 1.000000e+37
2752765 11186.692383 44267.660156 66060.640625 -44.684288 123.693649 -45.170330 12.910823 1.000000e+37
2752766 11315.059570 46863.789062 66540.226562 8.972150 174.419662 -45.253838 12.948212 1.000000e+37
2752768 11492.422852 47277.718750 66202.023438 -34.195042 225.370209 -108.487976 9.759444 1.000000e+37
2752805 10403.447266 46978.554688 67381.031250 207.112579 319.658234 -97.772087 9.284236 1.000000e+37
2779494 10865.882812 46393.078125 66676.148438 151.244736 132.223602 16.248341 12.172407 1.000000e+37
2779562 11415.016602 44199.781250 65978.453125 -108.755295 149.564682 -189.393005 10.355662 1.000000e+37
2779597 11232.420898 45629.609375 66587.109375 232.282394 167.731766 -53.777370 10.554178 1.000000e+37
2779604 11845.714844 44363.316406 65235.300781 -39.746162 118.637856 -81.830330 12.772119 1.000000e+37
2779605 11739.867188 44006.011719 66128.398438 15.618880 107.251762 -130.391556 12.708530 1.000000e+37
2807463 11694.411133 45226.703125 66308.554688 35.848797 143.366165 -44.904976 7.721630 1.000000e+37
2807511 11305.722656 44211.015625 65846.843750 144.313797 99.562508 -52.051746 9.546747 1.000000e+37
2807514 9510.432617 45700.656250 66411.953125 190.684006 175.742920 -153.675171 12.548219 1.000000e+37
2836114 11876.950195 45634.113281 66658.406250 123.493240 242.354584 -165.017700 9.123345 1.000000e+37
2836149 10994.166016 43537.683594 66293.429688 130.197266 112.673676 -236.838699 9.888009 1.000000e+37
2836156 11443.375977 47287.113281 67281.351562 166.702652 302.023163 -103.691154 10.256348 1.000000e+37
2836157 10393.190430 46721.753906 67292.445312 282.959564 256.208221 -94.746010 10.768812 1.000000e+37
2836159 9870.778320 46268.062500 66756.953125 180.289642 186.806625 -63.195087 11.307187 1.000000e+37
2865428 10812.339844 43932.394531 65232.441406 123.224098 70.900177 -80.635193 8.720466 1.000000e+37
2865429 12707.267578 44564.550781 65401.472656 2.924945 109.436684 -64.711060 10.679055 1.000000e+37
2865430 11769.451172 47000.128906 66779.578125 47.821148 145.530136 72.444366 12.971744 1.000000e+37
2865478 11653.634766 46380.097656 66357.726562 -127.543694 189.568268 -137.526199 13.745551 1.000000e+37
2865485 11692.656250 46690.042969 67047.437500 -77.273949 177.516220 -42.222580 9.739520 1.000000e+37
2865488 11515.819336 45244.113281 66352.664062 156.433609 157.762970 -240.830002 11.426130 1.000000e+37
2865490 11253.611328 46543.804688 66183.632812 81.655434 143.728882 -88.622421 9.954148 1.000000e+37
2865535 10858.367188 46196.351562 67152.765625 194.663071 246.178604 -158.218628 13.361691 1.000000e+37
2865536 9896.008789 46410.929688 67194.265625 223.087189 199.345718 -60.855667 11.638485 1.000000e+37
2865537 9374.913086 45663.230469 66084.656250 201.138214 150.165543 -116.087296 11.169912 1.000000e+37
2865544 10315.641602 43943.437500 66620.078125 179.818771 122.015938 -152.750336 9.491614 1.000000e+37
2896213 11946.628906 45876.984375 65682.320312 -69.772247 150.702118 -58.521446 11.047974 1.000000e+37
2896231 11491.494141 45491.117188 66626.312500 -40.599686 259.582458 -124.204887 10.231772 1.000000e+37
2896234 11736.590820 46035.804688 66575.585938 -15.464231 156.190414 -35.927929 13.523719 1.000000e+37
2896272 10014.857422 45798.613281 68004.578125 180.477127 219.039062 -170.159393 10.649294 1.000000e+37
2896281 11460.816406 46888.117188 67344.328125 152.946686 256.218811 -106.133911 9.832924 1.000000e+37
2896282 9786.166992 46378.242188 67108.945312 225.395096 164.151123 -73.663780 9.077224 1.000000e+37
2896285 11985.792969 45042.394531 66491.718750 82.373795 168.256653 -108.613647 13.537119 1.000000e+37
2896287 11816.814453 43597.304688 66074.031250 79.390091 111.984352 -225.775787 11.870748 1.000000e+37
2927676 11639.295898 44021.847656 65630.859375 133.345688 123.055679 -157.855850 11.711063 1.000000e+37
2927701 11421.967773 47206.222656 67349.445312 -76.503387 231.486603 -60.660484 12.224411 1.000000e+37
2927704 11507.982422 46519.675781 67087.132812 -9.969982 151.622101 -106.178635 13.708804 1.000000e+37
2927705 11572.852539 44746.906250 65884.765625 -40.689201 125.817520 -25.183550 11.653315 1.000000e+37
2927751 10775.628906 46632.875000 67170.445312 166.141159 270.682312 -150.908463 8.600617 1.000000e+37
2927752 10728.940430 47002.218750 67745.039062 251.626312 305.905731 -126.325554 12.027078 1.000000e+37
2927754 10077.028320 47089.496094 66558.140625 215.886169 156.568298 -49.462910 11.530194 1.000000e+37
2927756 11599.187500 44501.683594 66243.742188 153.735336 156.174973 -63.788464 7.362222 1.000000e+37
2927764 10795.799805 45059.957031 67128.500000 163.083740 189.684891 -185.829132 10.593221 1.000000e+37
2960183 12424.116211 44495.664062 65987.554688 -88.769432 160.866547 -156.358444 12.396610 1.000000e+37
2960201 11872.721680 45781.339844 66694.523438 119.711807 244.249878 -177.567474 7.460528 1.000000e+37
2960202 11630.465820 44259.269531 66071.187500 10.008132 130.019135 -139.675903 12.107999 1.000000e+37
2960205 10909.117188 44962.429688 65604.921875 -13.996373 95.754234 -105.748871 12.991236 1.000000e+37
2960249 10604.545898 46563.046875 67260.664062 192.824234 273.909698 -100.951393 10.990629 1.000000e+37
2960254 10098.285156 46754.855469 66909.914062 227.276108 163.809906 -54.588223 12.111382 1.000000e+37
2994098 11903.063477 46966.761719 66373.718750 44.855537 134.801208 54.093079 11.565478 1.000000e+37
2994099 12033.538086 47023.359375 66397.484375 66.250435 144.516754 56.209869 11.500457 1.000000e+37
2994145 11250.263672 44976.496094 66245.179688 72.354347 183.392197 -119.146729 13.108287 1.000000e+37
2994150 11553.212891 47119.031250 66258.257812 -53.371334 222.014618 -138.232773 10.091151 1.000000e+37
2994203 10256.964844 45236.742188 66676.546875 190.423157 172.234375 -116.447113 9.416778 1.000000e+37
2994204 9700.377930 46716.156250 66273.867188 162.676102 143.485031 -45.220184 5.234858 1.000000e+37
2994206 9997.862305 46214.011719 66014.343750 127.607986 132.089096 -37.368786 7.366584 1.000000e+37
2994207 10020.721680 46890.730469 66913.671875 196.362015 125.806870 -4.466052 11.137803 1.000000e+37
2994208 11527.882812 43971.722656 66109.679688 187.885864 109.344978 -120.948380 7.676986 1.000000e+37
3029010 12608.478516 44416.566406 66054.953125 -81.631577 161.879074 -156.757156 10.437642 1.000000e+37
3029011 12088.041992 45802.785156 66102.101562 -111.191338 190.610123 -112.281136 11.981327 1.000000e+37
3029018 11950.748047 45896.300781 65843.015625 -72.897438 141.206207 -49.782825 10.829369 1.000000e+37
3029038 12766.760742 46844.007812 66364.148438 -26.150997 184.272202 -36.727631 10.139765 1.000000e+37
3029040 10765.002930 44775.554688 66604.914062 20.163799 185.125488 -83.129730 13.735426 1.000000e+37
3029041 11830.721680 44212.992188 66008.203125 124.292908 139.942581 -225.041550 10.851222 1.000000e+37
3029042 10344.730469 47160.800781 67124.585938 105.503662 271.256378 -161.549164 11.767686 1.000000e+37
3029101 11481.909180 46774.226562 66681.710938 179.850937 218.754105 -135.454300 12.484571 1.000000e+37
3029102 10872.642578 46323.171875 67189.187500 185.329391 249.336060 -139.434479 11.897815 1.000000e+37
3029103 9858.830078 46406.515625 66885.843750 213.020432 200.374542 -84.841179 11.743924 1.000000e+37
3065120 10789.439453 44126.410156 65634.046875 179.779327 105.413849 -103.551788 10.627991 1.000000e+37
3065151 11893.816406 46815.148438 67273.515625 12.613134 215.601181 -121.138916 11.748597 1.000000e+37
3065152 11540.456055 43662.277344 65907.664062 143.987976 101.371635 -257.226807 8.393220 1.000000e+37
3065153 12268.681641 44593.660156 65268.945312 -47.644020 103.707756 -72.960281 12.917435 1.000000e+37
3065154 11682.513672 45238.765625 66271.679688 -32.974983 216.234329 -99.973824 10.777940 1.000000e+37
3065156 11776.342773 45544.250000 66314.468750 112.124275 206.863815 -55.734310 12.714134 1.000000e+37
3065157 11241.072266 47103.222656 66502.656250 160.866135 226.471130 -79.542473 12.887052 1.000000e+37
3065198 10925.834961 44232.671875 66920.179688 131.257874 135.748703 -224.403519 11.620883 1.000000e+37
3065209 9868.505859 45907.179688 66755.007812 239.988602 189.552032 -125.208443 9.761675 1.000000e+37
3102276 11815.445312 47014.191406 66420.867188 51.214687 145.432129 52.435078 12.576584 1.000000e+37
3102333 10796.350586 44199.644531 67070.343750 55.395241 141.109238 -246.253342 11.415717 1.000000e+37
3102334 12395.043945 46631.078125 66574.898438 -76.825745 234.165726 -163.205902 9.034364 1.000000e+37
3140856 11661.932617 45864.253906 66691.210938 174.098633 190.761459 -255.110016 12.144494 1.000000e+37
3140859 10949.327148 44524.640625 66639.734375 60.779789 163.564453 -258.002838 10.226694 1.000000e+37
3140860 11392.907227 45437.894531 65843.617188 4.503218 174.432114 -46.493980 12.337034 1.000000e+37
3140909 10278.917969 45402.113281 67798.867188 177.177322 197.407959 -176.340134 10.992661 1.000000e+37
3140920 9972.481445 46212.460938 67128.039062 182.855453 238.755600 -96.081039 11.599631 1.000000e+37
3140925 11556.933594 44028.441406 66180.851562 183.176025 110.846291 -125.545181 8.518763 1.000000e+37
3180610 10841.792969 43938.671875 65413.941406 -21.618517 118.891144 -189.150635 10.047462 1.000000e+37
3180621 12388.660156 43997.660156 66194.726562 -82.409927 147.696320 -180.352936 10.147417 1.000000e+37
3180643 11673.204102 44939.785156 66299.523438 -3.306687 210.454559 -180.979614 9.660589 1.000000e+37
3180644 11697.352539 45761.492188 66691.890625 18.128157 239.012405 -213.278870 10.944201 1.000000e+37
3180645 11335.378906 46820.656250 67471.125000 67.226837 246.376999 -112.339729 11.268067 1.000000e+37
3180649 11450.719727 46247.031250 66256.140625 190.946808 153.783249 -103.440933 10.624821 1.000000e+37
3180651 11615.886719 46548.261719 66438.921875 167.876434 159.590714 -88.487839 10.055986 1.000000e+37
3180652 11631.092773 46940.648438 66273.562500 16.005575 176.936935 -64.511238 11.538222 1.000000e+37
3180696 10804.682617 43584.230469 67186.031250 121.156326 102.935883 -193.194794 7.448591 1.000000e+37
3180707 10324.860352 46741.335938 67302.078125 259.918671 235.690079 -82.898468 12.479971 1.000000e+37
3180708 10085.028320 46429.703125 67285.367188 239.638657 216.208755 -54.050503 8.939825 1.000000e+37
3180709 9564.026367 46219.121094 66504.148438 207.349060 181.741531 -105.268654 10.642166 1.000000e+37
3180711 10214.145508 46884.695312 66522.570312 200.210800 135.842056 -27.936884 9.372278 1.000000e+37
3221692 11286.422852 44701.218750 65877.710938 37.510326 204.065521 -129.870850 13.998887 1.000000e+37
3221693 11739.116211 46867.031250 67114.710938 72.211113 179.143585 30.309580 10.562301 1.000000e+37
3221729 11054.915039 44370.468750 66420.781250 29.130808 164.459656 -126.055550 11.820327 1.000000e+37
3221731 10865.550781 43898.687500 65766.156250 -55.341846 126.891533 -214.000397 10.103019 1.000000e+37
3221746 12113.789062 45331.785156 65231.078125 -47.227146 119.975533 -75.942497 10.530839 1.000000e+37
3221755 11444.378906 44838.054688 66043.921875 -45.176773 198.891418 -144.759476 11.896292 1.000000e+37
3221758 10207.510742 46905.996094 67147.828125 152.383575 275.811829 -150.928253 8.412358 1.000000e+37
3221798 11346.076172 43889.875000 65316.335938 21.077204 99.376762 -144.749863 11.741036 1.000000e+37
3221818 10703.578125 46893.179688 67100.710938 158.212418 276.118927 -148.918320 9.920830 1.000000e+37
3221820 9821.682617 45711.296875 66667.460938 200.974350 200.629532 -134.977295 7.937967 1.000000e+37
3221826 10734.752930 45200.820312 67154.140625 164.566010 194.883270 -177.585968 10.036793 1.000000e+37
3221827 10717.677734 45402.464844 67286.921875 172.402740 198.631714 -173.913727 13.249532 1.000000e+37
3221828 10106.333984 45398.136719 66944.179688 195.174942 198.209778 -147.846710 8.701811 1.000000e+37
3264721 12541.933594 46642.492188 65985.507812 -31.996504 171.780365 -44.149349 10.573113 1.000000e+37
3264722 10979.625000 46705.976562 67013.289062 -21.600046 175.398743 -63.589573 11.001146 1.000000e+37
3264724 11630.061523 44002.765625 65536.093750 128.351959 113.572121 -188.255966 12.740223 1.000000e+37
3264777 11870.167969 45199.761719 66131.781250 20.427132 202.334930 -176.497284 9.068202 1.000000e+37
3264786 9878.138672 45872.304688 66708.812500 206.070053 195.593353 -115.128853 7.220759 1.000000e+37
3264787 10195.771484 46223.691406 66656.828125 153.505341 140.581894 -14.583727 11.251612 1.000000e+37
3309406 12388.405273 45040.070312 65120.152344 52.319340 91.744682 -40.721825 8.443413 1.000000e+37
3309464 11405.832031 47128.144531 66620.867188 -84.859322 236.060989 -84.249321 8.430992 1.000000e+37
3309471 12091.491211 47240.152344 67064.203125 -59.673210 222.268600 -8.606774 10.012087 1.000000e+37
3309473 11826.877930 46276.777344 66857.820312 -41.979580 170.762192 -167.024506 12.914159 1.000000e+37
3309477 11720.908203 45929.515625 66662.828125 -80.795235 70.172295 -95.719116 9.709044 1.000000e+37
3309478 11525.765625 45445.390625 66312.562500 -103.340523 226.220718 -245.403900 8.175155 1.000000e+37
3309480 12087.446289 44679.929688 65812.062500 -61.471039 120.223549 -64.577423 10.732938 1.000000e+37
3309484 10609.478516 46825.164062 66704.203125 117.661285 245.249954 -167.970764 9.620930 1.000000e+37
3309485 11071.832031 45261.820312 66226.750000 204.713882 144.682327 -48.849148 9.779348 1.000000e+37
3309541 10787.343750 43754.839844 67200.710938 138.934952 110.334679 -212.898392 11.498541 1.000000e+37
3309558 9788.778320 46596.316406 66490.281250 175.684433 115.091225 -46.593876 9.455184 1.000000e+37
3309559 10567.188477 45844.402344 66289.578125 147.065231 135.944748 -28.454672 10.551477 1.000000e+37
3309566 11980.610352 43779.589844 65895.273438 43.472656 123.089958 -183.825577 10.946255 1.000000e+37
3355995 11860.182617 46374.003906 66952.531250 137.758728 210.777023 -172.429153 10.903949 1.000000e+37
3355996 11421.872070 44028.617188 66139.039062 195.130997 114.400116 -126.142319 5.526845 1.000000e+37
3355999 11656.436523 45385.578125 66278.414062 -2.351386 165.761169 -39.881924 10.892437 1.000000e+37
3356000 11533.989258 46453.906250 66649.742188 199.962555 184.735870 -138.865952 10.622328 1.000000e+37
3356017 12230.532227 44722.992188 66901.109375 -65.632912 179.487961 -205.432587 8.365794 1.000000e+37
3356064 9723.500977 46261.082031 66549.109375 178.916489 171.710373 -70.081039 5.957671 1.000000e+37
3356069 10934.923828 46866.582031 67545.898438 148.658798 218.371719 13.396582 10.583323 1.000000e+37
3356071 11554.197266 45403.289062 66797.906250 179.815460 229.794174 -183.032196 12.973918 1.000000e+37
3356072 12089.954102 44023.230469 66238.382812 88.627502 132.635254 -167.240234 9.753702 1.000000e+37
3356079 10088.060547 45481.570312 66951.304688 195.612900 197.909515 -147.920822 8.446311 1.000000e+37
3404180 11815.336914 44944.261719 65885.476562 41.060608 98.072426 8.634881 10.041294 1.000000e+37
3404245 12801.352539 46634.261719 65848.257812 -21.306684 170.253448 -48.124554 8.925184 1.000000e+37
3404258 11537.112305 43871.484375 66586.554688 151.944672 134.698532 -204.517441 8.632383 1.000000e+37
3404259 11592.640625 43511.535156 65930.609375 118.394157 121.666527 -282.755402 7.709278 1.000000e+37
3404263 11785.839844 46001.019531 66356.937500 53.716644 290.496002 -106.377594 5.327130 1.000000e+37
3404264 11223.796875 46737.546875 66991.492188 109.900742 191.519455 -76.111961 12.705603 1.000000e+37
3404273 12609.901367 46234.027344 66736.445312 -77.624954 228.574722 -169.827377 9.543147 1.000000e+37
3404341 10107.079102 44838.714844 67776.804688 100.964729 163.150146 -206.619659 10.927640 1.000000e+37
3404342 11481.618164 46625.601562 66876.203125 146.655975 172.862045 -88.971832 11.398509 1.000000e+37
3404345 10688.484375 46691.605469 67289.703125 163.354919 264.835388 -123.499702 6.428993 1.000000e+37
3404346 10049.272461 46437.085938 67241.742188 179.736404 241.620911 -39.010670 9.107635 1.000000e+37
3404350 10210.023438 46756.382812 66757.453125 184.577377 167.741623 -15.536419 10.607668 1.000000e+37
3404351 10883.998047 44012.027344 65176.144531 114.266014 75.036049 -68.918365 10.911931 1.000000e+37
3404354 11329.595703 43417.917969 66669.820312 137.804550 114.584045 -212.869415 8.255865 1.000000e+37
3454119 10465.112305 45003.468750 65668.468750 100.487091 94.474083 -36.192135 9.166757 1.000000e+37
3454245 11719.829102 47270.464844 67463.375000 39.823429 190.771942 34.807049 13.738051 1.000000e+37
3454321 12009.847656 44372.144531 66234.046875 -39.040966 122.015526 -61.085445 9.584827 1.000000e+37
3454322 11496.054688 46091.144531 66925.984375 209.267776 201.745728 -172.983978 9.956869 1.000000e+37
3454323 11277.168945 44127.804688 65988.234375 7.667239 121.939827 -168.814972 9.852381 1.000000e+37
3454324 11251.609375 47339.929688 67384.085938 -36.568451 260.221466 -59.685131 8.350948 1.000000e+37
3454325 11179.935547 45432.929688 68338.500000 31.291935 196.108063 -214.038513 9.772790 1.000000e+37
3454326 11049.908203 44833.320312 65562.710938 -78.139404 206.547272 -152.346222 9.882010 1.000000e+37
3454337 12220.475586 46363.824219 66543.351562 -92.334908 223.903061 -161.985916 11.024991 1.000000e+37
3454402 11786.205078 46347.015625 66753.671875 148.892563 214.550507 -208.159180 10.765555 1.000000e+37
3454405 10575.403320 46578.519531 67378.500000 204.615524 243.890335 -50.926842 8.322790 1.000000e+37
3454408 10260.580078 43734.316406 66588.343750 186.771790 115.087502 -163.162033 11.063234 1.000000e+37
3506372 12165.213867 46952.660156 65912.585938 56.199505 128.517593 21.790068 11.685852 1.000000e+37
3506440 12240.500000 45391.601562 66063.507812 -102.338326 184.074402 -135.515060 8.369795 1.000000e+37
3506463 11270.212891 46634.789062 67415.250000 156.221634 217.072144 -34.462215 12.237469 1.000000e+37
3506464 11653.072266 45937.281250 67047.562500 49.465782 97.586304 -78.874802 7.686737 1.000000e+37
3506465 11623.694336 46323.179688 66917.539062 -99.683655 141.100082 -51.694542 6.041693 1.000000e+37
3506466 11844.677734 45946.492188 66161.335938 -97.299873 138.509155 -30.950668 10.121055 1.000000e+37
3506467 11213.281250 46554.023438 66171.648438 89.842888 150.655640 -101.538841 9.907693 1.000000e+37
3506469 10885.041016 44452.976562 67017.007812 51.889553 153.310577 -249.397919 9.317499 1.000000e+37
3506541 9965.270508 46641.238281 67294.382812 271.616455 151.030029 -79.733002 8.916986 1.000000e+37
3506544 10432.602539 46545.738281 67226.351562 196.345718 214.618713 -36.516174 8.957458 1.000000e+37
3506549 10904.490234 46705.246094 67468.265625 150.325363 203.026764 6.157091 7.839443 1.000000e+37
3560372 10323.453125 44940.953125 65588.164062 93.243584 94.227844 -46.278194 9.111615 1.000000e+37
3560568 11833.366211 45886.207031 66694.828125 66.377350 165.968018 -9.840837 11.244024 1.000000e+37
3560569 11543.701172 46006.746094 66875.226562 79.305428 183.873291 -190.853958 10.335692 1.000000e+37
3560570 12116.994141 44587.597656 65560.515625 -66.255043 110.251640 -64.378281 9.257912 1.000000e+37
3560576 11251.315430 43713.699219 65481.710938 90.849770 80.534653 -186.132553 11.194213 1.000000e+37
3560636 10589.793945 44989.332031 67511.562500 175.090775 187.310806 -190.342651 10.481398 1.000000e+37
3560656 10491.487305 46901.339844 67367.070312 280.056732 274.246063 -76.105537 8.660027 1.000000e+37
3560661 10083.342773 46010.085938 66253.664062 137.655121 139.336853 -41.354584 7.377380 1.000000e+37
3560662 11735.431641 46670.808594 67137.351562 145.105652 240.162064 -151.185013 11.688476 1.000000e+37
3560663 12050.170898 43980.511719 66277.734375 120.071297 128.265518 -162.279465 11.936430 1.000000e+37
3617204 12155.523438 46876.000000 65716.609375 60.078415 136.008453 8.987236 8.257015 1.000000e+37
3617296 11693.653320 47205.152344 67374.421875 140.018646 297.784912 -112.372780 6.596362 1.000000e+37
3617299 11623.177734 47263.132812 67057.570312 26.648315 241.197906 -75.517746 8.977477 1.000000e+37
3617300 11859.583984 46928.218750 66999.765625 -5.150567 211.087112 -115.903481 12.159073 1.000000e+37
3617301 11356.835938 43773.304688 66017.960938 124.564842 64.639320 -44.917496 10.156121 1.000000e+37
3617302 11658.718750 45896.699219 66476.312500 -66.106087 52.346096 -19.129135 9.042686 1.000000e+37
3617306 11655.649414 43891.761719 65218.203125 -35.864616 85.851707 -86.620552 13.462231 1.000000e+37
3617308 11604.565430 46991.074219 66268.437500 17.385498 173.328461 -66.679230 10.129638 1.000000e+37
3617310 10876.469727 44351.218750 66572.445312 72.054787 148.054230 -252.260941 9.510360 1.000000e+37
3617389 11873.940430 46073.554688 66373.664062 127.126129 136.026520 -198.349167 12.454286 1.000000e+37
3617391 11969.009766 44305.468750 66442.843750 104.042931 137.662094 -109.750580 10.130459 1.000000e+37
3617396 9737.711914 45306.542969 66748.578125 194.745911 188.999039 -142.651764 7.521183 1.000000e+37
3617398 9278.262695 45276.382812 66071.921875 208.786163 170.555984 -137.677567 6.680732 1.000000e+37
3617443 9382.166992 45443.050781 65932.109375 215.220383 162.689331 -126.824402 9.394646 1.000000e+37
3676501 11220.330078 44009.261719 66321.867188 -66.710205 109.860626 -89.360161 8.875634 1.000000e+37
3676502 12139.202148 43923.761719 65452.484375 -36.071568 98.510330 -88.757698 9.124387 1.000000e+37
3676503 11406.477539 46199.613281 66955.343750 -93.690437 126.929657 -89.358025 8.759097 1.000000e+37
3676507 10843.651367 45371.628906 67856.578125 50.465271 193.753601 -222.984894 10.208845 1.000000e+37
3676508 11126.372070 46528.437500 66194.257812 93.352013 155.218338 -116.860977 10.516958 1.000000e+37
3676509 11564.796875 46548.187500 66645.273438 161.879364 149.256927 -70.893684 11.217028 1.000000e+37
3676510 11638.656250 46959.382812 66296.289062 -64.175499 219.098358 -158.158188 7.327039 1.000000e+37
3676606 11864.927734 45707.480469 66327.250000 58.433239 255.447708 -211.662308 11.391316 1.000000e+37
3676608 10657.371094 46857.898438 67641.164062 301.461060 279.252350 -125.830315 10.811564 1.000000e+37
3676609 10165.931641 46225.828125 67181.375000 183.858414 233.479263 -86.089615 9.745611 1.000000e+37
3676619 10004.430664 46708.101562 66758.867188 160.717651 129.305283 6.293025 10.454737 1.000000e+37
3738287 11992.480469 47047.453125 66736.671875 54.210388 159.488129 72.206764 9.726467 1.000000e+37
3738346 11440.581055 43814.699219 65321.250000 40.866379 93.180412 -149.745773 8.127433 1.000000e+37
3738385 11915.799805 46595.636719 66844.859375 -75.891670 168.700317 -26.969349 9.172370 1.000000e+37
3738388 11743.399414 46605.855469 66807.437500 -48.590706 170.652359 -128.832413 10.707596 1.000000e+37
3738389 11241.679688 45722.398438 66555.828125 -62.009995 25.035946 -152.706451 8.749715 1.000000e+37
3738390 11174.071289 45809.128906 66896.156250 226.671265 210.330933 -159.416473 8.136464 1.000000e+37
3738391 11477.689453 45021.011719 66166.179688 12.407212 133.171417 -32.368198 11.686773 1.000000e+37
3738395 11947.509766 44735.648438 65916.132812 -69.507935 111.085228 -71.379936 9.716056 1.000000e+37
3738396 11702.087891 46399.898438 66520.460938 146.338425 119.308548 -62.394474 8.052808 1.000000e+37
3738397 11696.990234 47403.828125 66898.820312 9.937772 199.952759 -17.129936 10.377331 1.000000e+37
3738487 10184.850586 46561.312500 66510.906250 147.703644 152.010742 -14.282426 10.693258 1.000000e+37
3738490 10485.987305 44823.203125 66507.031250 184.663269 161.434250 -125.331154 11.063562 1.000000e+37
3802933 9968.257812 45177.820312 65351.183594 95.559494 71.238167 -52.225693 8.752597 1.000000e+37
3803137 11039.219727 43859.750000 65873.945312 -82.232201 126.225121 -217.201721 7.228817 1.000000e+37
3803172 11620.462891 43783.023438 65737.570312 1.302329 80.816620 -162.061066 12.453364 1.000000e+37
3803174 11241.608398 45417.195312 66359.960938 206.803421 201.696060 -202.193665 5.498151 1.000000e+37
3803175 11410.290039 44731.644531 66019.507812 -45.574230 199.058487 -258.770111 9.833478 1.000000e+37
3803176 11399.391602 45525.253906 66647.781250 240.444260 235.655167 -189.809708 7.780627 1.000000e+37
3803177 10989.245117 46928.937500 67084.343750 -52.548862 209.965698 -64.104134 10.547419 1.000000e+37
3803178 11720.720703 45258.445312 66148.984375 169.018097 167.936752 -118.398972 10.556643 1.000000e+37
3803179 11620.628906 46066.011719 66705.523438 -69.679314 101.121033 -157.793900 12.470142 1.000000e+37
3803271 10835.115234 43798.929688 67155.031250 137.668488 113.992142 -211.123489 9.327620 1.000000e+37
3803309 10165.585938 45109.480469 66934.960938 194.761063 182.497253 -151.835037 7.226349 1.000000e+37
3803310 10084.747070 44550.820312 66489.320312 185.543976 140.380096 -126.802597 10.225587 1.000000e+37
3871228 11117.074219 45029.328125 65733.718750 14.292378 100.588371 -116.556229 9.523735 1.000000e+37
3871290 11451.627930 46769.593750 67278.132812 -83.382111 202.175858 -71.019478 10.260979 1.000000e+37
3871292 11722.033203 46570.968750 66834.203125 182.933563 205.852554 -167.202011 10.087729 1.000000e+37
3871294 11681.578125 45999.253906 66417.781250 75.246101 54.442822 -150.189651 8.881399 1.000000e+37
3871296 11163.299805 45775.906250 66759.093750 -50.753929 119.003181 -51.405422 12.423717 1.000000e+37
3871297 11802.119141 44827.503906 66000.117188 29.504633 173.824722 -104.363403 9.237056 1.000000e+37
3871299 11534.443359 45679.527344 66978.367188 3.882078 126.542053 15.368002 12.267990 1.000000e+37
3871302 11733.401367 46441.699219 66301.804688 -110.577522 192.991013 -155.417068 9.400115 1.000000e+37
3871389 11534.184570 43823.671875 65991.328125 133.354294 125.798859 -264.501160 9.482078 1.000000e+37
3871390 11561.694336 43689.789062 65929.304688 145.079010 104.306435 -259.705627 8.303941 1.000000e+37
3871419 10316.994141 46569.050781 67138.117188 148.630371 270.012665 -182.341461 7.503478 1.000000e+37
3871429 9629.077148 46619.882812 66273.375000 157.842682 153.074997 -71.538841 8.109656 1.000000e+37
3871430 9735.264648 46448.082031 66314.750000 155.214523 152.273666 -45.517189 10.858710 1.000000e+37
3871431 10483.227539 46614.097656 66714.578125 171.391098 156.119995 -2.517763 7.799187 1.000000e+37
3871440 10060.865234 45651.578125 66948.234375 196.970474 209.887497 -144.051254 9.275557 1.000000e+37
3942732 10124.376953 45489.511719 65382.730469 90.696625 84.838356 -34.337070 8.808305 1.000000e+37
3942955 11078.026367 43940.925781 65893.765625 77.247437 118.086143 -267.192566 7.979692 1.000000e+37
3942956 11212.312500 44583.445312 65601.742188 -29.371916 184.644135 -225.801285 8.224204 1.000000e+37
3942957 11409.784180 44668.625000 66162.710938 27.413034 170.321014 -97.170959 10.399227 1.000000e+37
3943007 11208.300781 45642.222656 66300.781250 74.701385 174.214142 -130.394226 11.143600 1.000000e+37
3943014 10980.115234 43952.925781 66171.234375 131.946320 119.686981 -227.278122 9.364841 1.000000e+37
3943015 11249.919922 46402.031250 66701.351562 136.039261 164.982910 -154.301849 10.390077 1.000000e+37
3943018 11183.240234 45306.113281 67336.117188 30.338373 196.514969 -247.892380 8.597869 1.000000e+37
3943019 11278.310547 46324.394531 66065.562500 150.119431 174.507721 -146.629166 8.148401 1.000000e+37
3943021 11623.860352 44040.363281 65645.843750 69.067642 108.149200 -188.196289 13.657062 1.000000e+37
3943022 11249.122070 47213.480469 66808.601562 150.517548 239.031952 -43.385101 11.635992 1.000000e+37
3943052 10976.614258 45216.593750 66142.484375 192.159332 141.218536 -55.460178 6.759664 1.000000e+37
3943080 11328.329102 45111.218750 66204.125000 201.665588 195.390610 -148.495880 7.544701 1.000000e+37
3943131 11405.069336 46790.300781 67289.078125 194.563187 260.961731 -87.914619 9.901810 1.000000e+37
3943133 9941.846680 46490.195312 66843.875000 240.631012 143.064835 -84.494225 8.579565 1.000000e+37
3943134 10350.430664 47196.382812 66781.390625 223.959122 172.128937 -26.554712 8.843871 1.000000e+37
3943136 11055.424805 44287.789062 65867.007812 185.796722 114.850830 -92.564598 8.293562 1.000000e+37
3943147 10359.544922 43704.820312 66569.539062 179.466583 113.767342 -160.927124 8.902195 1.000000e+37
3943148 9850.432617 45864.519531 66862.164062 200.499008 218.899963 -136.695786 7.403831 1.000000e+37
3943167 9449.542969 45495.203125 66754.585938 228.269989 178.374985 -151.767319 8.738164 1.000000e+37
4017816 10942.546875 46497.527344 66648.437500 147.993057 125.279732 17.066322 7.118675 1.000000e+37
4018025 12398.887695 46941.523438 65636.085938 60.737812 139.736526 -0.315887 8.292555 1.000000e+37
4018082 11113.927734 44070.878906 65879.234375 -91.909859 140.918655 -198.439789 6.592836 1.000000e+37
4018083 11097.137695 45198.582031 65967.843750 12.202890 201.530975 -90.671631 12.663511 1.000000e+37
4018109 11996.492188 44747.726562 65519.515625 -79.696449 134.265518 -97.785049 9.222136 1.000000e+37
4018119 12722.905273 46233.246094 65478.914062 -33.779427 156.218781 -75.670052 10.788899 1.000000e+37
4018142 11949.147461 46555.855469 67323.156250 7.599980 207.056564 -118.876114 10.114196 1.000000e+37
4018144 11570.425781 44839.625000 66008.789062 -73.208076 130.860428 -30.721525 9.114423 1.000000e+37
4018259 10847.607422 43820.175781 66592.101562 130.058044 133.639313 -212.150391 11.404284 1.000000e+37
4018280 10492.995117 46861.628906 67601.335938 178.565964 292.255310 -47.522747 7.233406 1.000000e+37
4018282 10396.359375 46060.679688 67098.664062 147.583923 232.793900 -197.767776 10.510983 1.000000e+37
4018283 10190.390625 46752.246094 67236.054688 209.946106 264.808472 -104.376373 7.506495 1.000000e+37
4018285 9858.227539 46251.847656 66739.054688 184.329636 187.421555 -60.001396 7.870409 1.000000e+37
4018288 10151.493164 46796.335938 66341.187500 161.074127 146.166351 -15.984811 8.877380 1.000000e+37
4018290 9775.236328 46638.507812 66477.851562 171.815109 137.327454 -56.790142 10.467727 1.000000e+37
4018295 11711.121094 43641.480469 65737.648438 69.725433 88.969742 -233.693695 8.808992 1.000000e+37
4018297 9957.944336 43908.644531 66363.515625 178.721954 117.256699 -145.004974 6.707518 1.000000e+37
4018298 9669.414062 45829.707031 66566.218750 204.137970 196.271088 -137.297638 9.284884 1.000000e+37
4018357 9551.046875 45522.644531 66285.953125 220.578232 184.981949 -91.784920 10.073358 1.000000e+37
4018358 9524.003906 46339.250000 67110.812500 258.278137 189.507660 -110.888924 7.755316 1.000000e+37
4097000 11980.314453 46860.523438 66085.929688 49.744576 140.745972 29.259010 9.172135 1.000000e+37
4097075 12501.997070 44811.398438 66010.117188 -87.921204 167.788528 -148.678757 7.873057 1.000000e+37
4097077 11332.155273 43700.656250 66164.554688 -88.051437 134.589569 -238.366272 8.783006 1.000000e+37
4097123 11718.368164 45126.855469 66330.984375 -28.715181 216.622208 -105.657272 9.939663 1.000000e+37
4097124 11709.665039 45343.871094 66707.828125 32.000088 194.251785 -169.700653 9.437659 1.000000e+37
4097125 11594.557617 46676.500000 67156.320312 160.776398 233.599258 -127.266594 9.132184 1.000000e+37
4097127 11065.375977 44928.183594 66534.359375 31.113789 164.941071 -97.931717 7.819318 1.000000e+37
4097128 12219.014648 44431.796875 65519.132812 -48.504311 98.513168 -91.403809 10.667948 1.000000e+37
4097129 11401.255859 45312.046875 66572.601562 193.794846 128.213593 -48.970173 7.736135 1.000000e+37
4097134 11229.084961 45653.261719 67075.562500 31.607790 211.798233 -269.461792 9.103271 1.000000e+37
4097135 11301.085938 45022.300781 65941.390625 128.080902 192.429108 -216.049149 7.044031 1.000000e+37
4097259 10491.119141 46557.382812 67195.539062 149.258530 277.622314 -188.582413 6.701404 1.000000e+37
4097262 10376.485352 46680.757812 67656.976562 304.407043 212.771393 -96.647385 9.554178 1.000000e+37
4097265 9699.537109 46266.507812 66704.078125 215.651764 194.388657 -89.210800 6.661086 1.000000e+37
4097273 9678.677734 46528.414062 66346.632812 170.246063 118.299408 -66.212845 9.037395 1.000000e+37
4097275 10017.258789 46823.566406 66742.492188 202.801178 122.484100 -20.914442 8.282281 1.000000e+37
4097277 12059.402344 43835.042969 66229.359375 91.705582 119.994370 -166.298386 5.874050 1.000000e+37
4179657 12467.296875 46622.687500 65354.468750 55.673843 143.049728 -23.578329 8.617256 1.000000e+37
4179658 12337.515625 46943.027344 65648.078125 63.653442 124.535225 3.839454 9.983912 1.000000e+37
4179754 12576.756836 43902.535156 66294.796875 -80.677406 162.195389 -181.847214 9.919793 1.000000e+37
4179796 12437.901367 46837.230469 66874.132812 -46.722301 194.105042 -28.566647 10.088972 1.000000e+37
4179797 11563.198242 46883.726562 67271.085938 -62.504768 212.796677 -100.466019 9.562185 1.000000e+37
4179798 12567.505859 44563.972656 65571.203125 -5.233022 113.124306 -62.780071 9.051338 1.000000e+37
4179799 11855.900391 45632.355469 66658.625000 117.886292 243.128586 -159.668732 10.531672 1.000000e+37
4179800 11840.083984 45514.226562 66611.023438 70.017487 230.696136 -204.476761 9.310180 1.000000e+37
4179801 11578.123047 43746.765625 65839.710938 22.076448 102.033325 -197.000031 9.219237 1.000000e+37
4179804 11804.999023 44981.996094 66215.546875 108.610840 236.751007 -224.890900 9.463108 1.000000e+37
4179807 11468.606445 44830.039062 65548.773438 60.149582 118.403435 -153.808121 9.855903 1.000000e+37
4179808 11602.416016 45999.292969 66728.125000 23.785110 189.197144 39.216694 10.579547 1.000000e+37
4179809 11403.926758 46836.500000 66120.875000 -63.945827 187.024521 -99.531113 10.123184 1.000000e+37
4179815 11111.911133 44784.054688 65551.007812 -66.499313 210.329056 -181.874420 7.856543 1.000000e+37
4179927 11824.546875 44802.820312 65792.429688 107.190742 183.754593 -173.098129 11.869982 1.000000e+37
4179954 9448.251953 46173.527344 66579.640625 203.575623 175.738083 -108.215424 6.409684 1.000000e+37
4179959 9936.159180 46147.929688 66715.000000 181.470596 191.392929 -69.335381 7.225232 1.000000e+37
4179961 9952.404297 46920.527344 66411.390625 207.727539 145.679520 -66.862862 10.061552 1.000000e+37
4179964 12034.948242 43915.429688 66310.203125 108.419678 124.518097 -170.905014 8.366457 1.000000e+37
4179975 11836.752930 44671.480469 66228.187500 120.814148 200.247086 -221.716385 7.624908 1.000000e+37
4179991 10456.796875 44025.632812 66136.429688 180.782654 117.757004 -123.396118 8.366078 1.000000e+37
4265477 12580.624023 45818.453125 65302.332031 -38.426666 141.438400 -80.019981 7.009103 1.000000e+37
4265480 12102.347656 44983.820312 64888.933594 -50.904617 115.162476 -97.281548 9.642320 1.000000e+37
4265512 11572.982422 45978.058594 66810.765625 -60.587605 98.609879 -142.537048 11.490383 1.000000e+37
4265514 11628.531250 45746.472656 66411.867188 23.589256 231.475998 36.745731 9.002860 1.000000e+37
4265515 10941.702148 43642.644531 66119.953125 10.033144 91.629669 -172.554672 10.346358 1.000000e+37
4265518 11048.367188 43930.113281 66214.453125 -4.635889 109.236130 -63.033012 9.698888 1.000000e+37
4265519 11002.325195 46267.375000 66315.406250 -61.762302 118.928261 -72.349174 11.017921 1.000000e+37
4265520 11948.302734 44487.582031 66087.078125 51.240032 156.907623 -137.553146 11.052861 1.000000e+37
4265523 11343.660156 47484.992188 66673.718750 54.849804 199.467804 -22.626715 9.207175 1.000000e+37
4265524 10920.061523 45106.949219 67426.039062 48.304562 186.286240 -239.273422 10.054960 1.000000e+37
4265525 11203.427734 45808.515625 65987.789062 -33.905365 78.135460 -74.080032 8.607524 1.000000e+37
4265659 10551.682617 45179.574219 66946.031250 141.327591 185.340134 -205.425446 8.795131 1.000000e+37
4265661 9838.446289 46049.164062 67043.085938 202.800919 233.137344 -122.598076 11.724951 1.000000e+37
4265663 10102.042969 44344.621094 65890.054688 176.579590 122.992279 -117.262383 7.881202 1.000000e+37
4265668 9825.825195 45883.160156 65525.160156 116.148239 94.615746 -74.270950 11.060951 1.000000e+37
4265669 10384.904297 46496.648438 66597.625000 169.106552 148.948257 -10.420997 8.886143 1.000000e+37
4265681 11829.444336 44277.828125 66217.531250 122.021317 154.548477 -230.920685 9.518237 1.000000e+37
4265685 10711.856445 45995.101562 67208.593750 193.690002 235.964188 -156.099609 7.308594 1.000000e+37
4265734 9409.165039 45521.417969 66202.960938 169.814255 172.179337 -110.016602 9.555088 1.000000e+37
4354986 11761.029297 47189.878906 67256.226562 -71.358147 225.006866 -32.921677 9.051645 1.000000e+37
4354988 9974.019531 45229.335938 65374.488281 92.618477 72.675018 -49.302406 6.853688 1.000000e+37
4355291 11205.497070 43476.566406 65825.445312 -100.782013 119.384338 -224.298309 6.925185 1.000000e+37
4355292 11621.250000 44229.601562 65745.414062 49.120258 118.173233 -135.849869 10.400030 1.000000e+37
4355294 11844.140625 44089.640625 66067.976562 5.695769 122.235733 -144.032913 7.856235 1.000000e+37
4355298 10789.332031 44011.109375 65741.476562 -47.843601 135.969147 -199.688309 8.704880 1.000000e+37
4355325 12559.375000 44410.761719 66035.234375 -81.103188 158.345016 -156.480484 8.236402 1.000000e+37
4355326 11171.828125 44090.710938 65911.843750 -98.213715 140.974426 -196.360596 7.487074 1.000000e+37
4355350 11842.272461 45456.597656 65765.937500 -56.879036 132.692307 -37.899441 6.545506 1.000000e+37
4355386 11285.210938 46462.214844 66228.625000 86.154297 136.367889 -79.557930 10.580336 1.000000e+37
4355388 11258.120117 46097.933594 66097.312500 143.138123 146.753418 -104.029984 7.153944 1.000000e+37
4355389 11164.250977 45536.660156 66071.171875 -42.773785 100.646011 -33.496578 8.060668 1.000000e+37
4355505 10638.509766 45285.667969 67302.570312 174.939896 179.107910 -184.403503 9.172879 1.000000e+37
4355506 10347.032227 45117.160156 67642.695312 174.368942 184.005920 -185.180481 6.187285 1.000000e+37
4355529 10499.433594 46482.804688 67196.757812 188.557526 270.628265 -148.850601 8.982868 1.000000e+37
4355533 10619.842773 46821.191406 67018.890625 150.729324 257.451294 -131.566330 7.848578 1.000000e+37
4355534 11032.425781 47193.609375 67019.648438 138.228134 270.193481 -93.753777 6.813899 1.000000e+37
4355535 11845.112305 45770.617188 66297.343750 113.088295 269.082916 -142.550507 8.244208 1.000000e+37
4355536 11685.224609 46076.878906 66206.695312 -2.462593 248.235535 -198.637238 8.349494 1.000000e+37
4355537 11440.666016 46790.593750 66978.164062 180.249283 249.724930 -139.374084 5.946747 1.000000e+37
4355543 10302.925781 47017.437500 66689.085938 206.267822 141.897629 -14.894637 6.206666 1.000000e+37
4355544 12011.752930 43820.855469 66252.890625 82.240112 119.183846 -176.891312 8.176891 1.000000e+37
4355545 12087.152344 44171.070312 66255.960938 85.231270 144.361404 -174.171753 8.056071 1.000000e+37
4355553 10820.180664 45846.773438 67104.820312 184.387848 229.578415 -176.915695 8.644777 1.000000e+37
4355554 10220.859375 44854.449219 66927.625000 193.954544 171.055054 -155.656723 6.112853 1.000000e+37
4355555 10074.888672 44365.738281 66443.429688 178.878128 134.024277 -124.223480 6.018384 1.000000e+37
