#subID	 x	 y	 z	 vx	 yv	 yz	 vmax	 B_MAG
#subID	 kpc/h	 kpc/h	 kpc/h	 km/s	 km/s	 km/s	 km/s	 mags
461077 22899.039062 57625.960938 21289.667969 17.291830 84.035583 153.663055 160.198654 -2.066575e+01
461078 22932.107422 57761.343750 21152.818359 -10.769261 33.875473 243.337723 52.692509 -1.512305e+01
461079 22911.316406 57649.078125 21276.564453 -108.053520 256.186646 118.201691 63.380726 -1.655344e+01
461080 22728.468750 57641.832031 21226.939453 44.165169 -3.482794 71.604607 37.591721 -1.169615e+01
461081 22937.037109 57699.375000 21309.376953 86.822739 -30.649641 82.178490 40.511906 -1.242635e+01
461082 22800.031250 57654.539062 21267.484375 105.061615 -14.557835 164.298462 32.225075 -1.139385e+01
461083 22946.269531 57486.792969 21128.916016 -39.755291 41.730404 152.153503 23.606562 1.000000e+37
461084 22835.203125 57828.554688 21392.269531 28.270807 47.075657 171.090057 25.498001 1.000000e+37
461085 22937.398438 57666.480469 21364.093750 76.995377 23.834602 133.676147 23.396484 1.000000e+37
461086 22907.941406 57609.562500 21292.302734 -24.629663 131.716187 63.125870 18.097170 -1.389498e+01
461087 22995.990234 57629.414062 21422.199219 -43.598076 -10.648344 51.567001 17.588291 1.000000e+37
461088 22910.902344 57710.593750 21178.705078 122.392426 -1.757230 113.642281 13.380635 1.000000e+37
461089 22881.582031 57644.070312 21377.304688 -79.134834 2.400519 187.370895 19.659939 1.000000e+37
461090 22824.318359 57579.312500 21290.847656 4.835169 198.593918 254.374329 17.979822 1.000000e+37
461091 22926.583984 57676.910156 21367.253906 -82.657738 157.106964 266.308502 16.896227 1.000000e+37
461092 22982.080078 57713.902344 21281.437500 5.694181 134.879227 155.166199 14.052102 -8.967426e+00
461093 22940.365234 57678.742188 21281.384766 -35.656265 -66.702797 146.107452 16.125393 1.000000e+37
461094 22932.763672 57723.265625 21371.048828 91.340408 109.127892 173.953522 11.789498 1.000000e+37
461095 22941.292969 57743.878906 21115.332031 -55.862617 44.925556 232.756073 14.089596 1.000000e+37
461096 22945.455078 57799.761719 21354.308594 58.393223 83.618721 236.513275 9.523454 1.000000e+37
461097 22969.031250 57611.949219 21322.056641 21.449291 226.570770 47.830841 12.113945 1.000000e+37
461098 22822.576172 57600.558594 21278.046875 -26.950300 47.158939 300.466125 11.711671 1.000000e+37
461099 22871.062500 57694.578125 21241.523438 138.302322 40.553467 295.738403 9.789125 1.000000e+37
461100 22957.279297 57788.289062 21371.335938 -40.030003 64.664658 229.716461 9.447287 1.000000e+37
465436 22933.791016 58179.457031 20599.628906 -37.251007 61.855221 171.442184 154.753769 -1.995008e+01
465437 23001.851562 58138.316406 20500.429688 48.262253 -35.728592 202.080231 42.061390 -1.210204e+01
465438 22917.394531 58153.503906 20713.095703 -108.881630 42.026020 119.898529 40.949883 -1.324405e+01
465439 22920.144531 58111.410156 20603.468750 -105.447258 70.042152 -15.427976 29.025166 1.000000e+37
465440 22881.308594 58205.746094 20588.330078 -75.365601 38.968456 12.580821 31.207380 -1.164483e+01
465441 22958.982422 58096.535156 20649.996094 -15.393033 204.796494 162.450729 20.802767 1.000000e+37
465442 22865.582031 58222.160156 20632.039062 -83.881332 60.791149 70.983551 22.790352 1.000000e+37
465443 22885.664062 58216.277344 20492.167969 86.940819 97.405228 222.441010 14.059468 1.000000e+37
465444 22986.904297 58084.363281 20574.748047 87.869469 -11.294507 146.882004 11.916945 1.000000e+37
465445 22930.148438 58258.058594 20650.761719 -145.628067 9.295952 88.353378 12.097004 1.000000e+37
465446 22847.267578 58261.433594 20685.224609 -28.514658 61.613773 25.228548 11.471174 1.000000e+37
465447 23024.070312 58149.738281 20626.394531 60.023479 49.436665 80.049515 10.858957 1.000000e+37
594698 23648.494141 59074.175781 22519.560547 39.471207 140.265778 127.165550 39.507370 -1.267906e+01
594700 23608.509766 59088.906250 22494.156250 118.571426 50.439922 116.819221 20.608450 1.000000e+37
594701 23671.945312 59078.527344 22479.816406 158.184143 60.131237 113.439064 16.371696 1.000000e+37
595158 22924.585938 57796.496094 22470.597656 -51.539696 90.329399 120.723618 60.990829 -1.595820e+01
595159 22874.810547 57812.613281 22327.515625 -33.256649 97.023026 161.923737 51.434814 -1.514159e+01
595160 22895.855469 57787.781250 22392.582031 -45.921108 80.436783 155.220261 53.672539 -1.421886e+01
595161 22862.751953 57808.085938 22319.523438 -39.853985 110.860451 160.368195 29.881161 -1.228812e+01
595162 22876.152344 57821.218750 22309.238281 -11.685209 144.944809 190.961380 28.792534 1.000000e+37
595163 22856.751953 57856.214844 22299.523438 -86.670509 80.112541 172.658539 16.642561 1.000000e+37
595164 22893.181641 57820.285156 22418.357422 -43.430370 119.002411 210.465714 10.112726 1.000000e+37
623015 22695.761719 57759.746094 21557.808594 -50.418289 50.694286 81.677422 71.267807 -1.734299e+01
623016 22720.861328 57777.296875 21559.484375 -25.758846 -15.597545 129.182037 18.577749 1.000000e+37
623017 22720.591797 57767.281250 21522.384766 -51.123138 -6.227019 118.995461 19.384895 -8.467831e+00
623018 22688.027344 57736.125000 21541.589844 -6.099510 16.225964 53.194824 16.325956 1.000000e+37
623019 22673.994141 57769.328125 21556.250000 -55.133530 -17.314163 101.108185 11.989563 1.000000e+37
626306 23202.912109 58648.761719 20803.914062 -71.178040 22.163126 163.277283 59.126934 -1.570633e+01
626307 23151.052734 58719.175781 20842.451172 -55.175659 34.416729 106.615486 52.969604 -1.425745e+01
626308 23243.607422 58673.453125 20737.257812 -45.181301 -12.174198 155.495285 17.276451 1.000000e+37
626309 23135.171875 58704.902344 20838.023438 -97.344032 51.989315 86.358299 12.293418 1.000000e+37
626310 23145.712891 58759.949219 20891.458984 -84.296684 36.240437 107.311180 9.963229 1.000000e+37
635180 22766.162109 56950.218750 22014.404297 86.537811 37.182106 124.503281 69.349121 -1.650422e+01
635181 22832.437500 56977.667969 21985.103516 22.466345 64.501793 146.466736 17.846064 1.000000e+37
635182 22725.474609 56981.164062 21989.488281 150.404419 41.651356 157.176590 9.329284 1.000000e+37
640541 23132.611328 57952.652344 22931.304688 -63.912792 72.889061 176.414948 60.092545 -1.538558e+01
640542 23028.337891 57932.511719 22952.140625 -34.244297 97.445366 148.355438 46.371792 -1.394018e+01
640543 23155.056641 57980.746094 22950.240234 -41.509411 111.894348 232.402176 10.280344 1.000000e+37
658992 22818.410156 57384.074219 21643.660156 18.017818 94.988235 87.365089 62.254620 -1.582889e+01
681360 22276.767578 56749.621094 21248.130859 57.095852 70.557106 152.490097 61.556335 -1.518884e+01
688209 23132.761719 57958.417969 21683.595703 12.557408 10.900097 115.845917 55.603184 -1.456652e+01
688210 23140.392578 57996.570312 21690.417969 7.944759 -15.459122 97.145538 11.210469 1.000000e+37
688211 23100.289062 57931.621094 21604.074219 -3.757004 -0.501287 149.910019 9.105308 1.000000e+37
688212 23116.849609 57956.191406 21617.894531 19.988291 19.035137 147.140457 8.847610 1.000000e+37
697807 22813.218750 57625.722656 21491.972656 99.643791 134.954025 86.158264 55.348385 -1.406392e+01
767822 22835.994141 57679.378906 20396.464844 -38.731750 138.676376 172.441620 43.973927 -1.180513e+01
767823 22795.201172 57693.082031 20388.802734 -33.799572 160.330383 159.521805 13.554605 1.000000e+37
802522 23505.828125 59359.695312 22200.462891 54.020027 85.600739 171.488724 40.424126 -1.118072e+01
823337 24384.396484 57078.304688 21362.341797 -102.232986 92.544655 152.193771 31.948641 1.000000e+37
823338 24405.511719 57065.679688 21324.470703 -96.699135 77.570900 180.143463 17.250666 1.000000e+37
824558 23586.060547 56113.328125 20939.251953 -80.273338 83.594727 120.171448 33.125484 -1.070823e+01
825167 22821.925781 58097.722656 20275.205078 -21.969845 77.341995 170.619812 41.456089 -1.350957e+01
825711 22716.529297 57583.808594 21447.042969 38.916645 104.425705 151.847031 42.800232 -1.278424e+01
826287 22658.466797 57944.324219 20979.708984 -43.838123 46.708141 130.821579 37.970333 -1.245885e+01
826288 22634.605469 57929.015625 20952.779297 -61.902107 60.683109 140.972061 11.738548 1.000000e+37
839849 22795.169922 57513.335938 21031.503906 75.575882 112.518883 223.157043 39.808670 -1.286579e+01
841695 22629.576172 57579.167969 21283.117188 10.626837 5.693021 96.248123 36.975456 -1.105232e+01
841696 22701.578125 57567.980469 21255.998047 35.644077 -35.978535 142.865662 12.660810 1.000000e+37
841697 22685.582031 57571.078125 21265.208984 24.959547 17.896748 56.560314 9.226727 1.000000e+37
842463 23194.423828 58060.890625 20685.486328 46.133816 36.998852 69.325027 25.894100 1.000000e+37
842464 23220.796875 58089.757812 20728.021484 58.438499 49.648991 66.325844 19.434256 1.000000e+37
842465 23160.654297 58069.902344 20674.734375 -7.710369 99.107651 141.301453 7.581500 1.000000e+37
850592 23099.292969 57986.316406 19607.462891 -28.149847 64.260529 160.254120 34.902054 1.000000e+37
850775 23302.291016 56994.738281 22067.947266 -94.240082 110.893730 157.524323 30.552078 1.000000e+37
850776 23272.712891 56975.867188 22093.486328 -75.553619 93.660522 153.664413 11.732656 1.000000e+37
859855 22674.710938 57571.597656 21360.082031 -27.925583 108.040688 189.121826 29.396593 -9.345049e+00
859856 22718.855469 57571.484375 21339.986328 -51.975559 167.933624 159.647690 14.578799 1.000000e+37
864244 23297.781250 58562.488281 22504.609375 45.944168 68.444473 138.920258 29.430553 1.000000e+37
875639 23483.994141 59397.832031 21646.779297 -40.191154 99.438889 171.103577 23.538843 1.000000e+37
875640 23468.242188 59424.128906 21648.089844 -33.861542 107.249573 163.873795 15.992148 1.000000e+37
875641 23487.494141 59400.925781 21622.582031 -31.630085 107.110329 195.406784 13.221651 1.000000e+37
878007 23278.830078 57918.937500 22518.443359 23.307947 38.437099 139.033325 27.064474 1.000000e+37
878008 23274.757812 57922.976562 22519.070312 34.771454 31.784405 141.353699 14.042185 1.000000e+37
911513 22966.218750 57662.914062 22666.318359 109.000175 22.573391 109.582901 25.182480 1.000000e+37
911514 22931.531250 57626.644531 22665.333984 128.801437 30.139322 111.792923 9.356617 1.000000e+37
911515 22929.591797 57705.515625 22679.472656 98.892006 7.773172 108.691452 8.708324 1.000000e+37
911709 23085.240234 58028.195312 19879.503906 -30.635338 69.464478 178.756821 33.791592 -1.148638e+01
937600 23481.968750 56469.402344 21526.238281 -91.268776 99.874985 149.319046 17.272474 1.000000e+37
937601 23464.744141 56488.683594 21561.195312 -86.712090 91.554222 137.170319 17.894119 1.000000e+37
959470 21672.466797 57581.886719 22149.001953 101.091873 13.316085 100.387505 25.067764 1.000000e+37
959784 22375.427734 59722.007812 21263.501953 85.372131 73.548561 116.459480 25.105984 1.000000e+37
970067 23241.742188 56087.058594 20569.466797 -24.552711 96.554199 121.766922 21.248877 1.000000e+37
971675 23063.279297 58278.964844 22609.632812 -55.218094 73.910492 171.828735 26.877556 1.000000e+37
987443 22890.429688 56794.910156 22263.230469 53.749680 40.655640 129.811890 24.975956 1.000000e+37
992868 23545.865234 59531.859375 22108.273438 70.710342 76.326050 171.830750 28.314339 1.000000e+37
999265 23161.562500 58171.378906 20069.785156 25.730585 23.846531 188.937744 26.820597 -8.548388e+00
1000135 24373.349609 56728.968750 20171.583984 -112.443428 60.206734 123.518913 24.001413 1.000000e+37
1001762 22874.978516 57770.781250 22130.992188 -58.804520 99.671661 159.826538 26.893322 1.000000e+37
1012097 23052.142578 57479.968750 21264.445312 -30.931860 79.405502 98.377571 26.186043 1.000000e+37
1031110 23058.185547 57494.128906 21999.082031 78.793304 25.882563 99.852600 21.700329 1.000000e+37
1031111 23051.097656 57489.914062 21957.896484 89.776031 20.533365 104.735306 8.375483 1.000000e+37
1038252 23025.123047 58353.289062 20725.757812 93.027687 -21.480633 99.518288 16.637772 1.000000e+37
1038253 23006.666016 58331.203125 20738.490234 -94.945816 -32.428295 144.255432 16.942511 1.000000e+37
1038254 23014.835938 58326.468750 20736.166016 -99.101479 -41.598930 148.130737 11.144056 1.000000e+37
1038255 23010.402344 58305.378906 20724.310547 -110.487938 -37.866112 155.053925 11.037439 1.000000e+37
1041402 22882.515625 57043.816406 20342.089844 -26.329809 115.512360 145.696732 22.842920 1.000000e+37
1041403 22873.531250 57021.148438 20333.166016 -16.735291 109.511131 158.457642 13.067478 1.000000e+37
1041404 22886.640625 57005.175781 20307.455078 -27.253159 121.793098 157.936508 8.767898 1.000000e+37
1059453 22717.140625 57951.628906 21134.876953 0.199865 108.187737 212.278519 27.557978 -1.028941e+01
1066632 23189.220703 56678.750000 21305.652344 -66.318924 108.171509 143.487106 22.134912 1.000000e+37
1072181 23155.238281 56177.277344 20750.466797 -22.915592 98.359200 126.815407 23.356569 1.000000e+37
1073966 23116.589844 57738.660156 22620.353516 -53.312859 109.289856 143.423004 22.914768 1.000000e+37
1082477 22992.072266 57716.144531 22870.025391 -84.976387 123.604172 168.522552 16.618013 1.000000e+37
1082478 22977.951172 57724.273438 22876.232422 -91.824310 123.671425 155.787094 15.972108 1.000000e+37
1087784 23327.000000 59170.402344 22071.939453 110.094330 63.774387 133.970184 23.146564 1.000000e+37
1096913 23076.250000 57646.429688 21601.191406 59.092770 -0.383007 69.667847 19.100193 1.000000e+37
1105041 21448.033203 56935.015625 20068.474609 16.393093 54.172073 122.832443 22.125689 1.000000e+37
1105042 21442.597656 56931.996094 20068.117188 14.622842 28.477152 119.922974 12.644145 1.000000e+37
1118438 23004.560547 57662.300781 21876.648438 -61.140362 45.818787 119.135963 23.367111 1.000000e+37
1118468 23068.898438 58910.777344 20848.251953 -105.480530 37.168015 178.963226 20.752106 1.000000e+37
1151792 22454.214844 57156.890625 21690.289062 -18.942305 141.006592 158.480865 20.004190 1.000000e+37
1153700 23796.804688 59161.292969 22349.421875 -37.449230 119.461441 183.943161 20.861681 1.000000e+37
1155551 23003.953125 57837.730469 22552.560547 103.965561 9.174503 105.558487 19.406273 1.000000e+37
1167276 22849.662109 57946.277344 22169.183594 -40.706806 100.643028 164.019302 22.665409 1.000000e+37
1171476 23528.951172 59166.695312 21829.865234 -41.788982 114.860611 165.260254 20.709713 1.000000e+37
1173702 22485.455078 56917.742188 21282.673828 55.565742 77.707054 166.222504 18.791636 1.000000e+37
1175817 22952.140625 56886.019531 20379.287109 -28.120132 117.988083 138.325851 19.038216 1.000000e+37
1176961 22858.457031 57861.691406 20327.460938 -14.328867 62.026756 186.835098 30.132332 -1.162694e+01
1183445 22796.072266 57856.535156 20603.128906 -22.089737 159.325867 172.088257 21.966015 1.000000e+37
1186653 23047.335938 58634.773438 20575.474609 55.079594 0.307752 152.294281 16.902864 1.000000e+37
1186654 23024.298828 58642.812500 20559.898438 50.133484 -8.832630 157.184708 13.448787 1.000000e+37
1194510 23672.937500 59587.972656 21913.830078 -44.107101 110.617393 189.003128 21.017689 1.000000e+37
1207574 23147.759766 59070.207031 21012.087891 -91.290337 55.976784 166.547592 18.951948 1.000000e+37
1222474 22622.203125 57659.695312 21344.771484 33.898720 107.878090 170.938522 16.627184 1.000000e+37
1225126 22805.664062 57919.742188 19254.003906 -49.044296 73.066132 131.270462 14.940172 1.000000e+37
1225127 22816.613281 57925.367188 19230.167969 -54.900879 81.423027 124.052826 11.238300 1.000000e+37
1226478 22709.230469 58727.785156 19255.941406 14.654235 51.053467 123.133804 21.691380 1.000000e+37
1238833 23123.882812 57835.933594 21326.132812 -22.649689 -20.116615 121.686600 23.682255 1.000000e+37
1244363 23503.328125 59538.078125 21469.050781 37.357334 72.880516 172.057236 18.868994 1.000000e+37
1251535 22646.154297 59187.332031 19467.021484 18.485184 55.165462 117.611626 19.052866 1.000000e+37
1264771 22502.015625 58168.472656 22336.466797 114.631172 15.933514 101.651413 15.679350 1.000000e+37
1264772 22490.449219 58136.125000 22338.556641 122.431030 26.223190 97.322868 12.269072 1.000000e+37
1269474 23266.017578 56270.035156 19962.730469 -25.923090 80.568314 115.780052 15.257504 1.000000e+37
1269475 23271.068359 56278.132812 19969.205078 -18.547195 74.395325 116.639565 12.693919 1.000000e+37
1278928 23247.052734 58550.367188 22352.193359 45.064850 57.629242 154.963776 19.411707 1.000000e+37
1278945 22890.974609 58386.589844 19535.990234 19.154343 39.865242 145.189148 20.943245 1.000000e+37
1280519 22798.597656 57777.031250 21123.232422 16.727299 135.626343 172.238525 18.451914 1.000000e+37
1293990 23573.511719 59207.578125 22444.726562 116.658936 98.217903 145.932266 21.211634 1.000000e+37
1295714 23350.109375 58180.316406 21851.966797 22.158720 32.817814 122.360687 21.673174 1.000000e+37
1299272 22978.519531 58414.820312 20773.781250 101.199936 -6.905324 111.869110 15.273083 1.000000e+37
1302758 23395.369141 59237.753906 21834.580078 38.835827 73.952217 166.137939 17.671213 1.000000e+37
1308129 23024.720703 57718.437500 20714.560547 -31.917957 56.939911 198.057983 23.905788 -1.001628e+01
1309900 22767.320312 57522.761719 21900.537109 -81.026436 135.741348 132.344818 19.582880 1.000000e+37
1311754 22538.794922 56477.980469 22413.712891 16.690851 70.559509 215.668289 10.381443 1.000000e+37
1319279 22731.289062 56757.371094 22132.744141 87.640320 50.000931 127.489746 20.454893 1.000000e+37
1321165 23016.833984 57528.210938 21203.175781 -92.203796 1.304300 178.454971 17.268606 1.000000e+37
1321217 22474.634766 57521.691406 19950.253906 24.053637 83.902153 148.114487 15.233360 1.000000e+37
1321218 22705.007812 57950.648438 21963.107422 -62.904411 47.746990 134.121033 17.346510 1.000000e+37
1323094 22817.957031 59506.859375 20636.171875 50.649548 63.139664 140.256378 18.569191 1.000000e+37
1328891 22183.205078 57234.675781 20238.093750 43.261776 65.801292 141.930862 17.621038 1.000000e+37
1355401 22286.498047 57000.281250 21756.761719 13.482844 124.508514 179.695435 18.237913 1.000000e+37
1370505 22503.199219 56767.253906 21580.146484 -26.055328 131.696960 160.797043 20.612593 1.000000e+37
1372701 22975.228516 57387.632812 21942.417969 64.150139 39.199028 104.772820 15.647785 1.000000e+37
1372702 22999.130859 57411.175781 21946.783203 82.380173 24.363407 113.061081 13.184026 1.000000e+37
1372705 22952.578125 57840.023438 22770.693359 -62.548141 130.143875 156.082535 18.197477 1.000000e+37
1413251 23085.515625 57941.542969 20303.779297 -40.712822 50.043812 186.961548 20.409409 1.000000e+37
1413286 22859.462891 57146.539062 20438.792969 -22.647501 119.379524 146.245163 16.467991 1.000000e+37
1428988 22949.228516 58816.695312 21206.740234 -53.629318 71.183395 124.454170 19.287025 1.000000e+37
1431669 23113.994141 58719.535156 20666.255859 -47.340996 5.640842 200.308243 17.760632 1.000000e+37
1434308 22513.208984 58322.886719 21958.833984 110.405190 29.780720 108.377747 16.037622 1.000000e+37
1442540 23215.052734 56601.164062 21201.095703 -66.478455 107.079803 144.691910 15.742568 1.000000e+37
1445247 22620.218750 57748.988281 21372.849609 -24.091713 58.911095 74.130836 23.497236 1.000000e+37
1445296 23000.107422 57462.492188 21983.541016 77.922272 28.524282 115.368156 12.580226 1.000000e+37
1445377 22483.832031 57267.906250 21947.107422 47.337479 83.779320 148.148697 19.600832 1.000000e+37
1465425 23146.910156 57837.300781 22169.351562 68.188019 17.287573 119.564285 15.281088 1.000000e+37
1468362 22848.960938 57710.218750 21525.923828 44.358593 20.007854 222.869461 18.800270 1.000000e+37
1477473 23141.353516 57537.558594 22233.726562 22.554214 65.027931 120.546371 16.498922 1.000000e+37
1487013 22779.093750 59944.597656 20611.410156 52.860664 86.368065 135.414566 13.777218 1.000000e+37
1487014 22787.945312 59915.988281 20609.800781 51.050735 93.687271 133.956863 12.556297 1.000000e+37
1496558 23216.769531 57736.628906 20998.625000 18.439276 11.603528 151.460068 19.629351 1.000000e+37
1506351 22689.394531 57549.785156 21823.244141 -55.766129 137.947159 116.578285 15.339595 1.000000e+37
1506406 22775.251953 57555.433594 21559.931641 136.534119 20.102371 81.543373 14.004148 1.000000e+37
1506493 22330.677734 56696.898438 21515.656250 54.776924 74.610046 143.064102 19.266014 1.000000e+37
1548419 23223.519531 57541.656250 22193.886719 -108.986404 106.358963 165.679367 15.248579 1.000000e+37
1548420 23252.292969 57542.570312 22208.857422 -120.134552 108.086639 165.052353 12.340594 1.000000e+37
1556034 21827.728516 58909.550781 21235.175781 88.611740 49.158749 95.158623 16.080585 1.000000e+37
1567663 22767.816406 57428.343750 22670.437500 -11.696450 73.456192 150.944992 16.811802 1.000000e+37
1567750 22953.847656 56671.894531 22400.363281 68.627419 35.654636 130.245712 16.121292 1.000000e+37
1579757 23353.648438 59489.300781 21911.748047 -29.948967 102.716530 177.825531 15.642530 1.000000e+37
1579865 22399.433594 57159.484375 22137.220703 46.558510 84.098267 155.785843 17.749163 1.000000e+37
1600367 23531.511719 59390.902344 21120.996094 -41.283539 71.938652 165.129517 17.632935 1.000000e+37
1604575 22616.832031 57762.808594 21526.363281 -28.815067 100.350243 83.934814 18.620724 1.000000e+37
1604785 22097.898438 56883.726562 22351.945312 5.908897 68.443871 176.854111 15.855235 1.000000e+37
1609086 22713.734375 57484.332031 21162.373047 64.473824 35.768734 89.629829 18.537651 1.000000e+37
1613377 23054.482422 57856.582031 19010.671875 -37.180477 28.828705 121.018585 16.831083 1.000000e+37
1613439 22630.613281 57490.476562 21823.060547 -34.346626 151.529037 119.619911 13.604341 1.000000e+37
1622508 22763.117188 58063.949219 20595.697266 -109.873283 136.376816 194.007034 16.004967 1.000000e+37
1626736 22008.980469 57282.191406 22618.787109 111.852249 3.634638 111.062302 14.179668 1.000000e+37
1627030 22871.333984 57879.210938 19294.677734 -65.629372 75.288101 128.690704 13.744375 1.000000e+37
1627106 22133.712891 56949.273438 22353.126953 8.766125 108.385719 205.402649 15.365895 1.000000e+37
1631626 23106.937500 57581.777344 21456.347656 25.828789 43.283268 115.704773 8.392797 1.000000e+37
1636253 22537.921875 57164.906250 22258.416016 19.952164 39.850880 126.404724 17.285822 1.000000e+37
1641083 23769.097656 56614.785156 20396.388672 -93.561104 65.786072 131.020599 17.310600 1.000000e+37
1645894 23426.792969 56176.996094 20750.160156 -56.658382 84.342751 123.774658 17.326544 1.000000e+37
1645897 24433.607422 56934.742188 21387.796875 -111.228455 101.953552 148.993820 14.498795 1.000000e+37
1650549 22787.908203 59456.800781 20655.720703 49.924362 69.943802 145.391754 15.880857 1.000000e+37
1655308 23114.488281 58436.378906 20870.117188 -53.074867 -8.835774 175.404190 17.151587 1.000000e+37
1665050 23023.355469 58213.230469 19749.984375 17.399960 34.695190 166.322861 16.831301 1.000000e+37
1665123 22295.357422 56707.417969 21484.792969 69.285858 77.327278 142.943588 16.063517 1.000000e+37
1675382 23213.980469 58032.082031 20633.910156 -56.527237 90.181824 254.506302 16.074799 1.000000e+37
1680371 23118.630859 57644.449219 21512.148438 52.643879 32.806259 147.127502 16.474943 1.000000e+37
1685700 22824.292969 56558.054688 21078.861328 -27.862400 117.008133 146.018677 12.231332 1.000000e+37
1696190 23026.421875 58385.007812 20791.421875 73.316925 -15.140038 104.795670 14.913119 1.000000e+37
1701307 23467.962891 56304.992188 21314.007812 -78.480247 86.546410 143.378510 15.860145 1.000000e+37
1712442 23382.507812 59644.929688 20350.082031 -31.569590 67.288292 167.344345 15.333665 1.000000e+37
1717844 22571.994141 56400.519531 22294.251953 49.360138 85.479561 203.034302 12.075432 1.000000e+37
1723870 23029.240234 55913.050781 20952.318359 -25.442522 100.527504 133.231201 16.309971 1.000000e+37
1723872 22724.998047 57644.277344 21061.853516 91.045067 91.999184 224.695908 14.411769 1.000000e+37
1729553 22185.201172 57038.300781 20155.783203 34.901508 70.732735 138.466812 13.289775 1.000000e+37
1729555 22426.332031 57330.843750 20482.343750 52.276958 77.996628 156.415039 15.786808 1.000000e+37
1729624 22979.828125 58190.417969 22417.585938 -58.576187 70.396812 166.023392 17.106464 1.000000e+37
1741161 23155.519531 57875.480469 22912.679688 -33.058601 126.946159 152.500290 12.034660 1.000000e+37
1741283 23455.517578 59478.835938 22096.720703 45.822830 86.569023 185.188263 10.532640 1.000000e+37
1741284 23448.462891 59492.246094 22103.667969 46.804321 81.420639 180.537201 8.747666 1.000000e+37
1741446 21855.666016 56524.632812 21054.191406 46.463200 54.660049 133.179245 15.865430 1.000000e+37
1753341 23439.828125 59104.617188 21468.214844 -46.627239 77.534584 166.101440 18.674688 1.000000e+37
1765270 22707.755859 56539.058594 21952.787109 37.237663 65.358971 163.070663 16.055531 1.000000e+37
1765479 22721.236328 57489.828125 21373.929688 65.716476 13.234816 183.951538 16.502285 1.000000e+37
1784576 22421.724609 57314.292969 20427.783203 57.455097 69.400490 158.710312 14.728400 1.000000e+37
1797321 22565.820312 57723.304688 21523.601562 51.885883 113.206139 95.621559 14.193450 1.000000e+37
1797322 23243.552734 57168.531250 22231.509766 -94.051666 109.235855 154.211441 16.493069 1.000000e+37
1797600 24469.208984 57930.746094 21996.351562 -95.948433 107.131371 178.724457 16.578724 1.000000e+37
1846141 22754.572266 57326.160156 20650.005859 -19.762321 142.743317 156.174011 15.727775 1.000000e+37
1853356 23588.357422 59290.585938 21212.736328 -38.231754 65.573517 181.024582 14.933807 1.000000e+37
1860654 23490.851562 57459.671875 22849.589844 44.330753 42.963058 137.503860 14.736767 1.000000e+37
1860857 22585.078125 57688.023438 20797.373047 71.249199 111.277809 183.149414 16.025867 1.000000e+37
1891358 23072.648438 57443.175781 22146.361328 22.601757 56.336189 121.910316 14.034463 1.000000e+37
1899296 23524.664062 58550.929688 22436.378906 54.570995 73.906677 119.597672 13.650502 1.000000e+37
1899510 22990.005859 57363.851562 19067.896484 -58.390591 84.862770 94.450127 15.617525 1.000000e+37
1907318 23415.291016 56693.011719 21752.283203 -88.887558 100.470345 150.195129 13.829659 1.000000e+37
1923976 22672.468750 59105.578125 19412.271484 15.439776 59.124969 120.750191 13.285723 1.000000e+37
1932428 22702.710938 57680.335938 21486.189453 147.063599 5.273880 107.188988 11.079799 1.000000e+37
1940940 22689.367188 56568.253906 22162.839844 80.379501 36.704876 139.767410 15.119007 1.000000e+37
1949621 24097.632812 57154.777344 22169.705078 -98.417625 100.110855 166.510757 15.061187 1.000000e+37
1949915 22691.914062 58249.507812 20204.527344 -30.836012 117.240868 205.919464 13.403026 1.000000e+37
1949916 22686.220703 58264.062500 20203.150391 -22.938660 119.307236 200.098694 9.918106 1.000000e+37
1958642 22818.382812 58784.644531 22351.326172 118.602463 42.665104 105.550613 12.615232 1.000000e+37
1958859 21521.201172 56581.050781 20653.857422 24.762705 41.609257 133.553497 14.339726 1.000000e+37
1967704 21901.017578 56567.792969 21795.695312 90.353828 18.918867 121.330612 12.626377 1.000000e+37
1967955 22384.507812 57453.671875 19591.845703 13.701433 84.028076 130.138092 15.880444 1.000000e+37
1967956 23203.562500 57416.625000 22123.353516 -107.002533 108.289215 162.217438 13.343005 1.000000e+37
1967958 22892.988281 57933.363281 21722.375000 -52.288612 84.215485 96.547523 15.501780 1.000000e+37
1995766 23135.861328 58317.968750 20779.207031 44.272739 -20.878246 95.980721 15.116404 1.000000e+37
1995767 23003.876953 58626.648438 20487.921875 52.418034 1.105444 163.808701 12.476474 1.000000e+37
1995768 22997.359375 58618.359375 20497.126953 48.275780 9.339949 165.471664 10.663596 1.000000e+37
2005380 22428.001953 57509.617188 19814.824219 19.952007 86.049454 143.761215 14.843218 1.000000e+37
2015035 22962.667969 57131.261719 21670.251953 -80.779518 135.848206 145.695206 8.431808 1.000000e+37
2015036 22955.607422 57137.636719 21638.277344 -79.195175 134.440994 152.102325 10.551138 1.000000e+37
2024964 23311.228516 58698.933594 22636.931641 13.599163 80.597923 147.392624 14.794806 1.000000e+37
2034926 22663.626953 57095.871094 22291.978516 108.417450 11.838989 108.362541 10.652029 1.000000e+37
2035043 23861.167969 59497.554688 21749.763672 -37.295998 100.576027 190.273712 14.705414 1.000000e+37
2045474 22766.966797 58272.953125 20282.207031 -50.620667 110.167343 229.076569 14.332200 1.000000e+37
2045632 22570.792969 57371.890625 20857.792969 82.382256 87.702026 170.470245 12.722056 1.000000e+37
2055964 23254.238281 58337.035156 20601.949219 -100.696373 7.957592 160.081787 12.183466 1.000000e+37
2066287 23153.384766 57630.191406 22470.212891 -43.286255 100.399002 149.730484 13.490767 1.000000e+37
2066508 22709.583984 57637.335938 21465.205078 94.763069 103.414726 76.830185 10.791916 1.000000e+37
2077307 22599.523438 56719.417969 21413.964844 -30.366138 130.793869 157.748428 10.179640 1.000000e+37
2088032 22985.046875 57553.453125 21909.814453 -39.806847 71.590813 118.984718 8.500885 1.000000e+37
2088259 23315.136719 57491.476562 22820.675781 28.559980 51.512005 142.849289 15.447414 1.000000e+37
2088260 22729.457031 57462.042969 21560.175781 22.965176 54.321743 140.700272 14.890180 1.000000e+37
2088263 23103.082031 57632.597656 22049.935547 102.790985 21.825377 107.948898 13.742547 1.000000e+37
2088562 22967.746094 57472.812500 19273.283203 -64.594345 86.645485 110.999512 12.166964 1.000000e+37
2088564 24416.394531 57122.781250 21451.613281 -90.401382 81.662827 147.710419 12.722421 1.000000e+37
2099719 22989.148438 56892.808594 20475.517578 -29.704119 122.406517 135.003738 13.758144 1.000000e+37
2111037 23397.408203 57715.195312 22887.169922 77.109406 41.341694 118.696854 15.125245 1.000000e+37
2111350 22235.707031 56999.769531 22042.144531 24.277712 115.982338 190.613022 11.190674 1.000000e+37
2134675 23156.447266 58041.156250 20742.076172 36.388039 22.038408 57.671944 7.422402 1.000000e+37
2134856 22545.066406 57581.824219 21880.994141 -10.176647 129.517319 116.522163 12.238038 1.000000e+37
2146564 22779.966797 57769.527344 21234.423828 81.075432 138.756927 255.815140 7.043364 1.000000e+37
2158934 22765.861328 56570.964844 21898.914062 41.690380 64.214493 162.872925 11.575143 1.000000e+37
2158935 22180.072266 57270.976562 21410.292969 103.207787 30.854462 128.097107 14.355367 1.000000e+37
2171364 23131.089844 57503.074219 22446.679688 31.688700 54.756496 126.319191 13.506600 1.000000e+37
2171365 22959.351562 57373.136719 21918.498047 93.592636 26.557100 109.473061 9.964394 1.000000e+37
2171528 23075.099609 58062.652344 19953.556641 8.700543 26.002470 184.853760 13.112543 1.000000e+37
2184327 22608.091797 58152.976562 20657.548828 -5.533648 59.040215 85.278915 15.172976 1.000000e+37
2197384 22635.261719 57058.425781 21244.927734 62.522919 94.882057 164.099258 13.714733 1.000000e+37
2210523 23246.177734 57715.613281 22347.611328 -111.685837 101.012589 170.377121 12.955395 1.000000e+37
2210670 22353.234375 57108.222656 20218.890625 32.137585 72.255730 148.928375 11.239769 1.000000e+37
2210847 23231.238281 56297.160156 19800.638672 -24.110325 80.110138 118.109909 12.845225 1.000000e+37
2210857 24409.876953 57557.371094 21848.335938 -96.763374 98.759148 167.677231 12.155651 1.000000e+37
2224206 23069.154297 57990.722656 22482.837891 100.645142 12.863481 111.009277 13.626251 1.000000e+37
2224376 22719.210938 58869.464844 19479.816406 18.379938 51.546867 122.885040 12.633604 1.000000e+37
2224606 24325.455078 58924.136719 21829.363281 -85.182961 125.994537 185.840698 11.540424 1.000000e+37
2238529 23074.437500 57870.441406 19893.478516 -25.979925 45.963741 181.710236 8.664774 1.000000e+37
2238737 22701.914062 58103.472656 20998.800781 -72.946953 61.907642 117.356758 16.467281 1.000000e+37
2252664 22895.826172 59054.464844 20730.408203 69.414345 41.009567 133.276169 13.474241 1.000000e+37
2267319 22600.759766 57880.136719 21461.824219 -22.506786 13.507338 122.866516 15.006147 1.000000e+37
2267324 23728.876953 56704.832031 20486.958984 -93.168983 70.569115 130.806290 9.608193 1.000000e+37
2281308 22983.798828 57870.101562 22930.914062 -49.645058 140.504883 159.827881 11.226401 1.000000e+37
2282020 24488.085938 58890.921875 21517.986328 -84.900833 122.999184 182.800201 12.529420 1.000000e+37
2296267 22002.875000 56538.890625 21385.529297 74.536598 38.064728 127.874420 10.736905 1.000000e+37
2296557 23030.537109 57632.582031 21065.003906 62.934704 45.603947 176.084473 12.285123 1.000000e+37
2296563 22965.693359 57237.785156 21943.521484 74.398880 29.578558 98.311951 7.814038 1.000000e+37
2296564 22385.357422 58918.003906 21277.197266 85.799675 51.726658 122.639435 11.387300 1.000000e+37
2311456 22753.894531 57773.750000 21866.380859 -57.194492 92.749336 114.385727 14.567630 1.000000e+37
2311955 22014.527344 57149.429688 19270.117188 14.788773 49.806023 106.141098 8.958695 1.000000e+37
2311957 22884.869141 57902.941406 19378.531250 -29.786335 37.978241 144.383072 12.082505 1.000000e+37
2327978 22876.300781 56996.765625 19614.697266 -11.118587 93.096924 123.867638 12.202217 1.000000e+37
2343527 22525.515625 57317.066406 22568.359375 8.813722 66.643242 156.166519 12.090102 1.000000e+37
2344060 22646.726562 57988.824219 20979.373047 -33.515419 42.870125 141.920181 9.854638 1.000000e+37
2344298 23157.037109 56676.835938 20268.119141 -28.493521 105.074036 131.131775 13.965595 1.000000e+37
2344299 23380.962891 56152.613281 20309.742188 -23.861704 77.401184 124.356033 12.653419 1.000000e+37
2360085 22840.417969 58347.859375 20613.554688 -6.456887 27.000034 51.093609 12.683630 1.000000e+37
2360087 23398.013672 59568.496094 22010.355469 -30.274240 108.617737 180.471725 9.805257 1.000000e+37
2360088 23425.439453 59426.726562 21215.119141 -22.252432 65.336479 174.641937 9.907314 1.000000e+37
2360092 24063.539062 59522.667969 20284.736328 -87.259415 91.229965 168.860046 11.380060 1.000000e+37
2394152 22689.044922 59152.437500 21504.228516 87.846100 60.490788 124.140846 12.672714 1.000000e+37
2394153 22739.875000 57242.082031 21710.638672 122.862289 34.609093 111.137146 12.803774 1.000000e+37
2394374 23016.623047 57951.011719 18989.154297 -20.346918 64.643929 118.860062 14.685266 1.000000e+37
2394625 22707.712891 58271.996094 20068.164062 -33.556007 92.220840 196.348648 12.750291 1.000000e+37
2394629 24310.318359 57313.125000 21701.216797 -92.533226 96.124107 161.261154 13.171426 1.000000e+37
2411822 22410.832031 57348.835938 22879.406250 112.770462 1.711772 119.075813 11.835758 1.000000e+37
2411824 22895.099609 59237.597656 21679.736328 86.471504 62.946640 136.930099 13.760077 1.000000e+37
2412055 22915.812500 58365.707031 20686.462891 40.842285 40.944687 250.011932 11.560279 1.000000e+37
2412291 22433.705078 57514.347656 20048.001953 32.151337 85.191322 146.552383 11.995403 1.000000e+37
2430313 22715.947266 58025.578125 21081.898438 -66.608757 45.277260 124.719864 9.821006 1.000000e+37
2448865 22690.302734 56982.460938 20732.394531 -3.294465 128.405624 158.375107 11.420940 1.000000e+37
2467499 23560.519531 59626.621094 21774.574219 21.364140 88.195389 171.803619 11.374938 1.000000e+37
2467787 22728.818359 58059.304688 22121.042969 -67.842880 58.444618 145.858154 10.966153 1.000000e+37
2486522 22631.435547 59425.769531 21792.763672 111.724838 62.219845 106.305405 11.249137 1.000000e+37
2486756 23539.197266 59193.191406 21894.339844 -37.252563 109.873123 158.093445 12.219434 1.000000e+37
2506665 23152.708984 58869.023438 19228.699219 -33.208378 52.106297 131.955261 14.697907 1.000000e+37
2526324 23464.845703 56435.375000 21498.306641 -74.627792 109.142036 145.903244 13.154666 1.000000e+37
2526719 22442.525391 57195.511719 21596.058594 115.763191 34.260590 126.087547 11.795576 1.000000e+37
2527258 23971.587891 56643.671875 21603.949219 -100.033653 91.613083 152.816010 12.254661 1.000000e+37
2547622 23189.398438 57886.000000 20956.246094 5.537391 -0.504266 110.907547 10.968037 1.000000e+37
2547627 23230.529297 58965.484375 19594.990234 -30.668432 51.288586 149.386246 12.973948 1.000000e+37
2547927 22827.964844 57311.421875 20391.408203 -3.263968 122.884636 163.299728 10.427048 1.000000e+37
2568942 23560.675781 59591.667969 21866.498047 -33.306187 121.018570 171.230087 11.835327 1.000000e+37
2568943 22787.828125 58027.394531 19578.021484 -49.346554 84.459946 147.696091 9.605829 1.000000e+37
2568947 24509.914062 59209.152344 21040.267578 -76.819817 110.165146 185.702530 12.554356 1.000000e+37
2569245 22809.166016 57426.078125 20673.750000 -4.192933 137.063461 179.045853 8.223169 1.000000e+37
2590243 23133.716797 57678.859375 22805.687500 -45.331940 105.160820 153.777191 7.660118 1.000000e+37
2590665 22955.564453 57814.230469 21983.826172 -120.842346 92.144264 155.715424 9.678386 1.000000e+37
2590667 23007.148438 59459.738281 21717.066406 105.899025 65.537163 119.460350 11.887170 1.000000e+37
2591250 22097.443359 56636.566406 21236.900391 62.427544 71.248421 152.869553 13.830127 1.000000e+37
2591251 23184.056641 56503.207031 21211.064453 -75.335159 104.555077 144.205765 11.220879 1.000000e+37
2613520 23656.126953 59448.761719 21942.367188 -34.041443 99.367775 193.179276 12.305982 1.000000e+37
2636710 23232.044922 58018.042969 20368.183594 1.320407 44.017967 235.948883 10.291469 1.000000e+37
2636711 22754.183594 57512.285156 20961.087891 86.949432 108.284309 207.574860 14.374647 1.000000e+37
2637068 22991.539062 57259.179688 21998.703125 -93.197113 120.715919 151.010880 12.344444 1.000000e+37
2659748 22806.019531 57542.593750 22682.724609 -4.274900 81.698151 156.399384 11.058423 1.000000e+37
2660215 22940.152344 57800.250000 22108.449219 -62.239857 80.283707 153.968567 11.923734 1.000000e+37
2660216 23233.962891 57584.628906 22227.292969 -111.553078 99.352165 163.293152 10.111837 1.000000e+37
2660536 22831.830078 59865.226562 20856.539062 52.183250 81.337578 136.872818 10.837900 1.000000e+37
2660537 23190.638672 57868.652344 20905.687500 29.828659 14.745037 120.337273 13.742224 1.000000e+37
2683964 22868.197266 57610.312500 21673.472656 -78.247246 60.506702 85.538208 13.422521 1.000000e+37
2684776 23325.236328 59881.597656 21263.701172 44.654118 80.550819 165.170502 12.125920 1.000000e+37
2684777 23271.859375 59325.636719 20297.400391 -36.900433 54.449360 171.129700 10.812281 1.000000e+37
2685150 24023.976562 56952.484375 21914.447266 -97.181351 94.732956 161.241211 10.322076 1.000000e+37
2709557 22369.212891 57898.753906 22264.486328 112.726135 20.657442 110.789703 10.536077 1.000000e+37
2710225 21724.513672 56997.867188 20277.068359 27.054958 58.943348 129.274139 13.109046 1.000000e+37
2710236 23980.611328 56821.406250 21786.296875 -98.869919 95.550087 156.839340 11.080387 1.000000e+37
2733900 21779.798828 57975.429688 21849.626953 104.589134 17.857420 93.138939 11.772868 1.000000e+37
2735339 23450.072266 58590.234375 22370.183594 49.514694 61.948265 165.220032 10.205638 1.000000e+37
2761263 22620.343750 57433.128906 22282.740234 -0.493864 71.683495 133.420731 9.177568 1.000000e+37
2762142 23342.726562 58289.515625 20722.234375 -65.781868 -0.915887 176.172485 11.747497 1.000000e+37
2762143 23214.833984 58302.906250 20510.785156 -67.563400 48.647255 134.916092 13.915257 1.000000e+37
2762144 23154.310547 57952.781250 21396.347656 -9.005370 -10.425680 122.711723 13.484045 1.000000e+37
2762541 22711.513672 57799.324219 20607.666016 49.271633 116.901756 185.397736 9.169455 1.000000e+37
2789491 23327.664062 59867.382812 21409.205078 51.981750 81.750244 164.474213 10.843942 1.000000e+37
2789493 23383.478516 59176.292969 20942.816406 -102.257568 79.589912 175.244843 11.504956 1.000000e+37
2789862 22389.458984 57048.800781 21416.210938 8.361557 133.795837 168.471542 9.634308 1.000000e+37
2789863 23228.441406 56632.675781 19959.232422 -29.239197 95.890869 124.739639 11.379730 1.000000e+37
2789870 22698.388672 57881.886719 21043.531250 -13.186044 42.744072 154.977142 11.495115 1.000000e+37
2816679 22740.550781 56907.144531 22600.201172 17.977262 46.501831 170.487457 9.780858 1.000000e+37
2816680 23031.951172 57812.433594 22176.792969 -48.365276 111.725006 158.188354 13.942843 1.000000e+37
2816700 22561.640625 57631.976562 21939.837891 -9.661665 106.223549 111.704895 9.525205 1.000000e+37
2817253 23321.794922 57552.808594 22754.474609 24.580809 45.207470 142.967102 11.461970 1.000000e+37
2817257 21027.740234 58398.964844 21023.654297 70.438927 35.096451 79.450516 10.824416 1.000000e+37
2817605 22829.550781 58564.042969 20768.482422 97.923393 14.855016 119.442230 9.814828 1.000000e+37
2818017 23140.000000 56724.898438 19594.742188 -19.899426 89.925255 113.421318 9.847278 1.000000e+37
2818019 22619.675781 57562.277344 21859.900391 18.891447 84.974480 123.145683 11.113294 1.000000e+37
2846046 23388.150391 57403.527344 22870.830078 19.443623 51.730774 146.020737 12.594025 1.000000e+37
2846052 22385.505859 59437.050781 21603.437500 110.426186 64.191383 98.632477 10.052423 1.000000e+37
2846400 22770.894531 57439.250000 21141.601562 89.202187 115.663368 182.190399 11.754214 1.000000e+37
2846401 23585.142578 59617.839844 21889.273438 -28.875555 111.298386 170.754349 10.244822 1.000000e+37
2846403 22749.740234 58164.171875 19696.787109 -72.651802 42.058704 167.046097 12.880404 1.000000e+37
2846404 23385.849609 59587.433594 21503.474609 -63.066383 86.971504 190.401306 13.012367 1.000000e+37
2846842 22574.728516 57693.628906 20215.646484 24.246031 100.843063 167.368622 12.069858 1.000000e+37
2876026 23520.484375 58952.343750 22417.009766 71.371964 83.292374 184.627869 11.884573 1.000000e+37
2876027 22988.914062 57442.640625 22943.955078 105.089951 14.600043 123.640488 11.494268 1.000000e+37
2876448 22779.388672 58344.320312 20557.292969 46.088398 143.988693 191.869537 12.373921 1.000000e+37
2876882 21985.341797 56655.519531 21938.619141 39.502415 94.543060 181.795013 8.928212 1.000000e+37
2876889 22362.765625 57402.687500 19430.445312 9.709298 82.158806 123.745995 13.843411 1.000000e+37
2876891 22720.675781 57384.574219 21130.234375 55.466301 36.751366 122.831352 9.592155 1.000000e+37
2876892 23378.017578 56658.054688 20927.025391 -90.138962 84.809036 144.577484 10.466722 1.000000e+37
2906918 22921.796875 57522.382812 21113.740234 -53.801632 34.704796 129.323044 11.451164 1.000000e+37
2907764 22922.318359 56858.972656 20147.488281 -25.899315 108.327515 138.508194 10.287786 1.000000e+37
2938225 22762.332031 57402.593750 22730.470703 -19.993288 77.325554 154.832138 12.026270 1.000000e+37
2938865 22915.253906 57108.511719 21846.345703 70.599854 30.934473 97.897415 11.149358 1.000000e+37
2939299 22999.468750 57946.652344 19045.712891 -24.315338 30.570208 124.335190 11.631260 1.000000e+37
2939303 23070.703125 58232.953125 20853.535156 16.629692 4.193461 181.502380 12.120792 1.000000e+37
2939769 23295.123047 56208.675781 19934.070312 -26.927608 80.681335 122.553658 14.157196 1.000000e+37
2971081 22869.546875 57222.183594 22514.683594 8.070442 65.390053 153.708160 9.907971 1.000000e+37
2971082 22443.253906 57269.601562 22423.052734 7.051375 73.983627 149.830887 10.881140 1.000000e+37
2972212 23165.992188 58137.625000 20852.734375 -86.173920 55.313103 162.100250 12.601271 1.000000e+37
2972219 22839.207031 58509.531250 20647.265625 -60.111904 51.241219 123.161385 11.874638 1.000000e+37
2972680 22899.736328 56443.109375 21011.242188 -27.801821 114.485313 142.168045 12.614941 1.000000e+37
2972689 22729.962891 57992.113281 20943.873047 -42.677761 34.862759 114.906593 12.852330 1.000000e+37
2972698 24410.755859 57449.984375 21721.591797 -96.511940 98.202431 162.800125 10.224413 1.000000e+37
3005966 23085.712891 57999.058594 21693.365234 5.573834 4.574563 77.670906 10.335775 1.000000e+37
3005973 22619.414062 58904.871094 21721.005859 103.328529 50.208271 113.440010 8.379266 1.000000e+37
3006440 23099.771484 58377.457031 20679.757812 44.839935 -37.705978 129.971863 9.483969 1.000000e+37
3006879 23273.337891 56224.414062 20362.048828 -22.536629 83.045097 125.862984 9.465456 1.000000e+37
3006890 22374.533203 56886.628906 22269.406250 33.778679 80.262123 186.168076 12.675350 1.000000e+37
3006891 22927.773438 57558.746094 21598.501953 29.269085 49.352474 153.174423 9.042452 1.000000e+37
3039419 21289.761719 57584.882812 21880.246094 91.849861 14.044393 95.387077 10.968839 1.000000e+37
3039420 21628.826172 57563.597656 22085.558594 105.528557 18.137001 111.090050 11.674384 1.000000e+37
3040665 22880.332031 57897.398438 22410.617188 118.550659 8.670721 109.476204 11.057124 1.000000e+37
3041370 21610.625000 57232.949219 20984.707031 68.886002 23.349335 115.339760 11.915772 1.000000e+37
3041848 23566.441406 59487.113281 21908.273438 -29.042347 105.768311 181.629395 12.190246 1.000000e+37
3041855 23955.845703 59068.093750 20443.064453 -94.652840 86.695908 171.213852 12.272560 1.000000e+37
3042347 22181.621094 56803.792969 22097.175781 -18.866455 121.232941 185.749023 8.169003 1.000000e+37
3042348 22613.144531 57034.183594 20946.501953 1.008943 135.661697 166.441895 8.510754 1.000000e+37
3042353 21647.267578 56502.605469 20999.724609 37.570190 51.490631 121.519112 12.263375 1.000000e+37
3042354 22902.593750 57735.656250 19533.173828 -66.959373 101.756363 130.569397 8.999036 1.000000e+37
3042362 23469.013672 57536.417969 20517.279297 -113.963631 94.234451 150.025162 11.843006 1.000000e+37
3077685 22316.298828 57244.093750 21443.339844 108.275742 32.296032 128.562134 10.745518 1.000000e+37
3078151 22794.123047 59681.531250 20661.531250 52.131180 73.091057 139.727081 11.498614 1.000000e+37
3078157 22749.480469 57653.816406 21014.824219 18.920763 148.641220 228.029251 9.987385 1.000000e+37
3078162 23624.005859 59767.898438 21213.173828 -31.135069 88.429420 180.531036 9.763650 1.000000e+37
3078673 22528.650391 56914.285156 21258.121094 50.542694 85.595383 173.531616 13.869667 1.000000e+37
3078678 22238.898438 57106.484375 22057.388672 29.766537 101.668381 182.693848 11.808654 1.000000e+37
3114655 22966.269531 57213.273438 22467.693359 12.754902 65.097061 151.112259 8.830328 1.000000e+37
3115912 22672.541016 57697.832031 21441.001953 75.163605 99.164803 81.130524 12.163626 1.000000e+37
3115925 23162.255859 58605.136719 21542.605469 6.106228 42.641369 135.754379 10.970985 1.000000e+37
3115926 22807.388672 58422.304688 20587.714844 -60.062130 -34.655533 204.183517 9.657620 1.000000e+37
3116507 23350.917969 56686.578125 20943.001953 -88.669037 83.764633 138.787704 9.993580 1.000000e+37
3154410 21407.867188 58837.750000 20907.015625 72.149460 50.778572 94.394379 9.647641 1.000000e+37
3154937 22724.019531 58959.496094 19473.484375 16.104321 51.858150 124.246452 11.268147 1.000000e+37
3154938 23350.898438 59155.421875 21158.898438 30.047346 48.956032 158.621613 9.609773 1.000000e+37
3154939 23210.039062 57957.617188 20908.935547 13.385929 5.759231 102.856697 12.019007 1.000000e+37
3154940 23270.796875 59884.027344 21142.837891 40.381733 82.997101 163.910431 10.810794 1.000000e+37
3154945 22703.371094 57781.851562 20990.855469 -3.220484 148.889679 213.578995 13.749914 1.000000e+37
3155485 22552.359375 56563.085938 22246.056641 43.124191 57.792965 190.441879 10.402163 1.000000e+37
3155499 24522.847656 57673.921875 20494.390625 -96.556557 86.827499 146.093094 11.252556 1.000000e+37
3155500 24172.763672 57656.746094 22081.916016 -94.410469 103.405052 171.530899 8.883456 1.000000e+37
3193627 22873.189453 57708.832031 22514.582031 120.580170 25.473951 112.215874 6.971430 1.000000e+37
3194967 23376.800781 59548.109375 20355.814453 -32.487804 67.280762 166.476547 11.812057 1.000000e+37
3195540 22963.566406 56880.050781 20595.248047 -23.106972 123.201561 141.137802 7.728242 1.000000e+37
3195566 22748.636719 58524.574219 20906.113281 -83.520164 51.607346 104.324570 10.877189 1.000000e+37
3234043 21886.529297 57419.386719 22424.357422 107.189285 9.457832 107.094460 9.196714 1.000000e+37
3236406 23590.125000 59259.378906 22339.615234 -29.528070 114.018456 187.025879 10.166065 1.000000e+37
3236956 23007.238281 58664.039062 19402.957031 -87.370712 58.920044 140.386826 11.199714 1.000000e+37
3237562 22569.060547 57058.992188 21048.357422 4.665173 138.191849 168.633072 7.535696 1.000000e+37
3237568 22712.318359 57046.597656 20861.478516 -24.458286 134.440491 153.796234 10.006835 1.000000e+37
3279992 22901.333984 57280.980469 21790.083984 -1.051999 57.556839 87.679680 9.934265 1.000000e+37
3279998 23307.611328 58122.054688 22248.021484 74.811218 34.043037 126.801613 9.005527 1.000000e+37
3279999 22496.583984 58727.523438 21688.107422 102.259956 45.853516 114.193764 9.541434 1.000000e+37
3280571 22779.498047 58566.031250 20779.576172 -75.861877 2.555234 165.565445 9.005973 1.000000e+37
3280584 23396.593750 59869.628906 20877.259766 19.918152 78.175110 170.550369 11.977956 1.000000e+37
3280587 23470.496094 59290.753906 21661.421875 -38.975796 117.343704 158.950668 8.709445 1.000000e+37
3281182 23246.708984 56324.828125 20078.841797 -24.708912 83.608910 115.942184 10.101182 1.000000e+37
3281192 23133.064453 58320.761719 22676.777344 -66.273041 78.855057 172.379990 12.262136 1.000000e+37
3281193 22855.039062 58370.906250 21535.437500 -69.997009 54.251431 135.381760 11.378859 1.000000e+37
3324156 22768.597656 56959.136719 22422.109375 13.265878 64.102669 157.378143 9.821470 1.000000e+37
3324202 22763.644531 57830.972656 22399.666016 119.977173 13.201332 110.367973 10.451195 1.000000e+37
3324206 23406.476562 57125.367188 22503.250000 -101.157471 106.496086 167.804291 11.877217 1.000000e+37
3325067 22673.644531 59379.941406 21802.765625 108.497795 63.065548 105.702637 9.510829 1.000000e+37
3325069 22006.472656 57751.542969 22224.365234 107.856674 14.794733 103.237411 9.745548 1.000000e+37
3325070 22734.947266 57505.187500 21587.222656 116.011101 138.171661 144.991577 9.775307 1.000000e+37
3325656 23006.802734 58220.039062 19957.923828 20.585026 15.554154 178.581497 11.104668 1.000000e+37
3325657 23141.794922 58246.597656 20393.845703 -80.297592 4.110644 231.201828 10.347558 1.000000e+37
3326323 22520.724609 58180.414062 20871.062500 -55.718891 49.715961 101.125290 7.363768 1.000000e+37
3326324 23019.726562 57274.488281 19072.455078 -60.900265 78.990730 99.436325 10.706912 1.000000e+37
3326339 24511.666016 56802.589844 20254.931641 -104.747520 55.792030 132.959869 10.536413 1.000000e+37
3371183 23071.673828 57644.871094 22179.445312 -27.683264 102.763168 143.511215 6.418458 1.000000e+37
3372192 23048.767578 56713.296875 22545.000000 47.259655 44.301838 149.574554 9.709880 1.000000e+37
3372193 22773.437500 56819.183594 22227.669922 59.661938 27.415312 120.926636 6.988431 1.000000e+37
3372194 22766.414062 59046.417969 21798.476562 104.264008 55.359528 118.041573 10.702080 1.000000e+37
3372833 23028.851562 58549.820312 20627.750000 57.402706 -6.480179 149.327621 8.912280 1.000000e+37
3420120 22654.812500 57727.417969 21294.042969 -6.863871 -31.654713 120.867096 6.721444 1.000000e+37
3420124 24061.003906 57118.847656 22097.490234 -100.277550 101.774185 166.039429 7.189134 1.000000e+37
3421091 22976.716797 56933.929688 22295.810547 44.663483 28.732775 128.410049 9.235384 1.000000e+37
3421745 23129.064453 58121.066406 20713.660156 10.965507 -11.406428 57.240479 6.054072 1.000000e+37
3421762 22903.503906 58556.269531 19834.736328 22.940653 28.415138 148.599319 11.871611 1.000000e+37
3421767 22991.089844 57675.773438 20139.941406 -25.942581 35.193558 137.541656 11.812551 1.000000e+37
3421779 23039.130859 58623.718750 20033.777344 -104.885384 54.323254 174.284180 9.476719 1.000000e+37
3422499 22093.449219 57304.976562 19445.617188 6.151474 85.708664 116.285744 11.208487 1.000000e+37
3422500 22503.652344 57583.519531 21621.876953 64.332062 144.219772 151.465424 9.402632 1.000000e+37
3422513 24639.662109 57238.023438 20907.306641 -106.328323 88.032707 144.638840 9.975449 1.000000e+37
3422514 24418.304688 57492.738281 21727.156250 -103.707283 91.863243 169.255615 9.402665 1.000000e+37
3470907 22071.498047 56299.199219 21545.451172 48.119049 68.011887 149.652100 10.852286 1.000000e+37
3471993 22913.033203 59031.839844 21781.578125 102.264183 55.564762 119.450974 11.941426 1.000000e+37
3472652 21891.509766 56580.191406 20735.378906 32.219406 51.273750 143.509659 9.569327 1.000000e+37
3472661 22924.164062 58729.515625 20433.781250 49.338688 13.277757 156.178146 10.338555 1.000000e+37
3472663 23149.503906 57975.000000 21206.792969 5.826632 -14.796221 128.465698 9.931372 1.000000e+37
3473387 22510.197266 57228.734375 21835.363281 27.875313 47.919582 115.775650 10.524324 1.000000e+37
3473388 23065.373047 57082.171875 19220.058594 -42.959347 87.503143 99.151665 10.834193 1.000000e+37
3473399 23691.460938 56738.386719 20523.101562 -91.054245 70.244507 130.342209 8.613645 1.000000e+37
3523506 22574.269531 57198.324219 21936.757812 29.433722 45.560375 109.907608 11.407407 1.000000e+37
3524572 22993.576172 57531.957031 21855.611328 -7.632959 89.562592 108.297302 9.195177 1.000000e+37
3524573 23533.113281 58931.816406 22590.158203 76.095131 103.503204 162.340790 9.427505 1.000000e+37
3525308 22667.527344 58845.234375 19291.164062 18.157032 50.486584 119.960304 8.208843 1.000000e+37
3525311 23085.998047 58793.750000 20790.496094 -38.952816 35.742901 139.217163 8.824002 1.000000e+37
3526060 23411.515625 56195.644531 20322.029297 -28.191175 78.613060 120.561333 9.201521 1.000000e+37
3526079 22814.064453 57285.562500 20513.890625 -23.214092 130.373627 154.139084 10.850492 1.000000e+37
3526080 23123.341797 57199.792969 21204.423828 -108.646347 117.253426 155.494217 12.836334 1.000000e+37
3526081 23045.203125 56827.242188 21511.158203 -80.521034 111.747055 152.235519 10.760537 1.000000e+37
3526100 24781.023438 57163.617188 20540.132812 -103.970268 83.715347 134.394653 9.142699 1.000000e+37
3579456 22114.300781 57271.015625 22754.734375 110.700134 0.389666 113.043716 12.768872 1.000000e+37
3579457 23177.566406 57888.507812 22049.337891 71.800446 11.162850 126.196075 8.050864 1.000000e+37
3581073 22539.568359 57670.984375 20151.787109 20.323488 99.436707 164.693039 8.707466 1.000000e+37
3581074 22294.486328 57381.199219 19318.886719 14.326404 62.860054 121.119087 9.595946 1.000000e+37
3581075 23019.150391 56988.226562 21555.630859 -74.659775 126.432396 150.425034 8.181166 1.000000e+37
3636154 23032.789062 57586.722656 22726.314453 -92.791466 125.732483 167.011398 7.338997 1.000000e+37
3638020 23062.419922 59446.808594 21229.957031 69.562218 66.058578 142.358368 10.423713 1.000000e+37
3638022 22472.882812 58685.171875 20857.849609 87.578522 38.232677 122.073647 10.846000 1.000000e+37
3638043 23095.076172 58434.156250 20392.703125 45.456547 -9.808137 183.064331 9.802732 1.000000e+37
3638044 23343.962891 59142.539062 21310.691406 -40.768524 81.604462 152.403900 6.256115 1.000000e+37
3638929 22575.548828 57527.507812 19461.617188 1.228779 86.206734 128.809738 7.858740 1.000000e+37
3638930 22268.513672 57231.542969 22145.568359 18.414463 93.981285 166.218781 7.712486 1.000000e+37
3638931 23142.240234 57561.414062 22099.710938 -111.863419 103.376663 164.524002 9.442917 1.000000e+37
3638951 24406.505859 57184.136719 21484.970703 -103.722481 84.985535 150.198303 9.822803 1.000000e+37
3696012 23640.869141 56277.390625 21457.753906 -82.629402 101.100334 134.161743 8.727651 1.000000e+37
3697166 23038.767578 57678.398438 21461.615234 78.762833 25.321619 160.824982 10.357132 1.000000e+37
3697173 23121.123047 57656.234375 22070.539062 80.554932 13.004366 111.694298 6.485540 1.000000e+37
3697174 22850.142578 57050.984375 21964.091797 62.005157 7.963895 109.190544 5.601676 1.000000e+37
3697175 23142.501953 56775.375000 22653.384766 38.412052 51.901272 148.544205 8.551211 1.000000e+37
3698033 23237.964844 57765.910156 20895.404297 17.780844 54.549671 163.006226 9.809887 1.000000e+37
3698034 22914.707031 58016.242188 20658.576172 13.359423 48.432095 268.970184 13.507463 1.000000e+37
3698037 22980.898438 57816.269531 20698.046875 -33.255608 79.688866 182.811142 13.507760 1.000000e+37
3698903 22523.716797 57488.761719 20038.958984 20.738823 77.297371 150.885651 9.574544 1.000000e+37
3698904 22491.658203 57461.937500 19941.662109 24.823469 76.439629 159.259964 6.472455 1.000000e+37
3758881 23143.839844 57490.253906 22675.919922 -93.448540 120.290642 169.962158 8.484227 1.000000e+37
3760181 23230.658203 58503.886719 22282.671875 41.863808 53.764404 156.974823 7.607889 1.000000e+37
3760196 23537.818359 58699.984375 22443.658203 82.184517 73.334625 140.248917 11.584940 1.000000e+37
3761054 23126.843750 57927.703125 21372.142578 -15.361139 -6.338018 117.398407 9.928013 1.000000e+37
3761055 22655.863281 57687.609375 21488.474609 46.022335 94.362465 72.890884 7.998130 1.000000e+37
3761957 22073.009766 57176.726562 20173.982422 39.232414 67.497940 141.413651 7.082894 1.000000e+37
3761958 22774.171875 57501.804688 20808.396484 -14.770801 153.447922 179.671204 7.715537 1.000000e+37
3761959 22561.738281 57481.265625 21755.890625 -14.939565 153.624268 133.028595 9.387311 1.000000e+37
3761960 22834.457031 57953.593750 19779.107422 -61.800400 110.209663 155.276855 10.169371 1.000000e+37
3761966 22744.519531 56324.656250 22006.917969 -52.843857 112.022842 165.842178 8.558747 1.000000e+37
3761976 24305.064453 56804.949219 21264.951172 -98.889122 94.680229 145.797882 8.701764 1.000000e+37
3761977 24069.937500 56397.566406 20212.728516 -91.132912 59.853985 113.229271 8.047194 1.000000e+37
3825068 22939.835938 57826.230469 21432.419922 -10.397240 35.582691 164.521957 8.715765 1.000000e+37
3826440 22757.572266 58399.007812 22056.917969 107.358940 29.357176 108.636681 10.231889 1.000000e+37
3827364 21816.177734 56527.234375 20703.048828 30.856833 49.837437 143.227066 8.376776 1.000000e+37
3827365 22733.642578 57786.289062 21196.662109 -134.060928 37.352970 188.879471 8.655813 1.000000e+37
3827383 22987.966797 58148.937500 20088.669922 -5.359175 61.941708 208.767151 10.339739 1.000000e+37
3827384 22987.218750 57777.835938 18871.986328 -15.011639 49.238400 111.073029 8.696832 1.000000e+37
3828318 22150.263672 56875.914062 22374.429688 24.972202 89.248383 202.216263 8.298689 1.000000e+37
3828319 22876.726562 56922.976562 20714.429688 -17.611456 129.569183 150.317703 9.530904 1.000000e+37
3828336 22219.150391 57467.367188 19963.462891 21.079172 94.585999 139.234665 9.792243 1.000000e+37
3828337 22746.419922 57803.761719 21030.197266 67.224091 98.346802 223.706497 9.706185 1.000000e+37
3828338 22595.892578 57608.523438 21709.642578 -5.429727 147.827591 122.906563 8.646317 1.000000e+37
3828358 24484.605469 57357.804688 21610.216797 -111.655853 93.537460 162.655899 8.573687 1.000000e+37
3828359 23738.005859 56530.398438 21682.410156 -100.980759 89.730927 150.498764 12.011039 1.000000e+37
3828360 23606.484375 56876.898438 20618.035156 -95.088860 76.832344 138.726959 9.012059 1.000000e+37
3893754 22811.115234 56521.078125 22325.849609 34.273949 44.880360 156.268097 7.413774 1.000000e+37
3893756 22695.103516 56907.312500 22426.181641 16.009680 67.292633 157.156647 7.267124 1.000000e+37
3893820 22925.177734 57810.593750 22680.476562 -65.261871 137.914169 151.914139 6.867685 1.000000e+37
3893826 23273.179688 57261.781250 22407.148438 -93.668427 112.178581 160.402176 7.634081 1.000000e+37
3895129 23312.716797 58823.535156 22092.062500 40.826935 63.602654 154.366165 9.065648 1.000000e+37
3896069 23375.251953 59366.683594 21811.115234 -29.982298 100.955070 173.328903 8.510380 1.000000e+37
3896071 22697.558594 58782.328125 20755.351562 84.230751 31.400677 128.154373 9.049421 1.000000e+37
3896084 23108.347656 57881.734375 19298.978516 -31.347607 53.676739 145.111542 9.554154 1.000000e+37
3896085 23126.099609 57883.214844 19396.001953 -28.974054 64.903526 147.640366 5.870803 1.000000e+37
3896086 23000.658203 57910.144531 20235.738281 -44.344273 59.960831 224.549377 12.452528 1.000000e+37
3896088 22625.767578 59046.289062 19260.152344 16.278866 59.244320 119.066162 8.443337 1.000000e+37
3896093 23610.419922 59371.519531 21865.191406 -39.355274 94.491608 189.623947 11.052932 1.000000e+37
3896094 23134.449219 58612.968750 20663.826172 -33.773972 23.390741 136.261963 11.382007 1.000000e+37
3897093 22640.310547 57616.910156 20277.050781 30.113813 89.464073 170.033951 7.620561 1.000000e+37
3897094 23156.955078 56756.648438 21391.849609 -68.496300 109.662117 141.192780 5.409800 1.000000e+37
3966580 22753.585938 57701.664062 22067.898438 -65.177902 135.473389 143.359100 8.576121 1.000000e+37
3968026 22885.503906 59534.906250 21647.472656 105.324272 66.100853 115.638786 9.260039 1.000000e+37
3968027 23243.734375 57812.582031 22861.349609 102.565903 27.632223 129.853790 9.916025 1.000000e+37
3968028 23095.509766 57719.703125 22134.937500 70.557556 15.988004 126.288826 9.116570 1.000000e+37
3968030 22991.148438 57440.007812 21333.261719 83.640915 101.335724 45.845242 9.458436 1.000000e+37
3969045 21598.724609 56396.636719 20537.164062 19.974642 40.803020 136.528793 8.689898 1.000000e+37
3969046 23069.814453 57590.312500 21016.685547 -138.309250 116.690903 172.227448 11.163836 1.000000e+37
3969060 23182.916016 57899.695312 18890.072266 -37.411827 52.616829 112.086021 9.230853 1.000000e+37
3969064 23214.203125 58760.765625 20887.242188 -80.803703 24.946243 99.514816 10.416189 1.000000e+37
3970099 22107.205078 56983.558594 22179.791016 -4.613585 104.079659 182.465607 7.407189 1.000000e+37
3970118 22185.300781 57419.574219 19804.615234 15.655046 91.642998 132.245605 8.933992 1.000000e+37
3970140 23967.585938 56727.816406 21694.980469 -98.481827 93.596939 154.555069 7.757105 1.000000e+37
3970141 23507.347656 57268.210938 22098.972656 -106.236488 101.440666 164.778702 9.014874 1.000000e+37
4043197 22696.482422 56472.078125 22074.068359 36.148708 71.249535 180.721985 9.780084 1.000000e+37
4043198 22536.326172 57077.996094 22050.832031 31.891193 42.769753 114.729958 10.802688 1.000000e+37
4043275 22961.333984 56769.843750 22400.050781 -78.141289 116.272156 167.525360 7.925957 1.000000e+37
4044771 23145.537109 57525.453125 22281.769531 22.161604 60.260586 112.745651 8.907714 1.000000e+37
4044772 23545.693359 58912.718750 22480.134766 132.209305 71.475510 115.752800 10.395205 1.000000e+37
4044780 21068.033203 57789.300781 21588.091797 78.623283 18.343834 90.118004 9.204730 1.000000e+37
4045841 22095.582031 57156.570312 19500.242188 22.020235 56.324684 114.783325 6.723053 1.000000e+37
4045842 22064.417969 57167.886719 19402.384766 15.535183 51.358562 112.932365 9.524911 1.000000e+37
4045844 22706.052734 59890.335938 20412.730469 39.071621 82.651260 142.152893 9.203497 1.000000e+37
4046959 23044.943359 56868.867188 20000.652344 -29.337837 103.726845 131.589218 7.572742 1.000000e+37
4046977 23461.097656 56624.511719 21815.179688 -85.337044 99.828743 153.621429 6.582299 1.000000e+37
4046994 24475.587891 58750.699219 21368.398438 -86.500923 117.731522 177.016388 8.369646 1.000000e+37
4123235 22552.197266 56522.835938 21949.156250 48.464859 83.977028 180.061325 9.716169 1.000000e+37
4123239 22984.126953 57587.351562 21912.601562 -36.102821 76.275230 120.094002 9.829816 1.000000e+37
4124941 22343.279297 56769.171875 21798.585938 107.188362 31.470671 128.129959 8.971909 1.000000e+37
4124942 22565.796875 59448.574219 21396.587891 96.451935 65.623917 107.850731 7.363138 1.000000e+37
4126042 23136.021484 58116.246094 20413.328125 -39.632088 36.914719 200.954071 6.554154 1.000000e+37
4126043 22714.275391 57883.730469 19162.259766 -70.605736 45.638264 132.253220 6.098905 1.000000e+37
4206891 21931.300781 56298.511719 20957.093750 34.384193 57.502487 132.701279 9.868793 1.000000e+37
4208532 22833.798828 57324.382812 21374.744141 6.712309 114.835899 80.332626 8.347825 1.000000e+37
4208541 22746.232422 58730.769531 21983.365234 109.523056 41.693039 107.175423 9.675887 1.000000e+37
4208542 21550.207031 58652.597656 21214.533203 82.188812 45.489868 90.940506 8.215718 1.000000e+37
4208544 22914.966797 57234.035156 21926.576172 87.545708 25.359615 100.199684 8.106190 1.000000e+37
4209680 22658.560547 57560.523438 21440.789062 -8.445652 113.365044 196.319046 10.251642 1.000000e+37
4209705 23333.466797 59230.734375 21269.708984 -43.461761 89.810745 146.003464 9.078026 1.000000e+37
4209708 23132.425781 58576.890625 20927.980469 -20.249510 5.007073 154.525589 8.408023 1.000000e+37
4209724 23972.750000 59102.875000 20510.167969 -93.121048 86.151230 170.587296 7.692130 1.000000e+37
4210942 22749.144531 57931.199219 20244.378906 -8.256091 25.214451 179.356796 11.497577 1.000000e+37
4210945 22933.029297 58055.191406 19371.585938 -24.401161 61.892311 146.986771 7.248930 1.000000e+37
4210972 23605.103516 56657.523438 21874.486328 -100.860497 94.676277 153.840256 9.104105 1.000000e+37
4295443 23768.011719 58959.421875 22477.863281 98.051659 105.825691 166.905930 10.936881 1.000000e+37
4295444 22459.630859 59272.218750 21365.091797 84.746239 66.261528 124.713875 8.062023 1.000000e+37
4296700 23126.873047 57998.058594 19763.328125 -19.810114 51.414486 175.780869 10.164747 1.000000e+37
4296702 23135.539062 58091.953125 20797.468750 16.558329 0.189702 70.347061 9.637643 1.000000e+37
4296708 23862.111328 59445.019531 21790.324219 -33.437958 117.185219 172.493790 11.741478 1.000000e+37
4296709 23151.482422 59194.769531 20058.187500 -48.662487 54.134769 165.337158 9.036586 1.000000e+37
4296732 23092.330078 59029.957031 20831.750000 -112.196159 52.942780 181.443924 9.426174 1.000000e+37
4297991 22944.607422 56777.320312 20627.923828 -26.015837 120.397530 140.602203 10.886971 1.000000e+37
4298016 21816.832031 56779.785156 21337.166016 53.073685 59.405720 139.601395 8.762243 1.000000e+37
4298017 22493.158203 57590.789062 19959.763672 6.131855 91.780327 153.020432 6.636018 1.000000e+37
4298018 22810.439453 57601.464844 19354.984375 -64.732140 96.783516 114.444984 8.820810 1.000000e+37
4298019 22985.119141 56663.472656 19914.072266 -26.869341 98.698540 125.765762 10.989811 1.000000e+37
4298020 22531.517578 57422.371094 21725.599609 -11.270221 153.002182 142.644852 6.779017 1.000000e+37
