#subID    x  y  z  vx  yv  yz  vmax   B_MAG 
#subID  kpc/h  kpc/h  kpc/h  km/s   km/s   km/s   km/s   mags 
437925.000000 	 71345.257812 	 43189.328125 	 36908.695312 	 -111.293549 	 14.226076 	 65.783966 	 171.813354 	 -21.332080 
437926.000000 	 71271.757812 	 43199.765625 	 36949.371094 	 -161.002686 	 122.519325 	 24.575888 	 120.026787 	 -19.112930 
437927.000000 	 71311.101562 	 43300.117188 	 37075.390625 	 -109.232430 	 -64.695587 	 26.290289 	 52.366955 	 -14.053450 
437928.000000 	 71152.734375 	 43267.593750 	 36861.929688 	 -50.123619 	 -58.802204 	 110.588837 	 49.808960 	 -14.287560 
437929.000000 	 71263.734375 	 43133.414062 	 37053.667969 	 -91.844025 	 48.738297 	 67.922035 	 37.475990 	 -13.109970 
437930.000000 	 71219.609375 	 43312.921875 	 36925.976562 	 -198.598663 	 -48.044834 	 122.854446 	 21.708431 	 -8.605477 
437931.000000 	 71237.781250 	 43177.500000 	 36981.984375 	 -223.073868 	 169.235168 	 51.849041 	 17.647718 	 9999999999999999538762658202121142272.000000 
437932.000000 	 71260.242188 	 43055.953125 	 36924.808594 	 24.369190 	 67.586998 	 95.701172 	 22.347288 	 9999999999999999538762658202121142272.000000 
437933.000000 	 71267.273438 	 43047.250000 	 37065.910156 	 -55.326298 	 129.860764 	 195.708496 	 18.284552 	 9999999999999999538762658202121142272.000000 
437934.000000 	 71163.359375 	 43298.312500 	 36820.687500 	 -152.932526 	 32.072411 	 35.069714 	 17.862432 	 9999999999999999538762658202121142272.000000 
437935.000000 	 71316.843750 	 43226.656250 	 36853.968750 	 -191.463501 	 106.446938 	 56.676697 	 22.888718 	 -10.606870 
437936.000000 	 71319.289062 	 43216.992188 	 36935.914062 	 4.338673 	 -60.067562 	 213.206253 	 17.966806 	 -8.879229 
437937.000000 	 71460.593750 	 43130.406250 	 36987.410156 	 -178.348557 	 109.305138 	 158.844986 	 15.066628 	 9999999999999999538762658202121142272.000000 
437938.000000 	 71395.156250 	 43293.125000 	 36958.367188 	 -191.703491 	 77.279594 	 121.057449 	 13.214473 	 9999999999999999538762658202121142272.000000 
437939.000000 	 71390.320312 	 43178.281250 	 36914.789062 	 -146.939896 	 244.482666 	 148.361435 	 14.875756 	 9999999999999999538762658202121142272.000000 
437940.000000 	 71140.507812 	 43322.671875 	 36815.542969 	 11.840078 	 -39.507771 	 -12.725126 	 10.399808 	 9999999999999999538762658202121142272.000000 
437941.000000 	 71310.351562 	 43092.203125 	 36986.808594 	 -74.588089 	 45.638718 	 -77.133469 	 12.902428 	 9999999999999999538762658202121142272.000000 
437942.000000 	 71419.406250 	 43153.726562 	 37024.996094 	 -205.954697 	 91.657585 	 184.047791 	 12.880081 	 9999999999999999538762658202121142272.000000 
437943.000000 	 71434.890625 	 43263.507812 	 36940.054688 	 -177.546173 	 -27.657406 	 59.133999 	 15.092876 	 9999999999999999538762658202121142272.000000 
437944.000000 	 71309.726562 	 43348.179688 	 37074.339844 	 -64.816338 	 142.366806 	 -76.063385 	 13.745664 	 9999999999999999538762658202121142272.000000 
437945.000000 	 71206.406250 	 43104.625000 	 37052.738281 	 -21.201607 	 157.332062 	 33.660229 	 14.228136 	 9999999999999999538762658202121142272.000000 
437946.000000 	 71200.140625 	 43223.812500 	 36853.132812 	 -26.523752 	 -49.035419 	 141.400360 	 10.322373 	 9999999999999999538762658202121142272.000000 
437947.000000 	 71293.328125 	 43179.195312 	 36950.113281 	 -255.226395 	 -67.173752 	 -151.505188 	 12.159945 	 9999999999999999538762658202121142272.000000 
437948.000000 	 71299.429688 	 43204.867188 	 36837.507812 	 -75.261902 	 2.808930 	 -40.212040 	 13.672889 	 9999999999999999538762658202121142272.000000 
437949.000000 	 71420.039062 	 43165.898438 	 37034.796875 	 -220.007980 	 80.822678 	 164.957779 	 14.249677 	 9999999999999999538762658202121142272.000000 
437950.000000 	 71318.882812 	 43069.671875 	 36862.226562 	 -197.212936 	 -28.974617 	 38.864807 	 9.571930 	 9999999999999999538762658202121142272.000000 
448987.000000 	 71026.875000 	 42902.359375 	 37008.992188 	 -74.899033 	 112.887802 	 35.612167 	 164.992905 	 -20.649140 
448988.000000 	 70821.156250 	 42854.015625 	 37090.050781 	 -20.219440 	 183.822769 	 -33.790154 	 24.535202 	 9999999999999999538762658202121142272.000000 
448989.000000 	 71019.867188 	 42918.734375 	 37001.402344 	 76.877960 	 120.216171 	 -24.329540 	 26.003401 	 -16.082410 
448990.000000 	 70902.031250 	 42871.187500 	 36990.656250 	 65.573235 	 104.224411 	 -24.435137 	 20.010607 	 9999999999999999538762658202121142272.000000 
448991.000000 	 70973.125000 	 42929.382812 	 37100.847656 	 -6.194609 	 114.094398 	 -132.270844 	 19.413933 	 9999999999999999538762658202121142272.000000 
448992.000000 	 71153.781250 	 42871.640625 	 36963.890625 	 -75.322853 	 42.822887 	 170.597549 	 19.869013 	 9999999999999999538762658202121142272.000000 
448993.000000 	 70973.984375 	 42833.609375 	 37137.332031 	 -71.757614 	 91.330086 	 109.503014 	 18.131725 	 -9.210908 
448994.000000 	 71092.601562 	 42864.945312 	 37034.558594 	 -227.136749 	 135.574371 	 5.060831 	 18.080009 	 -12.544490 
448995.000000 	 70920.929688 	 42793.914062 	 37055.960938 	 -129.633896 	 102.556747 	 157.053925 	 17.791790 	 9999999999999999538762658202121142272.000000 
448996.000000 	 70982.171875 	 42957.914062 	 36998.527344 	 67.770523 	 132.021896 	 -49.007980 	 20.913713 	 -8.123668 
448997.000000 	 70934.328125 	 42992.406250 	 37031.519531 	 7.054067 	 -33.938221 	 80.683167 	 11.400999 	 9999999999999999538762658202121142272.000000 
448998.000000 	 71001.101562 	 42790.960938 	 36879.140625 	 -91.317909 	 58.118134 	 90.164406 	 12.288784 	 9999999999999999538762658202121142272.000000 
448999.000000 	 70811.398438 	 42884.359375 	 37067.292969 	 -35.599911 	 163.213120 	 -51.174175 	 12.616347 	 9999999999999999538762658202121142272.000000 
449000.000000 	 71066.796875 	 43042.515625 	 37018.285156 	 -162.614716 	 185.281265 	 61.308739 	 10.724123 	 9999999999999999538762658202121142272.000000 
449001.000000 	 71096.804688 	 42934.804688 	 36947.531250 	 54.675472 	 -14.242215 	 54.302353 	 12.572887 	 9999999999999999538762658202121142272.000000 
449002.000000 	 71084.507812 	 42866.335938 	 36952.050781 	 -83.846634 	 -62.728073 	 96.922318 	 12.489736 	 9999999999999999538762658202121142272.000000 
449003.000000 	 71167.406250 	 43010.515625 	 37083.246094 	 -9.580530 	 137.636139 	 56.436169 	 10.738394 	 9999999999999999538762658202121142272.000000 
449004.000000 	 70855.992188 	 42888.578125 	 37088.968750 	 -107.422516 	 155.870346 	 108.021721 	 9.557767 	 9999999999999999538762658202121142272.000000 
449005.000000 	 71013.679688 	 43015.992188 	 37155.230469 	 -2.526856 	 168.036545 	 91.803429 	 12.450081 	 9999999999999999538762658202121142272.000000 
449006.000000 	 70973.359375 	 42934.250000 	 37005.957031 	 -191.213669 	 221.969833 	 44.827278 	 13.153399 	 9999999999999999538762658202121142272.000000 
449007.000000 	 71157.960938 	 42937.414062 	 36925.464844 	 16.300623 	 29.735453 	 45.735600 	 10.366226 	 9999999999999999538762658202121142272.000000 
449008.000000 	 70992.257812 	 42979.679688 	 37101.972656 	 58.778889 	 169.547974 	 41.162514 	 11.640741 	 9999999999999999538762658202121142272.000000 
449009.000000 	 71123.109375 	 43036.515625 	 37002.484375 	 -155.712265 	 162.564011 	 128.533417 	 10.151260 	 9999999999999999538762658202121142272.000000 
449010.000000 	 70914.742188 	 43035.570312 	 37009.882812 	 -75.176407 	 191.385300 	 -46.084942 	 10.399325 	 9999999999999999538762658202121142272.000000 
449011.000000 	 71021.593750 	 42901.726562 	 37026.714844 	 -316.104340 	 276.995239 	 -5.712665 	 12.590315 	 9999999999999999538762658202121142272.000000 
449012.000000 	 70819.109375 	 42861.265625 	 37140.019531 	 -123.484245 	 156.563568 	 89.936371 	 10.355086 	 9999999999999999538762658202121142272.000000 
449013.000000 	 71027.656250 	 42908.320312 	 36970.382812 	 68.309807 	 61.324677 	 -94.103943 	 14.797050 	 9999999999999999538762658202121142272.000000 
449014.000000 	 71010.765625 	 42894.351562 	 37125.656250 	 -82.966331 	 187.400970 	 -67.498756 	 11.681925 	 9999999999999999538762658202121142272.000000 
449015.000000 	 70852.375000 	 42826.914062 	 36994.308594 	 -77.412689 	 198.235703 	 126.675316 	 9.231136 	 9999999999999999538762658202121142272.000000 
449016.000000 	 71153.843750 	 42830.906250 	 36952.195312 	 -132.133163 	 101.153969 	 102.731651 	 12.059325 	 9999999999999999538762658202121142272.000000 
449017.000000 	 71041.843750 	 42906.156250 	 36968.988281 	 36.225925 	 18.985149 	 222.373474 	 11.843315 	 9999999999999999538762658202121142272.000000 
611532.000000 	 70689.234375 	 42091.531250 	 37357.894531 	 -145.187164 	 108.499481 	 72.345970 	 76.603088 	 -17.265450 
611533.000000 	 70685.234375 	 42028.781250 	 37382.957031 	 -177.492020 	 164.526642 	 93.223885 	 34.030838 	 -11.754340 
611534.000000 	 70687.132812 	 42092.164062 	 37381.914062 	 -205.257782 	 127.842560 	 119.284798 	 28.819229 	 9999999999999999538762658202121142272.000000 
611535.000000 	 70620.851562 	 42083.765625 	 37324.433594 	 -124.421555 	 116.720474 	 97.042824 	 10.295779 	 9999999999999999538762658202121142272.000000 
611536.000000 	 70654.984375 	 42080.382812 	 37347.800781 	 -174.260712 	 171.934433 	 25.696674 	 11.389682 	 9999999999999999538762658202121142272.000000 
624315.000000 	 72020.046875 	 43313.890625 	 36057.804688 	 -59.811707 	 107.448303 	 135.933838 	 69.461853 	 -16.315610 
624316.000000 	 71976.117188 	 43378.109375 	 36090.921875 	 -53.881378 	 106.807701 	 98.092018 	 26.943766 	 9999999999999999538762658202121142272.000000 
624317.000000 	 72048.984375 	 43328.132812 	 35973.519531 	 -65.816162 	 62.226170 	 156.580505 	 18.151865 	 9999999999999999538762658202121142272.000000 
624318.000000 	 71983.742188 	 43265.929688 	 36080.500000 	 -20.936485 	 97.613281 	 97.623810 	 9.519132 	 9999999999999999538762658202121142272.000000 
624319.000000 	 72031.132812 	 43267.046875 	 36025.750000 	 -85.940514 	 122.503090 	 105.056885 	 13.089010 	 9999999999999999538762658202121142272.000000 
624968.000000 	 71473.351562 	 44813.156250 	 36758.398438 	 -57.244221 	 63.282490 	 11.277619 	 69.354103 	 -16.959020 
624969.000000 	 71477.601562 	 44797.132812 	 36793.097656 	 -110.740753 	 113.782318 	 14.032887 	 19.069798 	 9999999999999999538762658202121142272.000000 
624970.000000 	 71392.312500 	 44835.210938 	 36738.175781 	 -72.596916 	 42.327362 	 27.041302 	 12.916195 	 9999999999999999538762658202121142272.000000 
624971.000000 	 71469.773438 	 44833.234375 	 36715.921875 	 -42.525471 	 67.457886 	 89.019135 	 7.858995 	 9999999999999999538762658202121142272.000000 
633902.000000 	 71938.296875 	 41682.867188 	 36684.664062 	 -113.438370 	 77.368172 	 68.346252 	 70.064674 	 -16.770270 
639880.000000 	 71154.187500 	 43249.242188 	 37113.992188 	 -129.689438 	 -1.790742 	 -36.904869 	 69.842773 	 -16.895930 
639881.000000 	 71137.031250 	 43239.023438 	 37127.984375 	 -107.295235 	 -9.465020 	 -62.493675 	 12.915878 	 9999999999999999538762658202121142272.000000 
639882.000000 	 71146.812500 	 43164.257812 	 37108.847656 	 -17.747942 	 7.783657 	 50.259319 	 11.630185 	 9999999999999999538762658202121142272.000000 
639883.000000 	 71151.890625 	 43231.140625 	 37121.460938 	 -91.746330 	 -8.226305 	 52.006569 	 14.625841 	 9999999999999999538762658202121142272.000000 
639884.000000 	 71158.617188 	 43223.085938 	 37144.570312 	 -52.174862 	 -8.549141 	 6.094309 	 12.624026 	 9999999999999999538762658202121142272.000000 
639885.000000 	 71190.906250 	 43251.968750 	 37157.031250 	 -223.278793 	 -18.261393 	 84.993530 	 8.414023 	 9999999999999999538762658202121142272.000000 
648004.000000 	 72280.687500 	 43839.687500 	 36094.699219 	 -50.966972 	 110.091743 	 131.594070 	 65.006844 	 -16.285690 
648005.000000 	 72323.578125 	 43892.101562 	 36077.335938 	 -32.650337 	 121.951241 	 169.475250 	 12.364561 	 9999999999999999538762658202121142272.000000 
679204.000000 	 70289.328125 	 41820.617188 	 37878.535156 	 -66.519653 	 19.725965 	 65.480515 	 53.201694 	 -14.271650 
679205.000000 	 70275.125000 	 41776.031250 	 37942.218750 	 -99.032768 	 -3.139422 	 53.734615 	 18.061924 	 9999999999999999538762658202121142272.000000 
679206.000000 	 70287.406250 	 41835.953125 	 37906.460938 	 -44.118195 	 9.986411 	 114.829025 	 11.043991 	 9999999999999999538762658202121142272.000000 
697670.000000 	 71782.390625 	 43872.054688 	 36480.417969 	 -129.001709 	 78.739288 	 77.149345 	 54.184414 	 -14.464840 
697671.000000 	 71772.742188 	 43939.554688 	 36491.308594 	 -104.528938 	 58.699619 	 100.425247 	 17.993309 	 9999999999999999538762658202121142272.000000 
714161.000000 	 70558.203125 	 41985.742188 	 37899.882812 	 -69.730186 	 22.456190 	 91.757652 	 52.936672 	 -13.802690 
714162.000000 	 70543.031250 	 41998.476562 	 37934.632812 	 -71.956078 	 -11.671771 	 74.299271 	 13.406004 	 9999999999999999538762658202121142272.000000 
716961.000000 	 70473.703125 	 41932.867188 	 37756.304688 	 -82.902802 	 44.160454 	 57.222759 	 54.453068 	 -15.118950 
720595.000000 	 71128.679688 	 42503.703125 	 37158.226562 	 -90.316109 	 131.934235 	 -14.431699 	 53.050621 	 -14.104450 
727066.000000 	 71604.375000 	 42142.242188 	 35675.449219 	 -64.677155 	 76.715767 	 122.145256 	 44.584709 	 -13.156180 
727067.000000 	 71630.578125 	 42110.656250 	 35699.343750 	 -77.246994 	 31.536104 	 122.778046 	 13.460842 	 9999999999999999538762658202121142272.000000 
727068.000000 	 71615.945312 	 42163.007812 	 35716.796875 	 -91.756271 	 90.202156 	 119.981567 	 13.692242 	 9999999999999999538762658202121142272.000000 
727069.000000 	 71623.554688 	 42131.492188 	 35671.300781 	 -74.499573 	 53.678043 	 125.229179 	 9.880891 	 9999999999999999538762658202121142272.000000 
727070.000000 	 71622.828125 	 42109.281250 	 35699.402344 	 -78.140427 	 47.896526 	 131.881241 	 10.358063 	 9999999999999999538762658202121142272.000000 
727071.000000 	 71606.296875 	 42098.562500 	 35662.558594 	 -32.329845 	 74.393600 	 156.935562 	 7.356168 	 9999999999999999538762658202121142272.000000 
742090.000000 	 72295.953125 	 44307.429688 	 36194.734375 	 -56.881882 	 108.064247 	 103.270386 	 47.623955 	 -13.098800 
745779.000000 	 71035.937500 	 41753.812500 	 35356.578125 	 -48.057999 	 52.387833 	 124.547783 	 50.875130 	 -13.932580 
752387.000000 	 71583.906250 	 43371.554688 	 36570.695312 	 -198.825882 	 88.655540 	 24.227755 	 44.869301 	 -12.421040 
752388.000000 	 71621.437500 	 43397.882812 	 36597.074219 	 -182.217545 	 92.687332 	 27.991930 	 7.470353 	 9999999999999999538762658202121142272.000000 
756630.000000 	 71879.289062 	 43898.265625 	 36733.082031 	 -104.640900 	 26.194052 	 47.553646 	 44.580219 	 -12.463480 
766266.000000 	 71699.921875 	 43346.242188 	 36573.816406 	 -210.770889 	 89.319916 	 10.731655 	 31.467148 	 9999999999999999538762658202121142272.000000 
766267.000000 	 71738.296875 	 43273.796875 	 36560.718750 	 -86.696968 	 -28.850628 	 67.277077 	 25.354094 	 9999999999999999538762658202121142272.000000 
766268.000000 	 71733.539062 	 43326.781250 	 36569.847656 	 -222.314194 	 113.845688 	 -1.096145 	 24.338474 	 9999999999999999538762658202121142272.000000 
766269.000000 	 71698.718750 	 43370.000000 	 36574.828125 	 -196.925537 	 89.641510 	 -1.218406 	 17.243855 	 9999999999999999538762658202121142272.000000 
772436.000000 	 71247.093750 	 43032.351562 	 37438.718750 	 -120.599503 	 81.097870 	 33.549984 	 44.604355 	 -12.742960 
816420.000000 	 71282.281250 	 41743.218750 	 35372.300781 	 -59.551296 	 53.537163 	 134.527939 	 29.918501 	 9999999999999999538762658202121142272.000000 
816421.000000 	 71280.234375 	 41759.414062 	 35352.285156 	 -96.698952 	 63.385864 	 124.893753 	 17.079830 	 9999999999999999538762658202121142272.000000 
837824.000000 	 71778.296875 	 41569.937500 	 35865.593750 	 -83.329613 	 72.333542 	 104.189102 	 33.833179 	 -10.423670 
859534.000000 	 72730.984375 	 43361.390625 	 36679.472656 	 -126.735329 	 97.085861 	 -20.963285 	 31.706964 	 -9.115419 
870289.000000 	 71455.773438 	 43463.054688 	 36647.636719 	 -194.801849 	 82.626122 	 97.163834 	 33.601738 	 -9.422990 
872715.000000 	 70875.335938 	 41769.570312 	 35361.347656 	 -36.626232 	 45.814739 	 141.883743 	 29.781635 	 9999999999999999538762658202121142272.000000 
880118.000000 	 70694.765625 	 42598.414062 	 34973.003906 	 -45.635448 	 67.710869 	 146.967178 	 25.980486 	 9999999999999999538762658202121142272.000000 
880119.000000 	 70711.820312 	 42640.375000 	 34975.804688 	 -54.903259 	 44.919804 	 150.387573 	 8.793764 	 9999999999999999538762658202121142272.000000 
881199.000000 	 71777.632812 	 42530.031250 	 35818.351562 	 -51.239204 	 76.744225 	 139.993988 	 24.589981 	 9999999999999999538762658202121142272.000000 
881200.000000 	 71756.234375 	 42551.656250 	 35788.675781 	 -43.727531 	 55.353756 	 139.518692 	 11.265737 	 9999999999999999538762658202121142272.000000 
925372.000000 	 71494.578125 	 41715.703125 	 35584.687500 	 -74.272034 	 66.933830 	 116.332489 	 21.928749 	 -8.820341 
925373.000000 	 71509.257812 	 41679.617188 	 35589.792969 	 -75.730286 	 65.359016 	 107.478928 	 18.266996 	 9999999999999999538762658202121142272.000000 
925374.000000 	 71480.078125 	 41664.937500 	 35600.468750 	 -67.548584 	 78.198105 	 129.668472 	 9.013954 	 9999999999999999538762658202121142272.000000 
927489.000000 	 72511.562500 	 44102.234375 	 36040.691406 	 -100.568123 	 108.364464 	 37.407528 	 24.954214 	 9999999999999999538762658202121142272.000000 
927490.000000 	 72538.523438 	 44103.125000 	 36053.277344 	 -121.541206 	 103.504272 	 35.140896 	 17.187868 	 9999999999999999538762658202121142272.000000 
927491.000000 	 72502.687500 	 44126.750000 	 36059.140625 	 -88.959633 	 96.703842 	 41.446312 	 9.376032 	 9999999999999999538762658202121142272.000000 
945407.000000 	 71939.203125 	 43874.429688 	 36399.230469 	 -138.153931 	 75.454956 	 75.144005 	 26.755451 	 9999999999999999538762658202121142272.000000 
946494.000000 	 72253.742188 	 44448.468750 	 36541.105469 	 -55.706017 	 76.290161 	 60.980789 	 26.976826 	 -9.336873 
946495.000000 	 72238.117188 	 44444.078125 	 36533.921875 	 -46.784859 	 88.867233 	 58.693356 	 15.335144 	 9999999999999999538762658202121142272.000000 
949939.000000 	 71789.515625 	 43840.921875 	 36927.226562 	 -117.552261 	 39.123611 	 65.475838 	 26.975403 	 9999999999999999538762658202121142272.000000 
953359.000000 	 71277.320312 	 43619.257812 	 37157.429688 	 -130.220535 	 13.315017 	 -68.496567 	 28.042809 	 -8.821852 
954237.000000 	 72220.750000 	 44117.039062 	 36092.308594 	 -110.003693 	 107.216324 	 53.688286 	 26.462729 	 -8.338388 
954238.000000 	 72192.898438 	 44096.093750 	 36087.378906 	 -103.264534 	 123.083466 	 48.756519 	 17.917528 	 9999999999999999538762658202121142272.000000 
956311.000000 	 70750.390625 	 41727.476562 	 37223.078125 	 -144.377975 	 108.396652 	 91.926590 	 26.308634 	 -8.653466 
961651.000000 	 70614.382812 	 41208.734375 	 37662.035156 	 -118.742317 	 54.652172 	 136.286728 	 22.215166 	 9999999999999999538762658202121142272.000000 
961652.000000 	 70597.492188 	 41222.218750 	 37651.656250 	 -121.962791 	 54.473602 	 149.882187 	 11.087526 	 9999999999999999538762658202121142272.000000 
964707.000000 	 71292.500000 	 44417.320312 	 37015.066406 	 -47.400536 	 56.700336 	 7.568061 	 26.782337 	 9999999999999999538762658202121142272.000000 
973090.000000 	 71027.671875 	 43482.140625 	 37013.835938 	 -87.339546 	 65.428925 	 91.435654 	 30.566763 	 -9.142786 
985345.000000 	 71386.453125 	 43505.679688 	 37262.531250 	 -166.666794 	 48.845734 	 84.282379 	 21.709547 	 9999999999999999538762658202121142272.000000 
985346.000000 	 71406.703125 	 43471.007812 	 37238.687500 	 -160.184967 	 49.610474 	 80.675255 	 15.324288 	 9999999999999999538762658202121142272.000000 
993771.000000 	 70114.679688 	 41775.804688 	 37602.875000 	 -129.523682 	 4.487531 	 7.367799 	 24.745089 	 9999999999999999538762658202121142272.000000 
1014850.000000 	 71576.585938 	 43480.273438 	 37207.992188 	 -152.626221 	 49.715385 	 135.357300 	 28.449703 	 9999999999999999538762658202121142272.000000 
1047893.000000 	 71760.804688 	 43449.273438 	 36560.523438 	 -53.523788 	 -31.149124 	 22.635561 	 23.841080 	 9999999999999999538762658202121142272.000000 
1050257.000000 	 71775.054688 	 43712.257812 	 36988.488281 	 -121.720032 	 65.004761 	 123.613632 	 27.849552 	 -9.478024 
1051382.000000 	 71372.289062 	 43378.421875 	 37241.406250 	 -189.418762 	 37.283806 	 148.420105 	 25.390337 	 9999999999999999538762658202121142272.000000 
1063618.000000 	 72531.687500 	 44102.812500 	 35908.632812 	 -103.305893 	 122.475563 	 47.839176 	 20.866383 	 9999999999999999538762658202121142272.000000 
1067328.000000 	 71400.585938 	 41932.531250 	 35429.617188 	 -49.697124 	 52.192909 	 121.630798 	 23.197731 	 9999999999999999538762658202121142272.000000 
1121890.000000 	 71646.453125 	 44392.664062 	 36594.867188 	 -70.788994 	 49.864429 	 25.338955 	 19.776281 	 9999999999999999538762658202121142272.000000 
1148078.000000 	 70312.742188 	 42507.718750 	 37254.265625 	 -88.928886 	 107.333755 	 49.399990 	 22.848099 	 9999999999999999538762658202121142272.000000 
1150860.000000 	 71263.531250 	 41195.546875 	 36862.617188 	 -157.705658 	 67.146538 	 24.488064 	 20.880350 	 9999999999999999538762658202121142272.000000 
1156642.000000 	 70309.773438 	 41844.765625 	 38015.093750 	 -34.189888 	 5.635168 	 102.464401 	 20.580732 	 9999999999999999538762658202121142272.000000 
1191059.000000 	 70837.929688 	 42863.140625 	 36947.496094 	 27.467190 	 121.033302 	 83.305107 	 19.453804 	 9999999999999999538762658202121142272.000000 
1200581.000000 	 69287.335938 	 42835.500000 	 37098.210938 	 -91.157021 	 60.869347 	 130.594391 	 22.389456 	 9999999999999999538762658202121142272.000000 
1216411.000000 	 71558.101562 	 43405.890625 	 36721.566406 	 -51.612743 	 -55.127468 	 16.884995 	 20.404421 	 9999999999999999538762658202121142272.000000 
1217711.000000 	 71680.687500 	 41447.242188 	 35710.964844 	 -91.619225 	 72.657593 	 113.601387 	 20.468946 	 9999999999999999538762658202121142272.000000 
1217712.000000 	 71239.539062 	 43404.281250 	 36988.257812 	 32.209694 	 -17.725842 	 142.781876 	 19.051109 	 9999999999999999538762658202121142272.000000 
1229377.000000 	 71160.742188 	 43353.898438 	 37205.542969 	 -188.149231 	 -5.308474 	 23.494356 	 17.395159 	 9999999999999999538762658202121142272.000000 
1243112.000000 	 69317.664062 	 42975.398438 	 37300.007812 	 -92.285294 	 54.987007 	 118.328384 	 19.696926 	 9999999999999999538762658202121142272.000000 
1257233.000000 	 70845.921875 	 42798.726562 	 36915.160156 	 -105.946114 	 154.654419 	 119.999069 	 22.391376 	 9999999999999999538762658202121142272.000000 
1265002.000000 	 73024.179688 	 43022.562500 	 36098.718750 	 -77.906631 	 112.886406 	 46.930649 	 17.729856 	 9999999999999999538762658202121142272.000000 
1265003.000000 	 73006.085938 	 43042.445312 	 36101.386719 	 -72.496758 	 100.437447 	 46.331242 	 12.071832 	 9999999999999999538762658202121142272.000000 
1269660.000000 	 70776.703125 	 41865.468750 	 35361.250000 	 -38.830257 	 39.401470 	 129.037750 	 19.884964 	 9999999999999999538762658202121142272.000000 
1275987.000000 	 72127.140625 	 42230.226562 	 35939.683594 	 -80.284904 	 86.292725 	 107.254471 	 17.839968 	 9999999999999999538762658202121142272.000000 
1280759.000000 	 69861.601562 	 42374.390625 	 35813.410156 	 -70.839455 	 59.393116 	 137.827026 	 18.217295 	 9999999999999999538762658202121142272.000000 
1292477.000000 	 71124.625000 	 42710.390625 	 36818.214844 	 -78.149742 	 176.774033 	 49.268471 	 20.413994 	 9999999999999999538762658202121142272.000000 
1310191.000000 	 72109.070312 	 43957.570312 	 36527.843750 	 -72.391861 	 109.709961 	 117.171654 	 19.007849 	 9999999999999999538762658202121142272.000000 
1313883.000000 	 72346.625000 	 44030.609375 	 36157.078125 	 -51.835697 	 98.783798 	 138.582260 	 19.603354 	 9999999999999999538762658202121142272.000000 
1321403.000000 	 71628.007812 	 44869.609375 	 36371.261719 	 -61.137585 	 78.158630 	 37.636414 	 19.125448 	 9999999999999999538762658202121142272.000000 
1322991.000000 	 71579.000000 	 43336.546875 	 36646.726562 	 -209.505966 	 110.904869 	 21.040306 	 19.761353 	 9999999999999999538762658202121142272.000000 
1332991.000000 	 72000.218750 	 44526.781250 	 36513.640625 	 -21.069407 	 83.586365 	 92.748871 	 16.047365 	 9999999999999999538762658202121142272.000000 
1335025.000000 	 71610.945312 	 43917.078125 	 36675.945312 	 -103.480827 	 33.807529 	 87.534798 	 21.311838 	 9999999999999999538762658202121142272.000000 
1343134.000000 	 70907.492188 	 42954.945312 	 37274.597656 	 -27.590805 	 126.145592 	 -30.724140 	 17.963997 	 9999999999999999538762658202121142272.000000 
1353452.000000 	 71174.664062 	 43378.984375 	 37121.238281 	 -51.747787 	 15.399928 	 65.154968 	 18.849846 	 9999999999999999538762658202121142272.000000 
1356315.000000 	 71025.140625 	 44981.367188 	 36705.335938 	 -79.285904 	 76.839447 	 -8.526471 	 16.768133 	 9999999999999999538762658202121142272.000000 
1356316.000000 	 71007.992188 	 44983.679688 	 36711.859375 	 -69.773026 	 71.659164 	 -17.901348 	 15.243743 	 9999999999999999538762658202121142272.000000 
1362031.000000 	 71824.664062 	 43878.664062 	 36737.906250 	 -131.297485 	 77.976036 	 99.104866 	 18.364166 	 9999999999999999538762658202121142272.000000 
1364214.000000 	 71845.218750 	 41846.437500 	 35998.296875 	 -79.918594 	 75.786636 	 103.407005 	 18.674583 	 9999999999999999538762658202121142272.000000 
1382165.000000 	 71021.843750 	 43374.281250 	 36910.937500 	 -118.136826 	 -8.404071 	 104.594879 	 17.343912 	 9999999999999999538762658202121142272.000000 
1389058.000000 	 71164.992188 	 42511.656250 	 37223.496094 	 -90.004677 	 131.544525 	 -40.939472 	 22.378906 	 9999999999999999538762658202121142272.000000 
1398495.000000 	 71317.437500 	 44696.820312 	 36564.632812 	 -40.156071 	 52.244820 	 21.139683 	 18.583281 	 9999999999999999538762658202121142272.000000 
1405972.000000 	 71458.757812 	 41467.507812 	 35606.894531 	 -67.719528 	 63.796478 	 103.836121 	 14.774901 	 9999999999999999538762658202121142272.000000 
1405975.000000 	 70835.023438 	 42677.679688 	 36942.289062 	 -2.868464 	 83.495514 	 44.285107 	 20.135355 	 9999999999999999538762658202121142272.000000 
1408418.000000 	 70358.828125 	 42021.218750 	 37623.039062 	 -144.671524 	 91.528534 	 69.305824 	 16.428646 	 9999999999999999538762658202121142272.000000 
1408419.000000 	 71440.882812 	 44732.523438 	 36623.718750 	 -37.119385 	 66.997353 	 37.395138 	 18.156038 	 9999999999999999538762658202121142272.000000 
1410993.000000 	 71171.531250 	 42977.171875 	 36881.132812 	 -36.706085 	 104.659859 	 -3.303647 	 14.292124 	 9999999999999999538762658202121142272.000000 
1418752.000000 	 71569.179688 	 44581.890625 	 36694.613281 	 -61.439590 	 73.201225 	 13.045605 	 20.330025 	 9999999999999999538762658202121142272.000000 
1435582.000000 	 70562.304688 	 42822.500000 	 36901.972656 	 -53.108166 	 120.928032 	 47.431587 	 18.175299 	 9999999999999999538762658202121142272.000000 
1451324.000000 	 71824.648438 	 43545.453125 	 37103.218750 	 -114.773026 	 52.013901 	 133.014450 	 19.525021 	 9999999999999999538762658202121142272.000000 
1468762.000000 	 70813.906250 	 42087.718750 	 35661.890625 	 -50.103611 	 56.093987 	 126.216934 	 16.118242 	 9999999999999999538762658202121142272.000000 
1481071.000000 	 69172.273438 	 42898.476562 	 37419.617188 	 -102.892395 	 50.452415 	 114.629387 	 12.075057 	 9999999999999999538762658202121142272.000000 
1481072.000000 	 69185.890625 	 42898.000000 	 37423.371094 	 -98.185287 	 50.275642 	 105.341049 	 8.550864 	 9999999999999999538762658202121142272.000000 
1481073.000000 	 71927.390625 	 42885.937500 	 35992.851562 	 -49.499405 	 92.231544 	 150.273880 	 18.144514 	 9999999999999999538762658202121142272.000000 
1487376.000000 	 71095.007812 	 42949.679688 	 37522.156250 	 -70.915665 	 158.960129 	 49.184135 	 17.113152 	 9999999999999999538762658202121142272.000000 
1490553.000000 	 71576.960938 	 44467.757812 	 36599.785156 	 -74.454681 	 47.818871 	 15.472068 	 16.715889 	 9999999999999999538762658202121142272.000000 
1493740.000000 	 71191.609375 	 43078.109375 	 36881.742188 	 -6.442053 	 6.650995 	 -9.936602 	 16.880159 	 9999999999999999538762658202121142272.000000 
1496979.000000 	 70674.062500 	 42727.132812 	 37003.371094 	 -87.274590 	 59.551594 	 106.818451 	 19.518684 	 9999999999999999538762658202121142272.000000 
1501279.000000 	 71222.718750 	 44468.695312 	 36658.656250 	 -49.045353 	 61.202564 	 8.420682 	 18.251558 	 9999999999999999538762658202121142272.000000 
1503524.000000 	 70980.187500 	 41140.000000 	 36802.210938 	 -88.619774 	 55.199715 	 133.001556 	 16.795925 	 9999999999999999538762658202121142272.000000 
1506851.000000 	 70928.171875 	 42646.906250 	 36700.753906 	 -143.289902 	 105.856087 	 45.094559 	 17.550077 	 9999999999999999538762658202121142272.000000 
1520298.000000 	 71866.203125 	 42710.804688 	 35936.707031 	 -53.846462 	 81.059319 	 143.897522 	 17.623266 	 9999999999999999538762658202121142272.000000 
1523754.000000 	 70133.109375 	 41421.804688 	 37663.039062 	 -141.260025 	 39.009109 	 98.177284 	 17.163782 	 9999999999999999538762658202121142272.000000 
1527294.000000 	 71710.976562 	 43388.500000 	 37155.542969 	 -114.092003 	 -17.648712 	 84.510437 	 17.549685 	 9999999999999999538762658202121142272.000000 
1535544.000000 	 72020.429688 	 42375.593750 	 37954.835938 	 -147.840164 	 63.269482 	 -9.703824 	 16.945517 	 9999999999999999538762658202121142272.000000 
1545239.000000 	 70813.093750 	 42204.179688 	 37791.675781 	 -60.103973 	 53.094109 	 83.064400 	 19.257963 	 9999999999999999538762658202121142272.000000 
1548909.000000 	 69425.179688 	 43013.882812 	 37243.683594 	 -92.883507 	 52.795277 	 123.656822 	 14.386604 	 9999999999999999538762658202121142272.000000 
1553993.000000 	 71618.546875 	 44674.914062 	 37696.285156 	 -119.010574 	 80.191238 	 -21.157320 	 17.180368 	 9999999999999999538762658202121142272.000000 
1560423.000000 	 71728.398438 	 43560.359375 	 37103.976562 	 -129.676300 	 49.870296 	 121.609932 	 15.731469 	 9999999999999999538762658202121142272.000000 
1564325.000000 	 72073.367188 	 44565.062500 	 36374.167969 	 -72.009941 	 86.385788 	 64.860916 	 16.896362 	 9999999999999999538762658202121142272.000000 
1564326.000000 	 71419.570312 	 42878.625000 	 36837.917969 	 -63.077824 	 67.501404 	 45.788956 	 13.981494 	 9999999999999999538762658202121142272.000000 
1575506.000000 	 71782.476562 	 43334.304688 	 36607.113281 	 -200.966629 	 106.516891 	 -12.509628 	 12.925553 	 9999999999999999538762658202121142272.000000 
1592304.000000 	 71348.070312 	 43578.312500 	 37336.187500 	 -162.748566 	 15.371772 	 102.404907 	 14.894128 	 9999999999999999538762658202121142272.000000 
1592305.000000 	 71348.750000 	 43593.171875 	 37324.906250 	 -141.009018 	 38.323212 	 74.774643 	 13.420126 	 9999999999999999538762658202121142272.000000 
1600913.000000 	 70895.492188 	 41874.398438 	 37305.402344 	 -172.346237 	 100.819275 	 84.198677 	 13.471511 	 9999999999999999538762658202121142272.000000 
1600914.000000 	 72072.281250 	 43940.265625 	 36326.937500 	 -127.798309 	 69.684494 	 62.053436 	 12.102044 	 9999999999999999538762658202121142272.000000 
1609551.000000 	 69802.140625 	 42357.054688 	 37874.300781 	 -83.814308 	 14.871974 	 81.602982 	 17.128380 	 9999999999999999538762658202121142272.000000 
1623096.000000 	 70018.945312 	 41684.039062 	 37682.464844 	 -78.748833 	 -10.217948 	 33.848923 	 14.929240 	 9999999999999999538762658202121142272.000000 
1636956.000000 	 72260.843750 	 41517.242188 	 36320.988281 	 -97.179611 	 87.024017 	 68.463425 	 18.504271 	 9999999999999999538762658202121142272.000000 
1641615.000000 	 70806.179688 	 42204.320312 	 36940.425781 	 -59.283161 	 61.149532 	 -9.261198 	 15.261877 	 9999999999999999538762658202121142272.000000 
1646393.000000 	 70672.976562 	 42872.101562 	 37223.148438 	 -47.638073 	 135.429214 	 -17.380297 	 17.642397 	 9999999999999999538762658202121142272.000000 
1660830.000000 	 71149.773438 	 43001.265625 	 36907.187500 	 34.478477 	 147.670013 	 74.421379 	 15.937997 	 9999999999999999538762658202121142272.000000 
1660831.000000 	 69629.484375 	 44066.671875 	 37784.378906 	 -110.626549 	 58.944340 	 51.831238 	 16.477438 	 9999999999999999538762658202121142272.000000 
1662490.000000 	 71469.750000 	 44412.093750 	 37339.222656 	 -117.484306 	 64.820953 	 -28.620340 	 16.523365 	 9999999999999999538762658202121142272.000000 
1665692.000000 	 72181.039062 	 44761.500000 	 36338.730469 	 -19.501068 	 89.256844 	 74.644272 	 13.145863 	 9999999999999999538762658202121142272.000000 
1670007.000000 	 71203.898438 	 43354.960938 	 36984.902344 	 -180.499084 	 -34.161083 	 33.002373 	 15.377492 	 9999999999999999538762658202121142272.000000 
1702140.000000 	 71791.843750 	 44120.203125 	 36758.566406 	 -86.034737 	 35.629704 	 66.570786 	 15.808151 	 9999999999999999538762658202121142272.000000 
1702141.000000 	 71467.367188 	 43444.070312 	 37329.316406 	 -180.693756 	 47.216568 	 69.881088 	 13.815274 	 9999999999999999538762658202121142272.000000 
1713161.000000 	 71225.726562 	 43346.835938 	 37285.402344 	 -173.152023 	 -3.527698 	 23.556776 	 16.845085 	 9999999999999999538762658202121142272.000000 
1718727.000000 	 72077.218750 	 41800.617188 	 35713.546875 	 -81.793358 	 78.049835 	 117.564087 	 11.325875 	 9999999999999999538762658202121142272.000000 
1718728.000000 	 72069.531250 	 41804.015625 	 35692.664062 	 -73.483978 	 73.010689 	 112.599098 	 9.923254 	 9999999999999999538762658202121142272.000000 
1736173.000000 	 70666.953125 	 42995.382812 	 36961.164062 	 -21.009081 	 124.611412 	 31.688856 	 17.118374 	 9999999999999999538762658202121142272.000000 
1742087.000000 	 71178.125000 	 43294.953125 	 37045.226562 	 -63.179207 	 -31.741766 	 -30.762808 	 16.657272 	 9999999999999999538762658202121142272.000000 
1744159.000000 	 70761.898438 	 44581.945312 	 37150.597656 	 -90.389961 	 64.945625 	 -11.323139 	 13.525962 	 9999999999999999538762658202121142272.000000 
1754075.000000 	 72160.921875 	 43952.242188 	 36434.187500 	 -67.819313 	 100.800148 	 120.839455 	 15.332203 	 9999999999999999538762658202121142272.000000 
1785321.000000 	 71833.687500 	 43815.679688 	 36715.285156 	 -84.314491 	 106.815315 	 140.794083 	 14.741487 	 9999999999999999538762658202121142272.000000 
1798367.000000 	 71251.671875 	 43387.375000 	 36902.484375 	 -15.601957 	 67.475777 	 108.594696 	 16.920971 	 9999999999999999538762658202121142272.000000 
1798368.000000 	 72120.476562 	 44045.843750 	 36631.308594 	 -78.680962 	 71.843590 	 98.161636 	 15.406466 	 9999999999999999538762658202121142272.000000 
1811621.000000 	 71446.976562 	 44541.937500 	 36306.855469 	 -69.562607 	 63.404873 	 43.344154 	 17.312737 	 9999999999999999538762658202121142272.000000 
1818535.000000 	 71000.929688 	 43403.835938 	 36869.609375 	 -95.014816 	 26.391186 	 121.672745 	 14.650552 	 9999999999999999538762658202121142272.000000 
1818536.000000 	 72121.140625 	 43436.320312 	 36355.273438 	 -131.430130 	 116.684853 	 64.922256 	 14.486087 	 9999999999999999538762658202121142272.000000 
1832543.000000 	 70894.593750 	 42711.984375 	 37038.035156 	 -58.491703 	 82.981789 	 118.405396 	 21.647568 	 9999999999999999538762658202121142272.000000 
1832545.000000 	 69820.320312 	 42156.531250 	 37972.167969 	 -82.377350 	 8.089190 	 84.322281 	 16.605640 	 9999999999999999538762658202121142272.000000 
1845643.000000 	 72149.992188 	 41642.210938 	 36226.730469 	 -123.552025 	 81.114792 	 23.391418 	 16.087456 	 9999999999999999538762658202121142272.000000 
1846942.000000 	 71561.421875 	 43094.734375 	 36814.207031 	 -118.413742 	 124.269569 	 101.362900 	 12.030919 	 9999999999999999538762658202121142272.000000 
1846945.000000 	 71773.640625 	 42697.710938 	 35950.281250 	 -65.201019 	 96.559639 	 125.689941 	 15.390495 	 9999999999999999538762658202121142272.000000 
1854270.000000 	 71407.296875 	 43599.093750 	 37074.765625 	 -110.897476 	 39.224888 	 5.487028 	 17.871168 	 9999999999999999538762658202121142272.000000 
1884669.000000 	 71206.578125 	 43339.382812 	 36775.101562 	 -81.605026 	 68.720558 	 -54.219116 	 18.358664 	 -9.615225 
1884672.000000 	 70550.414062 	 42749.921875 	 35245.972656 	 -52.866928 	 67.169891 	 132.432877 	 10.449210 	 9999999999999999538762658202121142272.000000 
1892444.000000 	 72444.007812 	 41720.226562 	 36351.578125 	 -91.114128 	 60.446705 	 64.078171 	 16.013523 	 9999999999999999538762658202121142272.000000 
1908525.000000 	 71484.273438 	 43119.039062 	 36843.812500 	 -43.376438 	 15.811464 	 166.148010 	 10.073757 	 9999999999999999538762658202121142272.000000 
1911363.000000 	 71671.664062 	 44884.187500 	 36210.996094 	 -99.078583 	 82.142998 	 -14.872216 	 13.977491 	 9999999999999999538762658202121142272.000000 
1916736.000000 	 71547.062500 	 44683.687500 	 36639.578125 	 -75.417000 	 81.967514 	 -2.563382 	 13.501708 	 9999999999999999538762658202121142272.000000 
1925053.000000 	 69216.664062 	 42970.726562 	 36998.953125 	 -91.649811 	 58.994598 	 136.486496 	 12.483925 	 9999999999999999538762658202121142272.000000 
1950956.000000 	 70270.945312 	 41810.015625 	 37957.511719 	 -92.361176 	 18.819729 	 47.115574 	 11.332767 	 9999999999999999538762658202121142272.000000 
1958252.000000 	 71807.101562 	 43403.695312 	 36517.125000 	 -65.697021 	 -28.778963 	 40.767883 	 14.212253 	 9999999999999999538762658202121142272.000000 
1959808.000000 	 71731.203125 	 42549.429688 	 35896.804688 	 -61.979427 	 94.041458 	 119.083130 	 12.786801 	 9999999999999999538762658202121142272.000000 
1959809.000000 	 71748.156250 	 42552.539062 	 35875.250000 	 -82.553986 	 98.548874 	 109.167641 	 10.177125 	 9999999999999999538762658202121142272.000000 
1978191.000000 	 71222.734375 	 43010.140625 	 37049.195312 	 -205.959839 	 110.424866 	 -4.054187 	 16.219799 	 9999999999999999538762658202121142272.000000 
1978195.000000 	 72415.906250 	 44228.585938 	 36216.500000 	 -47.999168 	 85.327431 	 102.441795 	 15.268082 	 9999999999999999538762658202121142272.000000 
1981455.000000 	 69872.835938 	 41629.890625 	 37705.929688 	 -131.579742 	 0.861624 	 0.356593 	 13.916988 	 9999999999999999538762658202121142272.000000 
1987519.000000 	 71788.171875 	 41225.093750 	 36963.683594 	 -101.929016 	 67.268501 	 95.457870 	 11.428863 	 9999999999999999538762658202121142272.000000 
1996915.000000 	 70492.742188 	 41994.421875 	 37731.035156 	 -156.480286 	 80.000916 	 47.084919 	 11.531103 	 9999999999999999538762658202121142272.000000 
1996916.000000 	 69632.171875 	 42623.953125 	 37863.054688 	 -98.591850 	 20.638779 	 59.342655 	 14.226279 	 9999999999999999538762658202121142272.000000 
2006464.000000 	 69825.132812 	 42528.625000 	 36870.011719 	 -67.655067 	 58.636604 	 141.460785 	 11.382002 	 9999999999999999538762658202121142272.000000 
2016413.000000 	 71917.859375 	 43146.687500 	 36028.328125 	 -48.557037 	 128.738068 	 140.231857 	 11.288258 	 9999999999999999538762658202121142272.000000 
2024527.000000 	 72413.484375 	 42362.359375 	 36104.714844 	 -114.949852 	 84.266144 	 29.832771 	 15.207939 	 9999999999999999538762658202121142272.000000 
2036275.000000 	 71045.046875 	 42295.789062 	 37428.847656 	 -59.633472 	 81.416748 	 7.927980 	 16.180101 	 9999999999999999538762658202121142272.000000 
2036276.000000 	 69678.203125 	 42242.226562 	 37070.464844 	 -77.174187 	 52.024712 	 137.907059 	 13.332156 	 9999999999999999538762658202121142272.000000 
2036277.000000 	 70650.179688 	 41905.140625 	 35393.566406 	 -39.211849 	 48.492104 	 130.930344 	 11.228127 	 9999999999999999538762658202121142272.000000 
2046723.000000 	 70631.218750 	 42713.382812 	 37374.753906 	 -131.616959 	 141.817932 	 14.466866 	 17.603155 	 9999999999999999538762658202121142272.000000 
2046724.000000 	 71410.078125 	 44756.429688 	 36561.160156 	 -38.064495 	 43.309025 	 22.853203 	 12.105776 	 9999999999999999538762658202121142272.000000 
2057192.000000 	 71461.335938 	 43057.179688 	 36738.121094 	 -155.186966 	 -43.122921 	 122.616585 	 18.080168 	 9999999999999999538762658202121142272.000000 
2057195.000000 	 71957.320312 	 43203.789062 	 35955.312500 	 -46.167915 	 136.088303 	 126.758057 	 13.732935 	 9999999999999999538762658202121142272.000000 
2057196.000000 	 72145.656250 	 44556.101562 	 36464.976562 	 -23.825445 	 80.400391 	 78.034805 	 12.331071 	 9999999999999999538762658202121142272.000000 
2067967.000000 	 70830.125000 	 41618.148438 	 37519.515625 	 -150.976486 	 96.295837 	 71.096542 	 15.792509 	 9999999999999999538762658202121142272.000000 
2067968.000000 	 71484.632812 	 44857.492188 	 36171.285156 	 -70.172462 	 80.476959 	 32.269794 	 10.274554 	 9999999999999999538762658202121142272.000000 
2112604.000000 	 70844.828125 	 43015.640625 	 37101.328125 	 -0.657565 	 102.844612 	 -41.370445 	 14.826626 	 9999999999999999538762658202121142272.000000 
2148246.000000 	 70462.695312 	 41601.679688 	 37575.394531 	 -109.322151 	 28.635193 	 30.196724 	 14.956542 	 9999999999999999538762658202121142272.000000 
2148247.000000 	 69592.929688 	 42020.023438 	 37217.015625 	 -81.456131 	 45.990688 	 140.494583 	 14.571711 	 9999999999999999538762658202121142272.000000 
2148248.000000 	 71667.570312 	 43374.898438 	 36807.824219 	 -99.660477 	 -39.669872 	 80.218361 	 12.454978 	 9999999999999999538762658202121142272.000000 
2164925.000000 	 71080.265625 	 42426.781250 	 37565.277344 	 -169.647079 	 70.137627 	 -39.841640 	 10.180002 	 9999999999999999538762658202121142272.000000 
2170784.000000 	 71898.734375 	 43455.546875 	 36415.765625 	 -160.702591 	 119.124176 	 51.323994 	 12.822354 	 9999999999999999538762658202121142272.000000 
2173103.000000 	 72409.468750 	 44155.000000 	 35970.523438 	 -34.240887 	 106.618103 	 139.054871 	 9.271961 	 9999999999999999538762658202121142272.000000 
2173106.000000 	 71582.781250 	 42262.640625 	 35699.660156 	 -48.132439 	 54.458755 	 131.801392 	 10.463519 	 9999999999999999538762658202121142272.000000 
2185914.000000 	 70065.367188 	 41410.437500 	 37631.343750 	 -154.944000 	 45.739445 	 93.428314 	 11.589147 	 9999999999999999538762658202121142272.000000 
2185916.000000 	 71056.554688 	 41442.351562 	 36935.406250 	 -166.736740 	 77.267990 	 24.905092 	 12.680444 	 9999999999999999538762658202121142272.000000 
2185917.000000 	 70737.195312 	 42678.921875 	 36932.332031 	 -11.949142 	 92.583099 	 170.775238 	 10.163458 	 9999999999999999538762658202121142272.000000 
2190434.000000 	 71570.007812 	 43944.437500 	 38661.863281 	 -133.036591 	 71.779465 	 -3.529258 	 12.220279 	 9999999999999999538762658202121142272.000000 
2198981.000000 	 71904.851562 	 43777.429688 	 36454.964844 	 -132.558563 	 62.630981 	 78.688995 	 13.436604 	 9999999999999999538762658202121142272.000000 
2203684.000000 	 70836.554688 	 44425.132812 	 37082.308594 	 -85.299110 	 60.731998 	 -12.652231 	 16.331642 	 9999999999999999538762658202121142272.000000 
2212300.000000 	 70684.898438 	 41566.187500 	 36941.511719 	 -157.445145 	 91.275513 	 74.860802 	 13.269835 	 9999999999999999538762658202121142272.000000 
2212301.000000 	 71053.500000 	 43339.265625 	 36955.773438 	 -67.056038 	 4.601848 	 129.407547 	 12.978069 	 9999999999999999538762658202121142272.000000 
2212303.000000 	 69954.437500 	 41784.164062 	 38047.113281 	 -66.011101 	 22.338184 	 119.087402 	 12.309413 	 9999999999999999538762658202121142272.000000 
2212306.000000 	 71008.375000 	 41870.593750 	 37331.527344 	 -113.203087 	 92.756172 	 139.448700 	 11.427718 	 9999999999999999538762658202121142272.000000 
2226100.000000 	 72488.226562 	 44143.710938 	 35922.292969 	 -89.790596 	 119.422462 	 48.173035 	 13.284204 	 9999999999999999538762658202121142272.000000 
2240291.000000 	 69582.789062 	 42564.257812 	 37909.890625 	 -90.932503 	 21.610338 	 84.525764 	 12.932325 	 9999999999999999538762658202121142272.000000 
2254400.000000 	 70070.523438 	 41722.421875 	 37668.832031 	 -120.637047 	 13.936311 	 -16.314003 	 6.986287 	 9999999999999999538762658202121142272.000000 
2254404.000000 	 71491.382812 	 44604.640625 	 36625.097656 	 -76.410568 	 63.166027 	 22.161196 	 12.946302 	 9999999999999999538762658202121142272.000000 
2266233.000000 	 71131.335938 	 43373.835938 	 36935.691406 	 -140.834457 	 19.305634 	 154.101410 	 11.985885 	 9999999999999999538762658202121142272.000000 
2283608.000000 	 71285.296875 	 42992.875000 	 36897.082031 	 -206.737244 	 -53.291553 	 146.807938 	 8.135172 	 9999999999999999538762658202121142272.000000 
2283610.000000 	 71156.921875 	 43596.726562 	 36882.429688 	 1.223553 	 21.912590 	 139.857681 	 11.316311 	 9999999999999999538762658202121142272.000000 
2283611.000000 	 70301.117188 	 41660.828125 	 38025.789062 	 -87.049217 	 46.037460 	 108.725204 	 12.519542 	 9999999999999999538762658202121142272.000000 
2283613.000000 	 71504.039062 	 43478.671875 	 37226.218750 	 -174.857422 	 32.607212 	 86.756325 	 13.355616 	 9999999999999999538762658202121142272.000000 
2283614.000000 	 70708.906250 	 42979.125000 	 37057.593750 	 -100.717499 	 110.578560 	 -47.386925 	 13.645089 	 9999999999999999538762658202121142272.000000 
2288718.000000 	 69769.851562 	 41709.351562 	 37690.121094 	 -132.588303 	 44.681805 	 78.930954 	 14.314884 	 9999999999999999538762658202121142272.000000 
2311038.000000 	 72340.515625 	 41616.328125 	 36211.351562 	 -116.807274 	 82.437592 	 13.754739 	 12.233960 	 9999999999999999538762658202121142272.000000 
2313830.000000 	 72055.281250 	 44570.460938 	 36359.738281 	 -72.102211 	 75.075363 	 57.597748 	 12.043183 	 9999999999999999538762658202121142272.000000 
2335340.000000 	 71332.171875 	 43265.156250 	 36540.250000 	 -61.530411 	 -47.052540 	 41.989822 	 14.199515 	 9999999999999999538762658202121142272.000000 
2335341.000000 	 71095.671875 	 41756.289062 	 38108.843750 	 -173.772842 	 54.914070 	 3.471590 	 13.917895 	 9999999999999999538762658202121142272.000000 
2345992.000000 	 71224.156250 	 42981.804688 	 36967.332031 	 -62.844975 	 115.389832 	 234.235321 	 11.307746 	 9999999999999999538762658202121142272.000000 
2345994.000000 	 69891.796875 	 41833.359375 	 37937.015625 	 -139.098892 	 -6.196974 	 -6.615184 	 11.729872 	 9999999999999999538762658202121142272.000000 
2359180.000000 	 71116.125000 	 43471.398438 	 37086.894531 	 -103.408867 	 8.540515 	 118.155167 	 12.400685 	 9999999999999999538762658202121142272.000000 
2362176.000000 	 70853.343750 	 41529.148438 	 37463.730469 	 -105.545937 	 76.554985 	 128.731750 	 13.251408 	 9999999999999999538762658202121142272.000000 
2379210.000000 	 70852.046875 	 42502.414062 	 37305.843750 	 -20.776920 	 113.768806 	 141.434509 	 12.899709 	 9999999999999999538762658202121142272.000000 
2396473.000000 	 72055.117188 	 44531.687500 	 36416.503906 	 -60.081291 	 79.942604 	 59.073418 	 10.828863 	 9999999999999999538762658202121142272.000000 
2396474.000000 	 71166.750000 	 44853.070312 	 36616.207031 	 -64.130470 	 47.721352 	 20.534145 	 13.254381 	 9999999999999999538762658202121142272.000000 
2396478.000000 	 69804.015625 	 42387.523438 	 36617.710938 	 -71.821228 	 59.410835 	 142.741776 	 13.786107 	 9999999999999999538762658202121142272.000000 
2402614.000000 	 70630.742188 	 42928.750000 	 36884.171875 	 -34.760857 	 141.280777 	 48.142876 	 9.537022 	 9999999999999999538762658202121142272.000000 
2402615.000000 	 70658.195312 	 42924.085938 	 36887.656250 	 -23.047956 	 136.609985 	 34.016762 	 9.375797 	 9999999999999999538762658202121142272.000000 
2414214.000000 	 72009.570312 	 41371.179688 	 36796.566406 	 -113.446526 	 86.390793 	 73.899467 	 11.768758 	 9999999999999999538762658202121142272.000000 
2414217.000000 	 70985.007812 	 42544.335938 	 37499.265625 	 -129.116898 	 44.398453 	 51.854584 	 12.271786 	 9999999999999999538762658202121142272.000000 
2414218.000000 	 71529.265625 	 42067.242188 	 35540.113281 	 -47.210369 	 62.992798 	 132.245071 	 10.688694 	 9999999999999999538762658202121142272.000000 
2432289.000000 	 71757.531250 	 44089.492188 	 36530.472656 	 -69.492584 	 22.702396 	 -2.288913 	 13.955964 	 9999999999999999538762658202121142272.000000 
2450928.000000 	 71471.117188 	 41573.820312 	 35553.683594 	 -74.195374 	 68.614853 	 132.041885 	 8.627306 	 9999999999999999538762658202121142272.000000 
2450936.000000 	 71593.476562 	 42131.937500 	 37127.820312 	 -122.143456 	 98.999657 	 99.271011 	 13.179845 	 9999999999999999538762658202121142272.000000 
2469817.000000 	 70908.851562 	 42733.093750 	 36985.445312 	 -118.242996 	 131.808884 	 85.271965 	 10.137775 	 9999999999999999538762658202121142272.000000 
2469820.000000 	 71269.750000 	 43403.726562 	 37247.550781 	 -199.120056 	 28.303181 	 41.203003 	 13.176351 	 9999999999999999538762658202121142272.000000 
2469821.000000 	 71514.382812 	 42376.093750 	 35567.679688 	 -38.961369 	 55.093842 	 140.373184 	 12.603997 	 9999999999999999538762658202121142272.000000 
2489156.000000 	 70623.070312 	 42916.601562 	 37196.488281 	 -113.708603 	 143.073334 	 -12.957103 	 14.783013 	 9999999999999999538762658202121142272.000000 
2489161.000000 	 70935.148438 	 43942.343750 	 36766.855469 	 -22.884655 	 56.274498 	 109.695496 	 12.022396 	 9999999999999999538762658202121142272.000000 
2489162.000000 	 70638.695312 	 41543.781250 	 37891.820312 	 -117.695488 	 61.043472 	 124.206894 	 11.138402 	 9999999999999999538762658202121142272.000000 
2489163.000000 	 71929.507812 	 43133.875000 	 35987.574219 	 -53.871670 	 129.485397 	 107.305710 	 13.312984 	 9999999999999999538762658202121142272.000000 
2496165.000000 	 71367.953125 	 41834.093750 	 38518.253906 	 -157.872574 	 43.404907 	 3.594819 	 12.671484 	 9999999999999999538762658202121142272.000000 
2509164.000000 	 71877.609375 	 43011.117188 	 36065.058594 	 -58.459759 	 117.984413 	 131.693451 	 13.134460 	 9999999999999999538762658202121142272.000000 
2529420.000000 	 71760.054688 	 44422.320312 	 36618.683594 	 -84.956146 	 57.707005 	 49.526600 	 11.377251 	 9999999999999999538762658202121142272.000000 
2529421.000000 	 71499.656250 	 43075.570312 	 36852.074219 	 -109.787468 	 45.377995 	 183.901657 	 11.770853 	 9999999999999999538762658202121142272.000000 
2536677.000000 	 71349.015625 	 43116.250000 	 36505.710938 	 -68.936356 	 -15.675086 	 106.784187 	 14.980855 	 9999999999999999538762658202121142272.000000 
2536678.000000 	 71883.632812 	 42299.281250 	 38046.175781 	 -148.933777 	 61.446400 	 -8.524114 	 12.605629 	 9999999999999999538762658202121142272.000000 
2539459.000000 	 72470.812500 	 42747.554688 	 37468.296875 	 -136.866074 	 82.065025 	 -16.093164 	 13.402021 	 9999999999999999538762658202121142272.000000 
2557622.000000 	 71034.992188 	 41228.781250 	 37990.121094 	 -183.541992 	 57.945084 	 15.951318 	 11.452286 	 9999999999999999538762658202121142272.000000 
2567680.000000 	 72612.109375 	 43528.226562 	 36074.117188 	 -118.460663 	 115.813370 	 12.285556 	 11.208888 	 9999999999999999538762658202121142272.000000 
2567681.000000 	 72415.187500 	 43346.773438 	 36597.855469 	 -142.870956 	 99.985703 	 -15.510069 	 10.574096 	 9999999999999999538762658202121142272.000000 
2571585.000000 	 70681.320312 	 42055.992188 	 37875.238281 	 -85.475784 	 32.655544 	 81.189056 	 14.154385 	 9999999999999999538762658202121142272.000000 
2571588.000000 	 72370.648438 	 44164.593750 	 36264.398438 	 -98.729774 	 119.171150 	 79.638695 	 14.540836 	 9999999999999999538762658202121142272.000000 
2579272.000000 	 69981.851562 	 41450.523438 	 37475.765625 	 -129.810562 	 2.619560 	 29.137205 	 11.734761 	 9999999999999999538762658202121142272.000000 
2593673.000000 	 71473.937500 	 44591.218750 	 36897.523438 	 -42.874504 	 68.741173 	 -0.108402 	 14.396759 	 9999999999999999538762658202121142272.000000 
2616310.000000 	 70642.414062 	 41237.250000 	 37579.808594 	 -92.813057 	 50.117493 	 153.777145 	 12.429132 	 9999999999999999538762658202121142272.000000 
2616321.000000 	 71420.093750 	 42476.554688 	 36780.953125 	 -99.790268 	 118.771271 	 138.782303 	 9.617842 	 9999999999999999538762658202121142272.000000 
2635363.000000 	 72695.648438 	 41873.390625 	 36110.070312 	 -95.424828 	 84.208107 	 96.219833 	 13.103897 	 9999999999999999538762658202121142272.000000 
2663445.000000 	 70740.867188 	 42887.382812 	 37232.046875 	 -41.036797 	 109.318001 	 -22.663145 	 11.551874 	 9999999999999999538762658202121142272.000000 
2663452.000000 	 70703.304688 	 42407.054688 	 36297.960938 	 -51.998264 	 72.756645 	 145.631607 	 11.364604 	 9999999999999999538762658202121142272.000000 
2687810.000000 	 71175.820312 	 43606.406250 	 36964.285156 	 -169.776413 	 -4.184705 	 94.516212 	 13.285018 	 9999999999999999538762658202121142272.000000 
2687814.000000 	 71152.023438 	 43807.968750 	 36943.339844 	 -28.049454 	 12.135097 	 11.128319 	 9.159204 	 9999999999999999538762658202121142272.000000 
2708408.000000 	 72189.992188 	 42883.492188 	 36251.839844 	 -133.420563 	 108.258575 	 37.285671 	 11.834635 	 9999999999999999538762658202121142272.000000 
2712855.000000 	 70000.679688 	 44138.718750 	 37638.898438 	 -94.420532 	 60.584732 	 44.362690 	 13.305242 	 9999999999999999538762658202121142272.000000 
2721837.000000 	 70117.882812 	 42146.093750 	 37115.171875 	 -136.720062 	 83.531151 	 21.222431 	 11.180098 	 9999999999999999538762658202121142272.000000 
2765419.000000 	 71292.148438 	 44019.945312 	 36437.144531 	 -69.945885 	 29.521978 	 52.769775 	 12.487383 	 9999999999999999538762658202121142272.000000 
2765421.000000 	 71486.914062 	 43857.156250 	 36694.175781 	 -71.632675 	 -2.024814 	 44.542294 	 11.750356 	 9999999999999999538762658202121142272.000000 
2774869.000000 	 71586.843750 	 43299.054688 	 36729.308594 	 -47.048241 	 -60.657413 	 55.980385 	 8.006597 	 9999999999999999538762658202121142272.000000 
2815949.000000 	 72171.304688 	 41959.890625 	 36245.015625 	 -118.605988 	 72.645615 	 35.235947 	 10.996612 	 9999999999999999538762658202121142272.000000 
2815950.000000 	 71806.117188 	 41608.453125 	 36432.246094 	 -114.721596 	 62.493145 	 53.154934 	 10.480110 	 9999999999999999538762658202121142272.000000 
2820960.000000 	 71824.226562 	 41793.601562 	 36656.468750 	 -90.013992 	 67.421539 	 61.743515 	 12.943609 	 9999999999999999538762658202121142272.000000 
2820971.000000 	 72286.828125 	 44432.968750 	 36081.031250 	 -68.258575 	 101.711197 	 85.231857 	 11.264281 	 9999999999999999538762658202121142272.000000 
2831133.000000 	 72106.031250 	 44003.984375 	 37807.480469 	 -129.103851 	 77.784721 	 -23.902983 	 11.533978 	 9999999999999999538762658202121142272.000000 
2850012.000000 	 70628.382812 	 42105.765625 	 37131.015625 	 -167.023529 	 107.022171 	 100.392288 	 11.718660 	 9999999999999999538762658202121142272.000000 
2850013.000000 	 70760.460938 	 42871.085938 	 36940.453125 	 -26.091381 	 38.849442 	 -3.855464 	 11.010125 	 9999999999999999538762658202121142272.000000 
2850017.000000 	 70273.156250 	 41365.039062 	 37605.882812 	 -87.798485 	 42.519928 	 156.631226 	 10.875516 	 9999999999999999538762658202121142272.000000 
2850018.000000 	 72192.007812 	 43909.382812 	 36574.785156 	 -53.862762 	 83.561996 	 119.877754 	 7.974455 	 9999999999999999538762658202121142272.000000 
2850019.000000 	 70690.382812 	 42124.992188 	 37000.144531 	 -135.802261 	 124.830193 	 59.692818 	 12.748043 	 9999999999999999538762658202121142272.000000 
2850024.000000 	 70743.828125 	 44606.679688 	 36477.414062 	 -42.867077 	 89.992073 	 104.185684 	 11.182830 	 9999999999999999538762658202121142272.000000 
2880037.000000 	 71001.742188 	 42925.906250 	 37210.957031 	 -9.509395 	 117.090111 	 -56.936031 	 11.006892 	 9999999999999999538762658202121142272.000000 
2880038.000000 	 71036.710938 	 43290.382812 	 37037.183594 	 -43.309383 	 10.100282 	 96.547676 	 9.082579 	 9999999999999999538762658202121142272.000000 
2880050.000000 	 72033.343750 	 42221.320312 	 36011.039062 	 -81.669785 	 86.195351 	 99.862923 	 11.843564 	 9999999999999999538762658202121142272.000000 
2911169.000000 	 71563.273438 	 43130.296875 	 36941.792969 	 -85.429977 	 50.643291 	 155.623108 	 10.220418 	 9999999999999999538762658202121142272.000000 
2911171.000000 	 70708.710938 	 42147.148438 	 37694.421875 	 -85.377548 	 47.597019 	 27.606758 	 10.423055 	 9999999999999999538762658202121142272.000000 
2911173.000000 	 71166.671875 	 43001.796875 	 37507.171875 	 -70.809952 	 157.005951 	 48.291981 	 12.677512 	 9999999999999999538762658202121142272.000000 
2911178.000000 	 72309.968750 	 43690.671875 	 35956.242188 	 -79.761887 	 126.891060 	 126.594124 	 10.863037 	 9999999999999999538762658202121142272.000000 
2943222.000000 	 72011.468750 	 41553.148438 	 36870.078125 	 -105.860985 	 93.520065 	 65.134705 	 12.700568 	 9999999999999999538762658202121142272.000000 
2976307.000000 	 71150.093750 	 42803.960938 	 36796.542969 	 -75.896172 	 70.557411 	 47.078438 	 16.181747 	 9999999999999999538762658202121142272.000000 
2976308.000000 	 71723.937500 	 44495.765625 	 36192.839844 	 -90.452103 	 82.513710 	 51.648540 	 13.257657 	 9999999999999999538762658202121142272.000000 
2976315.000000 	 71292.187500 	 43632.875000 	 37239.214844 	 -135.055298 	 107.202942 	 21.699247 	 13.379017 	 9999999999999999538762658202121142272.000000 
2992935.000000 	 72323.851562 	 42557.835938 	 37764.941406 	 -142.910065 	 74.728500 	 -9.798661 	 11.679737 	 9999999999999999538762658202121142272.000000 
3010683.000000 	 71831.125000 	 41667.046875 	 35825.917969 	 -93.006310 	 68.417717 	 115.176613 	 11.026964 	 9999999999999999538762658202121142272.000000 
3010703.000000 	 71618.351562 	 43494.859375 	 37168.921875 	 -168.255096 	 44.537834 	 95.366417 	 8.296301 	 9999999999999999538762658202121142272.000000 
3046186.000000 	 70615.539062 	 42118.898438 	 36998.808594 	 -128.676712 	 117.212868 	 61.709949 	 11.661789 	 9999999999999999538762658202121142272.000000 
3046187.000000 	 71041.257812 	 42861.570312 	 36870.914062 	 -70.907356 	 235.412109 	 114.972488 	 11.827985 	 9999999999999999538762658202121142272.000000 
3046188.000000 	 72017.062500 	 43894.640625 	 36223.714844 	 -57.921837 	 108.996307 	 120.821022 	 10.507951 	 9999999999999999538762658202121142272.000000 
3046191.000000 	 72101.976562 	 44091.742188 	 36596.109375 	 -75.838112 	 67.069260 	 91.542023 	 12.564088 	 9999999999999999538762658202121142272.000000 
3058825.000000 	 71364.492188 	 44159.265625 	 36314.410156 	 -99.872406 	 38.338425 	 22.111546 	 9.702349 	 9999999999999999538762658202121142272.000000 
3076000.000000 	 72262.500000 	 41945.718750 	 36185.046875 	 -114.338188 	 71.686134 	 34.128685 	 11.857335 	 9999999999999999538762658202121142272.000000 
3082725.000000 	 72213.906250 	 41682.164062 	 36442.207031 	 -82.265930 	 75.253395 	 103.844658 	 9.976767 	 9999999999999999538762658202121142272.000000 
3082726.000000 	 72420.781250 	 41715.148438 	 36373.980469 	 -86.703423 	 67.218834 	 60.321159 	 10.629226 	 9999999999999999538762658202121142272.000000 
3082732.000000 	 70820.718750 	 42070.445312 	 37404.671875 	 -112.325592 	 81.741295 	 -1.641061 	 12.219844 	 9999999999999999538762658202121142272.000000 
3095734.000000 	 69945.054688 	 41621.171875 	 37592.878906 	 -128.744675 	 10.811058 	 14.273739 	 10.448068 	 9999999999999999538762658202121142272.000000 
3120637.000000 	 71930.906250 	 43793.656250 	 36971.578125 	 -74.215736 	 31.612095 	 94.638504 	 9.837282 	 9999999999999999538762658202121142272.000000 
3120639.000000 	 70545.445312 	 42075.898438 	 37760.847656 	 -103.442314 	 31.122688 	 40.133957 	 10.046432 	 9999999999999999538762658202121142272.000000 
3120642.000000 	 71675.593750 	 43458.835938 	 37204.179688 	 -160.171143 	 51.048431 	 98.895790 	 10.732468 	 9999999999999999538762658202121142272.000000 
3120643.000000 	 69799.257812 	 42379.812500 	 36568.179688 	 -72.495300 	 59.712765 	 149.055389 	 13.379535 	 9999999999999999538762658202121142272.000000 
3120654.000000 	 72198.093750 	 43434.335938 	 35956.941406 	 -80.266396 	 113.418480 	 149.028397 	 9.627426 	 9999999999999999538762658202121142272.000000 
3159726.000000 	 70306.429688 	 42238.523438 	 37568.539062 	 -123.106697 	 91.922066 	 58.795807 	 12.325354 	 9999999999999999538762658202121142272.000000 
3159727.000000 	 72655.835938 	 41947.164062 	 36163.722656 	 -75.044563 	 53.239582 	 58.368546 	 7.727453 	 9999999999999999538762658202121142272.000000 
3159729.000000 	 71214.500000 	 43807.953125 	 36403.109375 	 -106.946388 	 11.821975 	 39.623711 	 12.037612 	 9999999999999999538762658202121142272.000000 
3159730.000000 	 71798.382812 	 44558.593750 	 36124.734375 	 -86.305634 	 84.370079 	 48.062492 	 12.616755 	 9999999999999999538762658202121142272.000000 
3159732.000000 	 71520.164062 	 43636.023438 	 36751.000000 	 -34.832588 	 -24.929420 	 5.870517 	 9.641715 	 9999999999999999538762658202121142272.000000 
3159734.000000 	 70946.046875 	 42039.437500 	 37160.316406 	 -84.240570 	 58.171207 	 10.566634 	 9.551343 	 9999999999999999538762658202121142272.000000 
3159736.000000 	 71379.664062 	 42689.835938 	 36858.882812 	 -118.937622 	 76.331154 	 65.599968 	 11.657098 	 9999999999999999538762658202121142272.000000 
3159737.000000 	 70732.382812 	 42371.218750 	 35568.007812 	 -50.105560 	 57.823105 	 134.042175 	 10.423576 	 9999999999999999538762658202121142272.000000 
3159738.000000 	 70030.046875 	 42565.015625 	 36880.402344 	 -59.456860 	 58.681858 	 140.829636 	 8.283596 	 9999999999999999538762658202121142272.000000 
3159745.000000 	 72969.164062 	 42652.218750 	 36242.500000 	 -81.274002 	 95.460312 	 52.244339 	 10.779716 	 9999999999999999538762658202121142272.000000 
3173766.000000 	 70946.507812 	 42356.156250 	 36987.468750 	 -60.806660 	 125.089157 	 49.633556 	 10.429443 	 9999999999999999538762658202121142272.000000 
3173767.000000 	 70742.632812 	 41701.484375 	 37934.675781 	 -183.663025 	 56.732056 	 -1.906299 	 9.823006 	 9999999999999999538762658202121142272.000000 
3173768.000000 	 70001.992188 	 41933.398438 	 37267.273438 	 -148.868866 	 67.948601 	 28.138443 	 12.119515 	 9999999999999999538762658202121142272.000000 
3199932.000000 	 72136.734375 	 43998.390625 	 36251.597656 	 -119.114731 	 76.198784 	 57.473312 	 12.990213 	 9999999999999999538762658202121142272.000000 
3199933.000000 	 71374.468750 	 44048.765625 	 36482.210938 	 -66.154610 	 27.325859 	 55.167759 	 13.267760 	 9999999999999999538762658202121142272.000000 
3199936.000000 	 71566.406250 	 44421.906250 	 36505.222656 	 -39.439396 	 54.253609 	 32.318649 	 10.246761 	 9999999999999999538762658202121142272.000000 
3199940.000000 	 70468.914062 	 41530.210938 	 37931.871094 	 -130.981918 	 50.430199 	 94.001434 	 12.508626 	 9999999999999999538762658202121142272.000000 
3199941.000000 	 71376.429688 	 43603.976562 	 37301.441406 	 -156.765717 	 10.193825 	 95.732391 	 9.446064 	 9999999999999999538762658202121142272.000000 
3199943.000000 	 71582.187500 	 42125.109375 	 35591.593750 	 -48.662643 	 65.694168 	 142.520035 	 11.180235 	 9999999999999999538762658202121142272.000000 
3214463.000000 	 69852.984375 	 41671.140625 	 37470.738281 	 -171.318619 	 44.962872 	 28.046402 	 10.022406 	 9999999999999999538762658202121142272.000000 
3214464.000000 	 71077.968750 	 42399.828125 	 37587.878906 	 -164.616119 	 64.366707 	 -48.686401 	 13.701597 	 9999999999999999538762658202121142272.000000 
3234499.000000 	 72003.195312 	 42015.945312 	 36309.808594 	 -125.111153 	 75.151566 	 42.558598 	 10.442208 	 9999999999999999538762658202121142272.000000 
3257301.000000 	 70740.265625 	 42131.757812 	 36987.433594 	 -67.674530 	 83.612953 	 46.432369 	 13.115864 	 9999999999999999538762658202121142272.000000 
3285794.000000 	 72157.406250 	 41871.195312 	 35679.992188 	 -76.866066 	 77.316109 	 114.100052 	 7.458825 	 9999999999999999538762658202121142272.000000 
3285802.000000 	 70500.929688 	 42201.218750 	 37245.960938 	 -122.534912 	 107.606407 	 91.938217 	 12.961307 	 9999999999999999538762658202121142272.000000 
3285803.000000 	 70532.250000 	 42783.351562 	 37188.878906 	 -48.658665 	 123.147980 	 36.519188 	 10.666937 	 9999999999999999538762658202121142272.000000 
3285804.000000 	 72230.781250 	 41651.851562 	 36334.972656 	 -98.073540 	 64.310005 	 73.686157 	 8.905808 	 9999999999999999538762658202121142272.000000 
3285808.000000 	 69547.773438 	 43998.789062 	 37627.617188 	 -112.050583 	 63.180809 	 50.060749 	 9.004183 	 9999999999999999538762658202121142272.000000 
3285814.000000 	 72229.960938 	 44525.031250 	 36358.667969 	 -59.099445 	 107.358078 	 83.745865 	 11.282353 	 9999999999999999538762658202121142272.000000 
3285815.000000 	 72197.976562 	 43966.226562 	 36613.613281 	 -62.582119 	 72.435410 	 109.665215 	 11.424457 	 9999999999999999538762658202121142272.000000 
3285816.000000 	 69321.164062 	 42926.187500 	 37005.656250 	 -92.394516 	 61.342262 	 139.692474 	 11.929392 	 9999999999999999538762658202121142272.000000 
3331241.000000 	 71728.835938 	 43467.257812 	 36601.781250 	 -78.734100 	 -2.447096 	 21.244566 	 13.610264 	 9999999999999999538762658202121142272.000000 
3331250.000000 	 71308.304688 	 43836.250000 	 36818.914062 	 -13.333787 	 39.432060 	 123.066032 	 9.630699 	 9999999999999999538762658202121142272.000000 
3331260.000000 	 72446.781250 	 44332.281250 	 35897.386719 	 -29.619667 	 116.105118 	 131.402267 	 13.397426 	 9999999999999999538762658202121142272.000000 
3347752.000000 	 70551.585938 	 42937.125000 	 36994.238281 	 -63.041142 	 125.763626 	 31.733397 	 9.345104 	 9999999999999999538762658202121142272.000000 
3370055.000000 	 72111.398438 	 42314.203125 	 36281.707031 	 -126.059341 	 87.092148 	 37.449036 	 10.548163 	 9999999999999999538762658202121142272.000000 
3378509.000000 	 70722.789062 	 41228.671875 	 37180.750000 	 -150.250702 	 75.474495 	 89.654236 	 9.972181 	 9999999999999999538762658202121142272.000000 
3378512.000000 	 70875.039062 	 43864.812500 	 37107.171875 	 -41.950775 	 31.709700 	 16.325537 	 8.106761 	 9999999999999999538762658202121142272.000000 
3378513.000000 	 70258.335938 	 42578.210938 	 36889.199219 	 -48.628113 	 61.890102 	 145.885376 	 8.647379 	 9999999999999999538762658202121142272.000000 
3378514.000000 	 72095.570312 	 44223.718750 	 36733.882812 	 -83.759605 	 63.984623 	 67.072411 	 8.472524 	 9999999999999999538762658202121142272.000000 
3378521.000000 	 72777.179688 	 43376.460938 	 35712.515625 	 -46.507328 	 118.993347 	 118.462265 	 10.376469 	 9999999999999999538762658202121142272.000000 
3427682.000000 	 71732.062500 	 43981.523438 	 36853.554688 	 -90.613434 	 23.582567 	 56.781002 	 6.756015 	 9999999999999999538762658202121142272.000000 
3427687.000000 	 70642.937500 	 41944.023438 	 37662.656250 	 -67.215591 	 74.199440 	 134.575211 	 7.541993 	 9999999999999999538762658202121142272.000000 
3427688.000000 	 70844.789062 	 42253.195312 	 37809.769531 	 -85.783760 	 87.212845 	 76.713913 	 10.732489 	 9999999999999999538762658202121142272.000000 
3469672.000000 	 71677.945312 	 43344.867188 	 36649.847656 	 -226.266724 	 80.982536 	 15.454024 	 9.534657 	 9999999999999999538762658202121142272.000000 
3478943.000000 	 71116.117188 	 42867.929688 	 36875.003906 	 -42.928795 	 111.685989 	 241.523361 	 9.374724 	 9999999999999999538762658202121142272.000000 
3478944.000000 	 70957.023438 	 42896.976562 	 37224.214844 	 -149.655563 	 125.174583 	 52.751545 	 14.940465 	 9999999999999999538762658202121142272.000000 
3478945.000000 	 72358.382812 	 43426.648438 	 36219.238281 	 -119.061340 	 116.138817 	 55.185589 	 11.059747 	 9999999999999999538762658202121142272.000000 
3478946.000000 	 71583.796875 	 44237.242188 	 36330.945312 	 -96.327034 	 64.758957 	 67.447609 	 10.288919 	 9999999999999999538762658202121142272.000000 
3497194.000000 	 71000.914062 	 44390.179688 	 36870.523438 	 -57.668373 	 57.339912 	 -4.995759 	 9.748903 	 9999999999999999538762658202121142272.000000 
3522199.000000 	 71613.031250 	 43439.781250 	 36496.355469 	 -189.532318 	 96.430489 	 72.572243 	 10.725824 	 9999999999999999538762658202121142272.000000 
3531758.000000 	 71648.335938 	 43369.718750 	 37149.566406 	 -129.567764 	 -29.897741 	 84.184937 	 7.911358 	 9999999999999999538762658202121142272.000000 
3531759.000000 	 69365.664062 	 43428.046875 	 36742.113281 	 -87.669342 	 71.296570 	 134.080399 	 9.483112 	 9999999999999999538762658202121142272.000000 
3531763.000000 	 71833.148438 	 44435.601562 	 36554.992188 	 -22.386106 	 78.925385 	 100.088776 	 8.363522 	 9999999999999999538762658202121142272.000000 
3531766.000000 	 72604.765625 	 44146.195312 	 36135.085938 	 -80.923180 	 114.223801 	 76.239204 	 7.257207 	 9999999999999999538762658202121142272.000000 
3586940.000000 	 71540.164062 	 41798.875000 	 35656.507812 	 -85.037727 	 70.496651 	 105.994064 	 9.513812 	 9999999999999999538762658202121142272.000000 
3586947.000000 	 71175.421875 	 42695.312500 	 36873.332031 	 -79.264297 	 186.591766 	 42.161819 	 9.717450 	 9999999999999999538762658202121142272.000000 
3586949.000000 	 70059.617188 	 41903.781250 	 37378.042969 	 -140.891159 	 82.804886 	 81.873405 	 9.882545 	 9999999999999999538762658202121142272.000000 
3586950.000000 	 72453.250000 	 44207.234375 	 35821.074219 	 -94.379494 	 97.522873 	 43.821003 	 9.069184 	 9999999999999999538762658202121142272.000000 
3586955.000000 	 71901.968750 	 44729.281250 	 36360.003906 	 -58.295128 	 75.425484 	 21.037113 	 7.987031 	 9999999999999999538762658202121142272.000000 
3586966.000000 	 71655.328125 	 42448.992188 	 37047.621094 	 -143.684738 	 112.094971 	 83.590561 	 10.944177 	 9999999999999999538762658202121142272.000000 
3607358.000000 	 70514.609375 	 42976.664062 	 36884.332031 	 -58.779037 	 130.612564 	 32.672520 	 6.291800 	 9999999999999999538762658202121142272.000000 
3607359.000000 	 70827.007812 	 41371.398438 	 38099.218750 	 -183.071594 	 52.407307 	 13.308117 	 8.752909 	 9999999999999999538762658202121142272.000000 
3645122.000000 	 72153.906250 	 41608.257812 	 36263.699219 	 -80.714561 	 80.005554 	 106.017242 	 9.549090 	 9999999999999999538762658202121142272.000000 
3645134.000000 	 70882.093750 	 41260.656250 	 37248.761719 	 -146.811020 	 80.215805 	 78.067635 	 11.892195 	 9999999999999999538762658202121142272.000000 
3645135.000000 	 70874.625000 	 41678.195312 	 37276.281250 	 -151.509308 	 109.992874 	 72.832603 	 9.779413 	 9999999999999999538762658202121142272.000000 
3645136.000000 	 72754.281250 	 42083.953125 	 36105.441406 	 -81.500862 	 59.732300 	 57.239414 	 9.319448 	 9999999999999999538762658202121142272.000000 
3645137.000000 	 71378.359375 	 43502.914062 	 36914.140625 	 -142.858047 	 -54.286098 	 85.111221 	 9.303255 	 9999999999999999538762658202121142272.000000 
3645144.000000 	 70357.296875 	 42429.570312 	 37687.937500 	 -54.641766 	 16.022726 	 57.859211 	 9.861794 	 9999999999999999538762658202121142272.000000 
3645146.000000 	 71536.789062 	 44223.007812 	 36668.996094 	 -21.884716 	 69.812080 	 119.868950 	 9.587487 	 9999999999999999538762658202121142272.000000 
3645153.000000 	 71455.148438 	 42576.343750 	 37201.832031 	 -156.467102 	 131.823807 	 85.419090 	 8.579793 	 9999999999999999538762658202121142272.000000 
3666093.000000 	 70275.656250 	 41796.429688 	 37502.074219 	 -111.298508 	 1.795797 	 0.402488 	 5.738393 	 9999999999999999538762658202121142272.000000 
3705489.000000 	 71162.796875 	 41230.078125 	 36899.011719 	 -152.465820 	 70.284599 	 34.699108 	 10.313993 	 9999999999999999538762658202121142272.000000 
3705490.000000 	 71162.679688 	 43101.851562 	 36877.136719 	 -136.377853 	 149.033096 	 140.102051 	 8.600350 	 9999999999999999538762658202121142272.000000 
3705491.000000 	 71277.203125 	 44168.835938 	 36676.414062 	 -21.284288 	 68.026474 	 122.401810 	 6.716097 	 9999999999999999538762658202121142272.000000 
3705494.000000 	 72102.968750 	 43927.648438 	 36403.554688 	 -58.808289 	 106.228600 	 129.741318 	 7.062847 	 9999999999999999538762658202121142272.000000 
3705501.000000 	 69681.718750 	 42407.539062 	 37946.218750 	 -82.649246 	 21.660353 	 96.065559 	 10.065474 	 9999999999999999538762658202121142272.000000 
3705502.000000 	 71131.507812 	 42386.039062 	 37678.320312 	 -44.395771 	 79.200478 	 53.857975 	 10.761645 	 9999999999999999538762658202121142272.000000 
3705503.000000 	 69537.343750 	 41969.585938 	 37273.671875 	 -80.828682 	 45.975822 	 139.324570 	 6.834716 	 9999999999999999538762658202121142272.000000 
3727522.000000 	 71196.992188 	 43393.546875 	 37520.257812 	 -137.960556 	 47.037716 	 -64.038971 	 11.962759 	 9999999999999999538762658202121142272.000000 
3727523.000000 	 69956.492188 	 41906.617188 	 37878.257812 	 -135.617447 	 -8.248282 	 -8.729839 	 10.443218 	 9999999999999999538762658202121142272.000000 
3768840.000000 	 71004.398438 	 42113.468750 	 37191.511719 	 -188.224518 	 104.123070 	 0.177206 	 8.768717 	 9999999999999999538762658202121142272.000000 
3768843.000000 	 70073.984375 	 41965.062500 	 37976.382812 	 -67.469704 	 -5.054646 	 84.041687 	 6.268676 	 9999999999999999538762658202121142272.000000 
3768853.000000 	 72751.070312 	 43371.937500 	 35766.800781 	 -54.196796 	 120.328278 	 98.412323 	 8.841269 	 9999999999999999538762658202121142272.000000 
3791867.000000 	 70938.718750 	 41302.773438 	 38043.910156 	 -183.092102 	 54.667053 	 15.477499 	 10.265121 	 9999999999999999538762658202121142272.000000 
3835332.000000 	 70761.671875 	 42929.945312 	 36911.894531 	 -46.112534 	 47.023994 	 -19.841002 	 9.184528 	 9999999999999999538762658202121142272.000000 
3835336.000000 	 71729.281250 	 44917.640625 	 36521.707031 	 -70.816872 	 85.639915 	 45.061478 	 8.094548 	 9999999999999999538762658202121142272.000000 
3835343.000000 	 71730.593750 	 42319.406250 	 35762.527344 	 -50.415443 	 65.752388 	 138.301132 	 8.011412 	 9999999999999999538762658202121142272.000000 
3835352.000000 	 71805.054688 	 43886.460938 	 36830.648438 	 -114.835663 	 79.484337 	 93.815765 	 11.715543 	 9999999999999999538762658202121142272.000000 
3859455.000000 	 70407.031250 	 43717.820312 	 37944.070312 	 -115.000893 	 48.616940 	 -6.321975 	 10.286037 	 9999999999999999538762658202121142272.000000 
3904695.000000 	 71021.515625 	 41801.515625 	 37238.863281 	 -162.104630 	 96.651016 	 84.079231 	 12.155478 	 9999999999999999538762658202121142272.000000 
3904699.000000 	 71731.437500 	 44852.039062 	 36519.914062 	 -72.681824 	 87.584000 	 46.916828 	 7.228787 	 9999999999999999538762658202121142272.000000 
3904700.000000 	 71588.421875 	 44415.054688 	 36635.089844 	 -66.868881 	 52.508251 	 44.310825 	 8.536457 	 9999999999999999538762658202121142272.000000 
3904707.000000 	 71395.304688 	 43570.164062 	 37264.585938 	 -142.101166 	 52.063438 	 89.804031 	 10.417071 	 9999999999999999538762658202121142272.000000 
3904709.000000 	 72275.929688 	 44055.773438 	 36336.031250 	 -62.067284 	 106.796402 	 106.233086 	 8.229991 	 9999999999999999538762658202121142272.000000 
3904710.000000 	 71877.796875 	 43468.492188 	 36715.246094 	 -77.735283 	 88.632401 	 161.931152 	 9.834992 	 9999999999999999538762658202121142272.000000 
3904711.000000 	 70085.554688 	 42429.070312 	 35750.496094 	 -65.993378 	 59.820324 	 137.884842 	 7.820394 	 9999999999999999538762658202121142272.000000 
3904721.000000 	 71468.093750 	 42610.671875 	 37166.921875 	 -161.818085 	 129.872604 	 86.366920 	 9.351228 	 9999999999999999538762658202121142272.000000 
3930251.000000 	 71798.632812 	 42291.359375 	 38032.894531 	 -148.640503 	 60.608341 	 -8.728842 	 10.193388 	 9999999999999999538762658202121142272.000000 
3930255.000000 	 70874.789062 	 42572.265625 	 36995.566406 	 -187.035965 	 168.976746 	 3.985358 	 7.971851 	 9999999999999999538762658202121142272.000000 
3964732.000000 	 72596.234375 	 44135.195312 	 35857.988281 	 -96.905479 	 120.658989 	 56.023163 	 10.593326 	 9999999999999999538762658202121142272.000000 
3978055.000000 	 70827.718750 	 42943.500000 	 37267.085938 	 -9.422071 	 132.711227 	 7.372981 	 9.331111 	 9999999999999999538762658202121142272.000000 
3978056.000000 	 70646.007812 	 42939.984375 	 37303.554688 	 -72.014969 	 143.981018 	 2.717226 	 8.629642 	 9999999999999999538762658202121142272.000000 
3978058.000000 	 71592.476562 	 44728.937500 	 36462.757812 	 -61.296135 	 70.218071 	 40.839233 	 10.926994 	 9999999999999999538762658202121142272.000000 
3978061.000000 	 70874.960938 	 44512.015625 	 37236.960938 	 -53.394104 	 64.078972 	 28.546329 	 9.080451 	 9999999999999999538762658202121142272.000000 
3978074.000000 	 70652.382812 	 41196.906250 	 37686.917969 	 -120.461815 	 46.337315 	 156.247192 	 9.885513 	 9999999999999999538762658202121142272.000000 
3978075.000000 	 71786.671875 	 42468.343750 	 35806.203125 	 -50.926830 	 92.344704 	 140.071335 	 7.725857 	 9999999999999999538762658202121142272.000000 
3978076.000000 	 71401.914062 	 41725.257812 	 35449.367188 	 -63.554268 	 61.337139 	 112.691490 	 9.178468 	 9999999999999999538762658202121142272.000000 
4005013.000000 	 71018.570312 	 44441.070312 	 36827.628906 	 -60.264011 	 56.134537 	 -8.324256 	 7.352481 	 9999999999999999538762658202121142272.000000 
4055428.000000 	 71502.984375 	 43473.257812 	 36939.972656 	 -173.958405 	 -23.288160 	 38.171535 	 9.938989 	 9999999999999999538762658202121142272.000000 
4055429.000000 	 71321.992188 	 44179.718750 	 36317.878906 	 -109.755486 	 47.137966 	 19.735209 	 5.869486 	 9999999999999999538762658202121142272.000000 
4055440.000000 	 71221.492188 	 44229.515625 	 36633.496094 	 -23.669823 	 64.482147 	 110.358353 	 6.436768 	 9999999999999999538762658202121142272.000000 
4055442.000000 	 71419.453125 	 43377.195312 	 37403.410156 	 -114.662354 	 106.884773 	 34.682682 	 10.294910 	 9999999999999999538762658202121142272.000000 
4055443.000000 	 71937.953125 	 44232.546875 	 36624.304688 	 -30.539425 	 75.414528 	 118.743721 	 7.539886 	 9999999999999999538762658202121142272.000000 
4055445.000000 	 72053.179688 	 43821.101562 	 36791.980469 	 -66.646538 	 92.462494 	 130.088821 	 7.330014 	 9999999999999999538762658202121142272.000000 
4055454.000000 	 72171.875000 	 44152.507812 	 36301.343750 	 -76.341949 	 103.672752 	 92.906891 	 10.819877 	 9999999999999999538762658202121142272.000000 
4055456.000000 	 72233.648438 	 42463.664062 	 35859.625000 	 -74.396439 	 90.355309 	 114.718544 	 9.503599 	 9999999999999999538762658202121142272.000000 
4055457.000000 	 72684.750000 	 42051.460938 	 36481.902344 	 -86.511368 	 67.310150 	 61.074642 	 8.448249 	 9999999999999999538762658202121142272.000000 
4083213.000000 	 70707.718750 	 43841.937500 	 37382.113281 	 -94.905617 	 38.219376 	 -19.594658 	 8.962198 	 9999999999999999538762658202121142272.000000 
4083217.000000 	 71859.968750 	 44338.703125 	 37995.566406 	 -125.573677 	 79.818893 	 -19.016172 	 8.996299 	 9999999999999999538762658202121142272.000000 
4121379.000000 	 72677.906250 	 44051.992188 	 35917.000000 	 -109.455170 	 104.524071 	 -5.205977 	 7.580101 	 9999999999999999538762658202121142272.000000 
4135900.000000 	 70765.171875 	 41600.125000 	 37195.597656 	 -144.843155 	 107.434204 	 91.748161 	 10.195644 	 9999999999999999538762658202121142272.000000 
4135902.000000 	 72270.437500 	 43926.820312 	 36022.671875 	 -134.392654 	 88.307228 	 9.383774 	 7.246291 	 9999999999999999538762658202121142272.000000 
4135905.000000 	 71765.156250 	 44425.882812 	 36396.285156 	 -91.447845 	 79.096863 	 66.074547 	 8.970299 	 9999999999999999538762658202121142272.000000 
4135908.000000 	 69707.609375 	 43982.554688 	 37565.039062 	 -105.795502 	 60.425251 	 46.488300 	 9.782744 	 9999999999999999538762658202121142272.000000 
4135920.000000 	 72226.242188 	 43837.398438 	 36112.996094 	 -35.490414 	 154.836151 	 140.066605 	 9.423330 	 9999999999999999538762658202121142272.000000 
4135921.000000 	 71761.546875 	 42446.023438 	 35752.539062 	 -48.860119 	 78.366371 	 148.795700 	 8.592491 	 9999999999999999538762658202121142272.000000 
4165321.000000 	 71164.148438 	 41272.156250 	 37811.667969 	 -178.534027 	 60.840534 	 14.883819 	 9.083971 	 9999999999999999538762658202121142272.000000 
4219883.000000 	 71483.140625 	 41599.460938 	 35652.691406 	 -68.697227 	 70.058174 	 108.378113 	 9.734495 	 9999999999999999538762658202121142272.000000 
4219894.000000 	 70790.968750 	 42825.789062 	 37408.929688 	 -54.636513 	 122.579498 	 -5.739201 	 9.442669 	 9999999999999999538762658202121142272.000000 
4219895.000000 	 70726.226562 	 42459.062500 	 37505.332031 	 -116.332268 	 108.501221 	 -3.480327 	 8.966584 	 9999999999999999538762658202121142272.000000 
4219904.000000 	 71039.523438 	 43120.796875 	 36920.460938 	 -86.410019 	 93.733315 	 146.183838 	 12.912462 	 9999999999999999538762658202121142272.000000 
4219908.000000 	 72138.476562 	 43530.578125 	 36173.355469 	 -58.801460 	 102.177162 	 109.044403 	 10.028802 	 9999999999999999538762658202121142272.000000 
4219909.000000 	 69979.843750 	 42467.156250 	 36778.542969 	 -64.872032 	 62.392242 	 145.744354 	 8.031687 	 9999999999999999538762658202121142272.000000 
4219912.000000 	 70843.976562 	 44520.062500 	 36488.960938 	 -38.464840 	 87.121872 	 105.007217 	 7.742137 	 9999999999999999538762658202121142272.000000 
4219920.000000 	 72307.562500 	 43491.335938 	 35923.179688 	 -68.607803 	 114.320320 	 144.776306 	 8.624979 	 9999999999999999538762658202121142272.000000 
4219921.000000 	 72662.562500 	 42446.156250 	 35661.082031 	 -63.174393 	 93.032211 	 98.290726 	 10.179199 	 9999999999999999538762658202121142272.000000 
4219933.000000 	 70793.304688 	 42307.382812 	 35043.398438 	 -46.874924 	 60.263615 	 138.459015 	 8.179826 	 9999999999999999538762658202121142272.000000 
4291625.000000 	 71695.796875 	 43449.960938 	 36452.812500 	 -179.465698 	 96.052612 	 66.477463 	 8.279160 	 9999999999999999538762658202121142272.000000 
4307539.000000 	 72573.523438 	 42979.125000 	 36171.519531 	 -78.339760 	 110.702568 	 89.303429 	 8.008897 	 9999999999999999538762658202121142272.000000 
4307540.000000 	 71072.250000 	 43288.617188 	 36990.011719 	 -60.459137 	 -7.757242 	 124.227676 	 7.302547 	 9999999999999999538762658202121142272.000000 
4307542.000000 	 72527.390625 	 44140.046875 	 36031.839844 	 -114.410065 	 106.548454 	 52.767189 	 7.238235 	 9999999999999999538762658202121142272.000000 
4307543.000000 	 71497.773438 	 43687.679688 	 36433.078125 	 -154.059586 	 86.667366 	 84.569336 	 8.271846 	 9999999999999999538762658202121142272.000000 
4307553.000000 	 71638.304688 	 43861.867188 	 36663.570312 	 -64.917900 	 -2.056762 	 20.651522 	 8.385251 	 9999999999999999538762658202121142272.000000 
4307561.000000 	 72012.960938 	 43910.820312 	 36730.386719 	 -99.891632 	 59.724087 	 87.550400 	 8.195336 	 9999999999999999538762658202121142272.000000 
4307562.000000 	 72329.570312 	 44091.734375 	 36391.777344 	 -35.051754 	 94.535225 	 111.905365 	 7.807264 	 9999999999999999538762658202121142272.000000 
4307572.000000 	 70946.875000 	 43327.015625 	 36962.472656 	 -67.659447 	 72.557167 	 99.748009 	 10.426167 	 9999999999999999538762658202121142272.000000 
4339661.000000 	 71000.515625 	 44678.125000 	 36836.308594 	 -66.612129 	 66.276970 	 -9.125918 	 9.378227 	 9999999999999999538762658202121142272.000000 
4351960.000000 	 73062.679688 	 43435.453125 	 36712.101562 	 -114.849075 	 98.568909 	 -28.011377 	 9.252023 	 9999999999999999538762658202121142272.000000 
1569674.000000 	 71008.046875 	 45052.308544 	 36818.820312 	 -98.443962 	 77.495605 	 -21.874542 	 17.154596 	 9999999999999999538762658202121142272.000000 
2738835.000000 	 71472.296875 	 45001.226476 	 36867.765625 	 -43.785988 	 46.478737 	 14.574754 	 11.549374 	 9999999999999999538762658202121142272.000000 
