#subID	 x	 y	 z	 vx	 yv	 yz	 vmax	 B_MAG
#subID	 kpc/h	 kpc/h	 kpc/h	 km/s	 km/s	 km/s	 km/s	 mags
413363 24689.300781 8022.318359 70102.320312 18.308235 -230.074799 159.169388 249.549454 -2.182237e+01
413364 24684.470703 8026.902832 70101.156250 -10.867691 -330.917175 44.466625 92.426498 -1.972864e+01
413365 24687.406250 8027.315430 70105.164062 -126.750648 -141.182007 76.064087 83.269737 -1.926522e+01
413366 24691.185547 8024.828613 70105.882812 -62.950428 -66.013718 245.567383 63.160873 -1.908372e+01
413367 24689.820312 7846.791504 70068.156250 26.459929 -140.071945 35.188919 18.610664 1.000000e+37
413368 24798.513672 8125.563477 70094.890625 35.534142 -276.311371 60.186462 20.298065 -8.610043e+00
413369 24631.257812 7888.898926 70179.132812 -9.783507 -127.113472 274.923096 14.105003 1.000000e+37
413370 24634.500000 8064.305176 70123.281250 -4.430052 -25.775801 67.607590 20.440220 -9.713219e+00
413371 24523.519531 8065.573730 70087.890625 -15.841195 -401.956421 134.789215 14.735644 1.000000e+37
413372 24799.300781 7967.073242 70189.710938 -75.037117 -201.539581 172.288071 17.159754 -8.929087e+00
413373 24721.212891 8010.762207 70115.437500 92.790131 -257.515778 -145.138718 15.787884 1.000000e+37
413374 24606.908203 8127.651367 69990.000000 39.281345 -219.287094 323.979218 11.077127 1.000000e+37
413375 24584.501953 8011.701660 70199.531250 31.942968 -117.379944 139.714600 13.156651 1.000000e+37
413376 24648.386719 8127.779785 70188.656250 -127.986473 -345.569885 67.611862 12.067192 1.000000e+37
413377 24665.251953 8128.384766 70001.171875 -90.450890 -302.779633 53.554741 7.331601 1.000000e+37
413378 24646.777344 8046.711426 70174.703125 -129.377563 -130.956787 36.261036 12.365846 1.000000e+37
413379 24617.029297 8078.668457 70076.859375 -23.389280 -156.159973 -6.167935 10.590220 1.000000e+37
413380 24609.458984 8026.372070 70138.421875 -136.442322 -202.202744 -40.211102 9.560940 1.000000e+37
436320 24859.673828 7442.061035 70730.484375 -7.407410 -164.189301 182.353577 205.643433 -2.130714e+01
436321 24969.128906 7414.035645 70598.578125 -13.494951 -364.769348 162.115646 18.451490 1.000000e+37
436322 24785.484375 7472.835449 70571.351562 -19.415588 -254.478806 255.892914 23.429922 -8.780974e+00
436323 24794.857422 7492.573730 70561.007812 16.342190 -109.118217 251.359802 17.545250 -9.811884e+00
436324 24855.460938 7482.966797 70840.828125 -53.040813 -314.669891 119.020943 19.794426 1.000000e+37
436325 24882.427734 7497.341797 70842.054688 60.875294 -286.665314 51.829613 12.831940 1.000000e+37
436326 24867.917969 7378.939453 70782.195312 3.427708 -236.577255 390.754150 15.072192 -8.831047e+00
436327 24893.191406 7356.990723 70627.429688 -130.578857 -332.451477 219.872223 14.281523 1.000000e+37
436328 24683.525391 7436.950684 70828.125000 -60.402672 -183.369553 199.612442 8.865733 1.000000e+37
436329 24880.072266 7434.103516 70791.820312 -1.857367 -59.666405 232.567902 16.252478 1.000000e+37
436330 24878.136719 7382.795410 70687.382812 -89.168259 -194.577850 316.919830 15.103971 1.000000e+37
436331 24927.921875 7516.053711 70817.304688 29.241558 -63.920097 115.759781 14.091948 1.000000e+37
436332 24840.771484 7599.146973 70700.367188 -46.605892 -150.226196 118.833000 10.921506 1.000000e+37
436333 24840.744141 7532.096191 70819.718750 296.706451 -13.862418 109.624786 8.999863 1.000000e+37
436334 24958.125000 7367.281250 70654.726562 53.637127 -106.601448 235.701126 10.717359 1.000000e+37
436335 24757.337891 7520.841797 70698.265625 147.747940 -158.151871 186.834915 10.617527 1.000000e+37
436336 24824.392578 7565.120605 70655.039062 63.439121 -329.895935 132.133469 7.091702 1.000000e+37
471669 25483.017578 8183.697754 71981.156250 -155.865189 -394.949432 163.326736 111.472618 -1.932287e+01
471670 25602.275391 7936.649414 72213.789062 -225.057449 -373.935638 134.673111 102.867271 -1.829846e+01
471671 25566.474609 8093.302734 72030.187500 -181.884369 -435.173309 127.061592 64.238396 -1.514126e+01
471672 25448.212891 8298.753906 71833.484375 -143.350342 -452.655762 172.133392 52.005539 -1.540815e+01
471673 25529.058594 8117.843262 72124.976562 -152.137497 -366.068115 196.422195 37.133472 -1.076532e+01
471674 25486.832031 8203.167969 71872.984375 207.460709 -115.782127 240.083969 26.823830 1.000000e+37
471675 25592.242188 8103.911621 72145.640625 -124.578758 -488.957733 192.519714 27.438978 -9.268620e+00
471676 25623.347656 7949.791504 72223.062500 -295.927429 -226.838364 146.916809 33.333988 -1.226984e+01
471677 25590.335938 7932.072754 72145.468750 -267.883759 -252.340271 191.490555 28.338631 -8.567602e+00
471678 25709.158203 7915.527832 72138.632812 -284.483643 -364.268646 160.171066 24.703901 1.000000e+37
471679 25570.531250 8202.275391 72060.359375 131.362839 -255.385162 193.028290 18.351639 1.000000e+37
471680 25560.535156 8028.819336 72253.242188 -237.286392 -398.481812 241.236588 21.679247 1.000000e+37
471681 25507.847656 8269.479492 71891.500000 -256.136902 -477.284210 103.057686 16.625521 1.000000e+37
471682 25539.632812 7988.550781 72230.773438 -203.888245 -432.855255 190.638321 22.936312 -8.657831e+00
471683 25406.031250 8314.002930 71744.515625 205.415955 -108.808037 224.387161 17.063387 1.000000e+37
471684 25689.189453 7934.554688 72261.507812 -252.581573 -438.029205 108.621437 23.583925 1.000000e+37
471685 25537.310547 7804.302734 72221.320312 -223.121414 -274.515015 132.070282 12.672827 1.000000e+37
471686 25617.794922 7905.707031 72170.406250 -292.724030 -305.048096 42.922916 20.077780 1.000000e+37
471687 25575.861328 7969.644043 72257.687500 -141.365875 -477.173950 57.088673 16.319405 1.000000e+37
471688 25647.115234 8131.454102 72030.210938 -128.985870 -448.465759 179.959518 14.338956 1.000000e+37
471689 25603.183594 8041.020020 72102.273438 -310.807953 -379.055359 172.760773 14.461933 1.000000e+37
471690 25587.384766 8214.036133 72104.445312 -277.749023 -381.760468 164.059265 12.780202 1.000000e+37
471691 25536.789062 7850.454102 72189.031250 -185.660858 -252.192047 231.437561 10.183284 1.000000e+37
471692 25452.779297 8120.518555 72069.929688 -71.584846 -309.234741 172.386856 12.360413 1.000000e+37
471693 25437.816406 8194.250000 71900.640625 -121.448914 -462.721741 204.884628 14.203053 1.000000e+37
471694 25486.224609 8187.711914 71874.750000 -159.794983 -322.961060 148.354965 12.575723 1.000000e+37
471695 25509.791016 7898.490723 72206.359375 -249.084808 -363.830322 62.118645 15.647056 1.000000e+37
471696 25484.753906 8213.035156 71917.437500 -267.479980 -499.726288 131.050262 10.809645 1.000000e+37
471697 25666.546875 7986.055176 72091.859375 -314.554352 -377.708984 174.744202 11.392068 1.000000e+37
471698 25562.107422 7953.208008 72183.914062 -169.614822 -337.708130 -11.613302 11.361740 1.000000e+37
471699 25517.699219 8146.353027 71926.421875 -66.951050 -458.597565 139.732452 8.965067 1.000000e+37
471700 25570.283203 7923.488770 72085.367188 -275.684723 -392.875610 102.249458 11.226027 1.000000e+37
471701 25566.667969 7833.195312 72194.539062 -230.171860 -417.141205 52.948292 9.715678 1.000000e+37
471702 25553.640625 7919.408203 72277.500000 -249.316315 -391.910187 252.678070 9.267366 1.000000e+37
658881 25245.976562 6031.099121 70753.921875 -21.704475 -107.444084 205.675079 60.721642 -1.606961e+01
658882 25284.339844 6001.403809 70693.289062 -46.964325 -111.592850 239.644257 30.389011 -1.123031e+01
658883 25291.607422 6053.975098 70744.671875 -38.614384 -140.254028 172.607162 13.669024 1.000000e+37
683011 24267.765625 7406.890137 69325.882812 212.630569 19.250265 120.172195 56.824291 -1.446336e+01
696856 25458.873047 6518.932129 71298.804688 -18.166374 -172.696152 244.578751 60.523632 -1.608455e+01
712773 24015.312500 9123.791992 69093.132812 9.548258 -162.130569 71.074158 48.165276 -1.519868e+01
716151 25638.498047 6525.221191 69493.992188 -14.321298 -128.175369 81.518219 44.398476 -1.300417e+01
716152 25675.046875 6543.343262 69498.117188 2.148975 -155.843674 79.304016 42.454178 -1.261952e+01
724262 25034.458984 7141.443359 72158.453125 19.564516 -312.549377 287.770782 41.560623 -1.236415e+01
724263 24972.816406 7148.965332 72186.156250 49.932194 -324.458801 277.183899 36.867908 -1.018732e+01
756858 24207.648438 8762.774414 69426.906250 4.024733 -186.694305 143.868744 47.110291 -1.357321e+01
757660 23916.638672 7863.918945 70457.843750 53.642128 -245.686218 123.878036 49.119362 -1.362006e+01
758487 25034.005859 7896.481934 68932.640625 -24.840029 -218.993027 124.558411 45.007305 -1.129557e+01
759138 26270.947266 7775.697266 71783.578125 34.626072 -117.402618 263.668365 47.666546 -1.315760e+01
759762 25444.609375 7613.967773 71625.390625 208.778214 -31.176615 223.512177 49.046318 -1.269904e+01
760909 24898.431641 7542.083008 72259.093750 50.337799 -180.072815 303.436310 53.674473 -1.319007e+01
762637 25197.187500 6671.389648 68662.937500 101.320930 -156.602615 70.735107 16.379837 1.000000e+37
763805 26205.121094 7910.322754 71295.914062 63.531742 -97.897713 214.664032 34.323692 -1.100952e+01
763806 26253.925781 7944.415527 71320.890625 47.134018 -121.723946 217.820267 28.956739 1.000000e+37
763807 26180.800781 7925.849609 71309.101562 82.430359 -91.623123 219.316818 20.840425 1.000000e+37
763808 26237.443359 7898.062500 71275.507812 62.585602 -110.131264 205.692978 10.805320 1.000000e+37
769452 23382.320312 8470.875000 71368.968750 203.532196 -10.369725 163.858017 46.445362 -1.332540e+01
776655 24425.501953 8398.639648 70226.906250 82.936356 -278.264099 103.675179 33.403442 -9.076986e+00
776656 24395.378906 8361.905273 70251.781250 80.140549 -264.525269 78.667732 31.906864 1.000000e+37
785340 26015.689453 8518.843750 71880.351562 -220.547043 -363.727509 163.957932 43.824024 -1.288708e+01
789979 25318.716797 9166.278320 71460.335938 -171.965729 -354.251099 105.227684 25.504112 1.000000e+37
789980 25344.363281 9157.218750 71418.406250 -182.137405 -360.117828 134.618820 26.298323 1.000000e+37
789981 25251.455078 9173.986328 71485.218750 -151.447144 -360.884796 104.995422 18.033461 1.000000e+37
789982 25322.996094 9153.777344 71451.515625 -156.849213 -362.498962 105.953842 19.648212 1.000000e+37
789983 25314.691406 9144.883789 71429.625000 -161.211075 -373.057495 89.681747 9.990971 1.000000e+37
799042 25426.304688 7825.382324 70404.367188 157.430405 -6.186666 202.559189 29.799667 1.000000e+37
799043 25456.132812 7787.489258 70403.250000 119.528938 -0.350580 191.805649 20.229589 1.000000e+37
799044 25433.476562 7805.074707 70400.632812 182.746902 33.310593 192.415497 16.615177 1.000000e+37
805827 24829.992188 7718.286133 68883.968750 201.974182 1.870153 104.871635 35.550713 -8.523647e+00
814394 25485.318359 7268.833008 68553.726562 14.634647 -258.164429 48.992012 39.674339 -1.156932e+01
814870 24124.238281 8949.168945 71986.609375 35.270866 -259.390625 181.995590 36.993954 -1.125960e+01
814872 24115.027344 8927.016602 71973.257812 53.920498 -267.004486 193.676590 9.122120 1.000000e+37
830282 26070.357422 8020.847656 71001.429688 48.744846 -89.694656 202.649078 32.900185 -9.569128e+00
835340 25896.480469 7770.058105 68702.812500 142.738388 -102.233360 33.173973 35.769234 -1.242472e+01
839277 23875.179688 9208.444336 70427.468750 169.563828 -38.975956 124.739510 33.997082 -8.853934e+00
839278 23864.970703 9191.936523 70438.703125 169.899048 -58.667385 129.931854 14.967199 1.000000e+37
840077 26057.525391 6805.025879 70674.546875 -49.269730 -161.397888 194.140579 35.670731 -1.130465e+01
840426 25186.349609 8793.486328 68786.070312 111.918594 -84.833405 97.506294 29.452030 1.000000e+37
844960 25138.279297 7745.544922 69671.921875 190.411530 5.543202 150.737549 35.491791 -1.151915e+01
848762 25245.500000 7134.073242 68602.906250 60.804974 -237.122635 68.298706 40.007229 -1.189112e+01
863084 24246.750000 8837.522461 71643.546875 190.260864 -72.375237 178.581726 30.066988 -9.040925e+00
863085 24243.496094 8806.321289 71623.468750 194.976562 -74.619560 191.590988 7.601841 1.000000e+37
864093 25690.771484 6207.205566 69914.117188 -48.362591 -90.929619 138.852722 32.409142 -1.059501e+01
874194 23875.861328 7685.363281 69287.687500 -27.179718 -196.610077 146.271393 34.166252 -1.072648e+01
878537 25262.527344 8865.696289 71311.968750 -163.487595 -330.792938 156.186554 28.927633 1.000000e+37
878538 25228.363281 8900.523438 71277.156250 -150.313049 -322.336884 149.674286 22.170471 1.000000e+37
886802 26269.074219 8537.897461 71557.484375 -208.039734 -358.235596 147.893234 28.314371 1.000000e+37
898383 25179.724609 6155.349121 69425.382812 -7.963995 -85.433372 105.404129 31.441986 -9.363214e+00
932222 23859.203125 7780.380371 69911.546875 3.138124 -180.437347 183.025909 29.144526 -9.049987e+00
937777 25950.812500 8015.020020 69757.507812 103.435600 -65.028694 141.810135 28.831871 -9.144973e+00
939803 25974.068359 8033.524414 70274.781250 77.244392 -63.871563 180.073318 22.892752 1.000000e+37
939804 25921.011719 8020.560059 70280.257812 54.222626 -69.713593 187.442444 13.124517 1.000000e+37
952626 24862.839844 7238.742188 70659.937500 -62.971859 -265.869965 266.165588 28.636515 -1.089115e+01
955580 25107.601562 8387.949219 71611.781250 202.720428 -98.493492 199.477417 27.193789 1.000000e+37
967133 25882.990234 7811.504395 68813.742188 133.760818 -87.495789 38.093422 23.541290 1.000000e+37
967134 25881.931641 7817.991211 68823.039062 141.996445 -72.740982 35.209248 13.168251 1.000000e+37
967468 23145.384766 8886.091797 70070.773438 -62.672356 -242.253937 84.862358 24.550537 1.000000e+37
967469 23120.960938 8869.142578 70091.078125 -59.126610 -251.254211 64.540810 8.628291 1.000000e+37
970886 23696.162109 7993.786133 69411.304688 -63.910782 -248.410767 135.685501 22.342302 1.000000e+37
970887 23716.109375 7977.888672 69433.585938 -67.435654 -261.050629 129.842926 17.575453 1.000000e+37
973992 25269.023438 7640.026855 70979.843750 199.550735 -8.752900 133.805267 26.440128 1.000000e+37
984434 25014.652344 9067.190430 71273.406250 114.262955 -169.278030 153.292282 27.200722 1.000000e+37
988926 25075.681641 7444.707031 70425.101562 89.440323 -226.527054 206.186401 26.858391 1.000000e+37
994252 24723.521484 8173.362305 69903.515625 78.388412 -286.778229 141.000092 28.028738 -1.025434e+01
1007466 24721.167969 9185.964844 70418.773438 -144.596634 -299.361053 104.696892 24.341791 1.000000e+37
1020697 25338.029297 8818.684570 71497.664062 -153.675537 -355.184113 149.505829 25.355648 1.000000e+37
1020698 25344.416016 8806.470703 71498.093750 -175.378357 -349.413452 138.291229 12.207972 1.000000e+37
1024960 24841.736328 7727.434082 69133.125000 4.200418 -187.910431 140.646927 27.584969 -1.020781e+01
1030954 25795.232422 7810.045410 68862.843750 110.917343 -150.239639 74.670418 23.719801 1.000000e+37
1039641 25536.140625 8253.235352 71763.851562 185.184189 -102.389015 239.806824 21.596668 1.000000e+37
1039642 23061.265625 8568.156250 70680.093750 190.960327 1.468968 138.604294 23.523592 1.000000e+37
1051715 25553.193359 7825.338867 70221.968750 143.292343 -18.919846 183.385559 23.867676 1.000000e+37
1063445 25251.490234 8222.885742 72399.140625 216.008942 -137.593048 242.831802 23.433800 1.000000e+37
1077040 24588.996094 9465.734375 70734.132812 100.741142 -136.233963 118.396225 22.312485 1.000000e+37
1082987 25134.701172 7649.822754 70825.835938 187.318893 -12.989944 304.232758 25.837393 1.000000e+37
1082988 25728.664062 6275.624023 69536.250000 -34.599834 -160.290939 86.180923 23.646029 1.000000e+37
1088262 23426.138672 8605.524414 71466.312500 16.116787 -251.109055 161.426239 21.935862 1.000000e+37
1088263 23455.119141 8600.841797 71448.187500 194.373932 -31.271557 162.728622 9.197235 1.000000e+37
1095989 25235.687500 7780.591309 69925.078125 180.266037 7.058654 161.903091 20.862408 1.000000e+37
1095990 25254.375000 7788.810059 69929.703125 184.233337 -2.366972 164.724899 10.508706 1.000000e+37
1098874 26029.091797 7978.304199 71095.585938 55.614899 -69.256905 215.759689 17.932817 1.000000e+37
1098875 26020.896484 7985.145508 71076.984375 73.347885 -86.001144 202.288940 16.117422 1.000000e+37
1106280 24847.296875 7416.626953 70454.320312 20.565506 -309.639221 171.298141 26.453278 1.000000e+37
1136818 25222.162109 9011.115234 71135.062500 -154.688858 -324.694672 146.989899 16.198111 1.000000e+37
1136819 25235.658203 8981.797852 71112.101562 -178.868042 -317.897583 151.447800 13.124289 1.000000e+37
1149644 23250.060547 6749.184570 71015.617188 219.365234 9.058568 165.361877 23.581562 1.000000e+37
1159997 24569.005859 9570.857422 70579.375000 97.164230 -136.119904 110.673035 17.236778 1.000000e+37
1159998 24568.453125 9585.547852 70583.960938 110.060356 -141.621841 107.712158 15.460637 1.000000e+37
1160005 25970.025391 8091.223633 70469.031250 87.620842 -29.568890 178.452377 19.608114 1.000000e+37
1165953 24848.851562 8042.565430 70019.546875 33.976734 -377.765381 122.808601 21.782803 1.000000e+37
1169060 24995.316406 7439.163574 71073.804688 85.300644 -281.341675 123.167412 21.532656 1.000000e+37
1174428 23202.546875 8323.372070 70274.015625 192.298111 8.094378 130.517883 20.329691 1.000000e+37
1176614 25452.126953 9359.828125 71265.609375 -203.106491 -352.118042 79.127960 18.083281 1.000000e+37
1176615 25435.466797 9385.810547 71265.226562 -209.372116 -363.628235 84.140198 13.290082 1.000000e+37
1176618 25298.425781 7738.823730 70565.484375 172.221390 12.945528 221.997787 19.816807 1.000000e+37
1179881 25850.423828 8168.918457 71398.703125 110.226120 -180.834732 209.833939 20.622316 1.000000e+37
1182040 25822.869141 6518.268066 71284.578125 -58.158241 -190.297806 245.492340 24.298470 1.000000e+37
1198865 25481.619141 8561.981445 70258.625000 73.568054 -151.928757 109.784660 20.089233 1.000000e+37
1198866 25459.470703 8528.384766 70257.273438 22.729034 -132.741562 172.162308 9.880316 1.000000e+37
1201290 24815.835938 7563.212402 70345.289062 239.469162 20.579119 175.712723 18.833443 1.000000e+37
1206078 25164.660156 7660.532227 70707.328125 172.317413 -2.401884 62.439392 13.176060 1.000000e+37
1207264 25329.285156 7767.531250 70761.531250 137.282394 24.114120 119.412720 17.296452 1.000000e+37
1208425 24792.847656 9323.982422 70977.882812 112.360435 -154.698242 128.488297 19.530178 1.000000e+37
1220854 24408.898438 7080.885742 70397.992188 48.847187 -154.749649 213.286041 21.878960 1.000000e+37
1226073 24000.591797 8883.581055 70958.382812 190.825684 -37.755268 151.100662 19.774677 1.000000e+37
1226074 24008.093750 8915.439453 70968.406250 185.736450 -54.723034 146.967392 8.760725 1.000000e+37
1238421 24989.275391 5671.675293 70281.515625 -36.238277 -117.736435 182.090240 21.877367 1.000000e+37
1238431 24882.509766 8845.069336 68795.953125 155.660248 -51.765804 86.060799 20.474369 1.000000e+37
1241090 25736.900391 7838.615723 72146.921875 -197.754547 -365.050751 92.674927 13.359119 1.000000e+37
1255338 23477.166016 8476.060547 70147.242188 -7.552569 -243.911896 106.672714 17.992727 1.000000e+37
1259866 25077.513672 8340.461914 72212.101562 44.558796 -318.383545 205.261261 22.245253 1.000000e+37
1264308 24640.339844 7381.535156 70149.773438 230.470413 25.097610 153.068405 19.781574 1.000000e+37
1265945 25033.695312 7616.930664 70567.835938 240.794388 1.201168 230.123505 18.889132 1.000000e+37
1268972 25653.683594 8377.686523 72117.546875 -240.374908 -403.782349 179.758148 19.781544 1.000000e+37
1270575 24857.951172 8037.987305 70227.882812 46.032265 -323.793365 242.748611 18.044493 1.000000e+37
1278504 24779.662109 8925.611328 70647.171875 -144.214767 -309.522797 112.858192 18.819866 1.000000e+37
1281749 25478.349609 8277.939453 70115.421875 128.756866 -55.024391 170.093811 19.542191 1.000000e+37
1283366 25332.873047 8313.118164 71442.343750 197.225861 -91.251816 195.444534 20.164841 1.000000e+37
1286709 24576.287109 7938.406738 69978.609375 -5.012142 -332.705658 171.668945 11.656376 1.000000e+37
1286710 24573.404297 7928.538086 69975.242188 -70.962357 -112.431992 144.684814 8.814761 1.000000e+37
1291758 24769.919922 7617.419434 70647.265625 -48.523994 -201.568497 89.654503 20.329241 1.000000e+37
1298714 26107.111328 7903.839844 71397.414062 67.129257 -108.987755 223.018127 17.544552 1.000000e+37
1302223 25673.646484 7572.814453 72227.062500 206.174683 -33.910358 286.007507 13.179955 1.000000e+37
1302224 25667.642578 7559.406250 72220.023438 207.365234 -33.472679 284.122589 11.007320 1.000000e+37
1303966 25438.117188 7935.196289 70645.515625 116.964722 19.572895 197.795212 15.919664 1.000000e+37
1313105 25771.705078 6370.730957 69551.421875 -52.104004 -176.127045 85.853783 16.982925 1.000000e+37
1313109 23266.158203 8969.606445 70459.210938 15.269628 -217.416931 102.318123 20.110750 1.000000e+37
1313111 25564.080078 6554.783691 70014.429688 -9.268045 -169.091675 132.095627 19.373405 1.000000e+37
1313112 25563.859375 6539.463379 70009.757812 -23.715530 -162.817383 142.718033 14.107624 1.000000e+37
1318785 24571.433594 8163.236816 69964.664062 31.128929 -288.423798 56.892719 17.996513 1.000000e+37
1324442 24717.011719 8595.267578 71314.296875 188.287827 -90.872940 168.978333 19.673761 1.000000e+37
1330265 24860.402344 7818.869629 70020.000000 -38.453003 -240.401138 133.585114 25.388079 1.000000e+37
1336224 23600.177734 6501.449219 69543.570312 214.833328 22.804159 129.713287 19.750938 1.000000e+37
1342250 24755.699219 7387.166992 70542.921875 1.708261 -92.812805 157.709427 8.517403 1.000000e+37
1342251 24969.916016 7267.039062 70569.148438 21.414993 -68.118645 266.899170 21.795744 1.000000e+37
1348420 24094.814453 7722.927246 68444.828125 211.626495 20.653973 86.095528 20.667725 1.000000e+37
1350488 24186.171875 8790.124023 71608.828125 42.373055 -254.349808 173.073456 18.442673 1.000000e+37
1358905 25360.859375 8087.284180 71990.843750 -234.558640 -341.502502 195.613632 18.724743 1.000000e+37
1361079 24826.238281 7160.390137 70996.289062 74.219406 -102.165070 205.976562 20.253193 1.000000e+37
1363283 25859.414062 8218.671875 71767.828125 154.083069 -126.446487 243.722458 18.808596 1.000000e+37
1365468 25250.021484 9401.292969 71257.343750 -155.624405 -350.199615 86.291290 19.294914 1.000000e+37
1372071 23661.820312 8214.798828 69039.367188 -85.932968 -235.739899 107.767334 18.598764 1.000000e+37
1372082 25775.941406 7782.970215 68615.546875 128.054459 -174.115402 57.139240 18.439833 1.000000e+37
1385765 24107.072266 6905.630371 69713.554688 208.564865 27.492907 133.018890 17.564001 1.000000e+37
1388055 25755.458984 8253.056641 71105.257812 147.408264 -116.482300 175.265976 16.829836 1.000000e+37
1388056 25738.853516 8285.463867 71081.656250 120.363884 -184.552094 173.922943 13.804955 1.000000e+37
1397481 23951.183594 7660.043945 68602.070312 -37.276905 -199.987427 101.147964 19.821522 1.000000e+37
1397482 25105.558594 9319.140625 70629.679688 -157.467957 -299.562561 113.563866 17.955383 1.000000e+37
1402519 25314.638672 8308.749023 70852.734375 184.457016 -105.217896 147.900177 13.627023 1.000000e+37
1409890 25488.023438 8235.022461 70532.343750 164.861496 -93.541191 147.880569 16.745565 1.000000e+37
1415004 24984.123047 7519.714355 70253.164062 -47.282703 -108.763535 217.410095 19.763220 1.000000e+37
1433565 26413.353516 6623.379883 70749.859375 -20.609705 -198.238495 203.297165 18.176868 1.000000e+37
1441644 23253.591797 8758.639648 70200.250000 -40.493156 -240.931305 87.861237 17.551298 1.000000e+37
1444500 24685.164062 7289.779297 68449.812500 221.631165 28.792595 99.833572 18.938694 1.000000e+37
1447309 25970.882812 7535.834473 71012.789062 141.883484 -17.374926 201.142746 19.188950 1.000000e+37
1450070 24372.962891 7941.672363 68674.453125 27.238192 -163.038284 113.696289 18.736368 1.000000e+37
1450095 25242.478516 7727.890137 70663.226562 185.061340 1.614155 246.440079 18.217405 1.000000e+37
1479752 24881.599609 8497.807617 72128.164062 213.218933 -95.488869 221.982864 18.718056 1.000000e+37
1479753 25104.923828 9094.245117 70564.765625 110.131546 -154.247803 121.501984 18.720068 1.000000e+37
1486048 26114.814453 6637.037109 71597.882812 -38.152931 -153.605560 282.342865 17.473368 1.000000e+37
1489153 24739.593750 7667.696777 70602.390625 19.509367 -122.564331 138.909286 23.476994 -8.872240e+00
1492397 24461.021484 9641.829102 70555.695312 99.913162 -129.612198 115.127312 15.709275 1.000000e+37
1498744 24740.263672 8638.330078 71116.710938 186.381165 -86.133537 164.299606 17.400541 1.000000e+37
1498767 25931.589844 7679.605957 68678.742188 82.848709 -114.809120 26.458014 17.794931 1.000000e+37
1502121 25244.765625 8202.950195 71965.820312 -193.828476 -354.974365 168.920746 18.780897 1.000000e+37
1505436 24726.373047 7499.826660 70653.835938 117.272995 -139.492355 203.021912 23.819687 -9.731656e+00
1508726 25078.158203 8743.177734 71811.437500 -153.332230 -398.536224 95.828842 16.355633 1.000000e+37
1518853 24585.890625 7405.218750 71090.351562 245.476196 1.722355 171.351776 15.962293 1.000000e+37
1522298 25131.505859 8939.208008 70207.671875 33.353466 -91.679031 177.237167 16.477926 1.000000e+37
1525844 25352.544922 8414.805664 71964.398438 -164.868561 -440.903656 147.869858 17.614653 1.000000e+37
1536372 25977.837891 8218.198242 71572.507812 96.634476 -161.428619 237.159149 17.304974 1.000000e+37
1540060 24434.398438 8276.239258 70762.671875 66.556229 -263.124298 111.431046 17.660772 1.000000e+37
1554872 25151.595703 6790.745117 72209.968750 -48.023018 -211.267960 326.554688 18.609108 1.000000e+37
1570623 25876.359375 7990.333008 68815.468750 126.587875 -86.742760 57.113438 17.861670 1.000000e+37
1586493 23915.664062 7902.191406 70150.171875 23.984352 -166.118942 177.910751 14.371298 1.000000e+37
1586527 25673.783203 8232.358398 70901.414062 87.470390 -170.324112 168.391998 18.285120 1.000000e+37
1603403 23962.833984 7100.672363 71023.484375 -14.522693 -269.449677 166.769043 13.546002 1.000000e+37
1603430 25034.402344 8431.526367 71890.312500 211.488831 -97.277000 209.207504 15.249054 1.000000e+37
1607715 24746.849609 7608.828125 70701.757812 -84.461151 -172.305084 98.094780 15.266166 1.000000e+37
1607735 23895.113281 6683.811035 69615.953125 215.296661 22.699326 130.675797 15.139140 1.000000e+37
1616554 25339.212891 9419.879883 70589.289062 -180.752472 -292.943604 106.409683 12.307992 1.000000e+37
1616555 25315.375000 9438.128906 70584.992188 -179.084534 -298.188263 112.701134 10.573171 1.000000e+37
1616586 25584.300781 6380.045898 71565.765625 -48.438148 -184.637405 271.767578 15.904845 1.000000e+37
1621122 25649.050781 8156.091797 72236.382812 -131.935440 -467.833710 186.155899 17.524490 1.000000e+37
1621161 25363.314453 8756.425781 69733.945312 99.475395 -104.532944 171.054047 15.810203 1.000000e+37
1625701 24228.183594 7472.913086 70248.234375 58.191753 -163.094620 163.726898 12.234896 1.000000e+37
1635022 25693.791016 7641.843262 70175.328125 -0.739378 -189.100250 121.046059 16.830441 1.000000e+37
1658727 24836.169922 6981.418457 72348.101562 10.240737 -201.890732 335.520599 18.544668 1.000000e+37
1689266 25388.966797 8857.437500 71754.523438 -163.470367 -376.567810 142.991638 18.006739 1.000000e+37
1694591 23582.416016 8851.510742 69821.804688 48.961384 -197.349747 82.118805 16.969242 1.000000e+37
1705354 24884.281250 7248.026855 70850.531250 73.732124 -54.747387 199.243317 17.855022 1.000000e+37
1705393 25890.896484 7826.307129 70565.242188 55.688831 -186.987106 140.780899 17.727814 1.000000e+37
1710754 25692.400391 8209.759766 71740.359375 172.752182 -121.488586 236.764236 14.516687 1.000000e+37
1710794 25192.994141 8743.413086 70138.593750 28.689568 -144.701859 206.190262 16.341593 1.000000e+37
1710795 26291.486328 7920.374023 71535.234375 74.789536 -131.165909 228.411301 17.269339 1.000000e+37
1716364 23580.726562 8599.600586 71152.070312 26.271549 -243.593170 144.294525 15.986404 1.000000e+37
1722092 25867.251953 7807.249512 69116.078125 94.813995 -120.339561 88.562752 14.357826 1.000000e+37
1733657 23606.648438 7970.535645 70516.523438 22.116028 -253.790039 114.564110 14.457238 1.000000e+37
1739623 25860.398438 7904.695801 69583.890625 84.261078 -118.149956 138.121384 15.927725 1.000000e+37
1745529 26258.042969 6874.381836 70131.570312 -36.447411 -94.049194 149.460190 14.469640 1.000000e+37
1751563 25372.457031 8765.744141 71574.328125 -156.036560 -401.639740 93.627670 16.778540 1.000000e+37
1763625 25245.669922 6027.332520 70611.507812 -14.368738 -94.337692 226.872574 14.385405 1.000000e+37
1763667 24128.248047 9034.730469 69511.179688 175.263336 -26.634033 103.645966 15.040111 1.000000e+37
1769861 25847.089844 7939.682617 70600.796875 19.956329 -80.488098 193.798294 16.578712 1.000000e+37
1776081 24287.957031 7061.904785 70023.140625 26.607439 -161.766479 188.858124 14.196253 1.000000e+37
1776091 25093.966797 6935.148438 71528.468750 89.340149 -242.657852 225.381912 16.932365 1.000000e+37
1782598 26229.150391 7673.249023 70184.671875 41.817059 -109.334366 163.953995 16.073986 1.000000e+37
1782612 24009.000000 8579.149414 68713.015625 38.702793 -142.507568 98.871239 15.154216 1.000000e+37
1789027 26471.130859 8325.337891 71187.929688 -213.506073 -296.868958 159.162949 14.369462 1.000000e+37
1789029 25253.621094 8626.691406 71663.531250 102.825096 -229.336868 187.021255 13.583127 1.000000e+37
1789037 24790.611328 7230.966797 72107.242188 -13.532246 -268.461731 296.693939 15.570194 1.000000e+37
1795491 25606.818359 8820.144531 71248.437500 -194.486145 -320.293823 156.887894 13.467712 1.000000e+37
1795503 24035.039062 8960.703125 69107.500000 -11.734859 -150.275146 129.694382 19.128441 1.000000e+37
1795545 25711.171875 8212.597656 70865.726562 148.722672 -118.110138 157.604675 15.928875 1.000000e+37
1802118 25389.988281 8847.329102 71506.593750 -167.839569 -357.365479 145.372238 11.495975 1.000000e+37
1802133 23832.261719 9098.290039 69201.437500 -15.313577 -187.058044 81.198288 16.339701 1.000000e+37
1802172 25654.193359 6201.731934 70013.632812 -28.682346 -175.468460 131.716156 16.296783 1.000000e+37
1808805 24530.966797 6248.527344 70937.570312 -63.898636 -185.330429 212.269394 16.098106 1.000000e+37
1815578 25732.226562 6811.343750 68872.687500 -65.898262 -125.920860 -6.356462 13.385559 1.000000e+37
1815597 24551.462891 7954.702637 71429.312500 -117.271751 -336.665222 169.449448 14.977068 1.000000e+37
1815627 23445.058594 6937.469238 70794.617188 217.503418 9.394503 160.232056 14.876910 1.000000e+37
1815628 23259.896484 8230.912109 71348.414062 210.836151 4.266077 165.777710 14.766517 1.000000e+37
1822508 25542.431641 7620.690918 72070.078125 207.033249 -30.015860 268.398956 12.043498 1.000000e+37
1822558 24121.632812 7766.580566 68495.375000 202.326935 22.428146 81.668266 14.297947 1.000000e+37
1829573 24981.462891 5652.546387 70609.945312 -37.433762 -111.960289 202.542252 11.404396 1.000000e+37
1829583 24570.595703 7814.433594 69527.773438 34.296017 -152.526901 185.447632 18.273878 1.000000e+37
1829617 25632.039062 7946.998535 70014.078125 140.779648 -27.080605 166.342926 13.212358 1.000000e+37
1843871 24992.191406 6906.328125 69540.179688 44.591503 -153.971741 144.082748 14.887284 1.000000e+37
1843885 24640.093750 8083.576660 69563.750000 -8.962390 -180.474747 205.564651 15.405247 1.000000e+37
1843886 25250.632812 8687.694336 69724.312500 23.458090 -143.736191 177.386078 13.572605 1.000000e+37
1858661 25865.144531 7978.851562 69631.875000 141.056076 -39.800529 129.896591 15.110893 1.000000e+37
1865940 24514.089844 7865.288574 69181.703125 204.338516 -13.378590 115.264679 14.521971 1.000000e+37
1865941 24753.236328 7731.930176 71810.484375 78.312424 -303.269440 203.569275 16.583500 1.000000e+37
1865943 25164.398438 8595.610352 70833.304688 20.832851 -267.034760 131.032043 16.014267 1.000000e+37
1865987 23899.617188 7085.553711 69686.031250 222.076340 18.522306 122.210976 14.355808 1.000000e+37
1873760 23630.398438 6920.184570 69270.601562 210.618103 26.660151 121.557030 12.856924 1.000000e+37
1881497 25668.070312 8230.381836 70496.593750 43.603104 -160.776520 186.484787 16.204229 1.000000e+37
1889089 23969.751953 6991.741699 71466.718750 -25.161295 -280.340027 201.834015 12.990668 1.000000e+37
1889098 23555.574219 8594.591797 71069.328125 26.240353 -245.907593 143.873657 12.722631 1.000000e+37
1889158 26400.236328 6580.941895 71009.304688 -22.597742 -198.898163 242.208603 17.154940 1.000000e+37
1897011 25156.275391 8150.789062 71815.593750 -113.096466 -346.883270 192.795731 16.590477 1.000000e+37
1913274 24862.017578 7812.744141 70151.093750 214.455002 15.820008 157.146164 10.767650 1.000000e+37
1921542 24825.005859 7623.425293 69735.640625 10.598095 -156.843750 196.074890 15.176333 1.000000e+37
1929940 24576.964844 7095.040039 71196.437500 100.391647 -242.686386 177.035294 14.468125 1.000000e+37
1929947 24604.773438 7863.727051 69710.554688 36.661903 -139.377274 209.249405 16.351898 1.000000e+37
1930007 25791.199219 7954.332520 69323.726562 160.075272 -56.861637 102.373741 13.126273 1.000000e+37
1930010 25784.972656 8156.686035 71395.046875 101.815918 -162.242065 216.207352 12.255312 1.000000e+37
1938611 26388.732422 8335.334961 71329.132812 -214.968887 -302.145508 162.215500 15.392015 1.000000e+37
1938614 25429.943359 9682.882812 70324.351562 -183.170761 -274.280701 97.819435 13.798094 1.000000e+37
1956049 25698.744141 8114.137695 72247.656250 -109.678635 -467.973114 188.685760 15.937503 1.000000e+37
1965179 24149.031250 8665.197266 69473.140625 -30.794790 -187.000198 154.879501 16.701014 1.000000e+37
1965224 24605.240234 7677.733398 68956.156250 207.595840 10.090619 106.149750 10.852103 1.000000e+37
1974417 24946.955078 8126.911133 69577.812500 46.848576 -249.691345 174.779526 17.328661 1.000000e+37
1974463 25895.062500 8003.764160 69065.953125 124.455078 -73.493027 76.033737 14.814322 1.000000e+37
1983609 24598.132812 7209.100098 72408.851562 24.983133 -213.468582 324.400909 16.513069 1.000000e+37
1983618 24398.357422 7803.187500 69119.335938 210.495239 -7.021708 108.357452 14.083667 1.000000e+37
1983667 23786.242188 7167.774902 69629.148438 220.973679 15.487039 121.721947 14.685493 1.000000e+37
1983670 25852.955078 7835.016113 70536.726562 47.148647 -178.885284 144.388626 13.963295 1.000000e+37
2002398 25667.439453 8151.550781 72064.765625 -130.056610 -461.159637 171.011505 11.293920 1.000000e+37
2002453 26103.716797 7687.362793 69510.195312 67.113350 -109.028587 117.413963 15.300842 1.000000e+37
2032075 26194.818359 8257.362305 71827.117188 118.845001 -142.701019 261.449219 18.489786 1.000000e+37
2032080 25399.328125 9530.542969 70440.078125 -177.859375 -288.810944 100.562843 15.749660 1.000000e+37
2032091 25037.904297 8792.950195 70249.140625 4.705438 -141.626724 189.025116 10.560712 1.000000e+37
2032133 24626.253906 7544.730469 69676.195312 218.397064 3.710552 137.646011 13.999381 1.000000e+37
2042266 25290.437500 8963.995117 71099.093750 -160.444901 -340.834839 131.283081 13.897413 1.000000e+37
2042275 25176.056641 7975.560547 70200.687500 -93.526001 -220.180618 185.398376 13.741503 1.000000e+37
2042348 24675.394531 8611.381836 71267.968750 193.866486 -91.880692 171.515182 13.797620 1.000000e+37
2052812 24161.677734 7460.936523 70289.187500 51.275280 -160.403122 170.807953 14.213034 1.000000e+37
2052814 25504.705078 6662.604004 70794.593750 -0.818931 -111.585716 208.888199 15.567827 1.000000e+37
2052816 25453.894531 8855.530273 71525.281250 -167.104050 -364.593719 140.339966 14.647831 1.000000e+37
2063472 24418.294922 8765.123047 71024.414062 34.130276 -258.187500 128.750427 12.240524 1.000000e+37
2074156 25197.683594 7311.223145 69964.781250 -23.100103 -129.420883 169.009537 16.120783 1.000000e+37
2074162 24949.876953 8582.029297 71225.437500 -137.029633 -329.942932 148.478134 13.668485 1.000000e+37
2074166 23339.015625 8505.232422 71216.882812 197.321732 -19.902231 171.668640 11.470288 1.000000e+37
2074223 23976.523438 9064.342773 70851.726562 179.532303 -50.729622 140.673950 12.608575 1.000000e+37
2074224 25209.892578 7738.771484 70173.968750 195.966782 12.657104 178.712051 14.156967 1.000000e+37
2074225 25307.126953 7827.763672 69273.679688 184.901001 -9.098950 120.387878 13.176221 1.000000e+37
2074227 25783.275391 6336.266113 69634.671875 -57.621826 -180.176880 91.288109 17.422981 1.000000e+37
2085071 25267.363281 5903.740234 71007.015625 -140.411484 -237.830765 212.175568 12.880747 1.000000e+37
2085072 25448.880859 8285.762695 70956.140625 168.125961 -121.306473 156.634232 13.583756 1.000000e+37
2085092 23213.316406 8631.167969 70646.195312 -23.039881 -249.452728 110.602272 15.029231 1.000000e+37
2085096 25924.789062 7287.662598 69383.148438 -38.772858 -222.592804 105.009026 14.221840 1.000000e+37
2096156 23526.421875 8756.323242 69933.851562 46.039974 -192.300064 91.153046 14.395082 1.000000e+37
2096162 25699.537109 6271.337402 70565.835938 -19.760323 -168.805878 187.382446 16.741045 1.000000e+37
2107746 23809.726562 7662.374512 69464.515625 -28.274494 -212.522873 152.353348 15.002063 1.000000e+37
2107764 23118.826172 8935.589844 70033.609375 -65.823578 -249.261322 94.092377 10.996445 1.000000e+37
2107768 23673.992188 9441.503906 70059.070312 32.570190 -192.873901 71.670197 12.735377 1.000000e+37
2107836 25913.962891 7961.682617 70287.265625 70.130890 -78.584099 181.853104 12.598960 1.000000e+37
2107838 25587.037109 8415.196289 70509.437500 86.409378 -163.028717 133.703079 12.226731 1.000000e+37
2119305 24128.910156 7087.747070 69615.664062 215.069046 29.159534 128.564575 11.065217 1.000000e+37
2119316 24564.564453 8165.061523 70798.906250 73.002327 -264.949463 111.587883 11.174913 1.000000e+37
2119385 25603.443359 8562.181641 70299.968750 77.065071 -122.131630 137.571030 10.759841 1.000000e+37
2119386 24083.179688 6624.676270 69806.148438 213.120941 23.676411 139.113174 10.959515 1.000000e+37
2131027 24665.652344 8079.174316 69874.890625 48.370041 -298.786774 187.807114 18.444578 1.000000e+37
2131115 25789.722656 7911.558105 69332.148438 160.211960 -69.510246 112.806381 12.201677 1.000000e+37
2131117 25674.197266 8051.957520 68837.484375 97.795311 -143.795456 92.418274 14.170053 1.000000e+37
2143181 25829.238281 8147.393555 70718.054688 37.826546 -88.106308 194.333755 9.432525 1.000000e+37
2155374 24623.355469 8876.329102 70564.187500 -132.705185 -308.085175 110.458717 12.571688 1.000000e+37
2155390 24518.703125 9446.765625 71492.351562 81.671089 -183.178543 149.080658 15.953850 1.000000e+37
2155471 25377.583984 8008.891602 70713.085938 92.070885 10.862385 208.955643 16.461735 1.000000e+37
2155473 25306.564453 8751.318359 69229.312500 60.887791 -122.051483 133.827896 9.723604 1.000000e+37
2167765 24820.240234 7005.423340 71781.664062 -160.009918 -300.045197 241.499115 15.647342 1.000000e+37
2167871 26006.291016 7992.377930 70241.250000 76.466156 -66.948891 164.660553 15.055910 1.000000e+37
2180498 24399.472656 7283.939941 70619.718750 87.249886 -166.809631 170.000397 9.286910 1.000000e+37
2180506 25169.013672 8585.021484 72089.085938 -140.067505 -410.212006 110.712799 13.866310 1.000000e+37
2180525 25219.142578 6694.094238 71181.406250 -46.151321 -183.556625 227.610962 13.269700 1.000000e+37
2180526 24638.468750 8589.995117 72325.312500 26.503866 -299.403564 210.811462 15.638092 1.000000e+37
2180607 25837.705078 6702.751953 69754.093750 -73.968071 -112.684044 111.019203 14.210940 1.000000e+37
2193455 26324.371094 7000.594238 69559.906250 -28.320517 -107.675911 94.209190 14.407552 1.000000e+37
2220206 23773.363281 8573.616211 69638.945312 -10.819061 -157.313843 107.796883 14.507441 1.000000e+37
2220305 24874.935547 8550.249023 71591.976562 205.633606 -83.751694 188.790680 12.997274 1.000000e+37
2220308 25994.976562 8130.826660 70158.468750 90.479355 -65.041946 173.925934 9.049508 1.000000e+37
2234318 24947.199219 8090.431641 70270.492188 -119.952713 -242.149704 156.179825 12.513441 1.000000e+37
2234319 25264.126953 7526.395020 71347.601562 14.973160 -312.021362 182.217712 14.342159 1.000000e+37
2248520 25632.537109 7961.277344 71973.039062 -230.919952 -308.943237 182.350342 14.892046 1.000000e+37
2248532 23213.796875 8902.622070 70129.304688 -34.744709 -247.687393 75.692390 10.633034 1.000000e+37
2248533 23225.578125 8661.581055 70056.781250 -43.970203 -234.633286 99.216019 14.309589 1.000000e+37
2248551 24146.488281 8883.620117 71970.429688 45.260239 -234.511749 193.589264 13.200706 1.000000e+37
2262830 23952.083984 7756.888184 69955.468750 35.751369 -161.452606 131.883759 13.169501 1.000000e+37
2262850 25277.500000 8710.402344 70061.679688 16.347128 -128.999130 186.834915 14.318027 1.000000e+37
2262935 25835.115234 7939.326172 69142.375000 164.952972 -65.403877 87.765152 12.243505 1.000000e+37
2262939 25993.583984 7999.717773 70684.648438 89.163414 -24.572407 177.895233 13.420221 1.000000e+37
2262948 25396.498047 6001.657227 70087.882812 -38.643627 -84.039917 160.635315 13.879707 1.000000e+37
2277387 25672.923828 8660.544922 71566.171875 -202.037918 -342.047058 172.965775 13.866482 1.000000e+37
2277398 24032.220703 8703.818359 69878.500000 72.775360 -210.514450 84.760269 12.454841 1.000000e+37
2292295 24520.578125 6281.564453 71826.070312 -16.781677 -175.885574 278.573303 14.093599 1.000000e+37
2292300 25270.896484 8747.608398 71396.851562 -157.457443 -326.204010 158.753723 13.915827 1.000000e+37
2292310 25936.408203 8225.999023 71706.867188 141.783752 -130.475525 240.860229 16.528799 1.000000e+37
2292329 25296.757812 7674.366211 71579.289062 23.885271 -315.864288 202.604065 14.526896 1.000000e+37
2307294 25393.373047 8058.938477 72115.789062 -147.159302 -404.293884 224.671875 13.515224 1.000000e+37
2307298 25631.250000 9362.848633 70100.523438 -181.929764 -272.458099 99.680733 13.722946 1.000000e+37
2323022 25569.070312 8609.904297 70214.039062 90.753433 -166.731155 99.494797 12.550102 1.000000e+37
2323023 24883.578125 8840.879883 68719.789062 152.487274 -49.146809 89.845955 12.960520 1.000000e+37
2339234 24765.779297 8844.699219 71921.242188 32.439190 -276.626617 179.841843 10.538439 1.000000e+37
2339237 24351.005859 8819.414062 71500.632812 28.821415 -260.504242 159.446228 12.505304 1.000000e+37
2339341 24480.449219 8777.244141 71276.382812 191.065063 -79.665047 165.710922 12.571304 1.000000e+37
2339343 25782.466797 8235.458984 71113.648438 107.350548 -185.665573 177.707123 12.433765 1.000000e+37
2339345 25603.500000 8011.001465 70967.539062 167.844360 -75.740128 148.392929 12.290530 1.000000e+37
2355338 24651.830078 8174.245605 69837.335938 73.182106 -260.761200 160.895523 18.567327 1.000000e+37
2355340 25276.589844 7913.265625 71559.820312 34.296692 -310.370117 191.931473 13.298300 1.000000e+37
2371990 25512.376953 8815.652344 70771.859375 -187.464111 -297.183990 139.756042 14.771736 1.000000e+37
2371991 24625.724609 6365.401855 71530.703125 7.494544 -149.501144 254.649597 14.617765 1.000000e+37
2372005 24825.742188 9251.575195 70523.046875 -154.602524 -299.190186 105.638779 13.458701 1.000000e+37
2372141 25672.529297 8421.366211 72026.468750 146.038101 -253.771011 225.075317 11.046672 1.000000e+37
2372143 23576.037109 7524.499512 68726.085938 199.736908 38.390762 95.915298 14.098211 1.000000e+37
2389211 24893.894531 7638.372559 70746.406250 -90.742798 -193.637985 90.397606 14.374790 1.000000e+37
2389222 25156.183594 8361.261719 71783.593750 -117.932739 -349.700439 190.243973 11.523681 1.000000e+37
2389224 25224.554688 8623.140625 71649.257812 108.091019 -225.167160 189.275879 10.268182 1.000000e+37
2389225 25212.113281 8615.568359 71656.765625 99.731476 -220.766617 179.692337 9.828735 1.000000e+37
2406767 24467.236328 8245.197266 68560.523438 -11.369164 -173.995163 109.819298 13.090159 1.000000e+37
2406768 24633.529297 7118.836914 68491.750000 221.767410 31.903355 102.156960 12.334637 1.000000e+37
2406886 25460.666016 6265.487305 70671.601562 -62.246674 -103.375366 203.333847 11.267583 1.000000e+37
2424678 25469.025391 8022.759277 72073.203125 235.823227 -78.548431 250.666641 10.663865 1.000000e+37
2424818 25299.716797 7710.074707 70500.187500 175.255325 6.879578 219.810608 14.558787 1.000000e+37
2424820 26088.718750 8116.325195 70908.203125 47.718769 -86.912285 209.694611 15.632989 1.000000e+37
2443120 25345.771484 8730.723633 71527.039062 -146.455048 -331.426270 165.272873 11.798404 1.000000e+37
2443251 24713.439453 9592.068359 70108.515625 98.871063 -118.171677 104.447952 12.334051 1.000000e+37
2462102 25729.994141 8109.223145 72051.421875 -304.358948 -370.276794 168.813065 13.321076 1.000000e+37
2462218 26214.177734 7524.875488 71114.820312 123.562004 -39.806568 215.252243 14.696321 1.000000e+37
2462220 25746.482422 8244.309570 70995.320312 102.363327 -175.744705 173.314835 12.024488 1.000000e+37
2481031 24592.416016 8021.846680 71488.890625 -122.904305 -339.226807 169.554733 12.738890 1.000000e+37
2481179 25985.134766 8075.346680 69974.007812 94.253914 -67.115204 157.307358 12.574492 1.000000e+37
2500763 25378.095703 8178.397461 72126.406250 -79.050453 -349.243683 161.999557 10.520722 1.000000e+37
2500767 24701.804688 7663.228027 70529.250000 11.735570 -254.397842 157.744263 13.757036 1.000000e+37
2500786 25011.576172 7377.435059 72177.562500 87.783516 -331.588623 250.399063 12.894921 1.000000e+37
2500908 25853.851562 6539.861328 69523.445312 -64.154640 -190.075638 85.857750 15.426472 1.000000e+37
2520968 25520.148438 5999.430664 70761.164062 -163.556259 -253.189255 190.936951 12.265495 1.000000e+37
2520974 25324.539062 8788.968750 71442.539062 -151.283585 -330.367645 159.952209 11.971207 1.000000e+37
2520982 23927.519531 7736.292969 69812.468750 -37.943451 -312.564087 136.843628 13.095680 1.000000e+37
2521002 24737.671875 7385.232910 70039.398438 -53.897484 -159.156662 201.527924 14.077570 1.000000e+37
2521127 23804.580078 6721.853027 69483.398438 216.382721 20.343922 130.113937 13.638393 1.000000e+37
2541417 25574.431641 8204.607422 71918.859375 -171.952713 -341.170441 147.700394 12.980577 1.000000e+37
2541445 25232.039062 7184.605469 72146.562500 29.269255 -313.411041 275.902100 14.758883 1.000000e+37
2541560 25456.814453 8028.875488 68962.882812 187.769272 -49.416061 92.687691 11.294358 1.000000e+37
2541561 24073.232422 6429.779297 69873.687500 212.496597 21.828856 141.400757 10.237806 1.000000e+37
2541566 25948.062500 8017.684082 70004.781250 85.586510 -63.565235 161.747879 13.854993 1.000000e+37
2541567 26199.947266 8063.858398 71679.515625 82.569000 -126.135284 250.427597 9.380368 1.000000e+37
2541568 26213.732422 8073.809570 71683.390625 76.754410 -128.747040 245.412735 10.059267 1.000000e+37
2562595 24898.146484 8100.048828 71480.421875 -147.549042 -326.210052 184.348907 12.084815 1.000000e+37
2562627 24927.253906 7166.634766 70747.914062 16.962790 -107.052628 180.749298 16.694643 1.000000e+37
2562749 26165.453125 8124.433105 71207.398438 93.615417 -124.060234 195.966919 13.350495 1.000000e+37
2584432 26375.673828 8006.218262 71682.671875 -235.538803 -329.040558 123.687149 13.562232 1.000000e+37
2584447 24985.384766 8053.588379 70039.203125 -1.492587 -133.882156 200.276245 10.916913 1.000000e+37
2584461 24937.302734 7689.797852 70758.460938 273.810608 -67.667786 133.133835 12.926964 1.000000e+37
2584463 25075.837891 7195.935059 71640.757812 30.042084 -288.953094 229.333298 13.907370 1.000000e+37
2606841 23922.308594 7961.299316 68959.351562 10.504492 -174.145508 127.459953 12.896554 1.000000e+37
2606884 25586.451172 6456.435059 69959.351562 -9.539334 -140.644394 124.325638 12.129342 1.000000e+37
2606885 25134.492188 7056.968262 69993.859375 -44.073299 -160.401917 167.972855 12.839102 1.000000e+37
2606888 24686.214844 8032.865234 70494.843750 -27.692495 -166.229263 151.848419 13.751841 1.000000e+37
2606891 24838.447266 8827.372070 69927.093750 -31.974800 -216.655670 174.667801 11.518832 1.000000e+37
2606893 24549.722656 9371.379883 71521.679688 79.884583 -183.864731 155.571106 10.859096 1.000000e+37
2606897 24441.861328 8715.885742 70805.750000 33.979668 -260.595154 118.527847 12.739747 1.000000e+37
2607014 23994.810547 5901.926270 70106.429688 214.367233 8.604674 153.796127 8.646456 1.000000e+37
2607028 24116.052734 8937.839844 69824.632812 185.539459 -26.727421 115.105179 11.357185 1.000000e+37
2629821 24509.396484 6189.719238 71684.531250 -58.949963 -199.361450 265.942596 13.051638 1.000000e+37
2629823 24840.906250 7265.645020 70742.265625 -57.735092 -197.894165 296.924011 9.446462 1.000000e+37
2629860 25869.009766 6399.810059 71361.382812 -5.777748 -162.605362 258.039032 10.622330 1.000000e+37
2629861 25265.060547 8392.808594 70621.921875 177.528778 -106.167625 129.820740 12.476075 1.000000e+37
2630020 25852.687500 7992.832520 70528.421875 43.398407 -78.093346 198.391968 12.747552 1.000000e+37
2630021 26118.367188 7782.516602 71503.218750 58.729710 -101.173920 229.368622 12.930821 1.000000e+37
2653412 25328.240234 8562.045898 71825.367188 -139.572235 -370.017273 190.035461 11.127434 1.000000e+37
2653588 26001.931641 7778.158691 69520.632812 82.456047 -90.391167 121.796059 11.471460 1.000000e+37
2677584 24665.996094 7373.407227 70533.062500 -88.943459 -139.762711 135.192245 11.524661 1.000000e+37
2677589 25563.525391 8960.788086 71477.656250 -216.829910 -375.327667 91.442154 11.435308 1.000000e+37
2677619 24001.960938 9330.262695 70573.414062 23.481766 -221.589615 99.983093 12.359377 1.000000e+37
2702437 25486.630859 7312.035645 68615.007812 30.007757 -269.618378 53.633892 12.684645 1.000000e+37
2702477 24558.888672 8019.057129 69950.765625 -1.613325 -96.982903 162.279373 13.526293 1.000000e+37
2702479 24303.582031 8463.963867 70052.070312 70.942497 -257.326111 107.505371 12.621353 1.000000e+37
2702636 24768.892578 7663.376953 68669.203125 208.788452 20.888662 104.427483 11.087366 1.000000e+37
2702637 24537.324219 7337.145020 69926.898438 223.887085 22.284393 140.847458 11.211332 1.000000e+37
2702638 26214.833984 7855.600098 71268.085938 44.159107 -108.984383 231.826309 14.577757 1.000000e+37
2702643 25507.255859 6392.830566 69337.984375 -12.076087 -135.085678 76.136032 13.126646 1.000000e+37
2727932 24630.642578 7107.818848 70565.664062 54.316074 -103.698860 229.176636 11.887714 1.000000e+37
2727938 25076.417969 9494.745117 71471.046875 -158.526276 -347.959991 78.764740 12.073297 1.000000e+37
2727978 25217.937500 8688.068359 70377.226562 23.732035 -207.828140 202.844086 13.590034 1.000000e+37
2728125 24352.988281 6976.979004 69965.867188 219.078049 22.610388 139.815399 11.661542 1.000000e+37
2754401 24240.257812 7511.729004 70682.515625 85.548126 -246.469162 137.347717 12.116305 1.000000e+37
2754407 25722.699219 6671.811523 69185.843750 -110.080879 -129.476562 165.607697 14.160351 1.000000e+37
2754538 23480.898438 8710.583008 71100.453125 192.652740 -25.012262 157.056992 12.500288 1.000000e+37
2754539 24043.103516 9276.540039 71595.109375 164.287643 -78.869232 169.547943 10.606224 1.000000e+37
2754543 26405.392578 7637.290527 70335.421875 52.105217 -95.455452 166.849182 11.434907 1.000000e+37
2754558 25412.576172 6425.675781 71115.468750 -56.889118 -107.339409 239.969788 14.069477 1.000000e+37
2781326 24958.890625 7470.862305 71288.632812 36.525833 -277.916199 167.448578 11.486238 1.000000e+37
2781328 25422.927734 8905.843750 71499.195312 -214.092697 -377.753937 106.991096 11.834055 1.000000e+37
2781350 24253.914062 8158.549316 69492.343750 89.023705 -199.385254 124.383942 11.662496 1.000000e+37
2781351 24875.857422 8208.061523 70068.781250 70.962906 -213.635895 124.191818 6.645830 1.000000e+37
2781366 24831.626953 7832.545898 70280.429688 23.885075 -256.711365 143.164948 8.985999 1.000000e+37
2781371 25477.664062 7398.849121 72199.632812 38.385269 -346.014160 257.873505 11.934688 1.000000e+37
2781372 25236.220703 7571.531738 71151.109375 12.593429 -310.508423 158.493607 11.053223 1.000000e+37
2809198 25428.445312 8384.027344 71658.601562 -151.731400 -440.506287 143.275284 11.829659 1.000000e+37
2809388 25674.933594 7943.989746 70010.515625 128.311493 -27.107521 160.342758 10.050722 1.000000e+37
2809400 25489.138672 6522.707520 71722.195312 -66.797821 -115.575615 296.614868 11.241385 1.000000e+37
2837926 24416.609375 7357.919922 69713.640625 62.959732 -255.631760 117.962967 12.748018 1.000000e+37
2837936 24241.966797 8832.543945 69092.664062 24.289732 -146.234467 127.109230 11.008419 1.000000e+37
2837938 24503.544922 8739.910156 71267.968750 186.755020 -78.090172 166.977203 11.511642 1.000000e+37
2867487 25322.455078 9350.432617 70665.968750 -177.572845 -297.095551 111.579109 10.587193 1.000000e+37
2867516 24800.677734 6941.494629 72103.851562 -23.151173 -224.458496 302.557037 12.105330 1.000000e+37
2867703 25682.505859 7874.055176 69791.617188 154.378723 -37.442326 147.654404 9.060928 1.000000e+37
2867704 23815.072266 7679.187012 68743.570312 204.169037 33.007172 94.728271 13.252006 1.000000e+37
2867707 25931.441406 7888.988281 69179.007812 132.723297 -39.170242 84.959595 11.156230 1.000000e+37
2898163 25604.335938 5916.521973 70366.468750 -156.384323 -244.504105 164.633881 11.679968 1.000000e+37
2898164 24130.000000 7557.352051 70194.343750 52.493881 -159.395782 166.544617 14.606649 1.000000e+37
2898165 25005.222656 7401.019043 70836.296875 -44.291260 -24.097477 220.928345 11.036993 1.000000e+37
2898172 25361.998047 8129.294434 72067.054688 -159.097092 -359.987091 139.910049 11.085506 1.000000e+37
2898183 26244.710938 8462.208008 71416.468750 -212.864288 -350.471100 137.430664 9.924326 1.000000e+37
2898188 25296.298828 8779.138672 70153.851562 67.563560 -106.301109 205.449753 8.987036 1.000000e+37
2898212 24650.554688 7219.228027 70559.945312 241.440552 27.644835 164.425201 9.161839 1.000000e+37
2898394 24042.324219 9129.512695 70207.195312 170.982758 -37.433308 128.903091 8.892534 1.000000e+37
2929702 25997.599609 8421.849609 70487.625000 -197.897873 -293.563507 131.243423 9.716405 1.000000e+37
2929703 23879.601562 7717.708984 68843.890625 -39.359806 -202.370956 119.785782 11.451986 1.000000e+37
2929704 24922.285156 7198.244141 70878.781250 8.510679 -124.279655 161.453888 13.671312 -8.233711e+00
2929731 23440.138672 8501.114258 69184.007812 -6.140256 -191.564011 90.677444 10.720636 1.000000e+37
2929752 25056.705078 6925.834473 71603.742188 -59.190449 -193.210175 251.097336 12.979582 1.000000e+37
2929934 25574.876953 7906.714844 70100.421875 151.784515 -17.597549 180.873901 6.702881 1.000000e+37
2929937 23523.667969 7594.091309 70798.343750 216.579498 3.054255 157.318817 14.728512 1.000000e+37
2929945 25825.367188 8134.171875 70607.710938 46.078075 -66.388504 198.981445 5.906409 1.000000e+37
2962272 25929.056641 7764.327637 72149.320312 20.891758 -154.825119 305.146912 10.394794 1.000000e+37
2962282 25378.568359 8981.576172 70862.531250 -180.262146 -301.328064 138.998489 8.603506 1.000000e+37
2962295 23317.742188 8819.956055 70028.468750 -32.221256 -234.714081 94.901497 11.687109 1.000000e+37
2962313 24716.892578 7449.018066 70430.546875 14.853807 -189.547104 213.344528 9.911233 1.000000e+37
2962315 24206.029297 8583.455078 69480.429688 9.308726 -189.356369 163.146225 9.992670 1.000000e+37
2962316 25168.367188 7854.150391 68937.351562 -32.475788 -214.826126 126.327644 12.098483 1.000000e+37
2962318 25433.923828 7887.069336 70568.187500 129.636017 -5.939561 210.250763 9.055382 1.000000e+37
2962322 24507.560547 9612.703125 70679.187500 106.737778 -131.418411 114.555389 12.736086 1.000000e+37
2962518 25910.269531 8249.121094 71046.843750 99.235039 -152.689560 182.633484 10.616563 1.000000e+37
2962522 25319.255859 8801.237305 69107.562500 107.561516 -87.296028 117.794693 13.977542 1.000000e+37
2962523 25808.826172 7994.338379 69707.984375 141.054642 -37.501637 134.661453 10.009863 1.000000e+37
2962524 24369.416016 7815.784180 69048.695312 209.019058 -11.678782 109.011414 9.856009 1.000000e+37
2962529 25872.187500 8239.005859 70518.007812 52.857952 -60.121845 193.664932 11.199567 1.000000e+37
2962530 25930.578125 8148.521973 70745.250000 42.671001 -67.575218 189.719254 11.547316 1.000000e+37
2962534 26461.841797 6876.928223 70736.500000 -13.663429 -108.016624 203.093292 11.578788 1.000000e+37
2962535 26654.722656 6948.270508 70467.156250 -4.409806 -120.766678 179.973602 12.453399 1.000000e+37
2996296 25328.548828 8612.413086 71745.320312 -149.931091 -360.735016 187.945587 11.284012 1.000000e+37
2996316 24491.722656 7846.188477 69309.273438 30.248434 -159.492188 163.274200 11.655093 1.000000e+37
2996317 24737.832031 8171.509277 70022.460938 50.153297 -131.173843 232.373077 11.234231 1.000000e+37
2996319 24675.585938 8151.445312 70290.882812 40.073868 -146.770996 130.267883 11.685815 1.000000e+37
2996320 24361.189453 8334.083008 70210.156250 79.781380 -258.217163 71.208351 5.469919 1.000000e+37
2996534 23897.455078 6611.426270 69699.203125 215.139389 27.336399 131.737122 13.428544 1.000000e+37
3031244 24396.791016 6542.809570 72082.101562 -90.592270 -252.448105 293.710968 8.938230 1.000000e+37
3031246 25050.201172 7312.738281 71356.703125 41.989914 -137.415726 211.861725 15.125652 1.000000e+37
3031253 25405.841797 8215.280273 72135.789062 -225.988663 -457.036652 147.496368 7.120134 1.000000e+37
3031288 24828.685547 7634.945801 70335.531250 36.738194 -137.743683 246.601807 11.039021 1.000000e+37
3031304 24753.609375 7819.916016 69956.156250 223.127594 16.443623 162.934982 9.861646 1.000000e+37
3031308 25637.134766 7908.442383 70785.578125 -4.743478 -222.004044 161.823502 9.952930 1.000000e+37
3031525 25583.603516 7924.173340 69854.125000 157.908417 -21.410732 158.099945 11.068528 1.000000e+37
3031526 24591.298828 7592.379883 69677.679688 211.156418 13.839233 131.266418 7.723392 1.000000e+37
3031528 24217.603516 7392.863281 69453.468750 228.421326 43.713398 116.277916 10.845181 1.000000e+37
3031530 24873.675781 7734.580566 71516.304688 239.003708 -31.224586 193.261414 11.578053 1.000000e+37
3031534 25881.402344 7747.031738 70512.312500 45.905415 -185.362732 147.729904 10.945681 1.000000e+37
3067525 24553.583984 8059.483398 71271.937500 66.021217 -276.229645 152.716339 8.905594 1.000000e+37
3067526 25528.126953 7736.890625 71432.601562 -22.599413 -234.460358 219.296112 12.885283 1.000000e+37
3067529 25357.837891 7111.022949 71857.210938 13.490792 -325.298096 254.850647 12.599418 1.000000e+37
3067531 24452.851562 9555.355469 70654.343750 105.101830 -123.193848 119.318382 13.906962 1.000000e+37
3067752 25476.832031 8228.976562 70596.031250 174.565689 -97.453819 139.538467 10.405060 1.000000e+37
3067757 25918.562500 7920.979492 68890.992188 163.797867 -88.647018 56.548256 11.832791 1.000000e+37
3067759 23471.119141 7478.477539 70854.539062 217.917450 5.615661 157.594788 9.902804 1.000000e+37
3067763 26379.169922 6478.102051 70750.265625 -21.919794 -199.443115 205.084961 9.372606 1.000000e+37
3104648 23968.769531 6991.909668 71421.554688 -23.610828 -285.541229 203.901031 10.903493 1.000000e+37
3104649 23962.138672 7672.545410 68514.015625 -42.740265 -201.362228 97.891731 10.108281 1.000000e+37
3143275 24643.136719 6817.389160 72174.351562 71.980156 -164.278534 308.352539 12.906150 1.000000e+37
3143283 25541.421875 8095.931152 72232.617188 -237.082245 -438.158478 144.424271 11.808675 1.000000e+37
3143323 24869.564453 8130.628906 70186.398438 3.450711 -272.831024 207.424133 10.560021 1.000000e+37
3143326 24869.708984 9112.645508 70881.773438 46.824963 -219.277725 122.906235 9.540417 1.000000e+37
3143327 25281.304688 8677.754883 70002.554688 22.718437 -123.250145 190.168137 10.227851 1.000000e+37
3143559 25276.960938 8258.932617 70751.742188 197.304916 -78.229851 142.616394 10.390378 1.000000e+37
3183401 24988.085938 7546.717285 68391.781250 218.364548 13.820213 89.461426 10.363969 1.000000e+37
3183409 25985.703125 7843.264160 69783.531250 73.790382 -83.182823 143.733704 12.053742 1.000000e+37
3224420 24536.839844 6287.698242 71387.570312 -24.524614 -173.888138 243.756561 10.551377 1.000000e+37
3224421 23920.542969 7856.103027 70157.820312 29.156610 -156.337631 161.180084 9.657119 1.000000e+37
3224427 24847.064453 7173.479004 70625.218750 -100.512917 -238.929810 212.730057 10.185418 1.000000e+37
3224435 25539.162109 9445.086914 71280.109375 -213.250580 -346.947479 73.481606 9.625154 1.000000e+37
3224475 23306.992188 8452.045898 70195.953125 -27.891603 -239.165619 106.142303 7.645822 1.000000e+37
3224479 24985.636719 7448.754883 71161.000000 97.551521 -271.439758 135.029037 12.148293 1.000000e+37
3224500 24732.628906 7086.244141 72322.179688 15.756393 -201.791229 324.825867 11.333771 1.000000e+37
3224502 24755.857422 8237.307617 70172.875000 117.945312 -272.651306 68.566032 10.649410 1.000000e+37
3224758 24616.931641 8635.753906 71966.906250 209.366364 -75.053757 204.845154 9.749561 1.000000e+37
3224759 23399.037109 8501.392578 71305.179688 193.000992 -36.908916 174.267761 9.891599 1.000000e+37
3224761 25407.472656 8266.453125 70847.671875 176.948181 -94.403351 148.101486 11.372615 1.000000e+37
3224762 24837.640625 8479.902344 71558.109375 195.237366 -103.131386 188.754501 8.062009 1.000000e+37
3224763 25098.300781 8911.721680 70169.617188 30.605331 -94.667938 174.622787 12.243924 1.000000e+37
3224765 25317.679688 8793.012695 69335.296875 112.238091 -90.860817 135.740067 10.056727 1.000000e+37
3224767 24446.380859 7693.125488 68758.968750 204.793686 14.419842 99.314117 12.804717 1.000000e+37
3224768 24158.517578 7129.147461 69591.859375 213.032089 27.944721 131.768173 9.478585 1.000000e+37
3224782 25865.246094 6675.798828 70019.875000 -76.218971 -118.775864 138.643906 12.844670 1.000000e+37
3267461 25370.425781 6322.880371 69243.289062 -5.722644 -83.962769 78.800522 11.804857 1.000000e+37
3267462 25648.687500 8050.111328 72096.585938 -207.881226 -371.953064 161.698776 9.984105 1.000000e+37
3267463 26382.875000 8312.122070 71323.609375 -205.653427 -298.073639 168.989975 8.883219 1.000000e+37
3267464 25961.992188 7972.329590 69958.484375 110.145470 -26.879330 149.171982 10.304138 1.000000e+37
3267466 24526.156250 6210.808594 71149.125000 -53.433083 -189.897552 225.513153 8.465001 1.000000e+37
3267485 24771.191406 8081.626953 71648.609375 -123.791718 -340.909515 177.825485 8.435238 1.000000e+37
3267509 23342.029297 8391.705078 70270.140625 -26.086790 -246.980667 103.564735 9.259083 1.000000e+37
3267536 24156.205078 8386.750000 68920.234375 30.055492 -150.804260 125.124374 10.571739 1.000000e+37
3267541 25562.835938 6572.729980 69711.101562 -29.547989 -213.815002 122.415916 10.184244 1.000000e+37
3267546 24929.693359 8677.828125 69550.625000 -21.569292 -204.934494 83.483932 10.526411 1.000000e+37
3267547 25553.712891 7857.194824 70513.914062 150.346619 -84.212013 82.991295 9.322974 1.000000e+37
3267796 24051.509766 8869.934570 71564.382812 200.445419 -54.234207 174.379623 11.910029 1.000000e+37
3267798 25813.343750 8207.172852 71753.117188 165.666336 -120.504227 241.327118 12.061758 1.000000e+37
3312354 24431.628906 9494.270508 69993.812500 -143.653519 -275.577423 83.511131 10.937865 1.000000e+37
3312381 23365.312500 8780.699219 69951.093750 -29.062229 -233.919754 94.192398 12.449884 1.000000e+37
3312403 24121.894531 8972.246094 68895.656250 14.930754 -138.707855 110.627930 10.066973 1.000000e+37
3312650 25822.244141 8314.911133 70681.062500 33.454601 -68.626495 181.026917 10.119645 1.000000e+37
3359003 25530.800781 6528.586426 70369.945312 -17.311535 -166.783752 168.808456 12.011168 1.000000e+37
3359005 24644.675781 7514.088379 70424.750000 -7.931097 -199.153671 182.248749 10.992889 1.000000e+37
3359006 24458.976562 7825.224609 69108.750000 25.640070 -164.226532 147.582245 11.053653 1.000000e+37
3359007 24812.386719 7932.772461 69893.101562 -48.200069 -319.105713 156.530243 9.268793 1.000000e+37
3359009 25048.121094 7193.215332 72199.781250 46.220963 -334.041016 258.911835 10.689999 1.000000e+37
3359011 25084.544922 8368.770508 69903.078125 -73.609993 -213.698502 179.710403 10.864640 1.000000e+37
3359012 24806.617188 9222.294922 70822.117188 52.914295 -209.298904 119.621552 9.831177 1.000000e+37
3359013 25249.095703 8345.925781 70595.554688 187.914719 -84.576218 130.798706 12.862975 1.000000e+37
3359283 25802.710938 7721.142090 71382.265625 157.270966 -42.420349 210.275955 10.795399 1.000000e+37
3359289 25287.976562 8711.231445 69458.085938 43.094120 -130.326935 152.517624 7.864726 1.000000e+37
3407389 23879.583984 7776.854980 69281.179688 -12.210231 -195.378616 143.218918 12.099456 1.000000e+37
3407402 25616.785156 7468.199219 72181.601562 -260.337921 -365.345154 126.863373 10.058018 1.000000e+37
3407748 24353.230469 8768.302734 71230.390625 196.289856 -55.094059 165.614441 8.879766 1.000000e+37
3407750 23528.804688 6575.406250 71323.453125 224.008881 7.448443 181.108734 13.183495 1.000000e+37
3407751 25461.046875 7139.573242 72028.539062 231.149368 -8.860948 269.436249 10.288045 1.000000e+37
3407752 25924.748047 7960.717773 71073.257812 59.355522 -77.207985 211.807327 10.510713 1.000000e+37
3457573 25686.253906 8782.299805 71333.851562 -200.729858 -316.683502 162.400970 8.565475 1.000000e+37
3457574 25334.531250 7807.769531 71807.031250 -180.041412 -313.951965 225.458618 10.865088 1.000000e+37
3457610 25103.744141 9285.420898 70598.546875 -168.320267 -307.441345 111.510002 9.178938 1.000000e+37
3457655 25437.269531 6574.331055 69108.429688 12.674779 -183.860840 49.954254 11.723327 1.000000e+37
3457966 24498.316406 7817.222168 69293.679688 206.574570 -7.616833 117.783905 10.498557 1.000000e+37
3457968 25543.357422 7837.557617 69543.359375 172.768082 -24.280193 133.165634 11.629394 1.000000e+37
3457970 24764.410156 6546.061523 70668.789062 218.841965 18.150499 177.738434 10.365155 1.000000e+37
3509859 23464.357422 8000.673340 71453.812500 16.677546 -261.363190 168.961014 11.218130 1.000000e+37
3509885 24673.912109 7096.313477 70357.218750 -5.236352 -143.572662 163.920074 14.496131 1.000000e+37
3509886 25135.718750 7244.923828 71443.218750 19.940599 -272.868134 204.285217 11.942772 1.000000e+37
3510184 24911.320312 8467.804688 72286.921875 215.948792 -101.745651 225.091385 10.656640 1.000000e+37
3510189 24223.505859 7744.611328 68734.242188 206.609650 -0.220110 89.995758 8.082335 1.000000e+37
3510195 23132.130859 8343.445312 70141.945312 192.313324 11.634701 129.144180 9.456362 1.000000e+37
3510196 25239.326172 7820.756348 70735.898438 120.532692 35.267544 220.759308 9.085019 1.000000e+37
3510204 25809.427734 7783.785156 70439.617188 27.071424 -181.648407 136.710159 12.226978 1.000000e+37
3510226 25504.576172 6320.524902 70692.335938 -63.428867 -94.738708 206.602707 9.228037 1.000000e+37
3564041 26303.773438 7682.308594 71767.562500 62.052216 -105.883247 261.806885 7.558236 1.000000e+37
3564042 25830.863281 8755.516602 71461.578125 -203.306564 -325.263184 164.850266 9.801992 1.000000e+37
3564043 24929.783203 8113.007324 71537.562500 -147.192078 -328.653656 183.858475 7.274836 1.000000e+37
3564046 24661.728516 7537.491211 70509.812500 9.137962 -202.471024 224.255783 10.833584 1.000000e+37
3564047 25411.023438 6665.541992 71158.328125 -17.334328 -114.186607 247.403976 9.112173 1.000000e+37
3564079 25463.074219 9429.291016 71362.468750 -152.087387 -343.497437 106.789444 8.767132 1.000000e+37
3564082 23700.794922 9379.589844 69867.429688 31.778948 -192.552933 66.024773 12.643892 1.000000e+37
3564127 24285.558594 7303.296387 71320.507812 71.753235 -186.955795 206.562836 11.227304 1.000000e+37
3564128 24876.492188 7745.982910 70738.117188 263.701111 -60.356842 145.005142 9.962140 1.000000e+37
3564130 24935.462891 8901.180664 70254.031250 19.427212 -250.413528 99.403557 10.503013 1.000000e+37
3564131 24767.818359 8059.195801 69594.281250 -23.621956 -302.777222 152.718887 11.009440 1.000000e+37
3564132 25186.660156 8236.416992 70670.328125 -20.173979 -287.963043 127.316063 10.044596 1.000000e+37
3564133 24681.529297 9242.508789 70974.101562 110.025230 -147.387238 135.864563 9.193702 1.000000e+37
3564459 24926.111328 8823.652344 71881.664062 163.711212 -137.663300 199.224670 8.528227 1.000000e+37
3564461 25722.201172 7987.293945 69602.898438 148.816803 -67.214455 133.486053 8.373657 1.000000e+37
3564463 24368.970703 7549.232910 69080.281250 199.638351 7.381520 117.047577 8.575864 1.000000e+37
3564464 24892.367188 7574.339355 69008.578125 202.120041 23.473549 107.795471 10.794847 1.000000e+37
3564465 23407.769531 7037.777344 70119.835938 214.720200 13.482785 139.026047 11.389521 1.000000e+37
3564469 25932.570312 8093.409180 70500.062500 66.761749 -62.419579 184.073837 9.853474 1.000000e+37
3564477 25170.007812 8825.606445 69002.945312 36.836861 -139.985245 118.619469 9.448634 1.000000e+37
3564478 25706.943359 8033.547363 71544.031250 72.731819 -192.601852 229.267029 10.057270 1.000000e+37
3620899 25545.560547 8764.867188 71135.312500 -190.088135 -306.800201 158.708084 7.413994 1.000000e+37
3620901 24400.916016 7201.074707 72322.054688 103.421036 -221.181122 303.682709 10.158286 1.000000e+37
3620910 25426.355469 8191.591309 71795.937500 -117.529655 -414.225525 159.847595 9.199361 1.000000e+37
3620930 25069.505859 8439.392578 71414.976562 -130.088852 -338.347931 164.248871 9.955339 1.000000e+37
3620931 24859.609375 8254.513672 71296.632812 -128.420853 -336.461365 156.410034 7.524636 1.000000e+37
3621278 25940.283203 7644.868164 69577.656250 150.043060 -19.497385 117.126457 9.386677 1.000000e+37
3621290 25265.730469 8743.888672 68731.367188 65.269882 -107.854401 103.286835 9.832877 1.000000e+37
3680269 25564.880859 7843.680176 72056.671875 -188.347900 -339.867249 129.373383 10.741982 1.000000e+37
3680270 25408.648438 8028.305176 71767.039062 -180.939209 -311.179901 226.555267 9.980092 1.000000e+37
3680272 25196.488281 8364.992188 70533.171875 191.260559 -84.678627 124.040550 10.426881 1.000000e+37
3680347 24721.917969 7330.402832 70581.968750 -123.378281 -154.208603 132.707199 7.090987 1.000000e+37
3680349 24532.515625 8148.911621 70242.414062 35.508244 -249.190948 210.896591 13.398954 1.000000e+37
3680350 25056.808594 7140.649414 72110.757812 -7.698095 -302.933350 301.759521 10.239356 1.000000e+37
3680353 25471.486328 7664.479980 70470.367188 -47.628410 -234.444717 162.403717 9.360271 1.000000e+37
3680355 24860.136719 9487.542969 69299.421875 27.473650 -152.155151 93.079155 9.828716 1.000000e+37
3680721 24378.066406 9074.792969 71041.773438 162.167755 -88.903328 148.471695 10.503823 1.000000e+37
3680725 24712.031250 7696.692383 69847.132812 221.362503 6.963597 149.506744 7.270886 1.000000e+37
3680730 24096.320312 6926.012695 69581.382812 220.907761 23.262238 129.395294 7.626228 1.000000e+37
3680731 23046.431641 8318.259766 69968.539062 188.113754 14.216319 122.755882 7.787240 1.000000e+37
3680735 25861.277344 8285.347656 70672.078125 36.087757 -63.600574 195.370667 11.278499 1.000000e+37
3680738 25914.632812 7906.493164 71768.984375 49.435432 -163.171631 263.319794 10.698901 1.000000e+37
3742356 24987.595703 5678.217285 70048.640625 -37.931732 -117.843483 165.207321 8.935354 1.000000e+37
3742364 25314.029297 8750.946289 71541.046875 -183.785004 -322.817078 175.756729 7.950611 1.000000e+37
3742376 25304.455078 8085.027344 72058.296875 -160.483124 -418.504456 118.364273 7.917517 1.000000e+37
3742383 25584.666016 7479.288086 72234.398438 -223.426971 -361.939117 135.174103 11.757286 1.000000e+37
3742411 25154.039062 9371.458984 71438.031250 -189.042816 -348.575806 111.578598 9.376413 1.000000e+37
3742479 24486.876953 8445.299805 69625.218750 21.728233 -225.184280 177.475479 8.646121 1.000000e+37
3742874 24151.957031 7682.059570 68644.882812 204.271530 22.174358 90.960800 9.742597 1.000000e+37
3742875 25210.865234 8120.717285 68796.851562 194.534378 -44.667801 94.303154 7.945330 1.000000e+37
3742876 25011.337891 6736.042969 69878.359375 208.114655 21.153065 148.380600 7.588552 1.000000e+37
3742877 26260.728516 6664.187500 69481.031250 176.059052 -6.355698 106.747490 8.668634 1.000000e+37
3742879 23119.626953 8520.293945 70859.046875 188.091949 -4.192174 147.242889 8.110950 1.000000e+37
3742889 25795.900391 7706.721680 68714.648438 125.564400 -101.377464 31.677498 8.944682 1.000000e+37
3742890 25853.105469 7433.035645 70522.460938 18.581594 -211.482880 170.341385 9.371360 1.000000e+37
3742892 26114.595703 6942.914062 69662.703125 -42.373516 -149.608826 95.694298 9.325787 1.000000e+37
3742893 26064.683594 6673.802734 71418.898438 -44.783665 -162.823273 263.042999 9.853247 1.000000e+37
3807515 23889.330078 7681.358398 68838.453125 -33.476658 -208.038284 115.218719 8.271116 1.000000e+37
3807597 24930.851562 7558.895020 71907.632812 87.576347 -309.640442 221.464401 11.342906 1.000000e+37
3807624 24746.449219 7425.750000 71344.976562 90.833923 -207.025772 194.173035 10.930717 1.000000e+37
3807994 24476.462891 7705.718262 69058.859375 201.281311 19.853727 114.183472 9.903096 1.000000e+37
3807995 24851.656250 7556.187500 68453.281250 213.219650 17.788172 93.700203 9.184101 1.000000e+37
3807999 25991.154297 7668.934570 71747.531250 151.681732 -46.164890 251.299591 6.592536 1.000000e+37
3808010 24862.234375 9247.360352 70454.625000 111.286148 -145.087173 114.828171 7.199322 1.000000e+37
3808013 26110.593750 6599.785645 71569.085938 -36.457844 -156.006470 288.073578 7.796122 1.000000e+37
3875658 24548.214844 6219.179688 71159.929688 -51.171997 -189.377380 221.089355 8.969533 1.000000e+37
3875661 24983.830078 7556.674316 70666.507812 280.013031 -27.616388 257.865417 10.442699 1.000000e+37
3875688 25807.304688 8420.977539 71596.898438 -225.303360 -395.275360 132.370071 11.179167 1.000000e+37
3875784 25244.449219 7140.722168 68512.328125 71.372238 -253.346161 104.004128 11.231554 1.000000e+37
3875787 24564.582031 8115.462402 69120.679688 -16.461716 -189.869370 149.676132 7.201186 1.000000e+37
3875788 25143.451172 8736.729492 71500.468750 102.244263 -220.156464 168.782898 10.891183 1.000000e+37
3875789 25509.150391 8385.542969 72004.640625 138.488937 -261.297394 214.747116 10.200181 1.000000e+37
3875790 25428.751953 8550.077148 71798.335938 135.906921 -214.777435 204.876846 7.084166 1.000000e+37
3876167 24903.892578 8481.545898 72188.843750 212.389023 -98.590828 219.662537 9.634417 1.000000e+37
3876170 24125.794922 9030.314453 69259.937500 172.090698 -18.991226 95.210022 8.702098 1.000000e+37
3876172 23873.562500 7002.036621 69414.867188 215.973694 26.473722 127.884789 7.477622 1.000000e+37
3876182 26398.230469 6648.426270 70016.687500 -23.490950 -205.293488 133.706390 7.745060 1.000000e+37
3947617 24948.464844 7595.603516 70434.007812 6.419564 -245.400726 177.395630 9.204795 1.000000e+37
3947619 25459.951172 6771.543457 71524.828125 -12.979183 -131.105774 259.165222 7.783072 1.000000e+37
3947627 25342.708984 8248.844727 71923.390625 -149.919724 -323.748932 180.004471 8.918752 1.000000e+37
3947688 23226.541016 8791.104492 70377.125000 -64.926903 -261.092133 87.748344 9.124358 1.000000e+37
3947713 25011.240234 7228.952148 71053.125000 13.323534 -260.775146 125.449310 8.685134 1.000000e+37
3947714 25338.023438 8097.044434 69737.703125 -57.430538 -209.038177 164.878937 8.452928 1.000000e+37
3948156 25293.093750 8491.355469 70251.484375 -19.699018 -184.368362 145.123383 10.034661 1.000000e+37
3948160 26443.404297 6941.376953 70587.726562 -15.143270 -107.763222 192.405319 9.597373 1.000000e+37
3948167 26033.056641 6846.640137 71753.921875 -73.082687 -105.278801 289.126129 8.732254 1.000000e+37
3948168 25538.558594 6528.379883 69806.453125 -71.553978 -107.328186 117.747009 8.274150 1.000000e+37
3948190 25358.246094 6454.785645 71388.671875 -59.925087 -93.084793 259.033112 6.743505 1.000000e+37
4023126 25622.716797 8395.083008 71859.078125 -224.731506 -399.547058 190.041748 9.660294 1.000000e+37
4023128 23728.496094 7870.562988 69635.390625 -38.815701 -241.320908 157.328506 10.434925 1.000000e+37
4023130 24820.625000 6583.067871 69253.757812 35.761070 -145.607864 110.207359 8.386914 1.000000e+37
4023170 26146.599609 8863.753906 71290.132812 -198.962234 -321.262146 149.513412 8.329058 1.000000e+37
4023207 23511.849609 8068.646973 70455.406250 9.822174 -251.772461 110.892090 7.027965 1.000000e+37
4023212 23678.919922 7501.350098 71590.554688 19.223164 -281.381165 187.533890 11.816372 1.000000e+37
4023214 24506.707031 7324.462402 72394.750000 103.017563 -316.775909 262.836792 10.033125 1.000000e+37
4023215 23190.572266 9068.813477 70360.445312 14.271017 -213.322403 98.340790 8.752652 1.000000e+37
4023734 25939.576172 8249.007812 70556.476562 62.184349 -89.672859 136.674728 7.716639 1.000000e+37
4023738 24731.347656 6511.091309 70824.031250 225.180756 14.941405 180.175919 9.083667 1.000000e+37
4023741 23148.400391 7981.543945 71496.992188 211.744385 1.985662 171.695816 9.615421 1.000000e+37
4023742 24721.437500 8169.127441 71522.328125 225.925079 -51.768398 188.221313 8.145996 1.000000e+37
4023752 25994.845703 7786.983887 69608.375000 69.807800 -90.565659 128.040085 9.659665 1.000000e+37
4023753 25119.730469 8771.819336 69722.648438 28.472860 -144.465439 77.012878 8.436450 1.000000e+37
4023770 25384.025391 6553.241699 71724.117188 -46.996067 -166.879990 287.032806 10.040367 1.000000e+37
4102267 24959.392578 7737.513672 70252.742188 216.151230 0.640408 171.449799 7.691711 1.000000e+37
4102268 24780.994141 7360.657227 72441.164062 -130.796844 -387.606232 245.858231 10.259869 1.000000e+37
4102272 23961.072266 7231.895996 70519.085938 14.260580 -238.589996 138.753738 9.624668 1.000000e+37
4102316 25552.605469 8288.123047 72000.757812 -256.516815 -436.442780 192.982819 10.204778 1.000000e+37
4102346 23592.113281 8962.973633 69399.203125 53.852894 -164.611465 62.047829 9.221642 1.000000e+37
4102358 23688.978516 8264.980469 71700.609375 39.234024 -262.471741 182.122391 9.040263 1.000000e+37
4102396 25722.714844 6156.249023 71427.984375 -16.276976 -164.475784 267.465790 10.671694 1.000000e+37
4102397 25030.958984 7459.950195 70943.898438 0.597287 -298.251648 108.194885 8.000032 1.000000e+37
4102400 24298.976562 8623.773438 69568.476562 18.207399 -196.922394 163.563263 10.512500 1.000000e+37
4102860 24653.421875 8653.366211 71454.867188 202.396103 -70.826981 179.020813 8.644837 1.000000e+37
4102862 24504.496094 9581.543945 70599.992188 97.310776 -138.114563 102.153397 9.985576 1.000000e+37
4102864 25313.462891 8818.881836 70086.304688 42.658398 -92.909698 137.744171 9.693173 1.000000e+37
4102870 25695.607422 7704.672363 68598.484375 223.120575 -19.653126 55.238712 9.143036 1.000000e+37
4102891 25012.695312 8758.017578 70470.687500 5.376587 -184.907486 207.319641 10.833618 1.000000e+37
4102900 26075.955078 6353.836914 70051.804688 -70.541023 -120.292801 142.655792 8.518369 1.000000e+37
4185300 25386.503906 7473.580566 72041.804688 -202.580765 -309.534119 243.654404 10.480946 1.000000e+37
4185301 25040.914062 8087.020020 68653.195312 -21.892639 -214.247086 118.678528 10.829851 1.000000e+37
4185302 24822.521484 6984.043945 71746.312500 -33.707764 -225.709610 252.369324 9.481317 1.000000e+37
4185407 24804.619141 7489.713379 71570.507812 97.475998 -281.572784 195.695267 9.489809 1.000000e+37
4185409 23606.109375 8658.285156 70350.890625 39.192059 -218.603760 102.579926 9.827930 1.000000e+37
4185448 24896.937500 7349.990723 69998.828125 -26.193180 -129.551376 190.249680 11.210378 1.000000e+37
4185953 25807.238281 8290.592773 70595.187500 99.099632 -151.430893 156.614670 6.519866 1.000000e+37
4185960 25361.388672 7982.657227 69240.507812 184.902847 -34.282223 116.118057 7.267331 1.000000e+37
4185962 24514.728516 7002.218750 70289.992188 223.286224 24.034229 156.083923 8.043111 1.000000e+37
4185963 25618.218750 8104.703125 71310.562500 172.891220 -76.952812 189.655136 9.448996 1.000000e+37
4185972 25210.613281 8642.281250 70073.148438 -7.362772 -142.614548 184.594055 7.896695 1.000000e+37
4271147 25475.843750 8063.021484 71630.335938 -193.759033 -313.394501 215.597382 9.903135 1.000000e+37
4271159 25380.976562 8053.028320 71869.335938 -229.691345 -356.340149 124.543968 9.161452 1.000000e+37
4271267 24224.667969 8671.137695 69423.414062 -41.851254 -190.051544 160.382416 7.201409 1.000000e+37
4271270 25813.548828 6803.140137 69161.382812 -76.765015 -107.347313 43.686943 9.095153 1.000000e+37
4271273 25007.591797 8042.913574 70311.914062 -109.178246 -238.899551 157.578812 8.390828 1.000000e+37
4271277 25218.630859 6992.559570 72116.539062 -5.828562 -313.518219 271.174408 12.994945 1.000000e+37
4271285 24003.882812 9330.640625 69811.039062 15.659868 -208.222870 68.827271 9.106172 1.000000e+37
4271807 25501.408203 8292.039062 70225.375000 134.969116 -62.775967 162.728867 8.474034 1.000000e+37
4271809 25466.320312 8556.881836 69511.070312 113.327332 -82.261749 146.074829 8.455604 1.000000e+37
4271814 25297.929688 7830.408691 69043.312500 192.031677 -10.248894 102.944710 10.108620 1.000000e+37
4271816 23390.507812 6999.790039 70572.718750 218.330429 8.136190 154.512970 7.631397 1.000000e+37
4271820 26220.449219 7490.981934 71143.265625 133.726593 -33.062447 214.528687 7.896939 1.000000e+37
4271842 26095.208984 6344.046875 69994.640625 -69.685425 -117.188553 141.452316 9.107138 1.000000e+37
4271869 25336.892578 6464.893066 70872.406250 -45.761044 -101.111946 217.092392 10.182145 1.000000e+37
4271870 25724.138672 6264.587402 69725.234375 -42.535259 -88.631897 128.158066 9.809987 1.000000e+37
4271871 25448.636719 6012.432617 69946.890625 -34.425751 -79.969292 152.279770 10.789841 1.000000e+37
4361185 24945.914062 5951.756836 70019.164062 -41.598511 -102.020683 161.964752 7.797972 1.000000e+37
4361186 24993.787109 5968.133789 70285.273438 -32.702824 -103.348503 184.748032 9.565872 1.000000e+37
4361197 25554.472656 7741.746582 72049.648438 -230.599808 -297.906525 151.605072 9.349516 1.000000e+37
4361203 24337.320312 7258.040039 70984.609375 79.191956 -173.621109 184.855316 7.989183 1.000000e+37
4361206 25252.312500 5761.183594 70760.171875 -17.030176 -98.009178 215.134735 10.164918 1.000000e+37
4361227 25276.941406 8379.472656 71888.609375 -147.619766 -443.179260 130.176590 9.496750 1.000000e+37
4361256 26035.222656 8855.481445 71329.757812 -201.509628 -320.318054 153.745743 7.403539 1.000000e+37
4361262 24330.388672 7271.029297 70090.546875 44.525345 -281.851257 174.650055 9.027966 1.000000e+37
4361303 23624.109375 7488.780273 71977.476562 15.402342 -297.096375 208.306885 9.410442 1.000000e+37
4361340 24013.339844 9153.063477 69232.578125 -31.193602 -194.734589 84.917183 9.860944 1.000000e+37
4361343 23839.998047 9184.509766 69264.437500 35.041641 -195.098495 36.816906 9.087192 1.000000e+37
4361349 24650.912109 8716.667969 69044.093750 4.770963 -231.281433 83.369484 9.462279 1.000000e+37
4361582 25995.923828 6679.889160 69162.906250 -111.066750 -151.084595 183.281219 8.175989 1.000000e+37
4361899 23800.578125 8861.781250 71460.437500 194.970795 -43.600498 167.695282 7.669300 1.000000e+37
4361900 25582.769531 8210.367188 71576.898438 178.611771 -82.720970 220.083282 10.093195 1.000000e+37
4361907 24737.333984 7471.780762 70214.937500 231.631546 23.265482 163.037781 8.656479 1.000000e+37
4361908 25369.662109 7699.665039 71013.734375 172.441437 2.047956 150.510208 6.789177 1.000000e+37
4361915 26232.064453 7632.400879 70274.289062 34.405758 -108.374001 163.413315 8.047866 1.000000e+37
4361918 24951.839844 9323.578125 69089.710938 71.423744 -100.202820 100.366920 12.956008 1.000000e+37
4361924 26195.234375 6890.213379 69497.070312 -43.182240 -145.924026 84.104210 9.836291 1.000000e+37
4365739 22890.750000 8449.319336 70143.734375 190.344986 18.673540 121.728859 8.643641 1.000000e+37
