#subID	 x	 y	 z	 vx	 yv	 yz	 vmax	 B_MAG
#subID	 kpc/h	 kpc/h	 kpc/h	 km/s	 km/s	 km/s	 km/s	 mags
388730 40591.488281 58380.691406 13355.762695 -38.599670 53.631306 61.744453 240.529770 -2.147685e+01
388731 40683.144531 58494.812500 13352.938477 -73.914101 42.468666 -4.252175 92.712440 -1.846727e+01
388732 40534.968750 58162.609375 13464.138672 14.649096 79.437607 -39.466515 63.729866 -1.586857e+01
388733 40676.046875 58439.738281 13529.550781 118.726288 195.193680 74.732719 51.456837 -1.470208e+01
388734 40523.167969 58290.382812 13556.916016 30.212038 24.328663 -119.554855 46.497448 -1.311195e+01
388735 40758.011719 58608.832031 13495.989258 -4.551632 127.853935 -88.394753 32.191891 1.000000e+37
388736 40568.558594 58573.859375 13336.388672 -24.816690 -83.205399 163.659424 37.100029 -1.166066e+01
388737 40581.578125 58227.476562 13186.780273 -74.315361 -54.652107 39.011288 36.189590 -1.383039e+01
388738 40757.972656 58235.250000 13432.328125 -97.305885 93.562683 -108.254166 27.246744 -9.050672e+00
388739 40546.046875 58395.136719 13047.274414 -51.593414 141.698380 -20.133465 28.032448 1.000000e+37
388740 40737.625000 58543.773438 13318.474609 -197.281860 128.251343 177.274582 27.892872 -8.965835e+00
388741 40740.757812 58553.929688 13457.254883 -53.178139 74.394135 -114.211967 25.741535 1.000000e+37
388742 40406.062500 58331.402344 13343.707031 -23.814571 -131.722794 158.825439 21.024147 1.000000e+37
388743 40498.445312 58588.140625 13288.079102 -182.979065 -106.257492 92.395271 15.101555 1.000000e+37
388744 40642.582031 58390.437500 13283.618164 -77.892204 -116.035927 -11.457796 23.269476 -1.127685e+01
388745 40756.812500 58446.929688 13425.104492 -126.932175 65.776924 -13.708538 22.280125 -8.894831e+00
388746 40653.136719 58380.074219 13199.902344 -154.666687 72.289268 2.802478 22.500050 1.000000e+37
388747 40580.472656 58251.078125 13399.027344 108.551765 173.625931 225.963837 18.834364 1.000000e+37
388748 40496.945312 58294.972656 13161.509766 -135.997528 195.568893 -9.921076 13.921836 1.000000e+37
388749 40611.843750 58506.402344 13266.575195 -43.896481 283.999237 19.316206 14.465798 1.000000e+37
388750 40568.441406 58406.625000 13430.114258 226.044113 153.515259 22.119156 15.633474 1.000000e+37
388751 40532.968750 58199.105469 13354.562500 20.947264 208.077759 -9.955281 17.313946 1.000000e+37
388752 40561.871094 58414.621094 13554.015625 165.197189 -46.850948 4.083835 12.906438 1.000000e+37
388753 40603.699219 58586.890625 13441.083984 -21.823763 -88.904625 193.047653 14.983463 1.000000e+37
388754 40409.406250 58446.937500 13181.719727 -24.711926 -4.405721 217.932404 14.272777 1.000000e+37
388755 40570.054688 58441.421875 13362.344727 137.417206 103.204346 315.389130 15.500169 1.000000e+37
388756 40564.972656 58529.300781 13128.760742 -71.876541 83.839005 183.454819 13.504642 1.000000e+37
388757 40680.269531 58377.148438 13234.548828 -20.626234 -56.010406 -155.420624 11.460971 1.000000e+37
388758 40553.937500 58514.925781 13270.327148 -44.358070 -72.481110 216.250458 13.524989 1.000000e+37
388759 40504.304688 58264.890625 13575.191406 50.813950 38.810467 -94.814430 14.087141 1.000000e+37
388760 40540.003906 58427.871094 13292.282227 -233.384995 46.282631 68.863953 16.107239 1.000000e+37
388761 40334.339844 58479.781250 13310.996094 -11.584947 44.503273 128.618149 13.037061 1.000000e+37
388762 40587.984375 58479.648438 13216.151367 -98.925461 -71.023422 241.822754 13.103952 1.000000e+37
388763 40554.808594 58236.179688 13445.471680 100.437180 152.578964 215.048721 11.206257 1.000000e+37
388764 40674.851562 58305.484375 13298.036133 -198.918671 141.777878 -117.543114 14.022269 1.000000e+37
388765 40720.363281 58475.558594 13228.098633 -85.096130 -124.834412 90.693008 13.273680 1.000000e+37
388766 40645.078125 58571.574219 13290.583008 32.491280 111.985268 201.917130 13.483292 1.000000e+37
388767 40617.714844 58368.625000 13575.494141 -5.533960 170.903503 -106.352638 11.083227 1.000000e+37
388768 40607.355469 58355.390625 13256.839844 96.719803 -3.188479 284.303558 11.949587 1.000000e+37
388769 40683.175781 58452.441406 13450.594727 -106.830299 126.090218 255.139755 13.524226 1.000000e+37
388770 40609.742188 58561.496094 13246.178711 -8.600673 61.971298 198.134796 11.395647 1.000000e+37
388771 40522.910156 58443.398438 13329.495117 -62.946896 -46.325150 67.845665 9.763422 1.000000e+37
388772 40609.269531 58463.371094 13269.959961 131.275177 102.642250 -45.682102 10.160365 1.000000e+37
388773 40482.414062 58322.347656 13440.230469 -67.665619 35.981827 249.166809 9.122532 1.000000e+37
388774 40453.808594 58395.875000 13256.409180 133.318039 6.105715 121.487747 9.991547 1.000000e+37
388775 40486.988281 58234.601562 13284.309570 18.215508 199.768311 15.744620 10.390815 1.000000e+37
388776 40654.925781 58644.515625 13401.729492 -62.067944 -136.911163 28.505835 8.646317 1.000000e+37
388777 40422.144531 58360.957031 13170.323242 9.482645 -7.195590 -102.603317 8.181609 1.000000e+37
388778 40648.265625 58493.281250 13589.169922 82.262993 159.951370 99.123802 12.305468 1.000000e+37
388779 40641.105469 58344.699219 13309.487305 -101.496941 335.301605 22.194885 9.910843 1.000000e+37
388780 40723.328125 58549.371094 13288.274414 -97.182213 -64.683273 -39.575924 11.664155 1.000000e+37
388781 40617.488281 58551.941406 13330.248047 114.696396 -79.667381 -0.633927 10.559454 1.000000e+37
388782 40627.539062 58385.406250 13355.215820 60.233383 -283.508667 208.035202 12.233890 1.000000e+37
388783 40571.417969 58409.757812 13253.614258 55.030251 171.048798 28.439272 10.019045 1.000000e+37
388784 40665.140625 58461.480469 13535.839844 42.520428 24.034941 -127.441437 12.542154 1.000000e+37
388785 40498.183594 58580.058594 13298.202148 -184.649323 -116.687683 91.065941 10.842386 1.000000e+37
388786 40366.664062 58495.699219 13269.543945 -149.175613 57.169464 85.593262 8.526982 1.000000e+37
415951 40745.093750 58399.148438 12532.864258 -57.031013 71.776688 154.176483 230.900787 -2.106458e+01
415952 40851.718750 58275.406250 12452.974609 -156.934631 53.601280 291.903320 46.670380 -1.318028e+01
415953 40798.656250 58183.062500 12480.165039 -100.662613 70.198830 220.389633 42.232170 -1.258048e+01
415954 40921.804688 58280.558594 12533.062500 -30.603594 191.852951 177.355286 30.474791 1.000000e+37
415955 40906.593750 58455.777344 12439.759766 -63.752842 129.463821 250.582672 28.157621 -1.088947e+01
415956 40872.386719 58192.562500 12447.352539 83.519135 102.219040 176.075623 24.951405 1.000000e+37
415957 40829.437500 58485.480469 12435.184570 7.869902 175.927765 310.211121 23.598177 1.000000e+37
415958 40660.472656 58457.968750 12513.707031 134.465988 167.166687 265.592407 22.130564 1.000000e+37
415959 40890.335938 58482.195312 12567.426758 -204.549576 161.840714 195.773972 19.039560 1.000000e+37
415960 40919.816406 58417.750000 12562.370117 65.929947 -6.328897 116.873215 21.841276 1.000000e+37
415961 40945.031250 58317.761719 12643.679688 -72.335144 18.411369 73.647888 18.722664 1.000000e+37
415962 40703.347656 58382.863281 12499.122070 -96.877617 328.073486 65.531113 21.162674 1.000000e+37
415963 40761.296875 58574.703125 12590.328125 2.895968 65.844147 199.545334 19.553917 -9.100254e+00
415964 40688.378906 58424.625000 12605.636719 -63.157127 -75.606331 -38.226032 17.744867 1.000000e+37
415965 40882.253906 58417.664062 12524.048828 -111.300865 207.189560 66.836823 16.166964 1.000000e+37
415966 40705.890625 58455.066406 12683.953125 36.651863 14.816240 96.178886 16.161530 -8.180206e+00
415967 40676.695312 58546.785156 12575.808594 -191.553284 152.713654 190.905716 10.732870 1.000000e+37
415968 40930.058594 58249.042969 12596.626953 -139.334991 26.073214 177.985382 11.766371 1.000000e+37
415969 40829.644531 58250.042969 12449.205078 115.870125 108.368599 118.286560 12.305115 1.000000e+37
415970 40549.679688 58444.949219 12604.607422 -121.403961 84.127464 -18.159269 13.311527 1.000000e+37
415971 40817.496094 58453.253906 12485.831055 -249.422928 167.743622 182.182785 14.977651 1.000000e+37
415972 40899.746094 58361.007812 12561.581055 -104.949234 219.609955 100.493240 11.843793 1.000000e+37
415973 40871.417969 58341.914062 12683.114258 -136.089554 88.734573 35.038677 14.322034 1.000000e+37
415974 40860.281250 58269.777344 12556.303711 12.814139 216.708740 150.900925 12.578261 1.000000e+37
415975 40588.636719 58503.582031 12666.942383 -154.948898 36.980156 209.361450 14.048873 1.000000e+37
415976 40552.609375 58359.093750 12495.087891 53.928955 214.410828 127.685081 10.776603 1.000000e+37
415977 40877.550781 58338.558594 12507.223633 -122.146606 246.025421 166.320908 11.698687 1.000000e+37
415978 40624.585938 58297.406250 12642.720703 -26.141603 -27.226559 186.957916 9.173445 1.000000e+37
415979 40704.949219 58542.921875 12530.095703 -92.867294 -1.701664 239.650726 13.734838 1.000000e+37
415980 40938.429688 58215.500000 12500.523438 -65.880333 183.950928 207.534103 10.962116 1.000000e+37
415981 40906.226562 58230.316406 12607.173828 -152.725601 44.382751 166.958237 10.777925 1.000000e+37
415982 40647.769531 58299.195312 12724.556641 -7.901574 155.414993 168.538620 13.241508 1.000000e+37
415983 40629.453125 58430.703125 12622.583008 -77.901024 -10.349787 164.249542 16.091324 1.000000e+37
415984 40737.046875 58409.902344 12505.204102 -291.551666 -109.544830 -26.931551 13.393931 1.000000e+37
415985 40877.488281 58304.648438 12657.643555 -62.096428 37.409664 -24.358170 9.871328 1.000000e+37
415986 40907.226562 58228.304688 12450.739258 -140.186584 27.591354 267.645996 6.951399 1.000000e+37
415987 40675.933594 58527.546875 12452.598633 59.914803 58.019234 69.419563 10.557267 1.000000e+37
415988 40614.402344 58531.855469 12559.656250 -1.195342 34.883232 196.493942 12.347501 1.000000e+37
415989 40636.250000 58243.578125 12525.507812 26.749821 -7.615714 19.782505 11.197953 1.000000e+37
415990 40651.933594 58276.585938 12678.601562 11.046553 157.379395 204.943771 11.302976 1.000000e+37
415991 40797.976562 58261.042969 12444.095703 -5.661786 78.601364 86.098412 12.901917 1.000000e+37
415992 40648.253906 58204.214844 12521.456055 -60.600792 -18.352440 224.253418 7.816460 1.000000e+37
415993 40855.550781 58201.292969 12661.102539 -199.778870 167.044647 57.677525 5.593251 1.000000e+37
415994 40869.554688 58289.867188 12558.929688 5.473396 218.636658 147.626953 8.336765 1.000000e+37
415995 40922.546875 58312.742188 12735.394531 -56.083473 112.754913 69.492821 10.737760 1.000000e+37
415996 40838.648438 58165.582031 12426.967773 79.624062 113.753838 155.201294 10.199932 1.000000e+37
415997 40721.585938 58304.332031 12440.869141 62.620953 33.373875 -18.887333 8.888132 1.000000e+37
415998 40924.695312 58308.421875 12646.209961 -11.611024 95.785515 50.464413 7.884586 1.000000e+37
540328 41137.425781 59471.167969 12716.902344 -96.718231 8.922981 96.389000 110.692368 -1.964644e+01
540329 41151.472656 59491.812500 12735.263672 -55.976612 19.470276 73.577698 12.894188 1.000000e+37
540330 41173.203125 59497.500000 12728.702148 -53.567059 -8.521518 52.059116 21.728226 -1.007378e+01
546121 41009.781250 58730.800781 11885.121094 -139.619324 49.757496 137.128510 110.932640 -1.887897e+01
546122 41003.828125 58736.460938 11796.762695 -158.846008 66.836197 116.785698 27.074474 -1.082641e+01
546123 41099.242188 58650.160156 11815.543945 -193.895508 0.137606 147.966690 15.339832 1.000000e+37
546124 40965.937500 58688.023438 11945.700195 -120.115021 -19.398867 170.680130 12.931355 1.000000e+37
546125 41017.621094 58673.730469 11784.492188 -138.728226 82.370781 148.100815 13.791391 1.000000e+37
546126 40981.324219 58613.535156 11919.273438 -93.975410 17.460844 139.386124 12.054944 1.000000e+37
546127 41082.554688 58772.199219 11890.567383 -77.318184 -77.374420 98.982857 9.717470 1.000000e+37
546128 40966.550781 58620.023438 11904.058594 -92.528358 39.773323 152.334961 9.511037 1.000000e+37
566382 40393.265625 56968.101562 11793.703125 -24.916729 69.850151 107.512634 92.586304 -1.799990e+01
566383 40477.414062 56956.554688 11788.522461 -57.014671 74.196617 124.802269 30.580338 -1.037248e+01
566384 40427.156250 56928.277344 11829.574219 -26.305349 -12.850425 116.155945 11.310997 1.000000e+37
573259 40395.675781 58184.460938 14174.787109 -13.876437 91.993217 19.497444 89.126175 -1.822023e+01
573260 40387.375000 58223.148438 14203.722656 37.549538 126.059990 11.718986 13.026218 1.000000e+37
573261 40361.730469 58125.820312 14141.692383 96.160843 70.234367 106.140747 9.912571 1.000000e+37
588508 40761.304688 58763.335938 11032.563477 -49.410492 85.509689 145.501633 88.436920 -1.866001e+01
588509 40736.281250 58838.859375 10994.313477 -54.218212 127.044685 170.685562 6.664548 1.000000e+37
602911 40455.726562 57850.605469 12745.378906 -61.988373 170.136948 87.521370 85.428406 -1.734837e+01
602912 40493.503906 57837.574219 12765.702148 -109.972618 222.293930 123.386574 13.736329 1.000000e+37
619740 40967.246094 58974.144531 11351.660156 -45.510082 13.267420 110.643089 70.460175 -1.724071e+01
619741 40993.832031 58951.050781 11439.777344 -26.840044 1.166028 94.158852 26.839792 1.000000e+37
619742 40962.574219 58921.445312 11320.621094 -22.422449 69.155487 136.389206 16.757521 1.000000e+37
619743 40966.894531 58960.570312 11365.032227 -20.204189 27.382397 83.110931 11.620495 1.000000e+37
619744 41008.644531 58967.785156 11342.619141 -70.539558 96.521065 143.824463 7.446702 1.000000e+37
619745 40940.445312 59011.371094 11439.804688 -66.109879 29.805853 150.015366 5.257619 1.000000e+37
644535 40557.734375 57372.113281 11785.684570 -95.058929 91.361557 122.334908 67.915169 -1.589794e+01
644536 40565.511719 57387.617188 11835.806641 -7.032575 81.843727 55.934254 12.249096 1.000000e+37
644537 40542.179688 57327.652344 11803.913086 -104.795174 136.220093 53.299156 9.080022 1.000000e+37
653059 40927.351562 59062.539062 12731.242188 -93.464447 -13.703102 113.955849 55.948448 -1.484619e+01
653060 40928.898438 59027.847656 12721.407227 -102.937675 36.008404 87.396431 50.807858 -1.361741e+01
673780 40729.011719 58856.328125 13336.554688 -74.468880 -73.485374 76.283028 63.855072 -1.556436e+01
673781 40718.402344 58850.988281 13338.102539 -92.477913 -82.795181 116.510307 19.102201 -9.566078e+00
673782 40757.039062 58889.414062 13362.308594 -49.718216 -84.241524 18.321129 11.178141 1.000000e+37
678854 41139.246094 59060.351562 11302.220703 -107.306015 43.233658 137.631226 59.354919 -1.518421e+01
678855 41159.015625 59050.558594 11289.964844 -104.434547 44.679142 75.023033 15.391204 1.000000e+37
678856 41174.722656 59076.062500 11308.538086 -130.201187 94.877563 145.147293 14.059196 1.000000e+37
683569 40859.796875 58466.351562 12017.805664 -122.105103 47.136932 158.268890 56.169662 -1.472010e+01
683570 40848.441406 58479.386719 12053.374023 -38.735195 -8.576221 189.380020 16.974663 1.000000e+37
710458 40707.195312 58461.539062 13720.344727 -12.934461 155.160751 -35.707321 57.123730 -1.426901e+01
710459 40720.027344 58452.730469 13742.382812 54.365242 183.308640 -59.003872 15.377653 1.000000e+37
713020 41404.511719 58906.742188 11676.362305 -153.707016 73.248535 122.871361 49.596088 -1.530671e+01
728234 40643.660156 57704.937500 12495.578125 4.046721 146.444412 105.726547 52.966583 -1.285223e+01
766231 39254.472656 58483.589844 14132.166016 38.348576 41.803459 102.882759 41.917725 -1.161542e+01
766232 39233.117188 58458.042969 14112.786133 68.545906 65.755936 125.132790 12.276754 1.000000e+37
766233 39276.414062 58453.214844 14098.236328 19.780909 37.046314 111.189774 11.713462 1.000000e+37
766234 39251.394531 58436.839844 14128.331055 0.148713 44.870415 105.029869 10.814075 1.000000e+37
775133 40792.910156 58179.718750 12249.154297 25.429443 101.368935 99.797363 44.880241 -1.300937e+01
809044 39190.234375 58592.132812 13850.299805 35.913448 32.240204 105.983200 39.972580 -1.081232e+01
809045 39201.003906 58575.703125 13865.802734 65.111603 50.187073 96.888550 12.371886 1.000000e+37
815056 40445.199219 58477.480469 12982.314453 -16.500835 91.451675 70.364128 43.394272 -1.356284e+01
818470 40232.523438 57601.109375 14771.959961 -4.702038 110.616272 99.234039 30.373047 1.000000e+37
818471 40242.925781 57579.171875 14788.261719 -0.280505 144.010284 88.756409 20.164001 1.000000e+37
818472 40205.425781 57596.265625 14779.519531 11.140950 117.394325 70.483978 13.007504 1.000000e+37
818473 40206.347656 57598.773438 14788.607422 -8.553758 120.954422 75.419342 11.245043 1.000000e+37
819570 40167.339844 57923.097656 14750.322266 -32.550926 105.813301 56.402046 20.658796 1.000000e+37
819571 40126.550781 57869.820312 14733.278320 -12.607996 110.323669 60.578571 20.640226 1.000000e+37
819572 40203.917969 57913.980469 14753.487305 -36.669800 99.014847 66.608719 16.508484 1.000000e+37
819573 40147.058594 57936.941406 14733.751953 -28.739082 110.229294 41.481964 10.549992 1.000000e+37
826974 40265.097656 58145.718750 13105.754883 4.479994 -0.298167 155.220566 40.525887 -1.186874e+01
826975 40242.832031 58142.089844 13123.099609 -38.587574 71.731552 168.904648 10.800611 1.000000e+37
838633 40244.406250 56716.585938 11952.357422 -2.532714 79.601837 52.244137 37.901684 -1.002161e+01
840567 39760.082031 56905.796875 12655.343750 15.417140 55.789833 95.613190 30.449089 1.000000e+37
840568 39758.339844 56897.042969 12668.537109 13.702030 62.634579 84.619385 8.600113 1.000000e+37
846419 40026.882812 58175.562500 14767.673828 11.866688 67.277809 75.066750 35.837662 -9.709576e+00
854827 40874.460938 58850.824219 11222.464844 -24.364077 68.244041 124.655792 28.901649 1.000000e+37
854828 40901.355469 58844.183594 11252.200195 -38.533016 45.421886 135.676102 19.591389 1.000000e+37
858382 40988.339844 58902.925781 11235.483398 -32.158516 54.100109 146.097656 23.790556 1.000000e+37
866324 41830.000000 58801.218750 11373.618164 -118.991043 78.682014 119.468201 24.195913 1.000000e+37
866325 41848.101562 58772.562500 11407.850586 -140.550598 82.369484 108.333733 21.426727 1.000000e+37
866326 41834.789062 58789.171875 11340.610352 -134.062012 79.494461 134.374573 15.221149 1.000000e+37
866327 41805.187500 58788.187500 11373.252930 -138.064545 83.623901 125.585457 12.153447 1.000000e+37
871859 41375.320312 60055.617188 12756.597656 -91.505783 25.747465 93.574646 23.107164 1.000000e+37
871860 41344.457031 60047.871094 12740.538086 -91.710548 42.580967 106.332542 11.710470 1.000000e+37
871861 41302.421875 60044.171875 12700.808594 -100.892113 54.057755 65.426201 9.112518 1.000000e+37
871862 41337.761719 60062.875000 12737.857422 -92.871132 42.227455 98.547668 10.634267 1.000000e+37
874460 40653.566406 58292.691406 14231.056641 7.234132 0.483074 22.215393 33.356556 -1.044742e+01
879135 41066.601562 58895.000000 11105.982422 -7.728724 29.919083 135.049026 24.370089 1.000000e+37
879136 41067.769531 58898.582031 11097.225586 5.743161 24.577131 153.169952 14.479241 1.000000e+37
879137 41084.308594 58913.898438 11080.566406 -17.550325 16.754904 141.689438 10.148453 1.000000e+37
888266 40615.644531 60206.679688 13753.576172 11.302075 42.206909 103.998878 25.618580 1.000000e+37
888267 40633.820312 60203.394531 13736.411133 7.661199 26.574621 118.012314 16.993435 1.000000e+37
895611 40208.968750 58085.886719 14198.612305 79.600220 65.762383 91.445900 28.255100 1.000000e+37
895612 40231.316406 58095.046875 14182.298828 63.811623 98.787804 101.902756 16.263735 1.000000e+37
897979 40727.050781 59019.746094 13444.219727 -52.171349 -56.240303 47.578434 33.916397 -8.679988e+00
905212 39156.304688 58679.042969 13627.147461 20.968016 24.421661 110.952347 24.480160 1.000000e+37
905213 39113.636719 58723.843750 13627.308594 39.688858 27.226944 111.480431 17.477989 1.000000e+37
905214 39083.453125 58734.167969 13652.969727 36.254898 15.150529 110.401588 10.115224 1.000000e+37
921305 40935.238281 58239.066406 12676.909180 -94.708405 -0.456083 141.237885 28.266123 -1.002008e+01
921306 40975.812500 58256.878906 12664.937500 -32.567047 35.609161 85.590698 24.299934 1.000000e+37
923008 40772.859375 59458.539062 13843.416992 -10.563339 -0.272736 86.687065 24.674530 -8.781205e+00
923009 40762.339844 59471.632812 13849.705078 8.661379 -20.126499 84.684822 14.015331 1.000000e+37
943497 40388.675781 57996.523438 14289.051758 12.773067 151.151184 71.996834 23.288067 1.000000e+37
943498 40345.238281 57983.695312 14284.903320 34.609554 144.070908 66.590385 19.252775 1.000000e+37
950490 40457.496094 57819.894531 13938.025391 37.026173 129.484756 89.427299 26.415358 1.000000e+37
977116 40689.140625 59780.679688 13827.640625 -6.986639 11.289519 91.611542 26.523155 1.000000e+37
1011184 40163.375000 57731.679688 14767.505859 34.373421 103.883812 88.053520 23.447950 1.000000e+37
1021787 40712.238281 58413.277344 12779.196289 -135.461411 14.521119 228.097046 9.681003 1.000000e+37
1025624 40394.398438 57676.062500 13012.370117 -75.161057 159.091782 58.248871 23.978016 1.000000e+37
1025625 40405.406250 57681.589844 12992.357422 -88.368729 161.092728 78.068237 10.415421 1.000000e+37
1038802 40731.519531 59325.152344 13866.967773 -39.668720 -6.127061 57.090694 26.447695 1.000000e+37
1040873 40411.386719 57982.441406 12771.865234 -26.125267 144.234299 119.018715 25.402010 1.000000e+37
1072207 41273.195312 59056.355469 11198.446289 -122.284599 28.435169 125.373955 22.554478 1.000000e+37
1106532 40569.824219 58576.007812 13109.202148 13.676261 -7.457075 136.734268 27.858765 -1.011800e+01
1108858 40801.527344 58583.687500 13095.574219 -68.017807 155.048126 153.126984 21.318630 1.000000e+37
1116051 40206.304688 57687.792969 13822.828125 23.648981 127.343132 99.165596 21.279495 1.000000e+37
1122660 40734.917969 58421.035156 13807.582031 32.025444 155.242340 -28.275280 22.018345 1.000000e+37
1127533 40625.757812 56680.031250 12670.222656 -69.636551 100.065506 93.189438 22.042818 1.000000e+37
1129288 40220.968750 58176.085938 14064.761719 -67.942078 160.305527 61.876263 18.647549 1.000000e+37
1131851 40955.980469 58469.359375 12084.478516 -90.590233 -5.075866 175.934647 24.335993 1.000000e+37
1158474 41761.128906 58961.839844 11444.195312 -130.059860 93.285835 108.150696 19.343349 1.000000e+37
1163371 39843.089844 58057.621094 14195.353516 51.102242 65.255859 104.046791 21.708168 1.000000e+37
1169449 39644.851562 57232.644531 13778.935547 26.555281 59.850552 102.700714 21.517511 1.000000e+37
1190009 40304.062500 57909.464844 14734.156250 19.737198 80.029930 68.495605 18.144693 1.000000e+37
1198138 39749.566406 57126.867188 14188.041992 0.794282 82.466789 93.249535 20.449440 1.000000e+37
1198139 39748.207031 57119.531250 14168.791016 3.899178 97.353951 102.629707 11.480006 1.000000e+37
1207634 40962.171875 58193.179688 13020.554688 -30.025164 174.606934 108.482574 20.954948 1.000000e+37
1217587 40411.214844 57905.289062 14613.493164 -30.407848 104.894905 40.359188 22.609600 1.000000e+37
1223883 40698.867188 56651.605469 12950.232422 -77.778099 92.043083 91.049309 21.540304 1.000000e+37
1227922 40248.820312 58565.199219 13551.224609 21.290083 90.401031 -31.137951 21.777477 1.000000e+37
1227966 40262.316406 58664.238281 14776.542969 -48.797729 27.655554 53.217152 17.667604 1.000000e+37
1247238 40440.574219 58217.425781 13155.534180 -56.568558 -5.192440 128.505020 17.057903 1.000000e+37
1254447 40167.812500 57942.558594 14850.065430 -35.660576 103.110085 53.640324 14.580407 1.000000e+37
1254448 40174.941406 57925.519531 14825.818359 -12.395119 130.542755 63.870567 12.165036 1.000000e+37
1261863 40302.820312 58199.515625 13313.433594 6.652894 -9.499556 177.863922 22.396832 1.000000e+37
1283878 40249.703125 57702.933594 14863.763672 -11.252935 66.309898 39.860474 17.405762 1.000000e+37
1285583 40372.437500 57896.425781 14637.728516 -26.797461 95.403511 49.415276 17.580795 1.000000e+37
1290653 40770.828125 58002.253906 12419.447266 32.313972 64.612236 152.525925 21.256737 1.000000e+37
1292380 40912.519531 58331.597656 13412.556641 30.099346 69.803703 -78.007309 19.920345 1.000000e+37
1294083 41060.667969 58881.238281 11738.526367 -189.660263 105.300331 140.947281 18.715757 1.000000e+37
1297586 40744.457031 59074.089844 12765.737305 -113.167961 3.486806 57.397659 21.242352 1.000000e+37
1297587 40302.886719 59965.453125 12326.135742 4.708870 36.845974 92.825142 19.114204 1.000000e+37
1299369 40951.253906 59015.765625 11505.956055 -13.397632 7.465040 148.137390 20.537933 1.000000e+37
1302839 40727.515625 58537.406250 12791.417969 -64.429649 91.553093 -5.529315 24.874676 1.000000e+37
1313747 41001.105469 59328.960938 11385.968750 -44.995205 4.246679 104.591553 18.252680 1.000000e+37
1313748 40988.671875 59340.312500 11373.559570 -36.632938 1.272598 118.819351 13.589182 1.000000e+37
1315679 41849.687500 58846.210938 11526.442383 -121.219330 58.743095 123.603256 19.286890 1.000000e+37
1330982 40628.160156 60186.960938 13949.232422 -4.883299 33.062546 80.499718 18.726732 1.000000e+37
1336916 39946.492188 57442.019531 13832.463867 30.633875 89.133141 98.981255 18.111292 1.000000e+37
1336979 40872.667969 58929.882812 13008.646484 -172.084106 26.224352 75.813087 17.641930 1.000000e+37
1338936 39716.625000 56988.363281 14164.375977 2.535688 80.756424 91.452148 19.451269 1.000000e+37
1342958 40449.750000 58207.984375 14032.648438 -50.182426 124.624146 2.126516 20.322678 1.000000e+37
1342959 40514.566406 58139.601562 13553.777344 -47.870697 41.563942 -40.434231 22.428911 -8.959104e+00
1351210 40303.750000 57909.718750 13961.140625 35.279377 140.786530 77.499710 20.623451 1.000000e+37
1351263 39619.144531 57734.117188 13499.238281 43.734528 64.354149 110.219055 13.816349 1.000000e+37
1351264 39632.187500 57742.425781 13507.957031 37.974636 56.610588 102.067848 13.495522 1.000000e+37
1353259 41864.390625 57827.980469 12001.966797 -116.595642 83.238541 93.916267 18.107792 1.000000e+37
1366202 39231.316406 58516.742188 14016.856445 37.429863 32.606117 113.647644 19.252895 1.000000e+37
1368353 40977.789062 57897.789062 12511.199219 -152.505264 140.817032 96.111893 18.246334 1.000000e+37
1372952 40807.777344 59990.679688 14009.132812 -45.383564 26.605003 80.656235 15.382751 1.000000e+37
1372953 40818.375000 60024.289062 13993.554688 -47.409607 16.807524 78.149773 9.545647 1.000000e+37
1375179 40249.375000 58456.605469 14196.987305 -3.346584 98.701950 54.340370 15.244124 1.000000e+37
1375180 40231.687500 58427.824219 14206.737305 -6.246827 120.216225 66.843307 13.204154 1.000000e+37
1388851 40594.363281 57175.078125 11723.686523 -46.362774 73.548424 121.767426 19.936722 1.000000e+37
1393594 40396.601562 57882.777344 14467.119141 -4.330946 92.503723 36.193375 18.044315 1.000000e+37
1398353 39527.843750 58633.000000 13777.160156 34.961094 23.038717 104.152145 18.775881 1.000000e+37
1403319 40812.343750 58315.519531 13678.839844 -95.464188 -62.640381 -10.328404 19.900488 1.000000e+37
1403379 41294.875000 59757.570312 13128.479492 -46.579456 9.307790 80.062393 17.356676 1.000000e+37
1410775 39366.816406 57035.792969 13633.298828 5.616522 58.384369 99.954330 17.828037 1.000000e+37
1421123 40308.320312 58465.878906 14087.002930 4.425468 90.103760 40.368519 18.286135 1.000000e+37
1426484 40633.054688 58556.839844 12819.427734 -50.239990 77.149414 40.879883 22.566486 1.000000e+37
1437088 39842.285156 56650.894531 12479.821289 8.533832 59.668198 91.077408 19.085806 1.000000e+37
1439846 40120.804688 57548.832031 13832.771484 36.614311 100.769188 96.361679 17.014837 1.000000e+37
1442604 40610.574219 56720.300781 12920.840820 -72.040367 90.469315 73.199745 17.273493 1.000000e+37
1453890 40352.882812 58447.910156 13631.068359 -66.956032 -19.005791 62.356102 21.481407 1.000000e+37
1477630 40293.273438 57741.832031 14504.709961 7.899630 124.407631 89.663567 16.745810 1.000000e+37
1480811 40666.562500 57554.093750 12007.040039 -26.074715 91.820824 132.118576 18.070292 1.000000e+37
1483996 41767.699219 56742.269531 13142.942383 -91.729576 72.063210 91.586693 16.930149 1.000000e+37
1490299 41016.289062 58463.648438 12562.850586 -140.946060 175.522949 192.686462 18.864645 1.000000e+37
1499842 41204.250000 56909.593750 12922.306641 -102.527992 89.753967 91.662926 16.681114 1.000000e+37
1499843 40904.539062 57938.003906 12011.317383 -39.129593 135.259399 145.042114 18.570955 1.000000e+37
1503357 39793.707031 58032.582031 14190.986328 62.500145 63.061333 105.654678 17.479513 1.000000e+37
1506574 40310.101562 58003.968750 14258.456055 15.726793 102.559845 54.435890 18.430447 1.000000e+37
1534073 40971.796875 58461.902344 12814.925781 -149.623535 -23.828100 75.940575 19.673916 1.000000e+37
1541346 41040.558594 58579.695312 11796.455078 -151.773270 -29.446072 78.074577 13.223181 1.000000e+37
1544935 40229.097656 57981.500000 14604.930664 -27.108053 110.559631 60.224865 14.145314 1.000000e+37
1548611 41797.000000 56974.808594 12968.474609 -100.254837 75.382217 91.502243 15.839018 1.000000e+37
1548612 40456.070312 58631.289062 13692.325195 -81.425629 -34.661209 103.791687 22.052254 1.000000e+37
1556241 40391.527344 58464.429688 14047.497070 -27.782824 -3.752611 -8.632322 15.152811 1.000000e+37
1567985 41430.230469 59003.617188 11491.985352 -115.159966 22.788839 120.558548 14.732866 1.000000e+37
1572003 41533.910156 60241.949219 12701.127930 -102.407555 53.955685 71.815689 17.802309 1.000000e+37
1575903 40249.859375 58015.652344 14511.065430 -25.334599 101.538605 37.710094 17.413065 1.000000e+37
1579962 40608.972656 58140.988281 13389.528320 -107.980064 66.234146 -103.654831 15.356378 1.000000e+37
1587904 39943.589844 56847.519531 13548.037109 -19.382240 97.113724 92.566292 15.405432 1.000000e+37
1596353 40668.839844 58643.027344 13845.795898 -27.205433 -50.895206 2.601176 18.501799 1.000000e+37
1600536 40877.089844 58216.125000 12728.967773 -83.765793 -14.486460 154.454193 14.933018 1.000000e+37
1618290 41902.011719 58490.640625 11687.219727 -133.454926 87.711655 81.669655 14.267620 1.000000e+37
1618291 41866.617188 58497.355469 11685.709961 -127.744804 87.067879 84.703148 13.561216 1.000000e+37
1627214 41958.281250 57702.984375 11973.152344 -116.330040 83.570862 92.865417 17.288584 1.000000e+37
1636578 39767.089844 56592.320312 12475.122070 -1.278361 71.582901 82.260101 13.718506 1.000000e+37
1636579 39778.902344 56585.625000 12494.098633 -2.530688 64.704712 74.883904 12.172341 1.000000e+37
1636704 40633.410156 59651.535156 14556.685547 -45.413944 30.013866 73.922356 15.336134 1.000000e+37
1646015 40473.171875 57878.792969 13883.182617 34.372402 134.957596 106.609428 15.543324 1.000000e+37
1655630 41041.632812 59176.031250 11697.745117 -50.019859 -10.531685 98.479759 17.911358 1.000000e+37
1660412 40929.496094 58394.597656 12756.385742 11.449298 -0.878711 142.707794 19.953054 1.000000e+37
1691217 41512.796875 59947.890625 12755.655273 -107.751297 27.857679 94.808403 16.745260 1.000000e+37
1691218 41476.007812 59960.000000 12754.486328 -100.907761 34.238766 96.682388 10.749913 1.000000e+37
1696438 41052.757812 58888.601562 11378.005859 -49.213696 17.494417 79.491913 16.875479 1.000000e+37
1707207 41504.687500 58931.386719 11710.854492 -158.594803 55.361908 121.683548 19.568048 1.000000e+37
1712680 40549.500000 58271.394531 14079.692383 20.167566 143.018082 69.447418 8.610603 1.000000e+37
1712681 40531.121094 58262.183594 14064.261719 2.093098 152.999603 63.873970 7.630855 1.000000e+37
1712729 40872.039062 59022.636719 11426.605469 -36.156876 58.830475 101.431389 16.327106 1.000000e+37
1712842 40828.652344 59572.035156 13874.864258 0.561774 0.690971 100.583313 13.984873 1.000000e+37
1718402 41445.320312 59764.984375 12258.165039 -109.609291 39.241264 112.994537 14.825450 1.000000e+37
1724024 40056.785156 58038.652344 14833.823242 13.675591 55.821796 72.387039 17.922409 1.000000e+37
1724084 41005.421875 59233.269531 11230.687500 -38.351833 17.022614 135.747620 11.063221 1.000000e+37
1724179 40522.519531 58758.312500 14944.331055 -52.803104 37.746746 58.100845 14.475979 1.000000e+37
1729762 40314.796875 58239.160156 13816.373047 32.522820 98.029732 12.765283 16.896441 1.000000e+37
1735858 40104.183594 57934.277344 14403.625000 -40.527355 73.387413 21.522934 15.424518 1.000000e+37
1741648 41431.117188 59298.363281 11946.399414 -114.381462 26.416811 105.324333 15.328238 1.000000e+37
1753636 41007.105469 58646.359375 11622.583984 -46.569740 35.208855 156.309280 18.325291 1.000000e+37
1753740 40480.890625 58908.441406 13793.007812 -35.166069 -35.979191 26.519512 16.314909 1.000000e+37
1765714 40223.718750 58096.648438 14096.360352 -75.317047 169.837234 59.562206 13.118285 1.000000e+37
1765889 41545.085938 60046.480469 12993.874023 -108.026627 61.208416 69.458778 14.148824 1.000000e+37
1772060 41789.671875 59665.078125 13576.999023 -108.169594 67.552139 85.618370 14.201482 1.000000e+37
1778420 39691.976562 57037.988281 13600.381836 -0.308258 80.910828 97.838715 16.469189 1.000000e+37
1784753 40372.734375 58391.113281 13547.057617 80.510956 7.117958 118.127792 13.910018 1.000000e+37
1784755 40933.843750 58562.808594 12384.387695 -88.190544 159.795074 246.924957 15.083001 1.000000e+37
1784756 39892.941406 56875.511719 12501.929688 15.386595 54.010681 101.996620 16.139648 1.000000e+37
1784937 39168.898438 58659.675781 13727.267578 40.238441 29.063028 108.920296 17.191786 1.000000e+37
1791413 39138.285156 58640.273438 13852.748047 29.278635 14.352430 116.685677 14.306627 1.000000e+37
1797961 39533.335938 57843.511719 14136.667969 40.387100 64.062683 104.935188 14.240296 1.000000e+37
1811102 40713.230469 57018.089844 11430.553711 -97.359047 75.333351 105.298080 15.445733 1.000000e+37
1831942 40536.078125 58146.457031 12575.439453 -72.849869 82.911903 40.159565 14.207671 1.000000e+37
1831943 40529.261719 58165.500000 12192.989258 -50.722485 162.215195 186.490891 17.418915 1.000000e+37
1831946 40040.136719 57569.625000 14085.085938 37.951084 92.542694 85.817291 14.968326 1.000000e+37
1832154 40844.507812 58751.269531 13387.761719 -192.788132 0.470416 37.725986 16.083015 1.000000e+37
1839062 40725.218750 58614.042969 13604.980469 -28.144068 28.636562 -38.363243 17.536896 1.000000e+37
1846326 40429.113281 57917.816406 14234.606445 -40.241467 80.294350 30.618475 10.979981 1.000000e+37
1846327 40449.210938 57910.382812 14257.281250 -34.204311 81.279602 27.548714 12.618800 1.000000e+37
1853643 40175.871094 57875.179688 14642.838867 -30.964277 117.105042 58.713223 11.408689 1.000000e+37
1853699 41155.925781 57115.269531 11619.260742 -116.746689 64.690353 118.905090 16.475760 1.000000e+37
1868534 40708.816406 58071.820312 12477.665039 24.422430 117.256378 173.509232 15.664988 1.000000e+37
1876312 40482.859375 58707.785156 13671.325195 -93.721764 -50.550758 -7.746891 13.150356 1.000000e+37
1891778 40288.546875 57760.695312 14618.791992 -12.455444 76.811394 47.139431 11.718461 1.000000e+37
1907897 39835.640625 57260.234375 14173.872070 1.045895 90.343956 96.278381 13.655689 1.000000e+37
1916055 41025.234375 57852.996094 12496.779297 -150.909058 142.702240 93.182137 16.291040 1.000000e+37
1933101 40810.367188 59402.464844 13423.700195 -55.005280 -19.968195 68.171539 13.389982 1.000000e+37
1933102 40631.218750 59403.359375 14400.059570 -79.246033 30.534494 63.553341 14.877360 1.000000e+37
1933103 41110.621094 59007.445312 13113.676758 -85.671684 -16.892435 74.593262 14.448595 1.000000e+37
1941832 39197.976562 56942.187500 13147.485352 8.764240 38.978916 105.649513 15.057471 1.000000e+37
1950256 40661.800781 58156.089844 12234.399414 23.372469 177.457916 151.159637 15.102943 1.000000e+37
1950257 40369.199219 57814.589844 13080.715820 -70.463791 165.223816 60.860466 16.046539 1.000000e+37
1977452 40289.289062 58470.773438 13689.427734 -14.300777 140.206558 -19.604704 13.946351 1.000000e+37
1977456 40677.207031 58305.042969 13675.811523 124.483643 16.323706 4.471742 10.183967 1.000000e+37
1977457 40503.277344 58287.359375 13080.000977 -105.509285 -33.219276 88.569115 11.879882 1.000000e+37
1977712 40537.589844 58055.078125 14256.500977 -52.764008 82.142593 40.800529 16.588205 1.000000e+37
1977713 39154.269531 58430.386719 14167.017578 49.133377 61.005730 109.940048 16.084492 1.000000e+37
1986736 41428.441406 57554.394531 12732.716797 -126.099739 98.311218 85.587006 13.695078 1.000000e+37
1986739 40477.488281 58170.269531 14227.153320 82.652420 138.671692 52.107338 9.697552 1.000000e+37
1987015 40477.832031 58701.277344 14642.093750 -44.604145 15.590913 50.726444 12.626272 1.000000e+37
2005640 39684.093750 57278.574219 13769.789062 12.034537 74.349709 102.718590 9.895226 1.000000e+37
2005933 40844.773438 58357.984375 13593.524414 83.726189 60.400074 -45.922832 13.844910 1.000000e+37
2005935 39609.929688 58204.441406 14286.794922 46.145908 51.905910 109.753220 13.591362 1.000000e+37
2015555 40925.523438 58412.765625 13191.745117 -102.597504 177.740494 130.075531 15.432057 1.000000e+37
2015661 41738.531250 58856.550781 11463.341797 -126.262413 69.469086 104.288559 13.446749 1.000000e+37
2015822 40871.382812 59077.769531 12600.085938 -97.765549 1.011208 127.311203 17.499565 1.000000e+37
2025458 40062.218750 57792.992188 14719.240234 -44.849392 85.404816 32.057587 12.692146 1.000000e+37
2025745 40916.023438 58977.320312 12604.507812 -127.615982 -0.292597 81.539474 13.365008 1.000000e+37
2025746 40658.304688 59572.914062 13333.359375 14.723973 2.850302 102.210350 12.999894 1.000000e+37
2035423 40907.476562 58315.062500 13152.258789 -76.548744 193.315308 121.560295 13.798322 1.000000e+37
2045849 40250.636719 56935.210938 14278.825195 -42.257591 94.161453 99.951149 14.185482 1.000000e+37
2046140 40640.839844 58114.625000 13904.462891 2.602987 59.015537 -8.448321 15.615854 1.000000e+37
2056337 41953.640625 56786.804688 13258.532227 -97.389900 62.127308 90.477081 13.246260 1.000000e+37
2056617 41219.343750 59813.929688 12313.169922 -20.764729 13.594646 109.086655 14.540659 1.000000e+37
2067076 40714.480469 58557.125000 12775.472656 -67.416679 60.605877 14.174852 15.453144 1.000000e+37
2067077 40614.285156 58163.132812 13545.997070 7.019676 -8.575774 -14.292301 18.625643 1.000000e+37
2067078 40675.898438 58279.914062 12335.878906 12.039477 101.865173 33.918304 13.419544 1.000000e+37
2067081 40254.621094 58371.539062 14471.480469 -34.355747 32.049522 21.208544 13.685185 1.000000e+37
2067368 40173.964844 60198.785156 12152.305664 -1.496981 48.566380 88.242661 11.309729 1.000000e+37
2077715 41075.562500 58814.382812 11790.789062 -109.874397 39.923283 144.585831 13.894940 1.000000e+37
2077999 41276.898438 60181.335938 12652.742188 -94.306160 35.329254 97.723686 15.209882 1.000000e+37
2089155 41068.386719 59077.308594 11804.273438 -52.406418 -16.717766 102.114372 12.967285 1.000000e+37
2089157 39352.914062 58225.207031 13557.968750 39.421627 50.750145 109.910683 12.562873 1.000000e+37
2099999 41895.812500 58622.738281 11416.121094 -119.254616 109.295143 102.876976 11.505547 1.000000e+37
2100000 40404.730469 58496.593750 13112.074219 -74.484474 176.609467 68.312256 11.173362 1.000000e+37
2100001 40637.933594 57602.625000 11975.447266 -34.666271 87.572258 143.133087 12.512705 1.000000e+37
2100345 40670.265625 58811.570312 12997.364258 -171.453995 4.849594 89.919701 12.669203 1.000000e+37
2100349 39661.949219 58452.988281 14648.047852 27.678701 37.140636 126.910675 12.884838 1.000000e+37
2111628 40856.769531 58302.195312 12719.171875 -166.581116 36.828587 85.179108 12.288626 1.000000e+37
2123213 40502.585938 58148.132812 13130.534180 -73.512985 0.843098 -15.032462 5.129316 1.000000e+37
2135146 40617.785156 58326.035156 13798.462891 -54.352806 -20.878328 72.307343 10.403676 1.000000e+37
2135245 40825.257812 57219.476562 11911.106445 -22.606903 72.309364 112.120964 15.774173 1.000000e+37
2147187 41274.359375 56840.429688 12938.908203 -105.186707 87.302734 88.456261 11.722126 1.000000e+37
2147188 40812.343750 58733.429688 13372.965820 -192.029221 -7.244734 48.600288 14.138578 1.000000e+37
2172022 40182.492188 58355.425781 13879.206055 -42.654537 143.909592 24.113232 13.882377 1.000000e+37
2172028 40317.609375 56935.781250 12009.891602 1.347392 81.181389 48.948765 13.713712 1.000000e+37
2172407 38902.632812 58818.089844 13342.925781 22.226509 33.088806 100.680290 12.411258 1.000000e+37
2185230 40601.339844 58793.929688 12622.739258 -87.832863 -37.944542 79.205528 14.261436 1.000000e+37
2197890 40377.347656 58447.496094 13497.874023 -109.350441 59.590969 -111.574387 7.389788 1.000000e+37
2198264 40581.488281 59546.699219 14465.302734 -42.981827 27.383266 70.580872 12.681708 1.000000e+37
2211280 41234.957031 57480.144531 11650.955078 -115.684082 81.803619 126.405502 14.714692 1.000000e+37
2211556 41979.695312 58809.000000 14364.455078 -96.478783 64.191391 93.016739 12.174831 1.000000e+37
2239069 41265.347656 58826.222656 11727.921875 -136.813004 -2.963417 116.086563 14.898721 1.000000e+37
2239070 40543.960938 58472.269531 13747.248047 -97.918282 -50.151096 68.652679 15.542850 1.000000e+37
2239071 39975.410156 56632.031250 12358.375977 -0.613231 75.196724 73.874229 13.343774 1.000000e+37
2239508 40734.953125 59142.746094 13472.125000 -57.830669 -48.746353 53.064110 12.131841 1.000000e+37
2253202 40846.558594 58279.718750 13287.676758 12.682364 30.924095 -101.380066 9.892217 1.000000e+37
2253205 40516.902344 58348.253906 13559.577148 54.392162 239.243622 -0.804766 11.776584 1.000000e+37
2253206 40555.718750 58211.578125 13681.413086 -56.980640 9.145243 21.222965 10.869112 1.000000e+37
2253213 40265.554688 58137.300781 14722.539062 8.781176 61.136723 56.834164 11.829709 1.000000e+37
2267769 40890.964844 58918.003906 11238.972656 -3.903206 39.117256 142.833420 13.459414 1.000000e+37
2282364 41686.558594 58155.656250 14621.569336 -95.482689 87.007538 93.269722 14.077592 1.000000e+37
2282368 40802.179688 57076.890625 11445.327148 -92.543060 82.771507 108.811905 11.969695 1.000000e+37
2282370 40468.218750 57445.777344 12339.792969 -1.085587 118.833984 96.177589 13.781888 1.000000e+37
2282794 42155.917969 58927.523438 12953.138672 -118.317657 75.437622 89.055206 12.907104 1.000000e+37
2297730 40933.648438 59211.550781 12925.595703 -143.663589 28.279671 56.630024 10.369784 1.000000e+37
2297732 39807.511719 58145.273438 14784.304688 34.017693 79.540848 115.877228 12.074487 1.000000e+37
2297733 40617.617188 59091.710938 14511.091797 -17.977568 7.267735 68.215469 11.271710 1.000000e+37
2312533 40510.136719 57466.597656 11835.938477 -75.010353 84.266800 150.615906 14.983039 1.000000e+37
2312978 40687.792969 59939.808594 14181.369141 -6.434652 29.253803 81.787888 13.293076 1.000000e+37
2312980 39609.863281 58477.347656 14261.202148 34.271240 25.904612 112.694130 14.335159 1.000000e+37
2328388 40298.902344 58476.765625 13253.215820 -27.762638 104.711044 8.870532 9.599151 1.000000e+37
2328565 41158.648438 58906.664062 11294.688477 -24.403080 67.464516 124.337608 8.455392 1.000000e+37
2345117 41744.191406 59673.125000 13573.331055 -94.542450 57.578644 74.796761 12.092772 1.000000e+37
2345121 41136.101562 58940.937500 13009.766602 -91.920464 -13.072042 77.252151 11.547596 1.000000e+37
2345123 41030.437500 58079.273438 13008.348633 -6.150855 161.932159 105.514931 11.463380 1.000000e+37
2361229 41331.339844 60094.355469 13122.913086 -38.457489 27.077124 88.048790 12.218277 1.000000e+37
2361233 39496.371094 58461.449219 14421.632812 32.548649 32.102974 118.339638 14.397470 1.000000e+37
2377804 40304.878906 57832.523438 14832.726562 7.121536 85.308281 41.692383 10.401998 1.000000e+37
2395518 40125.417969 58109.128906 14137.255859 0.980583 103.704262 4.569236 11.286859 1.000000e+37
2395521 40578.519531 59537.605469 14417.977539 -14.830135 18.703375 77.721283 12.312026 1.000000e+37
2412728 40422.519531 58089.925781 12306.919922 -39.844612 172.362503 127.214333 13.473693 1.000000e+37
2412919 40751.027344 58421.988281 12007.536133 -128.485672 42.323963 137.631073 14.987117 1.000000e+37
2413227 40789.593750 59113.402344 12289.350586 15.776467 -13.154216 119.335251 12.721691 1.000000e+37
2413228 41136.570312 59115.488281 13063.935547 -76.504715 -15.853597 72.655174 12.575323 1.000000e+37
2413231 40678.980469 59490.562500 14185.458984 -27.922998 9.423296 68.582611 13.579724 1.000000e+37
2430724 41764.378906 57864.738281 12008.392578 -115.693550 87.973999 91.156700 12.812324 1.000000e+37
2430725 41252.773438 57189.265625 12770.162109 -112.750847 97.683533 91.097626 13.198245 1.000000e+37
2430726 40523.902344 57323.777344 13000.639648 -82.969254 132.465012 64.656914 13.938858 1.000000e+37
2430728 40510.062500 57153.464844 11659.216797 -38.225101 51.003624 127.611053 14.199851 1.000000e+37
2430735 40109.847656 57431.855469 14416.075195 12.594747 104.166031 90.519203 12.351209 1.000000e+37
2449341 39986.500000 56915.953125 13588.798828 -21.035088 97.178757 90.555580 11.091105 1.000000e+37
2449342 40271.488281 57019.289062 12293.410156 23.000896 66.405464 87.928207 10.298900 1.000000e+37
2449913 40336.179688 57931.839844 14250.009766 -47.009808 85.663063 40.249149 13.670673 1.000000e+37
2468231 40766.523438 58393.808594 13692.841797 -78.029152 -77.464523 -23.495039 7.405176 1.000000e+37
2468232 40264.277344 57311.484375 13928.630859 -24.896822 122.273590 91.193626 12.572185 1.000000e+37
2468233 40201.570312 56772.957031 12042.166016 10.067818 74.614182 48.505909 13.091294 1.000000e+37
2468238 40171.261719 57887.523438 14894.073242 17.936083 76.957825 48.251965 9.981460 1.000000e+37
2468796 41978.304688 59562.070312 13910.553711 -95.901306 68.332436 83.871132 13.310710 1.000000e+37
2468797 40824.937500 58739.859375 13792.695312 -31.662165 -53.556355 27.076563 13.557752 1.000000e+37
2487505 40437.921875 58296.816406 13155.065430 -48.078480 195.889221 -7.881891 11.701361 1.000000e+37
2488052 40660.789062 58282.242188 12815.274414 -20.474291 113.440521 238.979889 15.583825 1.000000e+37
2488055 39367.582031 58813.468750 13175.375000 31.721167 34.675083 106.381142 12.231503 1.000000e+37
2488056 39056.320312 58208.953125 14248.547852 39.268364 53.076534 106.071899 11.351464 1.000000e+37
2507444 40160.410156 57654.847656 14809.361328 -29.431328 114.244186 71.398193 10.029549 1.000000e+37
2527733 40396.128906 58048.242188 12308.053711 -49.063007 173.694977 127.784836 10.360981 1.000000e+37
2527734 40258.457031 56972.199219 11783.483398 -40.212944 108.564499 169.454636 8.348120 1.000000e+37
2548434 40601.609375 56996.164062 11541.281250 -81.136589 95.159164 118.929169 11.697848 1.000000e+37
2548640 40803.265625 58165.703125 12594.143555 40.208889 151.409958 152.526794 9.432940 1.000000e+37
2549034 40063.632812 57868.042969 14498.595703 -41.098118 61.905396 29.827986 13.309973 1.000000e+37
2549035 40682.949219 58541.449219 11985.413086 59.323467 11.759464 154.589417 11.143933 1.000000e+37
2569779 40915.097656 58204.097656 12370.023438 -211.829712 156.522537 116.743263 8.543295 1.000000e+37
2569780 40824.625000 58260.347656 13728.306641 -49.140156 -25.517374 -44.480503 12.632925 1.000000e+37
2569787 40482.914062 58129.425781 14125.949219 -38.625965 65.721909 47.574986 13.658933 1.000000e+37
2591795 40853.320312 58412.390625 12922.819336 -105.681984 71.497643 -15.496711 11.240102 1.000000e+37
2592022 40849.562500 59189.273438 11229.665039 -25.611116 -1.272677 110.003288 10.249258 1.000000e+37
2614390 40307.796875 58082.171875 14132.630859 15.984645 111.243225 61.605145 13.208849 1.000000e+37
2614391 40319.664062 58457.757812 13519.411133 -98.032318 -33.726231 69.325279 11.274536 1.000000e+37
2614392 40835.898438 58338.726562 12939.501953 -95.292755 73.403671 115.454987 12.808317 1.000000e+37
2614404 40406.945312 58281.339844 14118.492188 -44.733521 -19.976046 -7.981148 5.168427 1.000000e+37
2614588 41290.734375 58144.445312 11536.342773 -113.841866 102.123558 145.577011 11.900040 1.000000e+37
2614625 41032.949219 58885.410156 11205.938477 -38.868484 56.222260 116.037132 8.745616 1.000000e+37
2614626 40874.375000 58635.972656 11399.679688 -49.254021 74.761398 143.673981 12.734571 1.000000e+37
2637657 40913.363281 58275.042969 12376.043945 -37.351559 168.116882 169.890961 11.944263 1.000000e+37
2637658 40577.878906 58339.375000 13759.207031 -56.257679 -27.472204 69.655159 14.359632 1.000000e+37
2637659 40929.835938 57663.824219 12083.109375 -11.493389 118.263969 108.255356 14.467136 1.000000e+37
2661450 40129.378906 57937.230469 14682.711914 -5.481374 90.242599 57.937889 5.701968 1.000000e+37
2661456 41500.203125 58374.000000 11809.823242 -142.880188 104.063965 99.074730 10.276422 1.000000e+37
2661457 40658.464844 58445.042969 12322.943359 8.766397 63.267227 5.148713 7.613358 1.000000e+37
2661673 40557.660156 56873.707031 11556.824219 -82.345947 93.580528 116.863106 11.960038 1.000000e+37
2661725 41129.464844 58634.097656 11899.988281 -27.390305 60.040154 176.728592 9.032214 1.000000e+37
2662110 40879.480469 58318.097656 13579.923828 86.088295 44.713280 -33.893177 12.429846 1.000000e+37
2662112 40779.960938 59746.164062 14014.937500 -35.969669 12.529646 75.057480 10.925669 1.000000e+37
2662118 41076.386719 58161.750000 12317.384766 -25.453539 184.067154 142.778000 13.432710 1.000000e+37
2685725 41400.320312 57101.859375 12836.589844 -109.572235 90.583115 92.791412 9.974536 1.000000e+37
2685726 40694.968750 58213.558594 13426.601562 -145.512421 2.230744 -108.389168 11.356428 1.000000e+37
2685736 40520.097656 58149.535156 14194.725586 -46.393806 100.822083 -24.408970 12.685278 1.000000e+37
2686434 40593.890625 60065.753906 14137.111328 -6.527255 29.204233 84.349014 13.348914 1.000000e+37
2710823 40454.171875 58212.640625 13657.208984 23.553717 76.555168 -62.821213 11.199457 1.000000e+37
2710834 40298.125000 57746.613281 14685.267578 -11.700062 118.171295 91.842117 10.526982 1.000000e+37
2711043 40739.539062 58591.882812 12177.375977 -84.523750 72.765114 238.063248 11.042598 1.000000e+37
2711540 40819.363281 59165.097656 12872.689453 -133.712173 16.249334 55.715103 12.582075 1.000000e+37
2736670 40350.656250 58476.703125 13497.452148 -113.040840 -60.284866 45.010059 13.002785 1.000000e+37
2736673 40569.191406 58159.332031 12598.935547 37.871437 34.097469 221.888504 11.315211 1.000000e+37
2736674 40531.406250 57859.484375 12731.761719 -88.996933 197.675064 43.460220 12.256595 1.000000e+37
2736675 40765.500000 58493.121094 13562.470703 -0.477277 -83.904854 82.280548 12.683386 1.000000e+37
2736678 40808.441406 58196.226562 12346.555664 -137.770081 61.780281 245.032440 13.920484 1.000000e+37
2763177 40176.863281 58393.968750 13715.261719 2.558103 98.358757 -4.100927 14.082998 1.000000e+37
2763180 40824.625000 58539.062500 12333.689453 12.723070 115.379807 206.309952 13.664776 1.000000e+37
2763181 40816.503906 58301.320312 13475.526367 -1.794133 81.254814 18.129072 10.582279 1.000000e+37
2763908 41906.089844 59038.277344 13065.581055 -130.113861 71.359901 89.390533 9.752327 1.000000e+37
2763915 40608.500000 58691.253906 13236.212891 -153.917633 -82.475845 76.029808 8.212504 1.000000e+37
2763918 40701.414062 59440.652344 13321.167969 13.282142 -5.399643 103.800728 10.826731 1.000000e+37
2763922 38808.386719 58208.035156 13791.958008 25.260406 46.875233 106.995239 9.656776 1.000000e+37
2790578 41771.097656 57121.218750 12827.669922 -107.240463 77.858482 90.851250 9.172340 1.000000e+37
2790579 40642.160156 57253.769531 11720.893555 -112.001030 104.103386 137.953186 9.495531 1.000000e+37
2790580 40703.992188 58320.300781 13021.778320 -44.340504 24.591921 -41.565533 10.938669 1.000000e+37
2790582 40916.285156 57944.792969 12866.792969 3.206058 151.175400 99.544167 10.220110 1.000000e+37
2790587 40480.507812 58298.308594 14106.583008 10.390786 47.083717 13.892856 15.089189 1.000000e+37
2790849 40700.687500 56942.863281 11760.837891 -118.715805 68.790886 110.380623 12.408916 1.000000e+37
2790907 40916.824219 59276.613281 11330.890625 -44.091499 2.008442 107.705452 12.751951 1.000000e+37
2791394 41014.609375 59063.371094 12871.073242 -95.214943 1.671108 103.108879 13.930867 1.000000e+37
2791396 40805.285156 59169.460938 14259.898438 -95.636063 27.986933 55.183346 10.307077 1.000000e+37
2791403 40543.242188 58207.097656 14378.195312 11.179180 98.369972 73.381760 14.565189 1.000000e+37
2819469 41711.320312 59183.394531 13390.548828 -130.910904 65.368149 83.879860 9.604460 1.000000e+37
2819473 40772.656250 59813.402344 14443.132812 -73.534630 39.454086 78.866585 10.644706 1.000000e+37
2819474 40444.355469 58675.101562 14795.121094 -90.974144 49.515720 55.061810 12.746440 1.000000e+37
2847865 40993.324219 58918.503906 11016.842773 0.825325 12.812266 127.291801 12.931538 1.000000e+37
2877599 40168.527344 56961.582031 12331.874023 21.694696 63.579643 90.326981 9.954329 1.000000e+37
2877600 40551.890625 57978.890625 13899.337891 35.880245 139.717514 63.180779 9.182401 1.000000e+37
2877916 41249.648438 58641.125000 11757.929688 -15.789488 -1.402113 160.373047 10.551437 1.000000e+37
2878409 41636.898438 59170.003906 13392.949219 -130.872055 61.767410 82.013832 12.460171 1.000000e+37
2878415 41533.968750 60263.027344 12832.274414 -96.390839 41.444321 87.882874 8.794505 1.000000e+37
2878416 40365.316406 58070.890625 14501.576172 -33.930676 41.152576 9.327770 9.594436 1.000000e+37
2878417 40233.488281 58498.394531 14542.976562 11.637022 2.874464 66.170876 11.167596 1.000000e+37
2878425 39976.597656 58243.828125 14703.656250 23.916960 66.628410 76.880966 12.091460 1.000000e+37
2908489 40548.613281 58577.042969 13092.157227 18.855040 177.479095 72.754463 8.657125 1.000000e+37
2908490 40650.167969 58325.914062 13594.112305 100.345192 29.504047 14.320873 10.603996 1.000000e+37
2908496 40793.656250 58128.449219 12400.648438 84.077896 66.331062 127.529404 11.293294 1.000000e+37
2908497 40303.121094 56682.601562 13774.542969 -40.745365 91.335007 98.949646 10.447830 1.000000e+37
2908499 39454.492188 56887.695312 13291.746094 3.199851 54.008152 101.878593 8.944256 1.000000e+37
2908752 42169.210938 58330.312500 11535.181641 -107.229942 96.855797 103.516945 11.982815 1.000000e+37
2908827 41493.335938 58928.789062 11583.477539 -114.525902 50.156158 149.052673 7.403595 1.000000e+37
2909423 41615.949219 60132.117188 12798.044922 -64.408615 31.129097 77.802315 8.284767 1.000000e+37
2909424 42029.960938 58785.566406 14444.802734 -95.750481 64.534767 93.528099 10.882271 1.000000e+37
2940552 40466.777344 58439.722656 13690.640625 -154.379486 71.519348 -62.202240 10.525746 1.000000e+37
2940553 39993.750000 57869.582031 14741.251953 -71.243362 65.999855 41.614590 8.964282 1.000000e+37
2940557 41806.890625 57449.046875 12726.077148 -117.748703 78.341347 85.789566 10.337966 1.000000e+37
2940563 40726.152344 57560.382812 12572.528320 10.710324 147.885300 87.061272 9.856780 1.000000e+37
2940879 40823.898438 58892.234375 11016.653320 -81.388802 76.865997 117.953819 13.311885 1.000000e+37
2941512 39918.214844 58177.390625 14696.577148 24.528917 76.745499 77.792534 13.537975 1.000000e+37
2973469 40702.488281 56795.480469 12894.719727 -73.108383 100.936493 101.509064 11.250441 1.000000e+37
2973471 40534.425781 58211.121094 13038.275391 -63.345364 74.557816 14.994955 5.867647 1.000000e+37
2973472 40208.664062 56686.851562 12262.892578 6.804306 68.173477 71.332397 11.276616 1.000000e+37
2973475 39359.066406 56956.113281 13632.543945 15.657239 46.295322 108.246407 11.582610 1.000000e+37
2973821 41159.605469 58833.921875 11187.655273 -25.466679 65.250526 120.431602 11.297541 1.000000e+37
2974422 40844.023438 58359.152344 13286.551758 -56.195377 87.870628 -96.145630 8.804855 1.000000e+37
2974424 41002.230469 59914.566406 13581.859375 -52.012993 15.796235 75.716682 11.834768 1.000000e+37
3007701 42017.281250 56936.984375 12847.288086 -99.459839 72.543320 92.938766 9.872157 1.000000e+37
3007989 40332.105469 56778.968750 11902.176758 -7.755526 90.259003 100.072495 11.112135 1.000000e+37
3008693 41259.417969 59469.859375 12410.292969 -24.724974 1.173940 128.742722 11.659556 1.000000e+37
3008694 40516.179688 58850.644531 12601.729492 -91.977936 -28.192728 120.780602 11.714719 1.000000e+37
3008695 41953.023438 59520.214844 13891.091797 -94.442215 73.171509 82.556305 11.805032 1.000000e+37
3043257 40018.824219 58189.074219 14207.364258 -63.766346 104.069984 5.428036 9.281519 1.000000e+37
3043263 40608.765625 58266.734375 13591.280273 -126.098633 60.737045 -56.287754 12.704847 1.000000e+37
3043264 40644.792969 57022.105469 11799.913086 -3.608775 28.581171 115.151619 10.504551 1.000000e+37
3043267 40497.398438 57794.855469 13913.166992 28.654795 126.629364 97.027802 9.617929 1.000000e+37
3044263 41021.070312 58869.843750 12709.390625 -124.117050 -1.815105 69.203781 12.394674 1.000000e+37
3044264 40371.097656 58093.316406 14072.511719 10.540904 31.951860 39.328373 10.734978 1.000000e+37
3044267 40640.371094 58812.609375 14276.916992 -17.117746 -6.731689 40.937160 12.756635 1.000000e+37
3079648 40940.203125 58478.457031 12051.777344 -98.084648 5.591127 170.208023 11.604560 1.000000e+37
3079650 40845.070312 58301.531250 13586.791016 98.544792 59.239552 -38.052521 7.857003 1.000000e+37
3079662 40266.773438 58163.859375 14317.846680 -17.681137 114.277260 -1.227736 9.942475 1.000000e+37
3080683 41146.816406 58996.820312 11678.572266 -154.676758 73.071762 142.482925 12.068729 1.000000e+37
3080692 40605.300781 59523.484375 14230.042969 -71.805824 21.630167 64.325615 9.995769 1.000000e+37
3080694 40584.996094 58648.058594 14007.988281 -22.439295 -29.164455 11.628336 11.820178 1.000000e+37
3080695 41137.992188 59638.886719 13364.260742 -54.021542 4.008460 76.084404 9.340678 1.000000e+37
3117411 41671.382812 57826.187500 12614.170898 -135.092468 86.526680 86.146660 10.369401 1.000000e+37
3117413 41372.218750 57865.339844 12363.115234 -145.021973 103.334846 91.744186 10.695252 1.000000e+37
3117416 39611.964844 57020.000000 13734.953125 -7.422894 84.312660 95.528870 9.889431 1.000000e+37
3118521 41680.683594 58554.476562 11655.171875 -138.697968 93.262169 83.858482 11.011890 1.000000e+37
3118527 41485.753906 59165.437500 13356.759766 -134.306488 58.617325 75.898079 9.953020 1.000000e+37
3118531 40498.371094 58735.480469 14688.561523 -43.007530 10.268246 51.240490 10.205132 1.000000e+37
3118534 39444.968750 58015.152344 13508.646484 41.538795 54.446320 109.519035 7.676745 1.000000e+37
3156401 40524.957031 58345.300781 12364.992188 26.054750 198.616257 160.590317 9.845505 1.000000e+37
3156740 40478.281250 57836.617188 12083.684570 -27.069677 102.321808 182.321106 11.362744 1.000000e+37
3157549 39379.777344 58464.015625 14496.927734 39.964348 43.114536 116.907463 8.088534 1.000000e+37
3157551 40513.792969 58601.117188 14429.887695 20.281542 -10.647947 67.801590 10.956839 1.000000e+37
3196530 40801.476562 57853.425781 12200.718750 -26.655972 132.990662 161.173386 14.033440 1.000000e+37
3196531 40571.933594 57971.683594 12094.180664 5.570692 144.648239 121.353775 9.571464 1.000000e+37
3196940 40841.316406 59219.054688 11039.023438 -74.907356 30.853704 125.907784 9.486563 1.000000e+37
3197659 40861.031250 58392.429688 13232.570312 -114.505180 192.620605 150.086426 9.960374 1.000000e+37
3197660 40444.332031 58475.222656 14113.350586 -115.456558 31.541433 -0.131310 11.986988 1.000000e+37
3197662 40897.414062 58351.894531 13759.888672 -52.231693 -42.316360 -17.086920 10.775424 1.000000e+37
3238624 40191.597656 58109.085938 14516.857422 -29.280973 94.903671 30.106874 10.981260 1.000000e+37
3239790 41578.433594 58260.355469 14586.500000 -93.150940 71.015442 78.302010 10.193586 1.000000e+37
3239792 41386.472656 60066.363281 12570.333008 -33.650204 20.641657 111.809441 9.710773 1.000000e+37
3239793 40630.542969 59968.140625 13795.166992 -9.308905 20.221415 82.926338 11.448625 1.000000e+37
3239800 39453.496094 58500.933594 14522.639648 31.460329 20.500690 122.512314 8.747282 1.000000e+37
3282191 40663.175781 58570.042969 12506.139648 57.627831 49.370884 246.004913 11.148279 1.000000e+37
3282193 40345.980469 56597.925781 13899.196289 -43.115612 87.780418 99.415924 9.623634 1.000000e+37
3282194 40553.804688 58277.058594 13103.118164 -136.423813 -25.148563 184.462875 10.599734 1.000000e+37
3282563 40832.152344 58109.406250 12303.835938 -25.169035 189.204422 175.946548 9.681177 1.000000e+37
3283401 40901.218750 59619.710938 13673.183594 -30.336882 -0.060940 93.401291 11.006239 1.000000e+37
3327390 40798.707031 58554.523438 12822.672852 -123.700005 -57.960476 68.013306 10.284261 1.000000e+37
3327391 40608.070312 58155.832031 12750.764648 -126.846855 51.899715 53.347466 9.999778 1.000000e+37
3327392 41646.171875 57702.539062 12281.095703 -124.866936 93.582832 90.472282 9.153391 1.000000e+37
3327397 40216.609375 57787.679688 13839.726562 32.912830 128.811249 84.995415 11.239092 1.000000e+37
3328721 40823.535156 58514.566406 13561.680664 -28.313854 94.469467 -45.071285 11.216219 1.000000e+37
3328730 40671.378906 59779.589844 14301.145508 -28.724268 21.923748 77.438522 11.279284 1.000000e+37
3374627 40289.617188 57630.605469 14139.499023 -22.726433 136.586914 85.822479 8.427424 1.000000e+37
3375130 40788.863281 58232.250000 12172.743164 4.642678 89.572517 127.531822 12.577366 1.000000e+37
3375904 41480.125000 59843.218750 12397.829102 -89.494629 28.174732 122.175003 8.664423 1.000000e+37
3375907 40177.648438 58119.035156 14437.060547 60.416451 53.380711 87.254364 11.081278 1.000000e+37
3375916 38953.605469 58271.906250 13949.455078 32.205593 50.796627 110.302361 11.009948 1.000000e+37
3423662 40355.968750 56923.886719 12275.533203 -3.094335 85.484741 66.947601 12.017920 1.000000e+37
3423676 40319.753906 57696.144531 14786.015625 -38.424812 95.669487 47.626900 9.103646 1.000000e+37
3423677 40406.886719 58234.085938 14369.717773 20.471745 142.220749 36.265186 10.375090 1.000000e+37
3424171 40893.050781 59242.867188 11185.001953 -46.024265 15.902811 131.244736 9.817638 1.000000e+37
3425079 41637.152344 58513.644531 14329.531250 -102.723122 63.157814 79.653000 9.716959 1.000000e+37
3425086 39746.320312 58127.730469 14279.542969 49.212852 51.341789 103.362282 10.923457 1.000000e+37
3425087 40226.773438 57519.011719 13021.192383 46.514111 87.500938 105.348625 11.142894 1.000000e+37
3474602 40307.871094 58512.539062 13139.141602 -67.898560 81.498909 95.507347 9.711427 1.000000e+37
3474603 39742.519531 56899.992188 13148.679688 -9.061797 82.688042 88.759415 11.734823 1.000000e+37
3476086 41330.851562 60118.707031 12703.458008 -118.772240 37.973373 68.750763 9.612324 1.000000e+37
3476087 41585.566406 59407.253906 13602.624023 -111.916702 56.206799 74.673119 11.111069 1.000000e+37
3476088 41188.347656 58316.546875 14428.843750 -111.134689 73.529404 59.533440 9.923232 1.000000e+37
3476089 40949.937500 59300.921875 14464.065430 -96.094612 39.721710 70.343956 9.107998 1.000000e+37
3476093 40820.035156 58880.007812 13835.430664 -23.623089 -42.220497 56.583588 8.720027 1.000000e+37
3476102 40686.015625 59660.425781 14208.276367 -30.225449 15.938397 73.019951 10.402225 1.000000e+37
3527344 40072.250000 58108.257812 14181.145508 -14.536432 91.577133 5.027070 9.504826 1.000000e+37
3527357 40448.234375 58533.722656 12575.508789 -90.057701 -48.229088 81.987633 9.010457 1.000000e+37
3527358 40680.222656 57547.589844 11959.153320 -35.947132 93.537933 129.456497 8.787663 1.000000e+37
3527359 40249.871094 56841.761719 13940.067383 -27.030222 98.750084 96.236923 10.989805 1.000000e+37
3527361 39538.656250 57172.253906 13711.929688 13.079802 69.315201 102.647324 9.165170 1.000000e+37
3527362 40690.640625 58216.480469 13997.889648 12.489048 161.258514 52.949707 10.415990 1.000000e+37
3527379 40423.750000 58577.851562 13914.281250 2.360181 85.028519 -0.751128 9.052276 1.000000e+37
3527857 40617.253906 57665.421875 12056.880859 -22.824476 107.777306 127.758057 9.171586 1.000000e+37
3528859 40768.753906 59601.410156 13411.125000 -52.082497 -5.944585 74.652527 8.744682 1.000000e+37
3528863 41318.703125 60142.351562 12759.393555 -80.910179 25.996553 101.062935 9.581644 1.000000e+37
3528864 41020.031250 58286.902344 14292.550781 -123.225899 72.980843 48.514614 9.157773 1.000000e+37
3528865 41232.722656 59088.187500 13551.600586 -129.539719 34.840942 56.367336 7.597122 1.000000e+37
3528872 40662.171875 58262.441406 14191.959961 0.388205 5.909474 36.898556 10.185797 1.000000e+37
3528873 40131.382812 58085.183594 14844.458984 5.116992 51.852268 83.086128 11.330944 1.000000e+37
3582363 40834.964844 58453.660156 12121.057617 -25.403669 -19.219955 199.082550 6.566339 1.000000e+37
3582365 40756.355469 57144.011719 11602.519531 -99.392578 84.467278 125.062714 10.844467 1.000000e+37
3582386 40367.593750 58182.261719 14044.022461 -54.419636 128.482361 18.590601 13.231586 1.000000e+37
3582389 40049.070312 57794.667969 14684.988281 -42.076763 83.432076 39.344837 9.434843 1.000000e+37
3582837 41406.867188 57644.800781 11662.127930 -115.615074 88.241302 127.438446 10.523333 1.000000e+37
3583897 40774.070312 58993.308594 13181.939453 -69.741585 -51.164539 99.722832 10.674180 1.000000e+37
3583898 41202.542969 58462.722656 14085.283203 -135.660156 73.211266 60.897709 9.806096 1.000000e+37
3583899 41300.136719 58959.332031 13714.842773 -130.699539 44.933868 55.472649 9.202782 1.000000e+37
3583900 40822.722656 59140.589844 14431.246094 -94.631180 37.100243 58.281372 8.899602 1.000000e+37
3583901 40491.035156 59546.746094 14383.948242 -52.307316 25.006311 73.780563 9.028019 1.000000e+37
3583910 40519.015625 59404.445312 13099.128906 29.570290 -0.848434 104.257622 9.436464 1.000000e+37
3583911 39284.730469 58679.183594 13659.404297 27.173773 43.640240 115.267433 9.340313 1.000000e+37
3583912 40927.144531 57860.039062 12845.791992 5.928998 143.150528 89.542999 5.801984 1.000000e+37
3640314 40336.015625 58380.613281 13476.642578 -61.361073 -45.873146 43.003315 5.685731 1.000000e+37
3640315 40480.617188 58287.761719 12476.622070 11.032034 204.014816 131.226364 10.953135 1.000000e+37
3640317 40721.058594 58551.605469 13698.768555 1.909628 177.549316 -5.440240 10.306975 1.000000e+37
3640318 40794.152344 57318.628906 11750.500977 -52.493099 54.983791 115.447731 7.937836 1.000000e+37
3640333 40277.320312 57762.148438 14247.166016 -25.639317 141.829422 82.017418 9.624203 1.000000e+37
3640979 41265.316406 58725.011719 11890.303711 -161.454254 34.650288 157.001099 9.530494 1.000000e+37
3640980 41423.550781 59061.824219 11523.396484 -119.008797 17.754847 113.127502 12.082024 1.000000e+37
3640981 41576.167969 59043.902344 11345.373047 -116.191917 38.597790 113.281219 10.392076 1.000000e+37
3640982 41342.738281 59415.890625 11890.904297 -91.940063 18.780188 114.230316 8.282495 1.000000e+37
3640983 40908.027344 58969.148438 11615.650391 -31.299864 34.342491 121.709167 10.347287 1.000000e+37
3640984 40937.527344 59107.007812 11254.446289 -16.210905 -12.500073 114.702202 8.743555 1.000000e+37
3641985 41012.148438 59206.078125 12642.000000 -124.328133 -0.537744 108.770996 9.285271 1.000000e+37
3641986 40227.914062 58271.394531 13227.804688 9.071657 -14.959744 149.862076 8.149458 1.000000e+37
3641987 40894.390625 59208.933594 14569.352539 -91.444427 43.955330 63.816162 10.575545 1.000000e+37
3641988 40341.121094 58744.902344 14686.051758 -48.156017 36.937149 48.606445 6.746459 1.000000e+37
3641989 40932.093750 58809.929688 13812.654297 -30.908007 -42.644497 60.923748 9.836375 1.000000e+37
3641990 41186.074219 58487.703125 11910.366211 -54.127457 29.533783 142.880295 6.918352 1.000000e+37
3641997 40017.183594 58039.664062 14197.190430 66.504402 57.044468 96.366516 9.161917 1.000000e+37
3700350 40580.742188 58514.269531 13107.617188 -75.077911 55.146332 204.067581 10.040846 1.000000e+37
3700351 40126.203125 58399.957031 13741.134766 -8.498537 98.955360 -3.526775 10.837372 1.000000e+37
3700364 41035.109375 58544.800781 12041.787109 -66.517906 -36.441662 107.452690 8.984615 1.000000e+37
3700365 40338.183594 58321.363281 13161.380859 -3.897226 218.322617 115.313263 6.212033 1.000000e+37
3700369 41070.976562 58322.160156 12265.902344 -67.696182 185.708359 171.171463 12.817806 1.000000e+37
3700370 40735.054688 57476.378906 12407.141602 23.152794 109.687134 115.485664 11.922169 1.000000e+37
3700382 40325.160156 58026.281250 14660.395508 39.649189 80.664993 78.401962 7.424788 1.000000e+37
3700934 40638.554688 58524.718750 11214.602539 -39.403099 112.313591 145.970474 12.706803 1.000000e+37
3702114 40633.824219 58533.660156 12847.150391 -33.798542 120.192383 24.943432 13.119331 1.000000e+37
3702115 40469.074219 58553.062500 14545.395508 -53.396454 20.729753 32.131001 9.064653 1.000000e+37
3702117 40328.308594 58536.855469 13033.203125 -50.519848 106.404205 57.897102 8.679297 1.000000e+37
3702126 39054.148438 58752.230469 13499.907227 32.771519 31.760180 111.261154 8.271769 1.000000e+37
3702128 41044.660156 58390.089844 12537.412109 -33.199947 166.042953 244.992477 10.845104 1.000000e+37
3763460 42105.210938 57147.890625 12786.488281 -105.335777 68.484467 86.353592 9.383998 1.000000e+37
3763471 40562.875000 56651.648438 12441.644531 -66.295563 99.262138 87.950722 8.687070 1.000000e+37
3763472 39665.589844 56922.082031 13329.310547 -7.902201 80.659599 93.762863 9.899635 1.000000e+37
3763475 39333.480469 57001.679688 13736.738281 8.499114 56.318359 89.742477 10.050224 1.000000e+37
3765319 41604.148438 59195.187500 13427.655273 -128.049789 60.536755 73.945717 6.103384 1.000000e+37
3765335 40870.066406 58354.156250 13308.697266 -31.367340 82.268562 -97.884651 10.035544 1.000000e+37
3765336 40575.574219 59478.074219 14155.358398 -68.043190 20.352215 61.179363 8.042537 1.000000e+37
3765347 39546.691406 58457.167969 14453.580078 28.013111 30.084539 118.279015 9.041127 1.000000e+37
3829906 41394.261719 58226.835938 14439.361328 -107.351608 84.440521 79.157829 9.281442 1.000000e+37
3829912 41419.234375 58580.621094 11768.860352 -151.433823 109.487045 99.180351 10.539229 1.000000e+37
3829913 41377.472656 57929.265625 12296.152344 -142.894318 107.607773 100.904144 8.859838 1.000000e+37
3829920 40891.132812 57236.867188 11779.919922 -11.086215 74.773666 95.375549 7.788111 1.000000e+37
3829922 40542.218750 57971.507812 13930.558594 29.371237 140.882797 70.861282 7.932632 1.000000e+37
3830509 40914.464844 58484.496094 12350.782227 -121.503464 105.303131 240.933838 12.727448 1.000000e+37
3831785 40354.656250 57912.167969 14459.546875 22.723164 82.772812 41.193386 6.990059 1.000000e+37
3831786 41118.480469 58512.328125 11802.727539 -50.829800 31.099092 167.816574 9.283865 1.000000e+37
3831787 41234.886719 60381.089844 13287.850586 -30.449745 37.431675 85.182625 7.702339 1.000000e+37
3831805 39971.421875 58213.027344 14498.883789 48.435150 47.155849 103.736320 10.974714 1.000000e+37
3898739 40225.078125 58186.339844 14000.583008 -58.689037 151.719574 60.532166 11.802305 1.000000e+37
3898756 41225.707031 58176.921875 12132.353516 -163.545410 111.888870 107.224030 9.485000 1.000000e+37
3898761 40480.691406 58289.773438 12309.696289 -43.689507 154.573547 231.363785 9.462809 1.000000e+37
3898762 40955.703125 58231.207031 12619.238281 -34.905632 41.813572 79.320015 11.230025 1.000000e+37
3898782 40479.484375 58042.042969 14437.732422 -10.905595 99.103745 17.772652 10.460796 1.000000e+37
3898784 40246.992188 57786.230469 14697.970703 -30.104698 117.007080 46.996883 5.828507 1.000000e+37
3899528 40827.917969 57637.718750 11988.843750 22.964821 74.783791 140.494339 10.930644 1.000000e+37
3900761 41461.511719 60016.152344 12763.709961 -108.210136 35.779182 96.672577 10.559884 1.000000e+37
3900764 40781.437500 59070.945312 12651.205078 -85.313004 5.792206 70.757584 9.033685 1.000000e+37
3900765 41367.355469 59567.105469 13723.709961 -96.520905 42.712902 64.976547 7.878980 1.000000e+37
3900766 41551.718750 59828.015625 13842.477539 -79.926407 51.076454 73.704918 8.828488 1.000000e+37
3900768 41309.902344 60053.660156 12169.059570 -41.412663 30.105923 105.528336 9.053220 1.000000e+37
3900778 40180.878906 57331.859375 12933.492188 33.052933 83.757721 100.285080 8.580956 1.000000e+37
3900779 40577.351562 57986.230469 14270.376953 2.801600 80.852539 3.647130 11.162296 1.000000e+37
3971899 41078.519531 58115.160156 12331.638672 -180.931946 127.778900 104.888077 6.413399 1.000000e+37
3971903 40764.445312 57604.609375 11854.608398 -17.002640 81.961227 127.217979 8.048780 1.000000e+37
3971909 40751.558594 58366.207031 13859.079102 -30.546438 101.253281 -32.239964 10.468320 1.000000e+37
3971927 39994.054688 57860.582031 14828.810547 34.844261 92.916077 82.151382 9.962698 1.000000e+37
3972590 40621.960938 58292.671875 12394.004883 -60.007214 196.682938 66.003441 8.478200 1.000000e+37
3972599 40802.464844 58519.417969 12262.150391 12.772699 136.011993 170.749283 12.320046 1.000000e+37
3972601 40691.023438 58772.886719 10950.118164 -68.519951 36.894169 163.936111 12.043624 1.000000e+37
3973949 40570.929688 58308.128906 13622.269531 25.405308 36.443096 -116.587128 8.227263 1.000000e+37
3973952 40592.308594 58921.062500 13885.525391 -101.169800 -7.175346 23.645676 9.018086 1.000000e+37
3973953 40367.628906 58125.367188 14770.682617 -32.801266 42.031567 34.739517 5.756156 1.000000e+37
3973954 40870.671875 58955.242188 13898.316406 9.144502 -28.378365 59.648071 8.128961 1.000000e+37
3973955 41317.171875 60170.078125 13140.625000 -34.276009 27.773323 90.026176 10.547687 1.000000e+37
3973968 39595.917969 58441.429688 14530.907227 29.909658 35.405647 121.086090 7.274833 1.000000e+37
4048817 41428.687500 58174.632812 14467.146484 -105.909508 89.958603 80.659355 9.321264 1.000000e+37
4048831 41111.171875 58840.589844 11794.701172 -3.373343 -39.243553 119.899338 7.784659 1.000000e+37
4048832 41698.464844 57267.968750 12770.823242 -113.210526 81.723206 92.654327 7.969437 1.000000e+37
4048835 40455.996094 56643.179688 12038.887695 -86.479897 98.740707 75.187698 11.067986 1.000000e+37
4048836 40243.566406 57113.039062 14226.823242 -42.365288 101.801422 94.422905 9.672992 1.000000e+37
4048839 40231.085938 57509.855469 14192.151367 -15.125331 126.444046 90.242462 5.907913 1.000000e+37
4048840 39547.492188 56941.996094 13098.560547 10.223872 54.482265 98.517555 9.817969 1.000000e+37
4048844 40142.710938 57597.722656 13831.983398 28.123266 114.311829 101.119057 9.604346 1.000000e+37
4049563 40549.687500 57774.175781 12049.418945 -106.939705 109.744995 163.922394 9.663831 1.000000e+37
4049736 40946.585938 59026.398438 10965.527344 -11.995560 48.014236 145.269608 10.696075 1.000000e+37
4049749 41591.304688 58847.167969 11482.366211 -112.861488 60.454666 139.755600 9.624519 1.000000e+37
4051096 40624.023438 58823.687500 12599.066406 -98.085373 -32.494789 86.597435 7.737958 1.000000e+37
4051097 41715.867188 58652.230469 14275.517578 -111.653938 64.736938 88.001572 7.501298 1.000000e+37
4051098 40896.902344 58803.273438 13403.363281 -102.892761 -50.531101 55.514984 10.934986 1.000000e+37
4051102 40493.214844 58042.199219 14235.526367 4.159907 125.871391 5.321741 12.317889 1.000000e+37
4051103 40354.324219 58152.226562 14895.494141 -28.293476 39.831097 44.261410 8.331323 1.000000e+37
4051105 40810.347656 59444.488281 13890.062500 -28.715445 1.776200 78.727386 6.787694 1.000000e+37
4051106 40429.371094 59672.187500 12409.160156 9.095855 19.104616 101.318672 10.019382 1.000000e+37
4051127 39640.257812 58588.660156 13801.875977 41.207962 24.107924 97.311356 9.996744 1.000000e+37
4051128 38968.812500 58878.984375 13168.769531 16.342773 41.990021 101.975517 6.578465 1.000000e+37
4051129 39235.886719 57390.351562 13374.041992 21.503099 48.395100 104.582329 10.022145 1.000000e+37
4129144 40786.894531 58444.957031 13009.568359 -34.060005 188.853378 135.130035 4.883542 1.000000e+37
4129145 40004.171875 58080.929688 14290.625977 -36.694939 88.404427 16.027836 8.580403 1.000000e+37
4129152 42052.148438 57535.882812 12045.144531 -102.717476 81.288231 89.367790 8.407483 1.000000e+37
4129157 40470.484375 58218.171875 13750.546875 15.369723 27.740496 -54.094318 10.073466 1.000000e+37
4129158 40576.679688 57058.917969 11820.052734 -6.650005 78.815529 128.191528 8.146218 1.000000e+37
4129159 40421.312500 57169.476562 12572.251953 14.684450 97.081642 84.764839 9.056285 1.000000e+37
4129165 39418.750000 56997.527344 13663.971680 11.708276 45.770233 97.511742 9.783798 1.000000e+37
4130040 40932.789062 58966.769531 11470.804688 -37.879833 -21.309521 123.426491 9.874395 1.000000e+37
4130052 41152.460938 59180.875000 11159.847656 -96.990990 36.264145 148.145187 9.306162 1.000000e+37
4131444 40270.074219 58508.992188 13967.548828 -28.589191 -21.145004 4.927365 8.437643 1.000000e+37
4131447 40426.906250 58476.636719 14967.272461 -55.924381 43.390408 53.453159 7.948141 1.000000e+37
4131448 41343.800781 60281.972656 13102.404297 -34.156391 31.775684 90.530281 10.182854 1.000000e+37
4131449 41211.640625 59244.015625 13073.978516 -69.275925 -7.084250 68.696121 6.006480 1.000000e+37
4131466 40567.042969 58250.804688 14330.582031 21.825998 -12.116024 31.976898 7.165218 1.000000e+37
4212904 41753.496094 57168.839844 12804.291016 -109.387665 76.431618 91.572830 9.319450 1.000000e+37
4212905 41822.750000 56840.460938 13089.700195 -99.677299 71.517036 93.107574 6.971656 1.000000e+37
4212909 40540.679688 58353.050781 12833.345703 -6.938171 185.306000 102.744362 8.762384 1.000000e+37
4212932 40091.242188 57831.335938 14749.730469 43.191929 93.188835 79.696884 9.711689 1.000000e+37
4212934 40175.996094 57918.066406 14878.395508 -20.020353 127.641281 65.745834 8.245317 1.000000e+37
4213659 42033.500000 58297.015625 11569.202148 -104.548233 98.790901 122.149658 10.300545 1.000000e+37
4213839 40958.777344 59159.339844 11119.208984 -38.195728 -1.123273 103.868164 6.254395 1.000000e+37
4215259 41833.562500 58528.992188 11783.769531 -134.902344 82.106903 76.209648 6.751576 1.000000e+37
4215279 41068.183594 59445.523438 12829.035156 -124.723129 47.626862 18.399054 6.974893 1.000000e+37
4215280 40891.953125 58927.437500 12954.942383 -85.149094 -21.200062 109.909454 12.414536 1.000000e+37
4215282 41997.144531 59661.648438 13822.554688 -94.207161 71.953392 87.862541 8.670921 1.000000e+37
4215283 41676.433594 58637.800781 14262.985352 -108.597549 70.533394 88.219482 7.885686 1.000000e+37
4215284 41113.496094 59245.089844 13430.141602 -120.075394 22.149281 55.137794 7.075245 1.000000e+37
4215292 41234.617188 60255.296875 13305.377930 -33.066807 33.092617 83.877922 10.843381 1.000000e+37
4215297 40827.605469 59216.171875 13883.319336 -12.311538 -8.670568 57.709225 8.767984 1.000000e+37
4215304 40638.277344 59744.246094 14512.217773 -11.831190 24.795057 90.185143 8.182991 1.000000e+37
4300183 41532.093750 58010.433594 14561.668945 -97.058632 88.389648 86.559052 8.331773 1.000000e+37
4300190 42081.785156 57534.718750 11972.516602 -108.306000 78.939667 89.149490 8.484101 1.000000e+37
4300191 41395.351562 58007.960938 11705.298828 -122.577187 104.748993 117.718971 8.310284 1.000000e+37
4300195 40440.859375 57969.828125 12742.027344 -4.288761 132.309143 120.078026 10.496902 1.000000e+37
4300196 40399.015625 58257.722656 13279.642578 34.249683 102.027534 226.644836 9.682375 1.000000e+37
4300200 40703.652344 58594.910156 13610.971680 -3.208360 -53.645023 -29.657948 12.769544 1.000000e+37
4300202 39356.300781 56884.941406 13135.573242 7.006110 48.563831 103.649696 6.226822 1.000000e+37
4300204 39834.265625 57249.324219 13743.041992 2.486235 97.717926 96.955612 7.997941 1.000000e+37
4301032 40843.347656 58809.039062 11005.467773 -82.440331 85.080208 111.955269 10.558365 1.000000e+37
4301241 40295.492188 57901.019531 11198.548828 0.531407 58.552532 119.711777 7.656346 1.000000e+37
4301252 41199.328125 58687.023438 11925.258789 -182.811203 37.949539 152.970276 10.891930 1.000000e+37
4301256 41302.902344 58887.042969 11715.303711 -130.149994 1.254306 118.437355 10.725539 1.000000e+37
4302743 41551.273438 59828.886719 12143.350586 -106.219963 45.795238 108.095230 8.138100 1.000000e+37
4302745 41660.164062 60159.394531 13056.216797 -90.699974 59.718559 67.805023 7.205542 1.000000e+37
4302746 40184.144531 58114.968750 13143.815430 -7.965734 32.637577 152.502151 9.064281 1.000000e+37
4302747 41000.628906 59255.660156 12930.806641 -145.666779 34.085915 53.607224 9.071329 1.000000e+37
4302748 41776.734375 58571.117188 14397.684570 -103.250496 70.391212 92.565956 7.802060 1.000000e+37
4302770 39609.144531 58486.890625 14539.192383 34.577187 37.514687 122.834885 7.434016 1.000000e+37
4302771 40083.757812 58416.226562 14807.461914 6.946613 22.273174 92.876968 10.241180 1.000000e+37
