#subID	 x	 y	 z	 vx	 yv	 yz	 vmax	 B_MAG
#subID	 kpc/h	 kpc/h	 kpc/h	 km/s	 km/s	 km/s	 km/s	 mags
430314 52675.808594 19591.302734 9727.977539 100.053947 78.379333 39.982937 175.442520 -2.112744e+01
430315 52754.167969 19361.095703 9651.760742 -9.146244 44.623951 143.507584 72.017357 -1.639856e+01
430316 52802.371094 19691.240234 9728.102539 91.224976 138.964355 -146.163361 50.731102 -1.405399e+01
430317 52689.273438 19714.871094 9701.010742 154.893066 156.498322 75.050591 43.455910 -1.507985e+01
430318 52763.355469 19749.589844 9919.506836 117.412521 95.878075 35.214508 30.405165 -1.361888e+01
430319 52757.171875 19465.876953 9694.866211 -13.087150 -5.537464 41.867447 32.587376 -1.140621e+01
430320 52688.125000 19589.369141 9708.860352 -6.689596 -10.705621 13.946663 23.595039 -1.613596e+01
430321 52737.546875 19430.003906 9603.008789 75.450325 -3.943293 124.180069 25.988247 -8.780679e+00
430322 52818.578125 19628.316406 9846.510742 -52.447308 -35.985966 36.900894 22.299210 -8.618753e+00
430323 52781.675781 19735.781250 9828.316406 -37.043449 -33.318348 38.431709 21.616320 1.000000e+37
430324 52740.011719 19615.740234 9833.002930 248.939301 193.259079 120.187958 23.252544 -9.480505e+00
430325 52808.589844 19733.054688 9661.762695 27.358847 34.903137 -34.939617 24.590113 -9.382953e+00
430326 52842.320312 19763.664062 9719.477539 86.555489 27.933632 -49.344448 19.483717 1.000000e+37
430327 52694.132812 19511.947266 9666.050781 15.275946 -49.323139 28.857111 21.165737 1.000000e+37
430328 52761.687500 19484.550781 9696.873047 16.054943 91.742485 60.005783 24.329391 1.000000e+37
430329 52463.402344 19586.542969 9616.217773 134.298462 148.976578 1.595265 17.226973 1.000000e+37
430330 52671.484375 19764.154297 9642.337891 63.801987 43.419220 62.111462 17.334076 1.000000e+37
430331 52804.800781 19792.587891 9899.641602 -26.100657 1.064260 32.609272 13.486305 1.000000e+37
430332 52553.640625 19633.017578 9828.212891 238.315399 97.065681 -95.026154 14.483731 1.000000e+37
430333 52647.949219 19807.947266 9615.915039 58.812519 25.287357 54.516350 15.088515 1.000000e+37
430334 52836.800781 19310.734375 9633.682617 19.196569 65.438477 121.005882 13.355360 1.000000e+37
430335 52715.839844 19561.341797 9579.765625 229.678299 133.637115 23.332399 13.757733 1.000000e+37
430336 52665.285156 19422.453125 9713.892578 -7.850675 63.920975 23.854643 16.395630 1.000000e+37
430337 52547.183594 19532.207031 9661.090820 192.631042 63.068836 -89.847298 15.848576 1.000000e+37
430338 52812.527344 19681.392578 9820.742188 179.020248 149.401627 174.857452 8.815237 1.000000e+37
430339 52665.019531 19647.439453 9574.615234 -39.285091 67.469452 98.883125 12.932029 1.000000e+37
430340 52810.925781 19680.583984 9659.823242 49.678711 10.807635 -50.875267 10.420766 1.000000e+37
430341 52660.015625 19620.564453 9789.114258 186.385651 122.155792 -22.034765 12.032980 -1.022563e+01
430342 52676.828125 19435.941406 9680.460938 -24.426588 65.152252 136.829651 12.168305 1.000000e+37
430343 52669.105469 19558.472656 9754.687500 -93.862984 85.161995 -138.120544 13.947367 1.000000e+37
430344 52848.742188 19698.363281 9849.443359 229.877731 134.413544 5.633586 13.167079 1.000000e+37
430345 52515.445312 19527.626953 9836.686523 206.512589 39.098396 140.786072 10.106692 1.000000e+37
430346 52522.812500 19672.501953 9762.439453 52.760757 84.276505 -76.359795 9.972019 1.000000e+37
430347 52592.285156 19806.927734 9686.356445 101.166641 128.557892 -101.948769 9.562250 1.000000e+37
430348 52724.460938 19680.947266 9835.398438 208.833740 106.136589 -32.126434 10.700200 1.000000e+37
430349 52750.003906 19656.373047 9557.843750 131.484299 -6.885655 -45.567066 10.631666 1.000000e+37
430350 52671.035156 19775.271484 9657.589844 -23.914753 96.280975 108.895050 8.690516 1.000000e+37
430351 52732.355469 19764.296875 9777.705078 36.953182 57.359528 41.517601 10.633166 1.000000e+37
430352 52487.203125 19580.777344 9727.632812 120.896187 196.711914 -59.903534 8.103612 1.000000e+37
430353 52793.957031 19605.937500 9724.158203 131.612747 -35.824455 54.880291 7.916162 1.000000e+37
430354 52699.855469 19607.007812 9604.924805 253.000366 167.031357 40.040909 10.198010 1.000000e+37
430355 52834.925781 19366.945312 9671.485352 -45.271770 27.343002 46.199364 6.990781 1.000000e+37
430356 52844.964844 19613.640625 9813.506836 129.488113 174.015366 -137.914993 11.060668 1.000000e+37
430357 52569.890625 19467.994141 9714.307617 3.866803 102.602325 89.948639 10.636662 1.000000e+37
430358 52771.730469 19613.681641 9674.243164 200.412552 201.603806 171.960876 8.871220 1.000000e+37
430359 52664.464844 19471.083984 9694.349609 158.420029 -0.836114 18.124020 8.187644 1.000000e+37
434253 51186.855469 19321.513672 9804.378906 175.294159 56.020538 2.354413 187.710220 -2.069008e+01
434254 51166.820312 19333.914062 9803.672852 34.081207 135.387314 5.995149 81.147537 -1.847370e+01
434255 51176.148438 19351.509766 9643.728516 70.612755 -13.023879 76.827995 53.422813 -1.414692e+01
434256 51237.121094 19340.271484 9695.117188 69.642609 18.959253 136.756454 47.382420 -1.324787e+01
434257 51174.308594 19342.759766 9865.075195 181.028595 -42.073696 -225.692291 45.236107 -1.269990e+01
434258 51178.031250 19316.988281 9803.091797 158.972626 -72.276024 -119.836815 43.321999 -1.793268e+01
434259 51407.347656 19253.669922 9817.984375 64.050629 26.618439 -27.336357 23.635822 1.000000e+37
434260 51153.324219 19390.791016 9792.710938 165.066559 -140.361786 87.870018 25.364141 -1.035018e+01
434261 51342.105469 19224.087891 9864.709961 124.794960 -4.676005 -58.278229 18.105358 1.000000e+37
434262 51153.707031 19230.101562 9770.368164 327.144897 81.982010 -59.836609 18.420280 1.000000e+37
434263 51087.441406 19419.990234 9670.313477 245.331635 44.404266 94.551414 14.753421 1.000000e+37
434264 51154.417969 19293.632812 9806.291016 437.073792 39.831352 -38.977146 18.501188 -8.898963e+00
434265 51221.101562 19241.900391 9816.641602 85.104744 144.857025 148.528061 14.085570 1.000000e+37
434266 51260.039062 19228.591797 9776.419922 323.017639 30.122440 61.478703 11.593915 1.000000e+37
434267 51356.589844 19321.488281 9766.911133 198.303513 212.089600 -15.744562 12.938707 1.000000e+37
434268 51257.023438 19294.832031 9698.329102 225.989151 61.868050 23.588778 11.409388 -9.889688e+00
434269 51327.511719 19333.402344 9811.430664 218.476196 88.345512 1.741163 10.675431 1.000000e+37
434270 51303.695312 19399.701172 9769.548828 59.445751 125.612114 48.198086 11.519242 1.000000e+37
434271 51276.468750 19257.455078 9817.094727 104.553856 110.708260 152.092026 13.046613 1.000000e+37
434272 51241.699219 19441.775391 9791.448242 297.691742 -22.075386 86.775864 10.967551 1.000000e+37
434273 51285.535156 19260.216797 9835.587891 237.051392 201.372177 -75.066757 10.728788 1.000000e+37
434274 51182.203125 19353.324219 9913.422852 229.068329 -53.043732 -11.535665 14.057019 1.000000e+37
434275 51219.812500 19280.234375 9859.668945 195.959091 168.091293 -164.220062 9.101365 1.000000e+37
434276 51265.109375 19244.103516 9911.163086 230.309052 93.176201 -78.665291 10.353822 1.000000e+37
434277 51242.656250 19140.130859 9789.457031 218.367752 62.341076 0.973604 11.379101 1.000000e+37
434278 51063.023438 19405.281250 9886.076172 219.931229 -41.248978 -136.194275 10.331328 1.000000e+37
434279 51161.261719 19291.894531 9828.211914 446.383453 155.335602 -17.245213 12.112242 1.000000e+37
434280 51181.628906 19352.812500 9693.605469 121.939598 50.854553 138.595657 11.200358 1.000000e+37
449072 52251.242188 19195.095703 8802.515625 129.522186 69.568016 37.449474 162.575790 -2.046490e+01
449073 52232.269531 19265.460938 8915.222656 3.407414 35.567352 82.118080 42.123337 -1.224868e+01
449074 52282.437500 19324.753906 8789.245117 165.057175 -32.392033 22.715302 33.761070 -1.241180e+01
449075 52162.914062 19028.666016 8747.652344 65.129135 149.967712 -32.684654 22.924063 1.000000e+37
449076 52244.234375 19196.839844 8791.031250 100.135025 174.564865 97.784691 29.117096 -1.614282e+01
449077 52236.964844 19220.445312 8827.241211 236.336395 41.774521 36.959476 20.653847 -1.418857e+01
449078 52251.472656 19133.781250 8670.862305 89.814003 1.078594 -54.288982 26.646004 -1.068597e+01
449079 52162.960938 19209.720703 8855.535156 180.813324 219.964905 14.397200 21.530079 1.000000e+37
449080 52189.656250 19190.482422 8763.615234 253.396423 210.548050 29.202251 24.055021 -9.194598e+00
449081 52257.164062 19190.564453 8811.550781 118.981995 -49.829128 -56.820309 20.839771 -1.623388e+01
449082 52284.460938 19050.009766 8664.852539 99.354568 -38.708828 139.166382 16.694893 1.000000e+37
449083 52266.046875 19198.466797 8743.414062 211.189743 207.604858 49.919842 24.544580 -1.066751e+01
449084 52254.417969 19355.570312 8813.331055 151.185989 -19.719460 111.119957 18.589880 1.000000e+37
449085 52244.339844 19280.226562 8705.165039 164.360825 60.765533 180.509949 17.194578 1.000000e+37
449086 52206.554688 19175.322266 8726.925781 102.938271 256.719147 39.512619 14.025857 1.000000e+37
449087 52173.199219 19329.230469 8729.574219 140.507187 -53.902344 -21.256075 13.456335 1.000000e+37
449088 52162.187500 19087.800781 8723.056641 47.207409 179.176865 -23.700500 12.008408 1.000000e+37
449089 52255.746094 19236.755859 8651.423828 92.544296 97.700462 110.079933 17.460993 -8.979918e+00
449090 52223.171875 19230.921875 8796.806641 -155.569794 98.325943 12.965729 14.195977 1.000000e+37
449091 52255.207031 19189.917969 8759.657227 62.892437 96.858139 75.898506 10.068434 1.000000e+37
449092 52181.175781 19185.626953 8828.125000 62.540928 251.158478 133.123306 12.665561 1.000000e+37
449093 52243.027344 19244.625000 8924.859375 42.415386 15.215581 57.274792 12.248716 1.000000e+37
449094 52288.035156 19249.320312 8934.701172 46.136852 -25.982809 -3.880237 11.727469 1.000000e+37
449095 52295.984375 19027.474609 8812.003906 186.590881 76.687248 115.512276 8.163608 1.000000e+37
449096 52159.515625 19265.621094 8858.391602 259.740112 53.750481 -15.253882 9.198916 1.000000e+37
449097 52317.640625 19050.289062 8686.537109 15.910381 91.203674 121.495834 9.794844 1.000000e+37
449098 52245.167969 19118.267578 8793.023438 50.478413 -12.808274 -101.498985 9.444400 1.000000e+37
449099 52155.179688 19141.398438 8741.446289 106.937904 164.931427 -9.258297 11.063160 1.000000e+37
449100 52209.117188 19289.753906 8767.235352 145.732071 185.059082 138.834473 7.539852 1.000000e+37
449101 52133.007812 19207.626953 8852.746094 41.739056 -92.091110 -7.135395 7.625541 1.000000e+37
462344 52977.023438 19696.287109 10367.033203 90.945435 86.206825 -14.672422 154.088806 -2.065534e+01
462345 52904.558594 19762.621094 10259.559570 64.905792 -30.689356 -22.724848 54.701225 -1.450572e+01
462346 52955.644531 19669.728516 10310.383789 73.139458 -95.376099 -21.347948 41.904079 -1.498214e+01
462347 52848.230469 19605.923828 10449.298828 52.196178 83.899490 -84.918983 24.822929 -9.383358e+00
462348 52877.609375 19637.646484 10366.108398 260.664764 141.285538 -66.069656 13.464417 1.000000e+37
462349 52872.433594 19627.007812 10383.065430 79.154404 9.043579 72.978188 14.634632 1.000000e+37
462350 52949.035156 19642.644531 10342.056641 129.432632 29.274317 79.296524 21.182604 1.000000e+37
462351 52888.761719 19775.417969 10195.715820 101.488831 132.858795 -5.961604 15.279429 1.000000e+37
462352 53064.417969 19572.849609 10381.348633 118.229500 122.481155 24.546206 14.824736 1.000000e+37
462353 52930.898438 19591.591797 10508.690430 99.463028 98.902580 22.147049 18.770281 -8.542658e+00
462354 52958.972656 19553.041016 10274.120117 171.239365 -19.271027 91.431190 11.029317 1.000000e+37
462355 52884.691406 19643.052734 10442.745117 211.970917 94.930908 -5.906524 13.820013 1.000000e+37
462356 52865.757812 19735.982422 10296.950195 15.793135 117.314461 -36.608574 9.595745 1.000000e+37
462357 52965.937500 19640.263672 10284.620117 131.150696 -39.711185 -21.943180 10.968554 1.000000e+37
462358 52960.511719 19569.130859 10289.729492 203.792435 -10.405487 85.420784 10.070033 1.000000e+37
462359 52944.050781 19673.173828 10261.216797 7.693172 7.639966 10.221696 11.876222 1.000000e+37
462360 52847.562500 19605.433594 10325.618164 113.536392 110.769638 -87.368668 9.976808 1.000000e+37
462361 52953.234375 19783.544922 10312.827148 37.097122 37.970779 -122.227516 11.730969 1.000000e+37
462362 52940.695312 19784.796875 10392.117188 49.052414 81.867775 -137.162064 14.557048 1.000000e+37
462363 52895.281250 19621.857422 10263.205078 204.101990 202.608276 4.028283 9.937045 1.000000e+37
462364 52926.730469 19709.535156 10238.402344 161.727585 137.764679 -0.078517 11.941628 1.000000e+37
462365 52934.949219 19559.070312 10471.587891 102.559128 121.958130 42.706806 9.752063 1.000000e+37
462366 52910.351562 19621.341797 10330.869141 -18.380394 186.595062 -17.903898 8.748883 1.000000e+37
521400 54706.476562 19779.783203 10796.418945 91.683975 114.721268 78.709404 90.772270 -1.842956e+01
521401 54666.246094 19742.642578 10783.279297 52.739647 154.969086 23.993311 74.827553 -1.740507e+01
521402 54608.187500 19687.609375 10723.849609 91.162048 192.143021 59.044086 49.178600 -1.417698e+01
521403 54643.941406 19604.228516 10696.486328 59.559982 205.336853 38.840111 48.061031 -1.327922e+01
521404 54660.398438 19618.904297 10834.351562 85.765518 203.718842 32.434299 28.271360 1.000000e+37
521405 54729.492188 19811.404297 10866.917969 169.729736 142.357880 81.809059 17.555464 1.000000e+37
521406 54723.175781 19758.039062 10790.583008 101.433586 79.018967 118.532562 19.867773 1.000000e+37
521407 54581.769531 19676.617188 10689.440430 139.320251 180.322174 89.400726 10.165752 1.000000e+37
521408 54681.050781 19878.587891 10753.143555 11.208762 82.257904 60.451889 11.041162 1.000000e+37
521409 54588.691406 19614.607422 10764.781250 85.118195 209.431427 20.581301 9.640462 1.000000e+37
521410 54712.234375 19804.609375 10812.246094 99.234581 218.616470 51.543129 13.235988 1.000000e+37
521411 54686.593750 19761.998047 10780.545898 -45.370327 245.483719 7.862795 11.407384 1.000000e+37
521412 54628.757812 19786.880859 10718.060547 98.613480 133.670761 164.696487 7.377836 1.000000e+37
521413 54579.871094 19629.689453 10774.455078 158.355698 109.845535 87.870926 8.987756 1.000000e+37
608677 53482.218750 19418.144531 11668.144531 122.905991 141.986877 16.601425 74.032829 -1.728939e+01
608678 53507.312500 19437.289062 11698.089844 91.247742 65.846565 19.673021 16.855595 1.000000e+37
608679 53533.750000 19433.892578 11689.610352 148.185318 152.582825 54.447983 9.493433 1.000000e+37
608680 53513.203125 19427.378906 11599.921875 113.639877 128.738556 -11.252340 7.826625 1.000000e+37
608681 53483.410156 19446.798828 11630.493164 103.657631 92.381363 23.906300 12.329408 1.000000e+37
608682 53450.179688 19456.990234 11716.493164 94.824768 183.804749 8.500630 7.844280 1.000000e+37
609305 51944.542969 19594.218750 9827.373047 158.381073 90.897881 -49.515076 75.121078 -1.687924e+01
609306 51943.539062 19610.130859 9797.363281 114.358971 128.187607 -24.011324 31.677126 -1.053073e+01
609307 51929.046875 19580.003906 9840.491211 168.317123 72.902260 -68.258209 12.541884 1.000000e+37
609308 51932.664062 19613.863281 9856.897461 130.636719 10.846447 -21.894613 11.897646 1.000000e+37
623985 52859.925781 18799.482422 10523.122070 96.133606 173.492218 32.281769 79.221207 -1.721918e+01
623986 52861.078125 18795.384766 10535.874023 100.749832 174.249527 51.844448 30.561546 -1.249126e+01
623987 52893.707031 18780.869141 10540.195312 110.521690 201.925476 -0.226591 13.735485 1.000000e+37
627248 52096.230469 19242.476562 9204.057617 187.774567 53.318726 -5.969349 74.185326 -1.722400e+01
627249 52138.656250 19280.156250 9153.194336 164.615967 52.626350 -40.981506 18.160826 1.000000e+37
634922 52060.566406 19368.011719 8546.023438 62.577972 38.184292 102.473114 67.464943 -1.671749e+01
660679 53751.550781 19688.984375 10605.218750 53.835476 127.475533 51.679409 64.409294 -1.566929e+01
660680 53784.468750 19718.316406 10622.134766 58.061367 99.979485 84.156616 18.161345 1.000000e+37
674400 52936.339844 18754.357422 10824.832031 132.044907 149.176025 -6.811035 52.685337 -1.368588e+01
674401 52990.347656 18760.218750 10862.319336 99.608170 173.425613 -13.314943 27.980659 1.000000e+37
674402 52979.667969 18755.320312 10869.614258 115.266876 152.056610 -0.259561 18.537891 1.000000e+37
674600 51382.566406 20002.939453 11148.746094 189.603073 47.544468 16.474667 61.448021 -1.532102e+01
674601 51387.542969 20060.595703 11108.566406 210.576157 70.614502 -33.028801 9.336663 1.000000e+37
674602 51419.441406 19981.658203 11211.808594 158.695251 36.123665 29.664190 6.470600 1.000000e+37
683054 52908.773438 19449.398438 10313.280273 154.164108 208.788574 -24.283689 55.147427 -1.546877e+01
689099 51859.218750 20126.892578 11167.064453 175.358017 26.580782 41.538086 51.537308 -1.457866e+01
689100 51887.429688 20137.652344 11109.494141 144.284424 47.091251 48.074131 12.077487 1.000000e+37
689101 51838.746094 20121.191406 11200.196289 198.831726 24.262331 56.021847 8.981400 1.000000e+37
689102 51890.308594 20121.695312 11139.446289 120.324814 40.903492 61.205761 8.210117 1.000000e+37
693939 53881.246094 20343.208984 10451.550781 89.992645 43.072762 84.082764 56.488041 -1.405126e+01
700530 52285.839844 19607.148438 9853.372070 181.468918 109.952423 -40.532146 55.269573 -1.466255e+01
705155 52363.457031 19098.171875 8620.895508 4.994925 32.325977 108.639091 50.451759 -1.397276e+01
705156 52362.843750 19118.767578 8613.833984 9.540137 93.048729 143.861572 12.118319 1.000000e+37
707324 53265.980469 19779.314453 10928.314453 108.020981 160.293381 -28.216671 56.044968 -1.402244e+01
736370 51959.441406 19054.148438 8353.386719 164.337784 91.942734 43.246117 49.290833 -1.276192e+01
736371 51933.917969 19034.041016 8385.503906 173.108490 72.406601 18.351688 9.456940 1.000000e+37
773936 52974.972656 19352.333984 10794.713867 123.339073 169.484802 -26.739481 40.029026 -1.082335e+01
793607 52194.691406 19551.837891 8321.684570 61.072166 68.892647 83.687759 41.191242 -1.176913e+01
793608 52216.320312 19564.039062 8327.307617 71.219002 68.327858 79.353668 10.881223 1.000000e+37
815273 51563.671875 19651.644531 10592.263672 164.903030 5.254184 5.502980 39.656639 -1.118941e+01
818716 53352.535156 20277.572266 8289.999023 101.531715 26.269955 32.217381 36.488079 -1.046929e+01
820212 54409.082031 18274.652344 10085.589844 80.217903 113.785469 63.150093 34.618084 -9.025160e+00
820213 54388.363281 18313.060547 10078.052734 82.425056 89.987312 53.339825 9.815357 1.000000e+37
825296 52980.679688 19584.972656 10562.555664 134.247864 91.216225 -42.857372 39.681164 -1.298937e+01
844928 54584.558594 19733.498047 10574.549805 77.613319 126.350060 130.262863 33.918705 1.000000e+37
845337 51293.707031 19432.455078 10337.173828 148.304916 -5.324554 -26.843607 30.947674 1.000000e+37
845338 51297.136719 19411.156250 10329.926758 137.498596 24.982174 -25.418898 19.442493 1.000000e+37
849994 54475.039062 18754.908203 10629.592773 75.479622 138.903778 57.977047 31.881975 1.000000e+37
852611 53300.917969 17755.966797 10299.707031 90.882187 134.944366 43.504208 32.513096 1.000000e+37
862510 53577.292969 20776.414062 9250.011719 103.059883 12.930851 48.672462 28.176706 -9.628667e+00
862511 53607.234375 20799.177734 9262.914062 110.758881 -5.414229 37.264854 10.623571 1.000000e+37
896607 51633.847656 19552.837891 9578.943359 113.114182 41.710281 23.489321 27.337473 1.000000e+37
896608 51611.300781 19531.011719 9573.611328 112.777786 48.891651 11.195077 14.103485 1.000000e+37
913516 52150.449219 19335.044922 8436.852539 131.171097 48.404804 -5.641594 24.938070 -8.497725e+00
913517 52131.992188 19379.199219 8414.167969 88.742531 2.017204 -30.007874 21.624254 1.000000e+37
923247 53245.480469 19787.794922 10509.298828 1.302824 119.336136 48.422134 22.817730 1.000000e+37
923248 53269.640625 19764.058594 10484.084961 57.723423 113.399910 -64.525284 15.810132 1.000000e+37
923249 53294.445312 19757.630859 10457.963867 67.896828 115.363235 -62.300190 11.250521 1.000000e+37
923250 53238.601562 19791.630859 10509.610352 -7.789322 100.373085 32.342205 16.857388 1.000000e+37
923251 53262.335938 19811.767578 10528.635742 76.951797 102.388397 -74.105164 10.324002 1.000000e+37
923252 53258.449219 19773.785156 10497.625977 -19.721661 110.477371 42.109543 8.617011 1.000000e+37
927720 52858.070312 19477.408203 8265.479492 24.728378 105.121078 27.437073 29.524635 1.000000e+37
935020 53046.238281 19835.162109 11059.362305 111.568222 137.577881 -33.856709 28.548775 1.000000e+37
950544 54566.386719 18797.230469 10600.408203 80.763565 128.066879 49.315033 24.715956 1.000000e+37
958134 52609.054688 19775.423828 9470.503906 172.937958 83.390869 111.194801 18.136114 1.000000e+37
958135 52638.171875 19781.578125 9458.517578 170.004120 80.755730 100.798958 20.052086 1.000000e+37
958136 52596.582031 19774.505859 9450.376953 163.921295 86.843781 121.233971 12.678369 1.000000e+37
967624 53539.820312 20501.689453 11393.114258 156.991959 92.467720 54.654510 26.214724 1.000000e+37
976466 51548.066406 19251.869141 9991.614258 111.996223 13.881437 -41.248417 28.456802 1.000000e+37
981438 53741.167969 20486.939453 10763.322266 119.331963 32.533951 78.339531 24.535816 1.000000e+37
981439 53731.230469 20498.492188 10784.715820 144.351791 7.026360 84.666756 12.763241 1.000000e+37
982765 52774.687500 19496.039062 10334.747070 135.336716 178.709702 -16.968586 26.004114 -8.846835e+00
982766 52740.734375 19515.845703 10336.958984 167.326080 108.003502 171.894287 8.246488 1.000000e+37
987184 53561.527344 19714.468750 10446.908203 49.008392 130.536987 27.682669 24.528881 1.000000e+37
987936 52571.265625 19806.501953 9616.955078 127.979439 87.973686 54.178986 33.684902 -1.135233e+01
987937 52574.285156 19825.964844 9593.475586 69.888809 137.465103 -92.662704 7.108983 1.000000e+37
1001046 54430.562500 19553.642578 9599.727539 60.492741 122.089630 64.527992 23.163530 1.000000e+37
1001047 54440.707031 19562.707031 9601.384766 65.775246 102.703598 84.692612 11.039306 1.000000e+37
1004833 53918.550781 21160.429688 10421.083984 129.064346 25.292618 104.545258 20.832655 1.000000e+37
1014420 53223.886719 20181.837891 11233.508789 105.387375 55.403618 53.762901 18.331591 1.000000e+37
1014421 53241.339844 20164.242188 11195.456055 92.988571 49.041767 65.927841 17.250374 1.000000e+37
1015803 53373.730469 19808.689453 10629.811523 110.776451 110.471428 -63.097069 24.244448 1.000000e+37
1047472 52908.972656 19372.947266 10390.848633 140.966858 222.461075 -34.717415 19.718058 1.000000e+37
1047473 52934.261719 19360.781250 10394.319336 129.980637 211.397049 -49.903252 9.756044 1.000000e+37
1047474 52228.519531 20187.316406 11212.360352 156.644836 37.067684 53.753864 23.490517 1.000000e+37
1050293 51067.800781 19487.984375 9979.252930 182.106064 -15.176533 -107.581696 22.801493 1.000000e+37
1052016 53371.128906 19795.001953 10856.129883 35.188259 116.299377 4.457003 22.248655 1.000000e+37
1062020 52976.558594 19378.460938 10016.147461 60.292305 104.769905 -12.842104 32.709446 -1.177096e+01
1063173 53719.753906 20373.005859 10695.416992 122.486092 27.360844 83.203316 21.714960 1.000000e+37
1063809 53556.730469 20957.492188 11479.709961 163.132706 46.745079 133.121719 20.565083 1.000000e+37
1064371 52654.441406 19790.402344 9878.028320 133.035080 129.576035 -87.996513 20.748543 1.000000e+37
1079364 53010.648438 19225.150391 8156.293945 33.550690 129.334641 16.294851 21.804220 1.000000e+37
1080013 51156.843750 19809.789062 10358.722656 173.824921 53.157356 -45.799339 22.564703 1.000000e+37
1082630 54299.152344 19683.216797 10650.093750 99.293251 157.612274 57.289196 20.254229 1.000000e+37
1087965 52741.132812 19445.431641 10295.226562 120.955574 214.043655 15.232684 21.116358 1.000000e+37
1087973 53395.351562 20535.009766 11355.663086 134.263641 82.722969 59.396038 22.278788 1.000000e+37
1091391 54514.683594 18930.457031 10622.198242 90.921700 131.127441 54.645061 21.620661 1.000000e+37
1102921 54054.488281 20673.091797 11024.843750 116.077568 52.218548 99.012093 20.625771 1.000000e+37
1108234 53415.097656 19185.607422 12008.700195 142.886902 157.252930 7.510789 13.280626 1.000000e+37
1110648 53027.601562 18939.558594 10557.744141 115.597443 151.050140 -11.819961 22.586493 1.000000e+37
1113796 53240.183594 20050.044922 11335.970703 107.950394 106.840240 0.425260 22.200422 1.000000e+37
1117824 53259.132812 19820.408203 10413.288086 109.573517 107.030289 -89.101334 19.214930 1.000000e+37
1117825 53266.031250 19853.791016 10413.680664 6.775405 115.946701 27.107267 13.299267 1.000000e+37
1138199 53273.035156 20261.705078 8857.026367 92.653137 6.411785 42.239693 23.416012 1.000000e+37
1141786 52993.757812 19841.431641 9033.989258 34.994648 34.522415 74.403244 22.790096 1.000000e+37
1141797 52822.734375 18452.281250 11018.885742 119.639839 152.120712 14.757463 20.745869 1.000000e+37
1150164 52768.851562 19470.919922 9051.559570 55.106228 -5.243712 88.488518 22.943800 1.000000e+37
1151133 52986.117188 19486.910156 10472.006836 95.835449 84.182480 -99.917763 25.169140 -8.645026e+00
1160505 52298.339844 19082.294922 8473.377930 128.588409 4.521407 118.162521 22.310560 1.000000e+37
1163536 53620.789062 20721.035156 8968.461914 123.127541 3.155804 39.519707 19.325989 1.000000e+37
1168554 54567.445312 18597.283203 10526.560547 81.175934 133.668869 55.850811 10.021244 1.000000e+37
1168555 54534.812500 18606.421875 10549.062500 88.304703 136.453781 54.619446 12.316326 1.000000e+37
1168556 54544.703125 18604.630859 10500.830078 73.806244 146.164902 49.843288 9.956802 1.000000e+37
1168562 53385.105469 19717.058594 10899.608398 109.231331 125.022583 -53.993351 13.186249 1.000000e+37
1168563 53377.492188 19749.789062 10879.818359 133.401154 102.147621 -55.412968 13.746089 1.000000e+37
1168564 53413.773438 19702.640625 10895.506836 112.109413 112.273064 -59.947086 12.397324 1.000000e+37
1173930 53146.511719 19660.058594 10414.269531 105.609421 93.298279 -91.702034 26.066219 1.000000e+37
1182584 52564.746094 19339.492188 8970.600586 35.017223 -2.908731 77.347710 21.324223 1.000000e+37
1186879 52824.425781 19836.974609 10442.265625 157.340530 49.723392 43.532078 22.135565 1.000000e+37
1192503 51157.246094 19274.150391 10113.651367 148.281693 11.072606 -82.841164 21.880732 1.000000e+37
1205495 52602.300781 19356.330078 10029.958008 159.288345 212.963791 -11.213312 20.539595 1.000000e+37
1205523 51653.832031 20878.541016 10985.721680 183.581024 9.078662 55.549580 17.887947 1.000000e+37
1205524 51645.375000 20906.527344 10993.467773 184.651825 -6.903628 55.992062 14.290411 1.000000e+37
1206653 54616.488281 19432.990234 10820.919922 68.822968 190.315582 66.764198 13.510453 1.000000e+37
1209053 54072.101562 19445.134766 10627.909180 81.064072 164.848557 62.129341 18.715244 1.000000e+37
1211557 54029.457031 20518.441406 10788.400391 109.564827 48.391090 87.331825 19.232807 1.000000e+37
1212710 53165.609375 19958.988281 10054.190430 39.596470 0.918956 68.870285 17.762701 1.000000e+37
1216492 52872.332031 18535.996094 10584.599609 84.117920 188.158386 40.532566 20.521406 1.000000e+37
1220241 50854.578125 19659.011719 10349.845703 202.645538 32.385311 -39.686848 22.378981 1.000000e+37
1229496 51328.113281 19495.908203 9521.463867 69.307632 25.864548 -12.138904 21.282206 1.000000e+37
1234968 52653.679688 19389.060547 9507.610352 58.488453 94.118286 -54.284519 17.367811 1.000000e+37
1243245 52962.968750 18413.486328 11000.159180 115.984879 158.932022 29.290924 11.777741 1.000000e+37
1243246 52949.835938 18428.054688 10980.427734 117.588081 165.458786 26.203703 9.284860 1.000000e+37
1244672 51404.765625 19206.548828 9814.914062 80.022812 99.805420 85.893265 20.078604 1.000000e+37
1248961 53115.296875 19773.863281 10697.494141 180.813385 114.588150 -80.940681 16.640291 1.000000e+37
1256077 53024.835938 19813.263672 10621.788086 -12.626203 101.580322 13.177341 20.583223 1.000000e+37
1263617 54272.738281 18458.552734 10083.614258 72.867470 111.858795 67.706154 18.139418 1.000000e+37
1266771 52157.949219 20044.197266 10261.912109 169.448273 -24.578024 42.327915 21.851303 1.000000e+37
1268209 52688.175781 19372.451172 9544.572266 56.272396 52.493782 178.421082 19.776333 1.000000e+37
1269785 52222.472656 19257.802734 8557.187500 -9.939091 6.741602 106.941322 21.708643 1.000000e+37
1271368 52182.878906 19406.056641 8168.450195 137.529129 -28.425463 49.815960 21.307608 1.000000e+37
1276126 52410.960938 19507.195312 8952.656250 178.129379 64.983459 99.568283 22.033901 -8.570062e+00
1276143 54582.011719 19361.537109 10680.224609 103.022423 168.003510 57.848892 19.577923 1.000000e+37
1296096 52723.035156 18578.328125 10566.536133 157.326233 160.983276 5.228957 19.856710 1.000000e+37
1303126 53360.531250 20487.505859 11429.980469 137.996765 90.801338 42.105366 20.737553 1.000000e+37
1304858 52879.222656 18462.509766 10901.063477 106.467903 164.492188 33.860870 15.366009 1.000000e+37
1312189 54035.687500 19491.552734 10645.938477 84.563530 154.807938 52.905361 20.055717 1.000000e+37
1312245 53730.339844 20968.734375 9968.000000 116.052490 16.718847 77.832207 18.171494 1.000000e+37
1315958 50946.523438 19439.115234 9788.879883 288.201050 85.678261 9.113435 18.401827 1.000000e+37
1323491 52595.128906 19742.070312 10706.633789 183.355530 109.982788 -49.411407 16.803265 1.000000e+37
1329308 52786.652344 19481.978516 9548.641602 64.452293 39.109650 26.949892 22.089478 -8.490714e+00
1331227 52217.281250 19730.953125 9292.258789 105.326714 86.069267 53.367519 17.096565 1.000000e+37
1339278 53464.281250 19713.074219 10572.419922 40.906647 121.400352 38.870502 20.281939 1.000000e+37
1343365 53223.753906 19979.849609 8612.138672 111.075806 -1.560664 44.898640 16.082094 1.000000e+37
1351590 51949.183594 20339.818359 11547.029297 183.248505 38.116802 50.814495 22.177446 1.000000e+37
1362202 52174.261719 19072.437500 8642.769531 173.569031 33.510876 -38.835205 18.643898 1.000000e+37
1364454 53628.812500 20848.013672 9466.912109 107.420036 12.537921 52.049122 20.289928 1.000000e+37
1371021 51862.445312 20038.435547 11048.070312 153.017563 40.952629 52.149151 18.257338 1.000000e+37
1373264 52045.867188 18772.468750 10295.674805 147.876358 149.903275 -16.849159 19.179312 1.000000e+37
1373307 53595.773438 20650.982422 8971.755859 125.981873 15.313887 41.149002 22.394279 1.000000e+37
1375591 53150.449219 17865.103516 10565.882812 96.399460 141.777573 37.616928 17.438883 1.000000e+37
1377880 53042.972656 20323.445312 11261.322266 163.478699 42.750679 65.597336 21.549776 1.000000e+37
1408636 53012.812500 19324.099609 10474.339844 110.839111 182.991150 -29.459915 16.724306 1.000000e+37
1408637 53658.296875 20333.644531 11685.170898 135.214081 127.486069 32.143230 17.576023 1.000000e+37
1418954 52226.644531 19191.070312 8183.002441 131.632477 -13.236308 71.573112 16.201136 1.000000e+37
1421557 54650.796875 19366.630859 10824.376953 99.159554 154.940643 2.541333 16.147514 1.000000e+37
1429537 52412.742188 19308.470703 8182.952148 32.383476 46.548645 63.453121 16.728138 1.000000e+37
1443096 54205.031250 19764.957031 10626.833008 91.146599 136.494370 52.493385 19.178530 1.000000e+37
1443126 53157.414062 19552.673828 10735.662109 102.143471 180.944122 -26.323727 18.327627 1.000000e+37
1445916 53072.382812 19736.429688 10677.894531 147.345352 88.285698 41.347164 19.297993 1.000000e+37
1454360 52711.316406 19523.541016 10199.786133 117.552185 211.235825 7.002618 15.014902 1.000000e+37
1457290 53000.359375 19670.333984 11048.035156 112.368889 172.919220 -18.281570 15.049236 1.000000e+37
1466065 53057.488281 20594.236328 11479.256836 176.275742 99.128624 51.497425 17.755762 1.000000e+37
1478149 52569.742188 19750.601562 9562.552734 98.784775 79.049866 -89.661179 15.809073 1.000000e+37
1490803 51852.414062 19232.222656 8260.801758 185.594742 109.584747 0.924176 16.435492 1.000000e+37
1490804 52619.070312 19674.779297 9111.372070 9.287555 102.653137 81.880226 18.043661 1.000000e+37
1503787 50972.253906 19387.796875 9932.986328 283.095184 107.213333 -27.618795 16.162901 1.000000e+37
1517177 52872.527344 19792.433594 10487.670898 106.545311 71.918228 -121.494896 13.854442 1.000000e+37
1517178 52867.984375 19780.277344 10496.302734 -17.703819 40.689217 -42.193687 14.990458 1.000000e+37
1524080 52159.265625 18542.548828 10038.147461 127.811943 158.136902 7.194139 15.664914 1.000000e+37
1538222 52059.179688 19181.781250 8723.178711 99.238243 109.908836 -79.200409 16.722668 1.000000e+37
1545537 51877.652344 19460.906250 9198.408203 179.193634 31.223444 10.088434 19.456385 1.000000e+37
1549189 54166.062500 20433.925781 10609.329102 84.154770 83.930084 80.319122 16.126144 1.000000e+37
1549223 50800.242188 19536.025391 9708.273438 227.638489 104.668144 -31.594801 13.595473 1.000000e+37
1549224 50810.257812 19559.857422 9700.101562 214.377594 134.419342 -15.337183 10.644765 1.000000e+37
1552947 52724.906250 19376.646484 9952.833008 131.989853 91.863701 90.821045 18.881252 1.000000e+37
1552985 53127.933594 19700.917969 10677.306641 119.686455 67.310478 -37.116581 20.755690 -8.418777e+00
1556854 53143.179688 19897.529297 9946.336914 8.162539 36.717640 69.804390 15.106611 1.000000e+37
1560697 52665.621094 19462.794922 8042.088379 26.482248 76.186035 31.433031 16.402250 1.000000e+37
1560714 52512.160156 19103.492188 10097.513672 144.603165 188.073227 -1.219473 18.521164 1.000000e+37
1564628 51272.617188 19148.351562 9807.482422 164.401230 56.282455 -45.732628 11.785903 1.000000e+37
1568644 54266.234375 20082.365234 9544.416016 69.181641 90.524529 66.762497 13.120358 1.000000e+37
1576563 53653.046875 19859.478516 11938.775391 131.957611 134.867523 24.731569 17.133682 1.000000e+37
1584537 53927.921875 18751.802734 9871.601562 74.973511 132.551727 55.700066 16.923887 1.000000e+37
1584646 53334.089844 20459.634766 8545.065430 104.714363 22.343784 31.897327 15.724648 1.000000e+37
1584647 54078.433594 21197.968750 10610.961914 134.209763 23.078890 114.143356 15.004987 1.000000e+37
1596947 52418.406250 19627.599609 9735.026367 36.034176 171.739426 46.501095 18.822245 1.000000e+37
1596973 53206.429688 19738.673828 10922.332031 71.760086 184.125717 -32.016598 15.965601 1.000000e+37
1597050 53674.792969 21276.238281 9418.615234 133.136414 9.403021 52.147263 12.825523 1.000000e+37
1651618 53380.187500 20486.542969 8515.640625 100.340660 14.088213 29.598719 15.102365 1.000000e+37
1661181 54621.261719 19379.302734 10882.916016 98.936035 158.143250 -2.141336 13.637794 1.000000e+37
1666222 53104.058594 19407.642578 9418.351562 64.654266 -34.880844 89.101929 17.665770 1.000000e+37
1671294 54001.539062 18709.287109 9900.543945 72.959167 132.725922 53.771805 11.558966 1.000000e+37
1676432 51330.589844 19379.882812 9516.254883 75.387230 8.639491 15.167388 16.160301 1.000000e+37
1697201 53134.828125 19680.095703 10487.064453 -37.785236 109.056351 60.724815 14.966258 1.000000e+37
1697202 53600.539062 19301.136719 8748.353516 42.082951 121.610825 35.173031 16.931267 1.000000e+37
1702548 52101.437500 19765.550781 9154.759766 76.133629 81.578163 44.012661 17.679827 1.000000e+37
1708076 51945.660156 18898.003906 8346.880859 155.974060 88.293625 49.452087 15.901294 1.000000e+37
1708124 52919.820312 18077.853516 11220.169922 144.507843 134.429321 33.055050 15.566790 1.000000e+37
1708238 51890.921875 19880.796875 11019.829102 182.186584 32.963940 31.937899 14.759404 1.000000e+37
1713630 52593.226562 19799.343750 10115.330078 139.692566 147.020935 90.519638 20.846090 -7.948791e+00
1713631 54737.179688 19668.166016 10849.083008 3.864326 104.332779 70.909737 13.932269 1.000000e+37
1713682 52344.406250 18909.968750 10120.250977 140.964996 173.795761 7.881546 14.994857 1.000000e+37
1724979 52178.324219 19293.748047 8911.375977 235.067184 47.457268 -29.762169 13.136686 1.000000e+37
1724980 52180.558594 19314.994141 8919.046875 159.409271 164.021591 81.698532 11.000294 1.000000e+37
1730770 51185.105469 19153.960938 9729.183594 29.804779 42.164860 68.930016 14.930023 1.000000e+37
1736664 52804.746094 18542.960938 10579.740234 88.480736 180.219452 46.806995 15.437846 1.000000e+37
1736668 52545.488281 19733.613281 10660.671875 190.204300 104.832603 -41.894623 13.726453 1.000000e+37
1736777 52064.312500 20272.929688 11289.917969 157.430710 33.968891 54.314449 8.389609 1.000000e+37
1736778 52073.332031 20242.220703 11292.716797 156.313614 26.507471 52.075283 9.435430 1.000000e+37
1742556 53085.503906 19818.478516 10526.375977 104.308716 59.977196 -106.319550 13.581092 1.000000e+37
1742605 53983.304688 20771.507812 11236.294922 104.572998 92.176361 94.160583 15.205257 1.000000e+37
1748633 52788.859375 19531.849609 10415.159180 33.190567 91.132706 -70.242889 16.494640 1.000000e+37
1748746 53074.781250 20168.490234 10455.968750 153.493576 -33.567642 63.437145 17.138466 1.000000e+37
1754572 51817.335938 19543.693359 9769.049805 167.450043 69.172424 -15.875203 16.148014 1.000000e+37
1754573 51121.753906 19879.189453 11062.063477 180.403702 89.187943 -7.947580 16.394295 1.000000e+37
1760661 52839.554688 18745.976562 10886.462891 141.126205 172.016647 -12.210887 16.069891 1.000000e+37
1766782 53246.488281 19744.453125 10871.229492 33.499920 108.826981 10.437547 13.890293 1.000000e+37
1772903 52918.609375 19651.689453 9812.795898 146.686478 -11.508790 -15.475630 14.220243 1.000000e+37
1785841 52151.445312 19644.003906 8544.926758 59.561459 68.459000 89.672462 14.367586 1.000000e+37
1785905 52801.750000 20177.496094 12045.277344 160.899261 141.693909 17.222954 11.732941 1.000000e+37
1812250 51830.277344 19580.869141 10204.856445 155.961517 78.770653 -59.149292 14.352305 1.000000e+37
1819092 52139.480469 19176.890625 9024.818359 104.771477 138.474731 81.056595 15.261702 1.000000e+37
1819138 53091.484375 19796.730469 10479.943359 57.129166 46.937756 -105.199181 8.137680 1.000000e+37
1819256 51869.769531 19660.931641 10526.748047 147.399551 16.039669 10.391787 14.900561 1.000000e+37
1826056 52875.445312 19543.320312 9445.525391 32.064308 -41.356171 118.990913 14.758449 1.000000e+37
1833148 53058.417969 19838.599609 10546.069336 157.238174 114.329338 66.749916 8.919690 1.000000e+37
1847579 51314.800781 19129.076172 9529.602539 132.812103 57.892601 53.553211 14.985670 1.000000e+37
1847580 52689.992188 20110.125000 11859.965820 165.077209 135.257935 15.644357 15.971097 1.000000e+37
1847714 52318.277344 20319.816406 11669.926758 171.150238 48.665901 74.147400 14.454241 1.000000e+37
1854865 52172.832031 19561.923828 9194.363281 67.008224 21.591703 66.993042 16.413843 1.000000e+37
1854914 53002.648438 19562.208984 10199.200195 142.230225 131.731293 -48.198406 15.166656 1.000000e+37
1855056 53625.250000 19970.162109 8421.663086 68.111946 47.633572 30.618113 14.824913 1.000000e+37
1862209 52060.132812 19386.105469 8421.630859 210.620422 112.961365 39.190372 14.180897 1.000000e+37
1885318 53467.210938 20105.492188 11068.063477 129.483459 60.286182 28.682121 14.341236 1.000000e+37
1893134 53148.718750 19836.654297 11102.658203 172.904572 113.719025 -42.818695 15.381404 1.000000e+37
1901045 53450.722656 20070.128906 11041.837891 132.781998 68.111992 17.393969 14.685150 1.000000e+37
1901176 51174.957031 19293.503906 10292.435547 160.037201 -32.265720 -24.622499 15.710911 1.000000e+37
1909373 53051.464844 20105.783203 10220.020508 140.111328 -45.331295 67.386108 16.082026 1.000000e+37
1925940 52291.906250 20988.912109 10464.070312 167.717285 0.054424 68.180901 15.023902 1.000000e+37
1934251 52589.175781 19637.277344 9481.851562 25.215796 33.315208 10.809052 19.247623 1.000000e+37
1934253 54707.515625 19912.998047 10750.297852 9.077492 105.079453 43.183006 12.536762 1.000000e+37
1934471 53239.183594 19939.908203 9327.992188 79.517876 -20.006613 65.601814 14.449069 1.000000e+37
1942982 52894.128906 19806.464844 10537.225586 188.372498 -46.191231 11.209599 13.800781 1.000000e+37
1943051 51089.507812 19204.031250 9892.078125 247.858795 129.954590 -80.197975 17.930574 1.000000e+37
1943052 53010.664062 19900.634766 10215.970703 127.652328 -62.089867 66.068024 13.356186 1.000000e+37
1943206 53244.199219 19884.000000 9345.035156 75.333870 -17.125170 58.225834 13.903036 1.000000e+37
1951640 52608.179688 19791.179688 9985.538086 88.223000 136.553360 112.013962 9.777084 1.000000e+37
1960558 52135.015625 19507.333984 8957.534180 97.647621 41.377502 -10.087182 17.453737 1.000000e+37
1988318 52568.863281 19771.900391 9680.598633 70.603065 173.016754 19.467646 7.637975 1.000000e+37
1988319 52885.617188 18716.888672 10567.813477 116.786049 196.055496 -14.179246 15.542722 1.000000e+37
1988586 53090.882812 20170.685547 10601.012695 144.374222 -21.656462 60.389622 14.454154 1.000000e+37
1988598 51692.648438 20279.263672 11601.530273 185.899734 84.676064 19.289309 15.063959 1.000000e+37
2007312 51554.699219 19307.664062 9634.297852 168.065430 56.407318 9.874777 18.112972 1.000000e+37
2007494 53735.761719 20066.076172 10244.736328 77.697037 39.976490 76.262245 14.391124 1.000000e+37
2017182 52483.187500 19101.013672 8863.422852 92.145424 -4.241094 74.415230 16.509861 1.000000e+37
2017267 52998.511719 18100.726562 11103.500977 124.898247 126.683525 16.562750 11.417881 1.000000e+37
2027092 53098.507812 19720.162109 10711.904297 73.134987 121.178802 -70.479187 13.208826 1.000000e+37
2037105 53489.765625 19929.021484 8626.396484 58.164181 45.401451 39.039871 11.737018 1.000000e+37
2037182 51314.550781 19510.845703 9399.871094 128.053787 18.968016 2.944358 16.671425 1.000000e+37
2047597 52873.328125 19494.011719 10363.551758 128.741547 45.578373 -101.263702 9.041142 1.000000e+37
2058046 53305.710938 19691.488281 10655.634766 37.294098 174.936905 4.260537 13.978734 1.000000e+37
2058051 54331.984375 19066.800781 10027.077148 63.392097 127.284828 69.374039 12.423599 1.000000e+37
2058330 52981.187500 19663.453125 8678.138672 72.444748 7.226347 63.999550 13.296577 1.000000e+37
2068796 54570.957031 19705.597656 10229.887695 68.920151 125.484772 98.848328 15.396388 1.000000e+37
2068879 53086.332031 19962.396484 10744.516602 111.498901 97.994560 -53.901840 14.508343 1.000000e+37
2068887 51659.343750 19663.298828 10264.913086 156.439117 99.167328 -58.584747 14.081087 1.000000e+37
2079516 54590.914062 19225.509766 10879.698242 87.320137 165.590485 16.978060 11.464051 1.000000e+37
2079601 53291.250000 19327.167969 11740.910156 123.829041 122.190971 -6.482646 13.916551 1.000000e+37
2079605 51125.703125 19713.939453 10111.583984 174.193359 26.263866 -67.652527 12.013535 1.000000e+37
2090559 52722.933594 19810.353516 9340.793945 152.269363 115.742012 90.003738 13.625901 1.000000e+37
2090641 53664.910156 20567.044922 11147.257812 96.611061 80.535812 84.164101 14.591756 1.000000e+37
2090657 53209.031250 19802.681641 10859.125977 75.679413 124.418961 -22.532339 14.713656 1.000000e+37
2090868 51573.738281 19684.136719 10674.194336 143.995956 26.977863 2.163110 13.731601 1.000000e+37
2101887 52831.363281 19239.625000 9686.448242 110.288094 85.920937 133.361481 13.557177 1.000000e+37
2101968 53037.832031 18146.033203 11504.056641 122.890427 115.198669 17.791019 15.643806 1.000000e+37
2113558 53358.851562 19410.876953 8332.314453 34.509235 113.357727 18.814287 13.925480 1.000000e+37
2113561 52878.410156 19445.371094 10005.901367 118.470131 -28.797817 -11.217674 13.885072 1.000000e+37
2113636 54545.960938 19254.916016 10667.968750 95.375465 166.794861 40.240601 13.660983 1.000000e+37
2113642 53073.800781 20576.468750 11519.027344 186.772644 102.775444 45.478054 12.641043 1.000000e+37
2113830 51948.597656 19146.927734 9041.900391 104.523582 106.672646 63.758926 13.366122 1.000000e+37
2125252 54470.042969 19664.523438 10696.883789 128.095062 138.587692 21.768330 10.519016 1.000000e+37
2125253 53307.531250 19804.781250 10412.769531 6.894616 124.532623 52.652630 13.471232 1.000000e+37
2137150 52130.074219 19347.892578 8592.041016 161.449570 77.071861 14.678537 16.582058 1.000000e+37
2137153 52220.453125 19095.107422 8367.222656 131.809830 5.317410 102.392952 11.801141 1.000000e+37
2137238 51110.855469 19481.119141 9731.362305 81.114410 10.268181 -96.708809 9.319839 1.000000e+37
2161911 52918.656250 19654.361328 8638.456055 103.748940 -17.963884 59.370518 14.136126 1.000000e+37
2174166 51181.722656 19411.722656 9678.663086 337.674957 21.844431 18.833643 12.981917 1.000000e+37
2174167 54389.218750 19615.705078 9204.654297 58.028851 117.526939 52.596573 12.455606 1.000000e+37
2174255 51271.242188 19401.763672 10099.416992 121.912880 -26.935579 -45.777206 13.483110 1.000000e+37
2187024 52932.640625 18872.480469 10752.061523 127.052269 134.046799 -2.170465 12.935666 1.000000e+37
2187286 53388.136719 20561.294922 11652.686523 116.841827 96.836594 74.191299 13.096147 1.000000e+37
2200138 53559.316406 19578.949219 10638.240234 60.276665 170.290375 19.979605 11.564718 1.000000e+37
2200145 53039.550781 20017.427734 10300.005859 141.829041 -51.697075 62.578342 13.197190 1.000000e+37
2200377 52786.000000 20304.437500 11291.012695 174.533646 35.472614 68.935661 13.922483 1.000000e+37
2200379 53499.351562 20478.636719 9181.685547 101.214561 11.380426 47.391048 12.640158 1.000000e+37
2213457 53691.207031 18852.066406 9738.896484 62.842602 140.193375 52.431740 12.016786 1.000000e+37
2213558 52892.515625 18376.550781 10487.462891 71.378197 163.994141 39.136871 10.935155 1.000000e+37
2213810 53724.863281 20312.238281 10577.172852 121.040237 22.330671 84.843903 16.137436 1.000000e+37
2241487 51925.308594 19103.804688 9355.120117 167.109497 67.312523 -0.734590 17.401157 1.000000e+37
2255547 54731.753906 19683.421875 10722.284180 69.366699 236.553085 44.523312 8.239808 1.000000e+37
2255635 51216.281250 19598.478516 10410.406250 192.444595 24.546000 -42.220924 9.591244 1.000000e+37
2255637 53119.253906 19924.199219 10646.110352 67.865486 117.384773 -56.338291 12.585355 1.000000e+37
2255892 52545.253906 19238.166016 8686.578125 56.954746 -42.436638 72.503487 10.083198 1.000000e+37
2284738 54795.132812 20052.751953 10518.080078 82.506638 100.021759 111.703972 9.829921 1.000000e+37
2299845 54557.957031 18889.986328 10885.625977 84.405418 144.890656 28.554132 11.216469 1.000000e+37
2315144 52498.796875 18252.074219 10570.782227 145.192230 142.917633 7.296543 12.315824 1.000000e+37
2331010 52774.015625 20012.468750 9940.542969 184.641174 84.752617 52.274250 16.097052 1.000000e+37
2347258 52050.644531 19115.914062 8681.424805 143.561295 42.947315 -62.302914 11.818374 1.000000e+37
2347262 53650.085938 18926.199219 10099.115234 68.122780 151.184143 48.395111 12.001527 1.000000e+37
2347391 51629.035156 20261.640625 11582.193359 173.985260 96.279427 2.452004 14.469621 1.000000e+37
2363719 54212.816406 19338.806641 10644.555664 86.267395 159.059723 57.310101 13.394750 1.000000e+37
2363732 53413.687500 19435.746094 11592.635742 165.844269 165.099701 42.596615 12.454995 1.000000e+37
2397917 52918.652344 18687.892578 10583.932617 84.074051 189.016296 54.727718 13.013655 1.000000e+37
2397919 53190.542969 19681.611328 9320.458984 74.670830 -27.543076 79.795074 14.215390 1.000000e+37
2397923 53870.929688 19639.951172 10659.634766 45.406868 118.616653 68.302933 13.490864 1.000000e+37
2398053 54601.363281 19307.945312 10788.346680 52.540638 178.353134 34.594521 10.538762 1.000000e+37
2398054 53539.500000 19765.349609 10911.426758 46.123798 121.100716 11.745579 14.366491 1.000000e+37
2398056 53066.101562 19773.910156 11074.358398 106.583054 146.743393 -31.933914 12.605243 1.000000e+37
2398065 51252.472656 19425.943359 9526.271484 75.953743 -0.748566 21.953821 14.828968 1.000000e+37
2415708 52183.804688 18948.728516 8233.257812 52.929539 168.770493 15.665623 12.386234 1.000000e+37
2433904 53333.027344 20190.039062 11055.572266 124.647400 62.457203 29.820660 13.249316 1.000000e+37
2433905 52919.406250 19312.640625 10580.495117 162.216064 190.599976 -26.038000 13.093607 1.000000e+37
2434245 53550.664062 20724.736328 9190.727539 109.607323 12.500830 58.450058 12.264399 1.000000e+37
2452560 52950.371094 19856.646484 10636.883789 22.144814 98.497650 -51.177036 13.509284 1.000000e+37
2452899 53321.757812 20352.468750 8660.639648 96.462639 13.340468 32.183147 11.181509 1.000000e+37
2471346 52405.890625 19187.996094 8616.315430 52.534100 -59.988235 94.685303 9.758437 1.000000e+37
2471830 54442.406250 20616.853516 10777.980469 118.479630 57.007885 106.465828 14.087018 1.000000e+37
2490762 51414.363281 19373.035156 9979.024414 110.370377 17.441874 -3.299064 11.699438 1.000000e+37
2490889 53020.273438 19013.619141 10634.095703 136.033508 161.622986 -5.988705 7.122410 1.000000e+37
2490890 53409.718750 19919.845703 11087.945312 144.513885 105.442696 -31.123631 10.337332 1.000000e+37
2490891 52350.683594 18906.744141 10157.521484 140.125183 175.030472 -4.857965 14.444304 1.000000e+37
2510792 52917.187500 19694.964844 9974.799805 188.310486 134.609955 84.973328 9.638467 1.000000e+37
2511363 51845.058594 20367.132812 11212.925781 165.883011 20.751827 43.852512 13.363142 1.000000e+37
2531080 52938.562500 19627.025391 9776.206055 123.321014 21.355606 -27.304655 10.431848 1.000000e+37
2531081 52639.410156 19780.300781 9776.598633 33.567207 30.889666 138.308853 11.271757 1.000000e+37
2531082 52570.593750 19359.587891 9132.733398 114.502449 79.151596 22.178659 12.263912 1.000000e+37
2531243 53463.363281 20315.964844 11237.442383 119.779961 103.838608 17.279730 12.062148 1.000000e+37
2531244 53460.750000 20067.070312 11335.603516 154.299500 66.821770 40.331169 10.368965 1.000000e+37
2531286 51405.441406 19785.148438 10793.788086 194.640488 50.030525 -10.674639 12.144331 1.000000e+37
2551833 52274.351562 19673.183594 8917.568359 108.905624 70.101509 3.392029 15.397844 1.000000e+37
2551834 52263.570312 19494.142578 8818.736328 188.708099 -14.074823 -4.346894 8.864020 1.000000e+37
2551835 51905.367188 19207.990234 8686.476562 125.758575 7.790433 15.703536 11.043466 1.000000e+37
2551836 52761.789062 19240.042969 9818.447266 71.823143 72.851707 136.049973 10.800267 1.000000e+37
2551837 54060.562500 19642.164062 10809.128906 75.084297 115.064705 65.770477 13.173317 1.000000e+37
2551839 54723.683594 19636.812500 10910.936523 50.078682 71.650536 67.974899 7.572725 1.000000e+37
2552022 52930.398438 19241.775391 10347.252930 115.765724 192.561661 -21.490339 12.003845 1.000000e+37
2552023 52987.234375 19651.396484 10940.292969 119.595558 168.749100 -21.023418 10.627298 1.000000e+37
2595616 52801.812500 19661.830078 9410.178711 89.715195 133.102859 -4.347648 8.571552 1.000000e+37
2595622 54492.210938 18649.970703 10587.748047 111.005104 144.218140 43.590096 10.808139 1.000000e+37
2596159 53510.148438 20035.123047 10198.071289 96.903557 -1.051734 68.495590 6.401314 1.000000e+37
2618206 51959.382812 19411.080078 8804.887695 78.661507 0.310436 17.724119 10.701498 1.000000e+37
2618208 51421.550781 19228.152344 8905.416992 178.571167 89.752716 24.792570 12.554965 1.000000e+37
2618209 52455.804688 19739.771484 9457.017578 73.521324 43.711544 70.753571 13.744595 1.000000e+37
2618210 53473.863281 19394.791016 8183.267090 39.578228 110.924072 18.904673 13.000869 1.000000e+37
2618385 52918.972656 19735.716797 10683.617188 56.670292 10.074257 -32.070976 11.268206 1.000000e+37
2618396 52713.917969 19121.167969 10560.016602 97.566330 174.056503 -2.090101 12.749928 1.000000e+37
2641558 52110.527344 19124.804688 8667.966797 206.628418 92.520668 62.006523 15.747524 1.000000e+37
2641560 52226.382812 19090.150391 8606.517578 198.526260 66.571220 3.585396 9.498121 1.000000e+37
2641761 51738.195312 19795.976562 10786.040039 152.305237 25.443621 23.002594 9.506760 1.000000e+37
2665435 51851.441406 19382.390625 8908.254883 54.929707 49.169365 86.089554 13.552986 1.000000e+37
2665438 51348.968750 19382.740234 9956.867188 101.804161 150.376068 -98.666397 9.545576 1.000000e+37
2665445 53643.082031 18859.591797 9605.930664 59.115482 138.388641 53.992924 9.756141 1.000000e+37
2665607 51249.917969 19819.746094 10847.995117 191.595871 40.888134 2.203509 9.396726 1.000000e+37
2689846 52646.875000 19504.251953 9986.844727 172.023331 218.876114 -38.718613 12.162066 1.000000e+37
2689853 53081.855469 19817.138672 9395.590820 15.426044 19.620441 78.564964 10.962447 1.000000e+37
2689854 54726.589844 19688.328125 10760.236328 93.664413 217.203857 44.335293 6.257407 1.000000e+37
2689860 54269.332031 18447.093750 9889.412109 87.010597 124.205635 61.740009 11.863290 1.000000e+37
2714873 52067.378906 19192.849609 9316.823242 192.632904 12.087368 -10.789991 13.489494 1.000000e+37
2715053 54624.214844 19158.925781 10811.280273 93.153702 161.374969 27.420406 10.430400 1.000000e+37
2715062 51801.031250 19561.509766 10177.138672 160.644775 73.984344 -54.916546 10.993456 1.000000e+37
2715063 52628.820312 19750.746094 10643.395508 186.441788 108.782593 -43.458515 11.806017 1.000000e+37
2715541 52764.093750 19214.119141 9788.552734 97.462822 83.017769 135.014893 13.009209 1.000000e+37
2715542 52867.355469 20008.800781 10769.271484 168.848984 -7.033661 37.967964 10.184666 1.000000e+37
2740933 52157.046875 19316.742188 9306.644531 61.306885 31.440559 58.269703 13.850558 1.000000e+37
2740934 52833.429688 19781.689453 10459.492188 178.084122 47.063335 39.889145 7.957636 1.000000e+37
2740935 52314.007812 19530.205078 8307.293945 7.734355 64.106827 60.709095 11.595228 1.000000e+37
2741132 53076.632812 19761.640625 10790.973633 98.925392 76.894943 -64.353012 11.039004 1.000000e+37
2741626 51741.109375 19727.849609 10963.610352 180.031555 21.090050 22.412207 11.467371 1.000000e+37
2767556 52751.714844 19467.685547 9956.072266 37.298965 35.368206 48.738503 13.010807 1.000000e+37
2767557 52886.636719 18759.021484 10626.177734 66.829903 200.459793 26.910366 15.410924 1.000000e+37
2767769 54592.234375 19263.189453 10691.763672 52.206932 170.490219 64.547058 11.057897 1.000000e+37
2767781 51959.433594 19493.195312 9880.139648 166.308792 114.344048 -97.531586 8.639892 1.000000e+37
2767782 53116.312500 18489.871094 10978.278320 139.563354 134.965561 -20.233568 9.890127 1.000000e+37
2767783 52988.300781 19880.994141 10113.526367 143.231003 94.853745 15.162806 11.986626 1.000000e+37
2795170 52028.730469 19244.587891 8877.186523 102.039574 -49.653278 9.450408 8.866796 1.000000e+37
2795173 51974.292969 19264.248047 9412.187500 182.739029 24.612202 14.933804 13.018517 1.000000e+37
2795176 52876.320312 19697.994141 8471.312500 35.462513 53.275837 48.018944 12.257509 1.000000e+37
2795177 53211.972656 19951.394531 8691.488281 49.520969 49.709595 47.547760 10.342688 1.000000e+37
2795180 54454.500000 18592.171875 10330.755859 80.407349 119.930122 68.680763 11.082302 1.000000e+37
2795181 52950.113281 18467.841797 10458.436523 64.666313 161.872604 46.289783 11.331823 1.000000e+37
2823325 52141.375000 18968.279297 8771.188477 30.395184 104.363007 -10.743321 9.362247 1.000000e+37
2823537 53980.992188 19371.216797 10648.027344 84.302521 163.377594 31.293627 9.460380 1.000000e+37
2823553 52887.441406 19475.101562 10885.096680 112.949135 160.034592 -25.827026 10.526172 1.000000e+37
2824108 52645.375000 19079.494141 9347.419922 156.565643 68.410820 23.084684 10.655416 1.000000e+37
2824145 51190.039062 20821.925781 10421.183594 166.234985 2.634030 41.023773 9.103118 1.000000e+37
2852305 53353.011719 17942.513672 9673.118164 85.267403 134.259872 36.363380 10.503426 1.000000e+37
2852308 51961.941406 18983.470703 8329.791992 149.803299 103.967529 51.757492 12.664493 1.000000e+37
2852309 54429.570312 19524.537109 9535.990234 59.226799 121.227577 76.781799 8.816068 1.000000e+37
2852496 52834.058594 19525.890625 10268.708984 173.111633 178.744568 -15.306816 10.658962 1.000000e+37
2852497 52912.664062 19851.574219 10811.104492 93.502609 120.132050 -58.012444 13.026933 1.000000e+37
2852515 51613.574219 19703.335938 10940.653320 157.572220 20.120672 28.390877 11.119659 1.000000e+37
2852516 53522.535156 19215.677734 11859.992188 120.457191 150.931717 5.778820 11.672709 1.000000e+37
2882531 52260.500000 18985.869141 8917.240234 198.128754 20.059744 51.174679 9.469632 1.000000e+37
2882740 53443.121094 20672.083984 11753.810547 119.814728 102.750145 86.958481 6.446774 1.000000e+37
2913708 51381.140625 19419.970703 9642.907227 139.231155 77.082504 127.291702 6.411497 1.000000e+37
2913709 53597.839844 20171.654297 10197.995117 51.455822 61.460613 77.761040 11.760653 1.000000e+37
2913710 53306.570312 19805.484375 10521.065430 6.373678 96.420845 39.116032 8.180513 1.000000e+37
2913958 51588.339844 19724.587891 10968.109375 153.815872 121.360405 -23.561655 10.527106 1.000000e+37
2913959 52690.308594 19771.841797 10999.327148 175.571121 112.335991 -33.678776 10.483788 1.000000e+37
2914594 51498.199219 19425.513672 10520.013672 167.588837 3.666795 -12.925917 12.238247 1.000000e+37
2945964 52556.093750 19625.328125 10194.759766 78.158997 41.880123 9.674471 9.522275 1.000000e+37
2945965 54503.695312 19678.742188 10694.791992 88.528076 169.122177 27.700016 8.515186 1.000000e+37
2945976 53186.042969 19062.919922 8244.475586 35.549286 132.362122 14.965196 12.684280 1.000000e+37
2946198 53378.394531 19753.242188 10800.845703 110.325882 119.247772 -50.377869 10.216244 1.000000e+37
2946199 53094.347656 19897.847656 10794.875000 116.927467 116.021698 -60.989746 11.634557 1.000000e+37
2946223 51207.085938 19865.814453 10748.098633 180.643250 84.036865 -20.002659 11.506610 1.000000e+37
2946224 51569.132812 19358.873047 9824.521484 152.003098 57.532986 -37.264206 12.453352 1.000000e+37
2946828 51863.296875 20908.414062 11275.890625 192.555069 5.359155 62.903923 10.520918 1.000000e+37
2979268 52309.984375 19557.923828 9780.123047 185.286041 93.663673 -17.919657 12.084258 1.000000e+37
2979269 52865.007812 19313.539062 10281.162109 140.625687 190.538742 -11.261299 7.842118 1.000000e+37
2979270 53380.667969 19751.023438 11255.336914 101.552551 114.971153 -12.435168 10.545922 1.000000e+37
2979861 53410.253906 19894.900391 10045.012695 79.231148 -10.853076 62.518635 7.566206 1.000000e+37
3013437 52377.316406 19238.267578 8980.655273 70.102127 56.997276 -17.509296 14.713784 1.000000e+37
3013450 52923.796875 19508.277344 10079.441406 62.073174 22.921297 1.466391 14.187496 1.000000e+37
3013692 53730.335938 19505.492188 10646.248047 68.687592 169.455246 26.345961 9.122943 1.000000e+37
3013713 51301.886719 20095.339844 11246.060547 181.694809 47.437576 0.038641 12.095489 1.000000e+37
3014330 53417.546875 20345.066406 8250.775391 94.233566 15.526882 27.546555 7.736556 1.000000e+37
3014331 53568.250000 20782.314453 9682.846680 137.359268 2.133931 60.769470 9.699109 1.000000e+37
3014332 53515.332031 20411.800781 9488.187500 102.594955 4.551246 55.517353 12.487307 1.000000e+37
3049125 52285.476562 19275.044922 8996.307617 190.807571 -12.348958 -45.719540 9.596245 1.000000e+37
3049126 52471.394531 19403.876953 9248.770508 189.542877 80.787117 13.041293 11.075613 1.000000e+37
3049127 52023.660156 19225.896484 8957.823242 125.455139 133.315018 46.782459 10.570741 1.000000e+37
3049135 53627.726562 19218.917969 8849.051758 43.996464 129.126663 37.766224 9.602312 1.000000e+37
3049389 52145.941406 19510.443359 9765.753906 165.962067 124.608337 -9.578341 12.008904 1.000000e+37
3085745 51998.855469 18963.925781 8379.231445 137.227844 66.267143 63.702091 10.269599 1.000000e+37
3085981 52814.464844 18536.462891 10542.074219 71.044342 173.324860 56.160137 10.009527 1.000000e+37
3086006 52573.039062 20132.865234 11841.152344 167.341156 131.940689 18.191141 11.458156 1.000000e+37
3086637 51996.589844 20511.132812 11096.120117 175.505264 0.825702 69.637634 11.306151 1.000000e+37
3086642 53452.203125 20242.244141 9132.618164 115.461311 -5.947359 48.819572 10.560975 1.000000e+37
3123802 52249.359375 19790.470703 9403.255859 115.107597 82.082077 64.330864 9.941404 1.000000e+37
3124137 52745.250000 19850.580078 9363.363281 117.777481 101.207047 -23.630804 13.847931 -8.615617e+00
3124138 51527.460938 20098.935547 11029.955078 158.146133 82.771965 13.797259 11.497644 1.000000e+37
3124141 52927.398438 19124.275391 10582.718750 151.979462 170.455994 -22.076862 10.539878 1.000000e+37
3124142 53020.964844 18550.373047 10888.588867 133.317169 158.535248 -9.721223 8.699076 1.000000e+37
3163239 54361.597656 18414.746094 10686.803711 104.153191 132.310486 42.988323 9.958988 1.000000e+37
3163240 53161.324219 20014.312500 11012.889648 171.734634 37.017769 20.260511 11.479053 1.000000e+37
3163242 53414.761719 20084.623047 11883.042969 127.336288 135.599136 24.943142 12.140290 1.000000e+37
3163270 51377.488281 19213.906250 9538.418945 66.392334 65.965401 47.783108 11.826629 1.000000e+37
3163271 52912.984375 18406.503906 10958.794922 100.620132 167.145416 32.157017 10.861415 1.000000e+37
3163994 51704.878906 19102.449219 9175.875977 159.123428 77.060883 8.845027 9.797341 1.000000e+37
3163995 52322.632812 19364.875000 8867.428711 59.566662 60.787361 99.923798 11.554609 1.000000e+37
3164004 53289.210938 20088.347656 8536.752930 118.942055 2.225126 44.078430 6.330529 1.000000e+37
3203288 51806.417969 19599.703125 9388.227539 145.584442 44.141426 18.142105 9.143604 1.000000e+37
3203546 54615.738281 19144.972656 10764.724609 50.764706 165.263321 40.177597 8.992216 1.000000e+37
3203547 54541.097656 19053.710938 10663.586914 97.659401 148.350983 34.472458 7.403940 1.000000e+37
3203564 51884.281250 20269.476562 11031.286133 151.923233 35.427292 47.084888 10.975935 1.000000e+37
3204364 52149.105469 20114.865234 10297.428711 170.028854 -30.867897 45.994984 8.915137 1.000000e+37
3204416 51194.019531 19383.072266 10295.342773 186.379944 -28.520954 -37.435551 8.728607 1.000000e+37
3245564 52552.402344 19758.560547 9439.292969 76.994904 109.104172 20.473209 15.061784 1.000000e+37
3245567 53800.890625 19760.392578 10220.023438 46.160606 109.007324 83.357185 9.384479 1.000000e+37
3245568 52500.511719 19454.083984 8190.431641 16.298595 71.660339 43.193130 12.839890 1.000000e+37
3245923 53210.566406 19692.207031 10919.461914 131.603729 189.536026 -32.428158 11.089203 1.000000e+37
3245924 52945.371094 18131.753906 11206.605469 127.465996 124.091614 15.694524 8.666744 1.000000e+37
3245925 52887.136719 18222.847656 11102.936523 141.473984 145.825760 36.015755 10.262163 1.000000e+37
3246677 52495.078125 21429.115234 10423.602539 167.455902 6.173920 75.054558 11.931342 1.000000e+37
3246685 53940.203125 21161.207031 10448.148438 112.136681 31.663258 92.350342 10.876159 1.000000e+37
3289411 52116.929688 19541.558594 8499.007812 88.360207 85.634872 61.927711 8.011891 1.000000e+37
3289415 51778.183594 19517.179688 9671.877930 122.595924 92.351723 2.937691 8.938157 1.000000e+37
3289424 52500.558594 19466.824219 8863.455078 -5.757556 131.177475 46.987576 10.327185 1.000000e+37
3289750 53433.414062 20248.826172 11736.336914 117.535645 134.073120 27.334166 9.934069 1.000000e+37
3289759 53087.003906 19206.132812 10913.911133 155.225098 150.846832 -40.176861 11.919533 1.000000e+37
3289761 51863.933594 20204.250000 10907.438477 155.154800 38.732285 40.239357 10.608291 1.000000e+37
3289762 52932.003906 19447.986328 9766.123047 112.168915 14.885186 51.654888 13.094128 1.000000e+37
3289763 53381.925781 20461.966797 11152.025391 128.574036 82.733521 40.680897 10.154769 1.000000e+37
3335049 52197.687500 19574.142578 8384.526367 62.363342 50.633842 78.358963 11.847846 1.000000e+37
3335050 52193.355469 19576.582031 8713.964844 101.347214 39.591919 -20.042614 9.657741 1.000000e+37
3335053 51439.777344 19362.878906 9410.016602 165.201660 95.361290 80.100540 10.017323 1.000000e+37
3335055 53272.175781 19390.154297 8264.961914 38.077446 112.914894 21.529146 9.814181 1.000000e+37
3335056 53320.097656 19426.746094 8282.742188 37.706261 109.508957 20.860357 9.084832 1.000000e+37
3335072 53735.394531 18455.257812 8692.213867 56.755424 123.083397 26.532722 9.673129 1.000000e+37
3335073 52437.199219 19478.865234 8696.420898 -11.291505 107.847931 51.183918 11.290527 1.000000e+37
3335392 53344.906250 19754.582031 10526.847656 86.999161 114.749779 -64.703842 9.094294 1.000000e+37
3335393 53445.753906 19901.226562 10960.494141 115.732719 93.166138 -28.398989 9.811896 1.000000e+37
3335419 51615.648438 19891.587891 10697.247070 153.240189 81.576096 -18.182901 8.535721 1.000000e+37
3336292 52005.136719 19069.423828 8887.717773 66.073341 97.853226 64.337807 9.887200 1.000000e+37
3336302 53458.769531 20786.449219 9269.893555 143.802765 -1.575076 46.639477 8.970104 1.000000e+37
3336362 52884.480469 21156.931641 11482.889648 211.831345 -75.971672 46.043610 12.215086 1.000000e+37
3382470 53050.835938 18131.630859 10499.938477 87.750008 153.282532 46.105648 10.562015 1.000000e+37
3382475 53817.964844 20452.136719 10485.152344 75.920105 27.197605 98.760742 8.416229 1.000000e+37
3382815 54562.679688 19408.357422 10803.139648 71.401154 187.098480 67.948051 10.905331 1.000000e+37
3382843 51385.808594 19757.093750 10704.521484 188.560867 33.531864 -6.866379 9.749199 1.000000e+37
3383689 51978.250000 20564.042969 11078.212891 176.609879 -2.549901 70.920303 10.405618 1.000000e+37
3383753 52511.800781 20646.156250 11857.373047 177.537048 63.798542 93.979652 10.203396 1.000000e+37
3431701 52802.285156 18909.527344 9937.951172 77.795425 189.663864 39.268623 9.716500 1.000000e+37
3431703 51307.000000 19219.093750 9602.214844 61.289581 62.758770 80.376411 12.178056 1.000000e+37
3431704 52087.578125 19010.761719 8694.881836 207.236237 78.077187 74.451286 12.184154 1.000000e+37
3431707 54055.023438 19437.613281 8947.241211 54.070366 121.986771 41.655857 11.426254 1.000000e+37
3432069 53070.210938 19983.613281 10821.478516 113.968269 117.252914 -47.965206 11.338272 1.000000e+37
3432073 53010.984375 19407.330078 10496.622070 47.090904 23.416096 -49.872841 10.422359 1.000000e+37
3432074 52990.207031 19736.386719 10043.145508 63.742920 122.517380 -11.253563 9.582964 1.000000e+37
3432103 51196.253906 19917.476562 10737.220703 162.768402 62.376835 -7.464159 10.042940 1.000000e+37
3432105 52174.359375 19602.595703 10094.994141 166.106705 95.712784 -72.461586 11.431837 1.000000e+37
3432106 51967.292969 20189.289062 11233.267578 147.167099 22.371630 55.136478 12.146462 1.000000e+37
3432107 53390.773438 20519.042969 11409.280273 135.022614 82.739449 49.404526 9.838853 1.000000e+37
3433004 51981.707031 19579.933594 10513.422852 148.508255 19.218344 8.850561 10.480384 1.000000e+37
3433020 52838.695312 19389.162109 8955.228516 82.510681 -18.447538 78.214638 10.920772 1.000000e+37
3483115 52095.656250 19130.816406 8725.755859 95.518661 75.331230 125.935608 9.427921 1.000000e+37
3483116 52542.429688 19650.521484 9573.367188 84.336563 48.075752 140.034348 10.599220 1.000000e+37
3483117 52721.011719 19721.031250 10015.385742 145.765350 124.842995 134.010391 6.759309 1.000000e+37
3483119 52572.191406 19247.732422 9799.873047 215.362961 56.636368 -2.350113 9.862125 1.000000e+37
3483133 54279.457031 18724.269531 10027.264648 63.910919 120.431961 69.522697 6.809954 1.000000e+37
3483477 52808.453125 18812.507812 10776.066406 89.133072 150.882278 18.474161 10.402931 1.000000e+37
3483478 54297.039062 19940.611328 11442.140625 92.846817 139.574112 43.071114 10.858022 1.000000e+37
3483501 51279.101562 19798.529297 10847.018555 189.730560 40.454758 -1.114029 6.665497 1.000000e+37
3483502 51057.320312 19801.427734 11071.187500 191.424469 69.672913 -4.149111 8.843341 1.000000e+37
3483503 52172.777344 19709.898438 10635.021484 162.754974 85.260841 -28.834103 10.841136 1.000000e+37
3484477 53705.289062 20622.617188 9907.555664 120.422279 8.758434 71.314583 7.933093 1.000000e+37
3484526 51227.632812 19248.195312 10209.201172 160.526276 -24.538870 -48.852131 8.951680 1.000000e+37
3536230 52694.562500 19517.072266 9378.447266 68.162834 13.993783 -6.475091 12.684603 1.000000e+37
3536235 52394.019531 19023.800781 8660.161133 6.040471 39.354752 67.046127 10.589230 1.000000e+37
3536651 54422.652344 18615.576172 10785.917969 99.185379 132.913742 31.428408 7.878077 1.000000e+37
3536668 53466.546875 19449.701172 11595.745117 117.993248 87.294640 20.326706 13.581874 1.000000e+37
3536669 52776.722656 19405.462891 10406.817383 139.678680 179.166840 -5.823596 11.327642 1.000000e+37
3536670 52477.832031 18885.406250 10249.833008 142.032822 175.462097 1.357393 9.859537 1.000000e+37
3537708 53487.558594 20285.281250 8270.785156 97.903328 19.981960 33.760265 10.210928 1.000000e+37
3537709 53078.921875 20130.271484 10581.231445 143.031876 -22.662619 64.812912 8.629017 1.000000e+37
3537768 52862.820312 20151.753906 10890.278320 161.845871 11.683278 48.590130 8.787300 1.000000e+37
3537774 52308.621094 20515.683594 11600.124023 175.329391 40.770130 79.001694 9.542962 1.000000e+37
3591663 52471.105469 19423.593750 8963.699219 171.280502 52.807331 85.318321 10.033609 1.000000e+37
3591669 54064.558594 20028.039062 9653.652344 64.353607 85.648872 67.721199 11.849841 1.000000e+37
3591670 53362.640625 19777.597656 10107.325195 12.563527 110.141098 76.416260 8.775169 1.000000e+37
3591685 53812.843750 18288.902344 9003.662109 68.723701 122.893494 33.620934 8.689493 1.000000e+37
3592077 52988.593750 19575.099609 11122.496094 105.228287 171.984741 -13.591335 9.319160 1.000000e+37
3592079 53084.757812 19608.251953 10568.940430 63.778942 35.058952 -83.744583 8.835649 1.000000e+37
3592113 52053.464844 19553.052734 9638.487305 156.572693 68.731773 8.645581 11.138408 1.000000e+37
3593161 53591.316406 20863.857422 8608.478516 106.216583 16.770248 21.020674 8.581643 1.000000e+37
3593162 52914.847656 20389.798828 11280.125000 171.945175 31.558527 77.858185 8.711492 1.000000e+37
3593164 53242.789062 19720.720703 9901.205078 57.065899 -18.275124 64.560394 9.216120 1.000000e+37
3649994 54139.210938 20417.382812 10585.163086 88.174057 92.455963 78.722321 10.870993 1.000000e+37
3649996 54476.468750 19567.732422 9704.352539 59.755455 121.464119 62.963676 9.721811 1.000000e+37
3650408 53594.437500 20541.693359 11173.041992 99.314522 77.925980 82.841324 9.789204 1.000000e+37
3650410 52943.515625 19806.394531 10906.825195 85.141701 93.441505 -43.346348 9.669839 1.000000e+37
3650449 51851.261719 18008.576172 9851.383789 113.127296 132.917282 4.780194 9.301484 1.000000e+37
3650450 53024.800781 18000.994141 11133.166992 128.408752 124.543808 16.019409 8.291433 1.000000e+37
3651535 52807.195312 19366.126953 8869.635742 80.667053 -19.395708 73.395744 8.371559 1.000000e+37
3651607 51773.757812 20160.798828 11151.649414 188.867172 -1.737495 43.512482 6.172287 1.000000e+37
3651608 51503.125000 19686.109375 10600.090820 165.450027 32.573425 2.135793 9.140503 1.000000e+37
3710665 52265.523438 19450.828125 8312.004883 2.686271 72.700958 66.411346 9.709548 1.000000e+37
3710669 51090.195312 19228.937500 10016.754883 165.234268 20.655241 -106.828972 10.944460 1.000000e+37
3710671 52766.097656 19642.593750 10279.416016 79.097618 147.068344 5.345335 11.045874 1.000000e+37
3710672 53049.222656 19392.894531 8205.838867 25.559250 107.920563 23.760233 7.199430 1.000000e+37
3710693 54269.597656 18999.130859 9878.769531 60.743694 125.970383 69.740685 7.838687 1.000000e+37
3710694 53620.144531 18803.958984 8789.166992 52.708740 130.223557 31.061867 9.075999 1.000000e+37
3711112 52995.765625 19851.810547 10490.246094 -21.386520 95.388626 -36.576275 7.978051 1.000000e+37
3711141 52945.101562 19109.736328 10513.855469 144.347672 179.149994 -11.808514 6.679481 1.000000e+37
3711143 53437.882812 20241.611328 11209.446289 169.675964 73.937515 30.360537 10.960977 1.000000e+37
3711149 53131.675781 18214.500000 11442.104492 146.408066 111.604767 4.373361 9.784698 1.000000e+37
3712303 52867.320312 19925.119141 10664.081055 174.741547 -20.347002 28.803204 10.639492 1.000000e+37
3774222 51078.750000 19309.251953 10001.811523 156.472992 -52.899185 8.801442 8.061403 1.000000e+37
3774224 52645.046875 19401.480469 8131.665039 36.485401 41.998833 40.438351 10.163433 1.000000e+37
3774245 52763.054688 19422.039062 10414.271484 122.933670 199.710785 -43.501209 9.338998 1.000000e+37
3774708 54382.796875 19280.214844 11389.196289 90.767143 144.070816 31.185123 7.290903 1.000000e+37
3774713 54676.429688 19438.191406 10761.312500 88.438568 176.348068 -0.384584 10.004519 1.000000e+37
3774748 51945.390625 19476.988281 9990.597656 146.233261 40.667294 -66.021172 5.928428 1.000000e+37
3774750 50857.093750 19404.248047 10448.258789 155.297806 106.758377 -51.843563 10.152224 1.000000e+37
3775931 52828.554688 19189.458984 9605.731445 147.513916 63.112480 112.586884 8.130640 1.000000e+37
3775941 52608.375000 19075.343750 9257.665039 148.250854 52.675800 13.905499 9.473770 1.000000e+37
3775942 53218.386719 19852.451172 9946.902344 26.012918 11.163363 68.014481 10.321658 1.000000e+37
3776018 51961.085938 20157.742188 11363.860352 173.263382 36.071709 30.867323 12.734491 1.000000e+37
3840932 52804.460938 19312.025391 10470.572266 90.553314 207.770889 19.107565 8.029856 1.000000e+37
3840946 52555.523438 19890.265625 9886.191406 86.825966 60.449688 -42.333611 9.701613 1.000000e+37
3840949 54501.160156 19537.722656 9817.382812 61.757553 117.492126 70.815353 9.022589 1.000000e+37
3840964 53697.261719 19038.767578 9011.417969 48.260487 128.177368 43.163170 8.518923 1.000000e+37
3841426 54663.457031 19283.500000 10765.815430 67.571846 171.315170 69.307495 8.504105 1.000000e+37
3841450 52766.710938 19219.275391 10280.708984 100.078506 199.607666 14.717868 8.915675 1.000000e+37
3841452 52690.085938 18333.654297 10799.882812 146.423126 149.533752 15.266030 7.552678 1.000000e+37
3842674 52021.664062 18842.759766 8427.459961 161.201904 99.911369 58.222206 10.817509 1.000000e+37
3910660 52365.750000 19749.361328 9548.598633 35.689270 78.918861 22.742155 8.736956 1.000000e+37
3910661 52567.917969 19579.845703 10223.840820 194.614792 113.314415 -64.671471 6.535077 1.000000e+37
3910662 54147.679688 20445.160156 10583.579102 96.468567 44.935131 88.986015 7.877681 1.000000e+37
3910663 52689.792969 19850.974609 10364.871094 79.979691 106.879425 67.946754 9.486621 1.000000e+37
3911197 51592.808594 19516.486328 9661.092773 94.202209 84.155823 -1.424471 8.330478 1.000000e+37
3911198 53206.410156 17751.533203 10624.954102 99.887245 140.395248 36.330845 8.377332 1.000000e+37
3912541 53173.824219 19770.236328 9442.461914 93.939507 -42.631153 66.970619 12.510386 1.000000e+37
3984282 52138.964844 19718.861328 9160.166992 85.694534 86.176613 39.153908 8.542665 1.000000e+37
3984286 52154.984375 19536.916016 8933.110352 188.624451 10.381721 -0.924736 11.162683 1.000000e+37
3984288 51102.003906 19317.714844 9186.924805 164.622314 101.248802 45.809158 8.559013 1.000000e+37
3984290 51097.457031 19488.642578 9900.036133 175.178833 78.904587 -154.883820 7.746467 1.000000e+37
3984291 53875.347656 20236.845703 10491.110352 73.954590 88.992134 65.139084 12.193031 1.000000e+37
3984304 54499.000000 18603.361328 10524.911133 87.496773 139.354813 66.742714 8.874372 1.000000e+37
3984305 54129.289062 18668.607422 9929.068359 72.088127 121.915924 62.269020 9.572534 1.000000e+37
3984834 53152.773438 19697.822266 10733.077148 163.400787 -0.322156 -21.053413 7.170005 1.000000e+37
3984863 51650.308594 20211.011719 11010.537109 187.068512 -8.899423 51.063824 9.057957 1.000000e+37
3985014 51070.757812 19262.214844 9922.650391 236.922791 -100.841660 -65.994781 9.339879 1.000000e+37
3986240 52804.855469 19498.548828 8942.177734 56.609417 -10.371520 83.944832 9.000437 1.000000e+37
3986241 53596.859375 20404.792969 10049.382812 114.704025 1.441761 73.793747 9.174633 1.000000e+37
3986330 51865.042969 20426.681641 11439.813477 183.574554 28.703794 51.157906 10.001130 1.000000e+37
3986331 51194.429688 19356.212891 10261.368164 181.280853 -24.418634 -45.229713 7.018921 1.000000e+37
3986332 51257.035156 19923.138672 10482.548828 174.861740 -25.168396 25.071604 9.323647 1.000000e+37
4061807 52035.230469 19360.544922 8407.351562 209.624756 124.396935 25.846903 6.325144 1.000000e+37
4061808 52377.523438 19419.025391 8689.384766 224.118103 51.597103 79.679932 6.747961 1.000000e+37
4061835 54657.660156 19280.166016 10853.089844 84.184525 165.447052 10.620116 8.309794 1.000000e+37
4061836 54548.183594 18562.265625 10505.846680 79.046921 143.084854 48.713276 7.676502 1.000000e+37
4062373 54524.527344 19418.708984 10825.559570 66.965363 181.168121 70.638603 6.743103 1.000000e+37
4062376 54524.882812 18684.332031 10588.507812 106.860619 146.293045 47.152069 10.090492 1.000000e+37
4062377 53394.257812 19726.578125 10835.928711 131.895294 111.510002 -47.256748 10.758373 1.000000e+37
4062405 51913.593750 19880.644531 10737.288086 153.924103 91.227211 -21.565178 9.097986 1.000000e+37
4062406 52799.554688 19279.203125 10816.681641 108.634720 176.729141 -8.559324 7.185091 1.000000e+37
4062408 53028.238281 18557.025391 10922.721680 114.275345 161.039932 -0.312056 4.783480 1.000000e+37
4063913 54158.058594 20306.693359 9063.018555 81.536598 52.723537 46.542290 11.091936 1.000000e+37
4063998 51561.648438 20274.158203 11554.533203 163.476501 96.436562 25.735983 9.017974 1.000000e+37
4064000 51305.417969 19392.519531 10362.020508 184.356674 -22.788801 -28.715811 8.486620 1.000000e+37
4064001 51088.597656 19518.560547 10403.831055 197.449722 -10.822109 -25.771692 6.547865 1.000000e+37
4142760 54234.933594 20036.328125 9577.411133 68.115623 90.376343 61.692596 8.803059 1.000000e+37
4142761 54350.070312 19680.894531 8620.765625 54.264717 120.343643 19.517483 7.205944 1.000000e+37
4142779 54427.792969 18705.507812 10353.728516 84.832893 121.653130 69.702034 8.201670 1.000000e+37
4142782 53393.128906 19412.443359 8238.490234 36.910591 119.601852 22.963554 7.885645 1.000000e+37
4143338 53075.046875 19428.304688 11363.787109 108.550362 165.967728 10.340919 11.342403 1.000000e+37
4143344 53342.597656 19851.351562 10481.367188 19.136549 149.422073 19.088802 6.619739 1.000000e+37
4143345 52931.351562 19815.679688 10665.795898 39.793388 105.927383 -65.514786 7.261117 1.000000e+37
4143348 53438.507812 20265.478516 11747.256836 112.505562 127.847305 29.838034 8.645275 1.000000e+37
4143385 51122.539062 19936.695312 9992.711914 185.798035 66.740906 20.301857 11.551065 1.000000e+37
4143386 51134.859375 19535.080078 10466.696289 154.730759 105.036041 -55.678917 9.198269 1.000000e+37
4143387 51495.117188 20251.007812 11503.142578 179.386536 113.355080 39.152153 7.941431 1.000000e+37
4143388 53230.144531 19913.970703 10783.253906 95.580055 155.395966 -24.347391 10.569032 1.000000e+37
4143393 53042.726562 19504.742188 11175.638672 114.319725 167.594376 -9.897461 8.535878 1.000000e+37
4144900 53063.359375 19800.595703 8586.381836 81.100815 8.544377 53.778652 6.710402 1.000000e+37
4144979 52881.449219 20588.388672 11654.630859 186.705795 60.203690 92.234848 6.934502 1.000000e+37
4227080 52735.710938 19369.558594 10079.000000 63.364513 223.707809 25.074924 7.287448 1.000000e+37
4227085 52554.082031 19399.060547 9163.160156 114.318192 84.074150 32.849564 6.242054 1.000000e+37
4227086 52223.507812 19556.392578 9295.139648 65.676018 32.452759 84.993111 7.897468 1.000000e+37
4227710 54699.500000 19455.261719 10697.576172 82.532875 186.286606 0.140147 6.002290 1.000000e+37
4227720 52957.929688 18432.857422 10886.639648 123.335915 148.946701 2.619411 8.351014 1.000000e+37
4227721 54407.824219 18992.955078 10573.125977 104.318047 146.052902 55.007370 7.335697 1.000000e+37
4227722 54127.746094 19811.050781 10966.916016 86.753281 117.087753 29.491215 7.018044 1.000000e+37
4227754 51830.933594 18864.009766 10332.916016 145.331726 141.940948 -30.449057 8.102183 1.000000e+37
4227755 50901.851562 19431.001953 10533.456055 154.490112 104.863976 -47.989582 9.077343 1.000000e+37
4227756 51412.750000 19512.787109 9433.310547 119.106438 23.235022 -8.119549 9.654196 1.000000e+37
4227757 53325.410156 19716.146484 10746.898438 86.209702 33.293671 -15.739762 7.615456 1.000000e+37
4227760 53213.195312 19692.599609 11077.698242 133.668228 157.950699 -34.257038 10.723269 1.000000e+37
4229326 52895.062500 19580.853516 8771.863281 66.497673 3.476125 70.661179 8.909604 1.000000e+37
4229327 54056.667969 20695.701172 10939.753906 117.129234 46.927547 105.132744 7.099427 1.000000e+37
4229337 53220.105469 19803.365234 8950.414062 39.090229 37.945381 59.869595 9.191505 1.000000e+37
4229418 52304.140625 20526.988281 11620.904297 188.507599 40.977737 66.851280 7.264121 1.000000e+37
4314909 51982.570312 19445.160156 8750.856445 53.846127 17.409472 77.070793 5.782125 1.000000e+37
4314915 51392.542969 19180.150391 9958.284180 77.044296 52.727356 -17.393076 8.264807 1.000000e+37
4314918 52791.636719 19664.937500 9485.308594 -11.239342 -18.838028 118.278419 8.608757 1.000000e+37
4314920 52531.730469 19830.316406 10051.969727 49.584839 99.430046 -13.660333 8.560474 1.000000e+37
4314921 53527.816406 19761.710938 10183.981445 26.547237 112.777321 79.257713 8.223292 1.000000e+37
4314944 53829.218750 19192.212891 9124.116211 48.223793 124.230591 44.370140 7.499038 1.000000e+37
4315594 52970.078125 18305.136719 10482.587891 68.799995 155.379089 33.508137 9.599284 1.000000e+37
4315596 54088.277344 20712.330078 11041.434570 97.818703 90.636566 84.168571 8.557954 1.000000e+37
4315645 51201.503906 19876.792969 10789.103516 168.745544 69.652756 -10.522943 9.240039 1.000000e+37
4315646 51035.226562 19542.144531 10546.840820 155.812134 103.258179 -49.607014 6.927704 1.000000e+37
4315648 52974.054688 20096.902344 10924.630859 180.957321 65.831795 -3.396578 9.481777 1.000000e+37
4315649 51099.757812 19144.203125 9997.321289 188.004974 -13.413545 -86.788849 11.261522 1.000000e+37
4315656 53259.058594 19805.201172 11139.052734 108.172211 50.705593 11.237909 7.487666 1.000000e+37
4317336 52353.152344 19379.558594 8843.992188 145.019150 -24.398710 4.896701 9.452602 1.000000e+37
4317355 53586.574219 20809.507812 8820.988281 103.738670 13.024565 33.367908 8.094901 1.000000e+37
4317356 52954.164062 20644.216797 11779.216797 175.588623 61.776279 112.171539 8.115470 1.000000e+37
4317357 53691.031250 20238.218750 10501.952148 105.136345 24.627493 80.373749 8.995217 1.000000e+37
4317358 53669.804688 20906.541016 9733.690430 111.567085 16.269945 65.553650 10.583198 1.000000e+37
4317359 53684.398438 20728.703125 10946.347656 141.108704 25.480003 103.185707 7.206503 1.000000e+37
4317451 51553.453125 20127.669922 11518.091797 199.690155 46.533516 50.426590 10.814317 1.000000e+37
