#subID	 x	 y	 z	 vx	 yv	 yz	 vmax	 B_MAG
#subID	 kpc/h	 kpc/h	 kpc/h	 km/s	 km/s	 km/s	 km/s	 mags
341082 56944.308594 54823.937500 41508.136719 110.948845 -30.030560 18.108919 55.128716 -1.532540e+01
341084 57106.140625 54487.070312 41528.437500 214.483017 109.758011 -32.362259 45.333344 -1.320847e+01
341095 57015.582031 54790.019531 41453.125000 131.010361 -46.292850 -21.127270 19.168154 1.000000e+37
341096 57143.171875 54724.734375 41418.746094 28.717537 -6.620569 -157.508789 23.416574 1.000000e+37
341103 56997.527344 54812.855469 41422.871094 -5.142382 13.937479 -8.853293 19.282637 1.000000e+37
341104 57039.628906 54679.242188 41534.050781 267.576355 -10.688987 -95.955940 19.673014 1.000000e+37
341115 57093.761719 54764.296875 41422.355469 293.204071 23.402817 101.980728 19.134941 1.000000e+37
341120 57057.089844 54719.378906 41520.804688 232.511932 273.376312 57.099682 20.445366 1.000000e+37
341124 57071.792969 54678.945312 41412.812500 -142.336288 238.806808 241.682327 16.116030 1.000000e+37
341125 57001.667969 54735.687500 41552.250000 115.552002 73.806274 152.327454 20.306019 -8.446679e+00
341133 57118.906250 54471.332031 41507.328125 187.370514 377.904510 2.846096 17.641628 1.000000e+37
341136 57054.250000 54729.339844 41459.542969 298.284271 235.348251 112.125755 15.623154 1.000000e+37
341142 57281.382812 54479.054688 41292.863281 -178.937851 214.394775 140.036926 14.386547 1.000000e+37
341144 57036.328125 54494.304688 41506.722656 184.809387 66.285507 -19.320431 20.600014 1.000000e+37
341146 57080.632812 54574.167969 41518.113281 -75.355354 391.857605 114.147415 14.774783 1.000000e+37
341151 56945.742188 54824.792969 41528.589844 111.441696 -83.765366 16.034039 20.695263 -8.897571e+00
341153 57149.429688 54717.265625 41339.691406 104.803802 135.289825 9.804214 16.386955 -9.891747e+00
341167 56996.640625 54855.261719 41529.636719 75.654427 366.751770 138.636230 16.954603 1.000000e+37
341182 57072.636719 54747.472656 41463.886719 -104.391418 321.532074 -57.060558 11.319363 1.000000e+37
341183 56986.882812 54441.566406 41562.085938 182.750275 310.501923 -16.387011 12.001611 1.000000e+37
341184 56964.617188 54858.902344 41459.460938 96.128174 167.304596 171.523010 14.867248 1.000000e+37
341187 57261.062500 54431.179688 41423.003906 32.040340 249.900223 92.188606 16.185791 1.000000e+37
341200 57187.390625 54662.613281 41366.128906 214.479080 76.967461 69.952805 15.713719 1.000000e+37
341208 57098.019531 54504.464844 41496.007812 -78.241501 342.660828 -44.035263 11.308187 1.000000e+37
341227 56877.500000 54971.132812 41566.175781 136.141815 56.718864 -89.988922 13.604979 1.000000e+37
341228 57053.777344 54545.757812 41663.976562 88.286522 77.917145 21.790455 12.780583 1.000000e+37
341240 57010.609375 54740.175781 41531.019531 -13.730189 310.309418 251.141510 7.438643 1.000000e+37
341252 57104.949219 54773.093750 41456.515625 314.496124 211.368011 115.889030 9.605545 1.000000e+37
341260 57203.890625 54437.046875 41500.117188 -155.029358 334.473938 89.033951 9.635542 1.000000e+37
341266 57042.281250 54645.859375 41606.785156 99.038963 -44.685383 18.988592 9.282768 1.000000e+37
341269 57049.820312 54415.136719 41665.488281 97.377129 17.961285 -64.991486 7.224014 1.000000e+37
419138 54673.421875 54308.843750 41323.609375 66.603065 172.970154 61.494419 141.373306 -2.047442e+01
419139 54687.703125 54350.949219 41670.226562 57.628304 189.135101 -49.941109 154.250916 -2.050757e+01
419140 54441.707031 54423.585938 41279.726562 168.008148 146.162720 59.356945 102.365295 -1.783384e+01
419141 54608.292969 54348.480469 41602.117188 152.617004 152.059586 -93.306641 42.580624 -1.272361e+01
419142 54458.453125 54290.871094 41342.121094 106.113518 193.523422 63.669949 28.176699 -8.847044e+00
419143 54664.410156 54335.574219 41412.832031 -34.969353 107.168991 21.323833 25.946836 -1.011173e+01
419144 54747.214844 54318.027344 41344.246094 -106.659653 183.134659 79.764709 20.033861 1.000000e+37
419145 54544.136719 54403.113281 41699.511719 93.106735 198.300812 15.791666 24.183216 -8.605020e+00
419146 54399.445312 54379.328125 41279.992188 223.853546 89.978996 17.981205 21.991442 1.000000e+37
419147 54779.371094 54284.328125 41302.035156 90.558441 279.512177 90.409462 22.780794 1.000000e+37
419148 54758.765625 54395.570312 41302.527344 -36.120354 233.364044 55.315365 18.609243 1.000000e+37
419149 54762.742188 54341.968750 41627.320312 0.981253 128.696808 -138.295013 21.217062 1.000000e+37
419150 54730.562500 54198.691406 41237.335938 177.141251 208.138489 62.296238 15.384716 1.000000e+37
419151 54666.414062 54376.835938 41305.476562 196.815887 78.088943 142.433914 18.252600 1.000000e+37
419152 54777.828125 54340.226562 41357.667969 -38.130020 131.442612 74.269005 17.754963 1.000000e+37
419153 54783.726562 54327.988281 41330.691406 81.253403 215.241409 -71.397720 17.040434 1.000000e+37
419154 54654.066406 54370.234375 41688.355469 -31.643911 284.470093 -152.950455 20.400730 1.000000e+37
419155 54794.457031 54311.230469 41629.351562 113.911331 259.107086 92.417381 17.469883 1.000000e+37
419156 54764.707031 54317.101562 41661.558594 113.489754 276.993103 35.323284 18.777128 1.000000e+37
419157 54464.316406 54490.312500 41279.519531 91.699036 110.110138 73.396088 17.889181 1.000000e+37
419158 54733.488281 54257.964844 41247.000000 78.421829 275.728973 -49.939701 14.178758 1.000000e+37
419159 54660.320312 54249.628906 41297.253906 21.599266 118.457062 138.171448 22.155153 1.000000e+37
419160 54572.636719 54281.648438 41375.589844 99.510208 100.270523 35.800209 15.782763 1.000000e+37
419161 54552.195312 54300.800781 41296.421875 145.160431 242.382278 63.643291 18.343328 1.000000e+37
419162 54643.433594 54306.976562 41243.425781 -71.084343 106.440376 151.757751 13.459141 1.000000e+37
419163 54736.093750 54438.734375 41720.503906 184.847748 102.239227 -63.226524 13.811078 1.000000e+37
419164 54719.367188 54384.523438 41653.378906 -22.745014 118.106300 143.259186 17.446825 1.000000e+37
419165 54681.324219 54267.761719 41284.187500 -30.960028 84.673958 67.666039 19.566032 -8.842091e+00
419166 54768.789062 54388.656250 41566.250000 -9.414270 188.835770 118.277359 13.787883 1.000000e+37
419167 54719.566406 54381.144531 41693.769531 183.856720 196.577255 -96.398643 16.584810 -9.467419e+00
419168 54696.281250 54424.132812 41287.441406 25.367304 278.633301 36.122044 11.120364 1.000000e+37
419169 54609.609375 54265.441406 41373.347656 -68.364029 147.249710 97.205795 11.520380 1.000000e+37
419170 54682.585938 54256.082031 41387.371094 126.565193 229.880264 155.337845 15.627777 1.000000e+37
419171 54647.695312 54285.074219 41314.714844 201.203873 263.997925 74.020554 14.182801 -1.116600e+01
419172 54368.269531 54404.148438 41285.488281 78.890793 186.002380 -35.674206 12.520450 1.000000e+37
419173 54557.289062 54377.351562 41255.121094 31.280519 299.339600 52.015152 12.586538 1.000000e+37
419174 54829.761719 54295.937500 41709.292969 144.319260 256.570984 -2.206215 10.689172 1.000000e+37
419175 54785.316406 54236.179688 41405.578125 -48.197414 106.824173 -14.228111 9.381289 1.000000e+37
419176 54661.187500 54382.046875 41377.296875 12.542236 220.471298 131.214844 11.093570 1.000000e+37
419177 54571.000000 54394.351562 41308.738281 -13.445713 103.090172 35.056782 11.711657 1.000000e+37
419178 54663.117188 54404.031250 41470.226562 178.172226 136.096237 105.559105 10.224837 1.000000e+37
419179 54765.242188 54342.566406 41709.062500 80.149597 112.013855 -130.061554 11.715729 1.000000e+37
419180 54673.562500 54414.417969 41287.050781 -4.659345 90.511299 39.542271 11.319808 1.000000e+37
419181 54758.964844 54276.976562 41363.246094 117.377724 64.434677 152.531784 12.304586 1.000000e+37
419182 54594.113281 54415.097656 41535.742188 53.205734 212.612137 -28.922371 7.945420 1.000000e+37
419183 54704.429688 54348.355469 41408.253906 83.304611 40.399284 46.593491 9.943442 1.000000e+37
419184 54800.335938 54266.820312 41348.273438 -60.060799 88.337990 -4.214403 6.490274 1.000000e+37
419185 54704.187500 54411.101562 41385.800781 140.925812 116.259033 57.382160 9.965551 1.000000e+37
419186 54688.460938 54350.214844 41714.996094 131.370438 278.524048 145.512787 12.237919 1.000000e+37
419187 54749.417969 54327.347656 41190.531250 164.712585 116.916702 91.680481 7.634763 1.000000e+37
454913 55365.054688 54017.800781 40605.902344 88.401955 159.842133 52.425491 188.346939 -2.011837e+01
454914 55326.507812 53893.484375 40685.621094 140.901825 70.545090 149.317322 22.328554 -9.304376e+00
454915 55364.214844 53883.027344 40617.781250 209.633194 82.402054 118.255135 18.974312 1.000000e+37
454916 55473.644531 54122.363281 40604.511719 66.613754 92.251396 209.312332 18.749840 1.000000e+37
454917 55216.109375 53986.398438 40662.601562 224.554092 168.002258 10.383018 19.911257 1.000000e+37
454918 55274.296875 53943.347656 40651.671875 129.634018 182.325745 133.400208 19.170780 1.000000e+37
454919 55314.664062 53874.523438 40661.144531 46.919983 4.392641 -18.777542 13.822243 1.000000e+37
454920 55318.449219 54094.328125 40686.890625 26.820387 259.112579 19.568317 16.679148 1.000000e+37
454921 55516.199219 53945.421875 40576.328125 157.996216 71.715096 5.055053 11.680909 1.000000e+37
454922 55425.648438 54025.648438 40836.570312 186.434586 183.844131 70.877991 15.270637 1.000000e+37
454923 55488.937500 54037.644531 40608.621094 176.348358 107.776070 -19.959591 13.582227 1.000000e+37
454924 55474.769531 54070.343750 40666.968750 14.861075 179.060287 -81.748238 12.795111 1.000000e+37
454925 55382.152344 53862.648438 40626.394531 -3.191386 172.216034 25.952642 12.653753 1.000000e+37
454926 55388.023438 54060.433594 40616.851562 186.245209 -21.405272 225.772614 13.218288 1.000000e+37
454927 55250.578125 54064.953125 40677.183594 -16.224236 109.444695 -49.946144 9.104486 1.000000e+37
454928 55338.269531 53865.511719 40690.656250 147.791702 99.910759 106.986977 12.270996 1.000000e+37
454929 55427.285156 53967.765625 40650.484375 215.169388 257.535767 109.016891 12.629589 1.000000e+37
454930 55305.386719 53961.078125 40638.898438 107.162720 51.015938 229.332932 10.158448 1.000000e+37
454931 55229.800781 54036.394531 40637.476562 83.203094 252.473984 71.959221 12.882352 1.000000e+37
454932 55390.726562 54006.464844 40609.132812 -215.893311 154.578552 21.199291 12.472460 1.000000e+37
454933 55536.257812 54077.449219 40677.191406 24.767969 170.219086 168.622253 6.765807 1.000000e+37
459597 55549.859375 53780.585938 40380.347656 15.993038 204.070557 124.367249 143.933014 -2.034965e+01
459598 55533.300781 53641.593750 40457.289062 86.704979 224.643585 187.605148 86.767288 -1.770175e+01
459599 55460.371094 53835.484375 40393.601562 54.820255 263.781158 123.534103 81.438782 -1.737613e+01
459600 55502.847656 53752.265625 40309.964844 121.133812 191.216034 144.410217 24.843174 1.000000e+37
459601 55601.136719 53773.113281 40378.183594 7.669420 294.166473 245.546356 23.389860 -1.000041e+01
459602 55656.343750 53843.488281 40398.863281 -46.819607 177.412140 -10.904370 17.871367 1.000000e+37
459603 55448.582031 53739.152344 40356.285156 56.805832 135.801712 59.521690 19.355888 -9.125982e+00
459604 55586.195312 53779.933594 40431.863281 -75.068657 125.459450 166.988785 22.474699 -9.836612e+00
459605 55601.046875 53719.035156 40401.191406 35.003529 114.424446 77.463577 16.756090 -1.094046e+01
459606 55439.023438 53733.074219 40450.078125 -92.744583 197.025818 36.703583 17.826666 1.000000e+37
459607 55546.089844 53879.128906 40451.339844 -109.834694 220.970108 144.262924 15.149139 1.000000e+37
459608 55391.812500 53935.265625 40413.179688 24.069757 151.685852 123.958374 15.328646 1.000000e+37
459609 55471.320312 53808.343750 40435.609375 46.450695 365.341278 166.232956 14.820856 1.000000e+37
459610 55602.343750 53831.089844 40311.300781 92.138008 230.589905 194.616821 15.284349 1.000000e+37
459611 55478.953125 53757.292969 40469.269531 5.971805 349.816223 82.513687 13.361480 1.000000e+37
459612 55651.820312 53811.886719 40512.445312 -51.500507 310.449097 114.459282 12.160867 1.000000e+37
459613 55614.335938 53853.089844 40498.480469 -80.139832 217.329315 121.288445 15.144441 1.000000e+37
459614 55559.707031 53749.593750 40384.144531 -119.739685 394.200989 94.322289 15.970592 1.000000e+37
459615 55543.160156 53812.851562 40331.863281 127.897949 286.793457 90.181870 14.447006 1.000000e+37
459616 55535.769531 53880.132812 40315.156250 -34.846592 127.927559 111.910126 14.966268 1.000000e+37
459617 55548.546875 53900.273438 40378.625000 108.045723 228.578613 115.630669 16.447672 -8.539865e+00
459618 55409.636719 53831.519531 40327.097656 35.629398 200.485626 109.117966 6.831497 1.000000e+37
459619 55431.753906 53702.382812 40396.640625 -54.472961 97.124954 128.644958 9.900106 1.000000e+37
459620 55600.070312 53757.148438 40297.945312 -82.817978 242.104935 175.838272 10.773410 1.000000e+37
459621 55582.867188 53855.003906 40433.632812 -91.625961 234.757263 36.472977 12.809766 1.000000e+37
459622 55527.328125 53901.191406 40437.214844 108.700928 200.819611 95.666222 14.853826 1.000000e+37
459623 55539.785156 53821.523438 40404.722656 146.595261 171.333023 279.554169 12.397513 1.000000e+37
459624 55414.734375 53854.863281 40454.277344 56.446068 148.101959 225.810120 12.284205 1.000000e+37
459625 55543.285156 53700.957031 40255.855469 59.920216 163.306076 187.176376 13.158624 1.000000e+37
459626 55652.875000 53792.367188 40471.636719 35.669121 293.833191 24.951723 8.998834 1.000000e+37
459627 55667.074219 53798.164062 40393.738281 -19.456636 85.882454 114.453255 10.489390 1.000000e+37
459628 55596.378906 53792.949219 40481.457031 -3.704550 115.535469 166.024628 11.362853 1.000000e+37
459629 55509.304688 53790.503906 40359.250000 -1.503380 41.607166 215.363113 10.621271 1.000000e+37
459630 55648.378906 53751.703125 40364.011719 58.170792 298.630554 25.252403 10.015615 1.000000e+37
459631 55646.683594 53782.910156 40305.507812 52.158527 172.204010 3.822115 11.200890 1.000000e+37
459632 55544.121094 53883.265625 40492.550781 -80.553429 265.249908 42.459564 8.389262 1.000000e+37
531418 56718.960938 53700.351562 42026.003906 78.680542 235.989670 -12.186652 100.784927 -1.891932e+01
531419 56633.167969 53746.316406 42019.843750 100.263115 230.492325 71.868103 46.779873 -1.381201e+01
531420 56591.863281 53759.058594 42023.589844 70.264191 204.393082 44.588936 33.155891 1.000000e+37
531421 56709.078125 53644.527344 42032.730469 113.836731 214.102219 79.797165 24.408987 1.000000e+37
531422 56744.363281 53760.832031 42058.488281 100.105415 120.122002 -26.520449 16.044283 1.000000e+37
531423 56640.660156 53694.066406 42075.859375 84.736397 298.051086 59.379452 19.279514 1.000000e+37
531424 56720.968750 53677.722656 42004.382812 96.459198 201.742752 161.792542 18.806849 1.000000e+37
531425 56772.378906 53698.617188 41987.640625 142.716904 305.669006 55.996506 14.991500 1.000000e+37
531426 56720.968750 53581.835938 41980.324219 81.375031 192.605133 -51.300156 8.154288 1.000000e+37
531427 56730.332031 53750.019531 42010.550781 65.518654 115.729630 47.932354 12.168109 1.000000e+37
531428 56722.183594 53653.062500 42002.652344 -7.652748 284.946320 27.914505 15.207531 1.000000e+37
535073 56196.164062 52705.957031 39036.351562 28.488253 106.943405 13.496570 34.010067 -8.793681e+00
535074 56202.949219 52730.578125 39073.343750 59.126308 115.762794 20.748438 24.199043 1.000000e+37
535076 56267.960938 52592.351562 39083.769531 78.432289 150.107956 95.379135 13.417629 1.000000e+37
540817 55585.199219 55817.433594 41298.996094 58.279728 113.835732 24.844723 10.330400 1.000000e+37
540823 55605.289062 55799.558594 41302.132812 76.960632 170.169342 159.672989 7.904824 1.000000e+37
579058 55917.109375 53312.691406 39410.367188 50.656113 180.974487 108.108009 93.956306 -1.823017e+01
579059 55949.472656 53288.628906 39404.292969 45.129147 175.231522 187.460251 16.979086 1.000000e+37
579060 55861.687500 53299.808594 39363.492188 21.424797 264.474701 72.108292 11.411413 1.000000e+37
579061 55863.050781 53260.785156 39411.535156 31.921625 225.065536 81.534592 16.944452 1.000000e+37
579062 55831.464844 53311.062500 39457.222656 71.011681 132.722641 62.397057 11.479030 1.000000e+37
582237 56611.523438 54969.089844 41742.492188 146.477524 24.426960 114.517159 79.865349 -1.742203e+01
582238 56645.523438 54949.953125 41724.804688 66.789955 2.879473 123.999290 38.926094 -1.187113e+01
582239 56605.406250 54994.417969 41740.429688 198.155884 4.568367 126.189110 15.835201 -1.275193e+01
582240 56569.218750 54922.906250 41775.148438 105.546959 69.939789 110.571396 17.157232 1.000000e+37
582241 56542.519531 54921.894531 41790.933594 127.399979 66.415054 120.228790 16.505663 1.000000e+37
582242 56660.039062 54995.296875 41796.839844 118.038208 14.233232 139.364670 16.930775 1.000000e+37
582243 56610.089844 54900.609375 41746.136719 97.736816 30.073566 119.923302 10.850477 1.000000e+37
582244 56673.796875 55010.164062 41744.921875 88.728943 -7.852922 172.116394 11.911444 1.000000e+37
582245 56697.730469 54988.597656 41711.113281 99.908035 -13.817364 115.989044 12.479393 1.000000e+37
582246 56553.742188 54885.250000 41764.992188 133.090820 14.402522 75.191338 10.875632 1.000000e+37
582289 56458.082031 53554.019531 42245.527344 61.702408 234.271973 -63.683804 86.926636 -1.823597e+01
582290 56421.453125 53534.679688 42285.382812 56.644169 198.130890 -108.082756 11.114280 1.000000e+37
582291 56507.148438 53575.101562 42262.445312 104.412277 316.261688 -74.180145 11.735610 1.000000e+37
595778 55312.800781 53195.468750 39615.347656 83.499390 146.524185 129.586029 81.572975 -1.711796e+01
662667 55646.296875 53871.160156 42476.917969 52.851261 213.496658 10.136704 63.335186 -1.538220e+01
662668 55663.203125 53879.835938 42496.636719 -8.982283 221.907593 32.723000 12.010640 1.000000e+37
666970 56489.472656 53327.703125 39918.679688 27.663330 187.365372 92.994598 61.018246 -1.513612e+01
666971 56527.457031 53382.882812 39923.382812 9.765483 148.438126 69.570251 18.398424 1.000000e+37
666972 56469.753906 53334.226562 39884.179688 18.816736 153.731079 97.267509 16.023508 1.000000e+37
675400 56439.835938 55424.710938 41498.695312 103.742119 60.559418 128.582169 57.409897 -1.561999e+01
678857 55251.765625 53912.820312 40792.277344 38.476997 138.102539 16.542137 64.397652 -1.598153e+01
702637 56374.867188 54217.105469 40471.925781 39.485550 203.973526 88.167252 55.681507 -1.457374e+01
732166 53816.679688 53506.703125 40022.652344 57.857128 221.355347 60.276741 48.046192 -1.317241e+01
735698 57297.289062 53240.656250 40341.023438 41.040710 130.510376 152.215240 44.363113 -1.329187e+01
759770 54966.281250 53616.175781 40042.097656 101.179489 150.673416 134.702698 44.190113 -1.159307e+01
759771 54926.109375 53581.968750 40007.871094 102.467484 178.129395 118.103836 18.635782 1.000000e+37
765330 54205.253906 53985.421875 39835.089844 69.145851 154.094803 104.596001 35.256809 1.000000e+37
765331 54199.871094 54007.585938 39842.898438 90.705246 130.801071 71.122406 23.545065 1.000000e+37
765332 54185.175781 54001.914062 39876.023438 109.338242 158.191132 100.964302 11.876826 1.000000e+37
780804 54625.484375 54313.441406 42226.984375 64.032341 212.989822 -47.505749 44.040253 -1.207953e+01
782582 55444.460938 55735.406250 41066.097656 48.888638 126.206284 158.546539 38.661491 -1.018423e+01
782583 55454.421875 55699.863281 41063.281250 68.788979 147.306442 175.788483 13.670203 1.000000e+37
791444 56829.183594 54696.312500 41843.703125 91.227684 27.959318 20.166737 39.460644 -1.141719e+01
791445 56779.144531 54710.765625 41827.968750 176.005829 9.714488 46.651657 19.265808 1.000000e+37
791446 56868.136719 54720.828125 41810.093750 190.500961 32.793941 147.447876 12.540370 1.000000e+37
798178 56144.859375 52929.902344 38858.410156 87.276230 178.643265 77.829422 40.049683 -1.198516e+01
806199 56370.074219 54187.667969 41057.187500 76.637123 182.163895 85.040939 39.623508 -1.132612e+01
806200 56364.449219 54214.542969 41051.238281 83.126152 162.181488 67.223495 11.255925 1.000000e+37
810503 54047.125000 53123.664062 39934.527344 50.545208 234.170258 30.314146 40.059895 -1.062946e+01
827182 56084.816406 54095.058594 40862.253906 48.117325 168.329758 66.965431 37.691307 -1.033594e+01
827183 56075.691406 54135.691406 40837.128906 52.514858 151.069351 57.192333 20.671673 1.000000e+37
828681 55815.171875 53304.957031 39528.429688 52.325523 233.033554 74.830849 40.241241 -1.169536e+01
828887 54798.031250 53119.386719 39121.523438 62.809734 126.516876 115.641998 35.008179 -8.712869e+00
828888 54765.800781 53156.648438 39113.078125 91.830345 181.970703 74.142563 11.161901 1.000000e+37
832721 54981.968750 54166.519531 40362.492188 139.075272 193.168518 112.730988 18.007860 1.000000e+37
832722 55008.750000 54145.277344 40392.609375 147.199158 204.059509 111.076492 23.614813 1.000000e+37
832723 55043.156250 54130.828125 40390.976562 144.465927 182.263275 105.809715 15.972272 1.000000e+37
832724 54967.808594 54189.648438 40385.312500 140.990799 197.251434 116.246567 13.471231 1.000000e+37
865555 54333.203125 54235.781250 41254.019531 155.694122 115.928558 2.256526 26.203346 1.000000e+37
865556 54315.511719 54280.410156 41248.695312 128.636978 193.371292 68.684708 17.292398 1.000000e+37
865557 54361.031250 54262.085938 41267.765625 119.505043 155.619370 0.493164 10.420716 1.000000e+37
865558 54337.007812 54235.019531 41219.238281 95.892281 148.111908 39.282879 8.927615 1.000000e+37
876116 56873.414062 53516.484375 41618.851562 48.405247 257.860687 -38.334145 28.272814 1.000000e+37
878327 55909.664062 55440.339844 41437.144531 34.771336 65.797066 116.320625 31.289476 -1.022676e+01
883982 53781.117188 54625.675781 41246.832031 97.578522 217.410355 17.910126 22.494190 1.000000e+37
883983 53795.476562 54577.675781 41238.906250 88.878685 215.502487 24.113316 11.204820 1.000000e+37
883984 53778.968750 54580.734375 41248.960938 99.592087 230.297592 -7.566974 13.493725 1.000000e+37
892851 54335.703125 54271.003906 42182.445312 107.360153 151.421707 -41.183792 23.459812 1.000000e+37
892852 54306.261719 54220.914062 42182.570312 97.774727 137.382004 -12.520950 16.086418 1.000000e+37
892853 54369.375000 54253.687500 42166.175781 95.037827 144.946198 -36.218136 10.079938 1.000000e+37
892854 54371.281250 54259.089844 42202.273438 101.715828 132.944733 -33.876675 7.994631 1.000000e+37
892855 54307.253906 54203.960938 42194.273438 114.035072 146.742020 -30.915424 8.798637 1.000000e+37
893560 55339.703125 53620.421875 40466.523438 135.922592 138.223831 178.370529 28.814611 1.000000e+37
903813 54277.152344 53819.085938 40157.777344 80.221489 224.161804 67.579834 32.121529 -8.877775e+00
924752 55477.269531 53173.660156 40213.332031 73.799805 193.475250 142.678391 29.124203 -9.771859e+00
927357 53928.472656 53648.113281 40142.398438 69.180321 207.138641 51.741928 26.704252 1.000000e+37
927358 53921.734375 53657.039062 40149.531250 70.769577 233.763046 65.114922 16.300785 1.000000e+37
937970 56832.320312 53279.625000 39990.585938 33.261890 190.546951 93.891106 26.209904 1.000000e+37
944960 56928.152344 54751.507812 41248.457031 194.747818 218.631699 138.914215 22.725182 1.000000e+37
944961 56918.367188 54746.222656 41257.007812 202.439163 241.554138 131.643311 17.858624 1.000000e+37
977124 55684.394531 52827.765625 39465.355469 73.890541 164.250702 113.143921 25.695992 1.000000e+37
977125 55690.992188 52813.371094 39468.734375 79.615967 185.479324 135.533829 12.452871 1.000000e+37
992172 56366.503906 52817.308594 38955.210938 7.082477 68.030136 127.344360 22.138489 1.000000e+37
992173 56355.031250 52822.359375 38959.519531 18.709997 62.821754 127.256271 13.213400 1.000000e+37
995767 55590.863281 53316.296875 39641.953125 41.272568 193.098328 94.436432 27.762484 1.000000e+37
1000591 57294.328125 54387.585938 41215.890625 -1.110102 147.870987 -76.750732 22.497663 1.000000e+37
1000592 57254.503906 54394.132812 41243.855469 121.374802 0.021012 59.565022 14.139214 1.000000e+37
1003886 55567.828125 53728.496094 38459.296875 10.616742 85.183441 109.782059 23.294147 1.000000e+37
1013183 54455.152344 53424.898438 39725.070312 70.614349 227.819611 56.566673 23.638237 1.000000e+37
1015764 57024.093750 53262.785156 40016.019531 39.437012 196.197281 97.459732 25.344103 1.000000e+37
1023731 57029.960938 54831.898438 41318.257812 250.996185 190.480896 97.052101 17.174782 1.000000e+37
1023732 57075.679688 54822.824219 41330.210938 146.261337 136.364624 -64.502617 8.315540 1.000000e+37
1028824 56394.308594 54660.886719 41378.027344 135.655060 206.159653 1.145069 24.970606 -8.540350e+00
1031362 55493.410156 54206.472656 41813.292969 41.263870 192.603607 -25.317341 25.035357 1.000000e+37
1037312 54917.699219 54100.847656 40066.648438 53.997368 98.692490 156.846558 23.895962 1.000000e+37
1046898 55530.878906 53291.292969 40341.609375 89.945747 187.274719 165.418900 25.129761 1.000000e+37
1048197 56930.531250 54170.820312 40847.843750 70.097542 237.718491 126.055458 25.094007 1.000000e+37
1059513 57192.648438 53245.023438 40237.105469 59.334877 126.212105 152.123337 26.410370 1.000000e+37
1066292 54394.117188 54155.335938 42104.371094 104.181374 154.953705 -34.140007 25.433731 1.000000e+37
1077545 56460.816406 55073.328125 41715.917969 153.714859 41.468071 138.218201 23.492212 -8.456808e+00
1077546 55197.750000 53830.804688 42322.164062 57.344341 217.529099 -1.620723 24.067924 -8.891376e+00
1078675 57151.222656 53161.425781 39997.648438 36.475658 103.836823 158.172867 23.347874 1.000000e+37
1083953 56129.644531 52970.550781 38753.535156 16.204203 76.125504 132.473190 19.217302 1.000000e+37
1083954 56164.121094 52974.687500 38776.468750 15.605391 74.669411 113.540512 9.248347 1.000000e+37
1088534 55939.839844 52464.382812 39195.136719 60.760288 162.347092 79.649391 23.622431 1.000000e+37
1098720 54736.468750 54255.296875 41036.976562 27.276844 128.224152 106.557777 25.722916 1.000000e+37
1103612 54917.542969 54169.824219 40297.304688 141.386337 227.104675 107.419647 21.036371 1.000000e+37
1105826 57066.843750 53439.671875 40419.625000 52.644104 196.583923 105.311050 21.668608 1.000000e+37
1112902 56776.234375 54906.582031 41610.832031 143.301498 -30.760279 39.398369 14.319627 1.000000e+37
1112903 56777.273438 54943.531250 41628.664062 129.257812 -48.933376 45.599751 13.389529 1.000000e+37
1112904 56782.859375 54935.664062 41616.628906 131.928329 -36.801689 31.901232 9.545729 1.000000e+37
1115305 55204.164062 55523.765625 40925.292969 52.877804 127.895279 128.641037 20.059572 1.000000e+37
1132256 56624.917969 54431.546875 41458.835938 140.780640 243.507217 -8.516407 19.962187 1.000000e+37
1160785 54876.621094 54213.183594 41131.718750 127.885384 187.970352 23.662487 23.092533 1.000000e+37
1181795 55665.261719 53906.140625 40208.492188 -3.754881 254.474060 64.270393 22.446056 1.000000e+37
1187179 55726.593750 53642.332031 40179.953125 47.475655 279.688934 79.108818 22.214701 1.000000e+37
1187889 57302.488281 54006.656250 40890.019531 89.004692 267.461700 94.484390 15.580099 1.000000e+37
1187890 57307.457031 53991.054688 40876.035156 87.336540 278.370880 87.960365 9.152637 1.000000e+37
1194644 55672.386719 54655.625000 41032.558594 52.417736 91.510063 140.429916 21.512182 1.000000e+37
1207719 55070.039062 53896.351562 40209.300781 72.557037 101.746574 180.523788 16.420744 1.000000e+37
1207720 55062.953125 53888.117188 40204.941406 71.975105 93.517830 170.993073 14.807683 1.000000e+37
1226619 55243.957031 53147.988281 39728.660156 77.371407 176.161072 90.199600 20.655767 1.000000e+37
1230662 55895.730469 53282.640625 38632.773438 13.119739 80.602509 115.257912 16.048223 1.000000e+37
1230663 55856.898438 53288.402344 38639.117188 22.399876 82.805916 119.516975 11.370814 1.000000e+37
1230664 55879.203125 53283.453125 38610.453125 15.749935 76.408859 127.871552 9.463183 1.000000e+37
1231135 54096.328125 54663.601562 41137.878906 130.735901 203.249481 3.487724 22.469570 1.000000e+37
1245063 56882.160156 54597.683594 41140.562500 -131.405930 162.078125 2.549390 21.679167 1.000000e+37
1253099 55219.515625 53847.636719 40582.601562 -1.947868 83.585991 -13.824086 14.983496 1.000000e+37
1253634 54629.898438 54418.250000 41834.957031 43.605961 211.223312 -136.528778 19.301937 1.000000e+37
1255938 57300.324219 53442.265625 40747.308594 53.649239 145.643600 162.236755 18.488504 1.000000e+37
1272717 54013.890625 53915.757812 39600.011719 42.266785 136.901337 113.126465 19.955029 1.000000e+37
1279088 55623.398438 53600.484375 40542.136719 -32.417145 243.860352 25.652355 20.437140 1.000000e+37
1300108 54441.691406 54160.789062 41391.585938 139.048447 178.483475 35.369045 21.409147 1.000000e+37
1314586 55099.585938 53649.546875 40228.312500 128.454468 171.353607 130.307449 21.068787 1.000000e+37
1325981 54846.363281 53980.757812 40625.300781 148.827072 214.119827 96.010712 18.973457 1.000000e+37
1327174 53912.320312 53995.320312 39389.070312 34.867004 139.663040 108.039261 18.650038 1.000000e+37
1345934 56754.214844 54992.226562 41613.246094 119.968834 -55.355747 40.598572 14.356820 1.000000e+37
1345935 56751.617188 54984.210938 41643.687500 -18.555735 260.327759 188.172363 5.882122 1.000000e+37
1350058 55035.132812 53826.742188 40506.085938 161.283386 180.249176 115.626945 17.156425 1.000000e+37
1350059 55017.527344 53806.925781 40493.464844 168.465225 190.292938 112.542152 10.031565 1.000000e+37
1355576 55827.957031 55887.472656 40342.527344 13.107984 110.450935 155.683701 16.569878 1.000000e+37
1358456 54518.144531 54949.562500 41416.707031 52.577648 93.174889 31.523155 17.091871 1.000000e+37
1359794 54914.066406 55821.023438 40810.117188 34.306824 124.742088 129.329544 18.505816 1.000000e+37
1360625 53704.148438 54376.226562 41294.093750 97.797249 149.879257 34.828384 20.616095 1.000000e+37
1366261 55096.859375 54156.546875 40523.730469 74.406395 55.339691 174.817902 17.249624 1.000000e+37
1370719 55529.816406 53378.144531 40455.851562 113.165657 198.194580 168.225220 19.136433 1.000000e+37
1382114 55048.976562 53029.792969 39097.210938 63.661896 135.659088 120.603142 20.081924 1.000000e+37
1385269 56272.519531 55369.820312 41612.250000 128.654984 80.116394 -17.250893 18.808054 1.000000e+37
1394698 54442.226562 54565.328125 41307.261719 134.051193 142.775528 -40.402164 18.013882 1.000000e+37
1405915 54221.699219 53885.070312 39891.800781 61.589188 163.161469 107.276573 19.937178 1.000000e+37
1411897 53854.945312 54418.242188 41245.796875 105.036079 196.754013 92.681099 18.471354 1.000000e+37
1416058 54251.023438 53809.039062 39859.027344 47.723213 137.996643 108.277573 18.496168 1.000000e+37
1446727 55131.226562 53760.375000 40515.144531 156.971832 198.624344 134.446548 17.218695 1.000000e+37
1460961 54082.953125 54569.132812 41324.171875 138.447556 198.338516 92.830963 17.304562 1.000000e+37
1465743 55642.550781 53128.695312 39453.714844 57.082249 176.122574 86.558708 17.491991 1.000000e+37
1466898 54730.644531 54471.589844 41461.507812 3.906317 168.121994 92.753586 18.885490 1.000000e+37
1472907 56507.886719 55381.222656 41504.261719 109.227272 49.473000 87.807281 17.509478 1.000000e+37
1472908 54504.367188 54570.992188 41161.679688 98.930710 102.773270 50.842915 18.798876 1.000000e+37
1479060 54529.011719 54296.027344 42132.628906 126.992859 212.071182 -30.115166 17.335066 1.000000e+37
1479067 55663.882812 53246.750000 39292.585938 65.060226 188.700272 85.641708 19.764931 1.000000e+37
1498118 55425.964844 54244.070312 40618.136719 -0.651601 77.209229 14.279318 17.724703 1.000000e+37
1501336 54484.851562 54168.359375 41264.839844 133.042297 125.771042 61.282932 17.595728 1.000000e+37
1516843 55927.781250 53393.277344 40182.671875 46.793282 218.548340 143.634628 19.710297 1.000000e+37
1532157 53563.347656 54006.023438 40643.355469 63.870106 201.754471 75.548065 13.860435 1.000000e+37
1532158 53568.632812 53978.074219 40641.496094 55.664436 201.523468 82.115471 9.283440 1.000000e+37
1532159 55503.191406 53489.113281 39589.640625 81.965530 186.378128 108.893044 17.714499 1.000000e+37
1539273 56677.437500 53940.863281 41685.714844 104.126724 216.823074 11.024895 17.417536 1.000000e+37
1541565 56855.500000 54881.589844 41638.546875 165.399200 -55.957188 21.896135 7.472524 1.000000e+37
1543000 54578.574219 54407.347656 41047.628906 59.922531 215.916824 46.025051 19.206112 1.000000e+37
1554054 53752.027344 53629.476562 40186.585938 72.472626 211.953125 51.495628 18.231236 1.000000e+37
1554055 56910.355469 54178.550781 40758.062500 70.585083 223.888412 128.259064 17.423830 1.000000e+37
1561787 54814.914062 54300.636719 41218.878906 50.850407 204.760162 129.034119 14.200753 1.000000e+37
1573690 55076.714844 54149.527344 40717.472656 186.454285 188.701294 87.820389 15.800641 1.000000e+37
1596481 56134.968750 53159.339844 39448.792969 69.944069 193.887375 73.905457 15.916584 1.000000e+37
1598184 55948.687500 54547.980469 41421.628906 100.123260 127.321991 53.429447 17.181524 1.000000e+37
1598185 54546.445312 54467.742188 41104.085938 48.813263 217.124084 61.988327 17.970716 1.000000e+37
1602481 55214.804688 53916.386719 40535.125000 103.960915 75.440147 14.579655 19.230268 -8.515279e+00
1615623 54500.082031 53141.437500 39515.468750 62.201965 228.656342 40.774323 14.719048 1.000000e+37
1624688 57259.464844 54474.597656 41217.332031 162.425995 26.145411 88.327805 18.682945 1.000000e+37
1633995 53734.742188 54487.113281 41214.820312 108.065369 158.771133 42.951473 18.058609 1.000000e+37
1638662 55815.527344 53309.078125 39610.144531 0.124425 169.605377 71.114502 17.051723 1.000000e+37
1651001 55998.371094 53698.410156 40277.558594 21.126162 209.878784 162.550644 16.212627 1.000000e+37
1655786 55953.289062 55303.296875 41512.468750 112.670135 107.026443 47.177273 15.382926 1.000000e+37
1675896 54821.597656 54337.621094 39957.242188 42.033382 100.824135 141.593674 16.085604 1.000000e+37
1677806 56824.687500 54726.488281 41422.175781 -85.963585 173.913284 172.473709 9.145024 1.000000e+37
1677807 56839.250000 54727.789062 41425.328125 -76.181404 178.458115 171.339111 7.564454 1.000000e+37
1688161 54651.113281 54497.019531 41463.851562 147.044037 118.843697 -19.051941 16.278908 1.000000e+37
1688171 55921.578125 54457.960938 41503.855469 79.377480 200.185242 -9.086399 16.365061 1.000000e+37
1693481 56376.105469 53789.199219 42293.187500 115.942307 212.746399 -7.681633 15.853470 1.000000e+37
1696693 54612.132812 53461.578125 39289.921875 65.149414 128.303650 110.673492 16.187637 1.000000e+37
1704119 55566.632812 53862.687500 42505.753906 52.856899 265.820587 -9.810966 15.461569 1.000000e+37
1707499 55554.582031 53408.636719 40439.199219 106.928810 205.284363 161.460892 15.083485 1.000000e+37
1709611 56285.203125 54532.875000 40933.257812 92.501625 187.340530 58.821915 16.173792 1.000000e+37
1713030 54410.750000 54450.164062 39312.335938 23.605997 125.089066 121.151291 14.813855 1.000000e+37
1713031 57277.398438 53327.250000 40516.589844 49.807766 131.686432 145.998764 15.320056 1.000000e+37
1713033 56971.054688 53014.371094 39629.386719 32.020290 98.441727 139.604813 14.742249 1.000000e+37
1715204 55842.324219 55357.875000 41525.101562 108.771141 127.582527 56.967133 14.050863 1.000000e+37
1736033 56922.734375 54610.437500 41653.542969 116.868355 82.130699 -38.936943 16.174313 1.000000e+37
1738274 56598.140625 53845.996094 41952.082031 97.012894 268.225769 19.212332 10.904335 1.000000e+37
1747985 55051.148438 54344.234375 40632.714844 71.030960 67.382088 137.230911 16.261787 1.000000e+37
1747986 57130.386719 53819.519531 41103.449219 52.592777 145.812149 205.465302 13.724215 1.000000e+37
1750319 57010.566406 53661.136719 41631.359375 70.013184 228.829620 7.101743 12.743952 1.000000e+37
1768459 54906.460938 54298.707031 41162.214844 141.733139 202.951126 39.024490 13.181911 1.000000e+37
1768481 53803.058594 54234.226562 40978.183594 85.030846 204.887939 87.577415 15.408261 1.000000e+37
1778805 55388.570312 53678.363281 40693.531250 82.275696 154.965790 152.843872 14.804607 1.000000e+37
1781244 55222.777344 54427.398438 40866.265625 57.500805 63.477715 115.917618 12.391420 1.000000e+37
1787633 57077.773438 54494.890625 41275.585938 -76.884766 23.745405 96.435356 14.212683 1.000000e+37
1787663 54464.132812 54582.882812 42163.765625 58.666542 116.820511 -34.291344 14.138913 1.000000e+37
1800772 54493.859375 54605.484375 41515.179688 11.104239 180.936096 -47.700428 21.507891 1.000000e+37
1811482 55778.347656 55647.484375 41540.132812 17.169930 44.997162 105.636536 12.830229 1.000000e+37
1818352 56061.492188 53272.355469 39229.453125 34.114395 188.184052 83.555908 17.909927 1.000000e+37
1828114 54731.535156 54518.769531 41972.605469 116.133858 180.152130 -73.830261 17.534233 1.000000e+37
1839465 55823.847656 54564.968750 41119.222656 56.126102 98.797195 138.284454 13.765013 1.000000e+37
1839467 56836.488281 54879.144531 41567.507812 260.740143 83.553795 -3.457454 14.165235 1.000000e+37
1864364 55680.273438 55671.851562 41169.800781 0.561414 89.707825 116.494904 16.010620 1.000000e+37
1864365 55350.300781 53560.425781 40415.773438 155.798630 194.980087 145.546448 14.372715 1.000000e+37
1864384 54592.832031 53021.453125 39397.207031 63.836788 224.240067 37.511238 17.478838 1.000000e+37
1876793 56926.675781 54647.937500 41601.984375 54.008129 123.217400 -14.318731 16.198385 1.000000e+37
1879764 56276.066406 55174.273438 41530.398438 107.861755 36.305214 98.455353 16.362356 1.000000e+37
1879778 53693.964844 54336.554688 41277.687500 91.345444 187.248901 92.437431 12.422462 1.000000e+37
1879779 55999.058594 53169.605469 39466.390625 16.943155 185.073532 112.954216 16.206757 1.000000e+37
1892254 55662.281250 53540.476562 40378.617188 -39.321098 244.243362 41.113659 16.270592 1.000000e+37
1895274 56847.511719 53755.894531 41953.246094 100.179466 225.326889 9.684973 17.890793 1.000000e+37
1919778 54983.183594 53844.695312 40575.289062 147.471725 194.800735 128.778030 12.226291 1.000000e+37
1919779 54994.117188 53838.207031 40551.035156 163.523483 164.683426 118.451920 7.347168 1.000000e+37
1928134 57260.296875 54251.816406 40958.558594 96.831558 278.779053 105.720909 11.254295 1.000000e+37
1928156 55924.160156 53798.773438 39737.753906 53.955418 171.363388 136.003586 15.977577 1.000000e+37
1936765 55574.199219 54004.097656 40214.957031 -17.298027 292.150482 155.890366 14.592607 1.000000e+37
1942107 55465.007812 53103.339844 40018.238281 79.418381 160.325531 132.721252 15.611701 1.000000e+37
1950759 55384.964844 52863.210938 39570.785156 49.260418 132.518066 139.069168 11.695683 1.000000e+37
1954150 54865.460938 54331.378906 41212.410156 80.906807 195.446991 64.563461 9.518973 1.000000e+37
1959576 57049.019531 53173.542969 40090.378906 41.917786 201.509430 85.788757 14.307797 1.000000e+37
1963174 54918.488281 54065.703125 41264.441406 -7.758439 136.205521 56.761753 16.025475 1.000000e+37
1963196 53937.597656 52909.753906 39731.558594 49.492180 227.059296 38.086830 13.329503 1.000000e+37
1968737 55933.871094 53164.367188 38619.503906 12.464297 84.221329 126.438927 12.874915 1.000000e+37
1968738 55269.527344 54183.089844 40608.761719 63.313869 10.930902 166.560699 11.316543 1.000000e+37
1981613 54844.843750 54356.570312 41332.152344 62.529182 264.319550 105.363365 8.427556 1.000000e+37
1987322 57226.488281 53341.257812 39810.117188 43.264404 190.526047 95.471085 15.006521 1.000000e+37
2000334 56184.230469 55281.828125 41600.679688 138.735458 101.438042 10.289592 12.046427 1.000000e+37
2000335 56172.375000 55300.414062 41595.386719 140.558640 96.479675 7.856632 7.667592 1.000000e+37
2010071 56406.183594 55094.382812 41520.378906 179.925964 97.474152 13.122902 15.653229 1.000000e+37
2010088 56348.113281 53633.792969 42348.585938 123.987999 211.839279 -9.659956 15.900999 1.000000e+37
2010097 53576.718750 53259.316406 39839.000000 51.247185 214.657364 54.636520 13.477251 1.000000e+37
2016171 55522.742188 53671.636719 40262.019531 90.523361 321.192596 78.843338 13.801162 1.000000e+37
2019986 57161.636719 53495.675781 40335.007812 49.660080 185.016205 106.804085 13.651601 1.000000e+37
2020031 55249.394531 54141.371094 42239.726562 37.959492 211.003647 -1.452353 14.457270 1.000000e+37
2026064 57262.703125 53387.496094 40349.125000 35.653179 95.283226 167.470505 12.151586 1.000000e+37
2029972 57239.023438 53676.367188 41495.171875 93.923210 263.172974 -25.259573 15.176586 1.000000e+37
2029999 53967.566406 53457.851562 40221.468750 51.335686 240.689606 27.865511 12.212280 1.000000e+37
2040044 54120.351562 54550.425781 41307.953125 155.897644 179.713745 16.720736 11.244331 1.000000e+37
2040056 54944.738281 54381.156250 42035.246094 9.619144 219.926849 -40.910328 18.062519 1.000000e+37
2046486 55731.222656 55874.585938 40418.292969 20.294205 113.374519 150.225555 12.706821 1.000000e+37
2061057 54231.945312 54352.984375 41112.519531 166.177917 145.784119 -3.502868 14.310583 1.000000e+37
2082654 54287.769531 54297.289062 41154.023438 100.888000 147.752182 -1.946316 12.357656 1.000000e+37
2082674 56172.921875 53566.984375 40145.468750 4.539292 190.944733 100.879646 16.908808 1.000000e+37
2093760 55662.945312 54450.945312 41138.863281 54.151432 158.597702 14.140521 11.834700 1.000000e+37
2112324 55556.921875 53485.199219 39428.355469 46.555771 202.213745 109.581894 16.615171 1.000000e+37
2116817 54824.531250 54166.851562 41251.945312 49.639717 201.662994 83.392120 11.530046 1.000000e+37
2116832 54635.859375 54541.050781 41531.906250 7.581889 201.431427 63.494923 14.376212 1.000000e+37
2116833 55534.308594 53743.710938 42298.566406 52.554775 203.437912 19.874964 14.037251 1.000000e+37
2116847 55328.187500 53942.859375 40383.136719 66.679672 238.526352 170.928345 16.046705 1.000000e+37
2116849 56142.968750 54313.777344 41096.195312 86.395691 179.401154 38.349266 12.534977 1.000000e+37
2123967 55757.171875 53370.046875 38582.968750 13.033532 79.372986 117.371925 11.486432 1.000000e+37
2128447 56590.160156 53739.417969 40224.769531 26.542877 184.528809 105.722923 12.929463 1.000000e+37
2140510 54622.242188 54118.441406 42018.875000 20.822063 214.736771 -67.538193 16.117052 1.000000e+37
2152718 54545.718750 53100.183594 38948.996094 76.127686 178.237686 71.107803 13.143672 1.000000e+37
2165113 54602.023438 55007.910156 41455.929688 47.774937 95.288002 29.441618 11.598719 1.000000e+37
2165141 53675.863281 53607.785156 40363.144531 51.363075 235.613373 33.383282 14.857287 1.000000e+37
2172806 54755.855469 53684.562500 39943.582031 97.891670 146.150299 123.343842 12.905386 1.000000e+37
2177747 54785.296875 53993.054688 41337.652344 7.687733 168.906357 92.881371 13.274119 1.000000e+37
2177788 56100.203125 53963.375000 40428.527344 -5.800872 191.765030 111.385185 13.210447 1.000000e+37
2198667 55675.238281 52630.804688 39118.031250 69.583649 143.189575 101.263092 11.409306 1.000000e+37
2198668 55606.347656 53354.378906 39941.394531 71.587555 190.291214 144.842133 14.039598 1.000000e+37
2203898 54817.210938 54495.175781 41457.300781 14.290494 243.803894 -75.803909 11.405341 1.000000e+37
2203936 55316.593750 53691.078125 40089.761719 18.403522 101.485069 110.481628 16.161346 1.000000e+37
2203937 55946.007812 53618.449219 40026.472656 -12.557802 185.291016 121.956505 14.622917 1.000000e+37
2217263 54950.390625 54451.308594 41284.957031 84.296997 198.749146 96.628960 16.491779 1.000000e+37
2217266 54316.691406 54814.460938 40298.261719 48.196804 125.969002 114.463463 11.477098 1.000000e+37
2231225 55726.609375 54218.769531 41791.414062 54.389957 188.598083 -28.362358 13.852917 1.000000e+37
2231226 55870.304688 54308.730469 41703.125000 67.645721 190.442886 -24.396706 10.604803 1.000000e+37
2259608 56014.921875 55288.937500 41296.851562 43.961086 49.592495 124.343964 12.891349 1.000000e+37
2259611 54815.851562 54250.816406 41779.847656 83.331505 256.849030 22.753363 13.158869 1.000000e+37
2259644 56398.554688 54589.425781 41021.390625 103.030098 200.833649 70.383682 13.677585 1.000000e+37
2283273 55256.183594 53052.019531 39894.757812 45.271393 134.067444 128.503616 12.332112 1.000000e+37
2288949 57072.238281 54541.292969 41237.992188 -100.938332 19.194824 78.519257 8.837313 1.000000e+37
2313465 54327.550781 54007.382812 39906.722656 55.290871 155.881119 122.022964 12.085521 1.000000e+37
2313480 55901.699219 55828.632812 40363.234375 10.336576 112.861275 156.036118 12.392400 1.000000e+37
2313481 55735.441406 55919.535156 40352.460938 16.292620 106.380890 148.856277 9.809977 1.000000e+37
2319436 56972.937500 54435.921875 41334.632812 -68.885002 53.434704 125.873230 12.871337 1.000000e+37
2319463 56009.433594 54980.445312 41326.453125 83.040749 110.163284 152.751938 12.335951 1.000000e+37
2335547 56411.312500 53680.363281 42120.492188 72.338730 232.833054 -28.791372 12.762523 1.000000e+37
2335585 54783.894531 54480.296875 41874.890625 83.437035 172.088028 -83.009003 14.791773 1.000000e+37
2335586 56992.605469 53724.160156 41631.156250 77.115532 233.835556 15.563573 11.199086 1.000000e+37
2335603 54562.238281 53906.429688 40221.507812 99.531090 158.883835 113.865028 11.627406 1.000000e+37
2345587 55923.316406 53749.429688 40555.648438 58.852787 261.181702 109.633133 14.844993 1.000000e+37
2345621 55267.613281 53737.742188 40343.699219 110.386749 104.224236 204.372818 12.367032 1.000000e+37
2345622 55415.875000 53958.886719 40831.492188 124.757812 227.111130 24.976892 7.561269 1.000000e+37
2351745 54921.003906 55794.960938 40979.371094 47.842987 130.282150 110.307892 12.354636 1.000000e+37
2351790 54203.070312 53219.304688 39804.546875 52.956486 231.296356 44.823452 11.346879 1.000000e+37
2351793 55430.308594 54444.253906 41560.550781 36.172981 191.336746 -12.307225 13.969450 1.000000e+37
2361751 55506.863281 52942.996094 39536.425781 70.627899 165.846375 123.736847 13.948988 1.000000e+37
2361777 56601.890625 52907.855469 39297.640625 11.093302 168.495834 65.709557 10.767612 1.000000e+37
2368404 56839.707031 54254.761719 40667.875000 74.732056 236.361816 104.539841 14.756146 1.000000e+37
2385465 54864.691406 54390.292969 41163.617188 -32.511440 131.779297 46.484764 11.937031 1.000000e+37
2385478 54571.097656 54318.109375 42095.441406 119.413025 172.764618 -56.094849 11.036178 1.000000e+37
2396064 55559.910156 53348.250000 39922.617188 75.058388 170.808609 144.187134 11.579536 1.000000e+37
2402888 54650.183594 54301.402344 41134.679688 -29.982588 174.390701 110.647675 9.075135 1.000000e+37
2420724 56824.500000 54892.378906 41405.054688 225.230682 209.519180 37.467842 12.393568 1.000000e+37
2420762 56913.453125 54636.515625 41790.132812 194.464005 19.641441 11.294546 12.609700 1.000000e+37
2420766 54835.140625 54155.355469 41288.363281 155.863815 157.956207 67.408997 11.916215 1.000000e+37
2431855 54848.152344 53636.066406 39483.457031 85.271164 150.832458 115.397713 13.150444 1.000000e+37
2431889 55546.914062 53546.281250 40457.207031 138.787613 230.318085 190.084122 8.024617 1.000000e+37
2439022 54373.609375 54763.207031 40311.242188 50.389118 129.949326 115.200668 12.741005 1.000000e+37
2439067 53484.210938 54138.433594 40858.628906 64.579170 188.779984 91.655579 9.440033 1.000000e+37
2439068 53894.207031 54553.996094 41373.238281 117.450668 222.985229 28.490513 11.864503 1.000000e+37
2457878 56321.519531 54544.683594 42123.679688 93.574501 188.750793 -47.134113 9.110954 1.000000e+37
2457902 54584.503906 52640.449219 39117.570312 64.975845 206.574768 35.270447 12.378139 1.000000e+37
2476826 55855.742188 55441.644531 41540.777344 32.363956 60.664906 86.683777 12.941237 1.000000e+37
2488720 55650.636719 53293.976562 39861.519531 21.644270 101.653366 157.514816 11.376556 1.000000e+37
2488721 55319.816406 55243.339844 40736.351562 28.574333 110.031990 156.142715 12.590857 1.000000e+37
2496468 56499.433594 54007.480469 41130.519531 57.496998 213.328812 123.315620 11.974968 1.000000e+37
2496514 53767.972656 53650.992188 40243.921875 71.910660 205.558594 51.195362 11.872716 1.000000e+37
2508656 54182.234375 53643.750000 39009.042969 41.155338 133.333527 97.524551 11.272386 1.000000e+37
2508692 55848.117188 53235.089844 38591.324219 15.131201 88.178375 128.040176 11.744616 1.000000e+37
2516656 56282.347656 55023.832031 41551.714844 117.522667 43.261696 132.730957 14.543697 1.000000e+37
2516659 54267.089844 54339.433594 41268.894531 131.239838 52.478046 21.650400 9.205741 1.000000e+37
2537006 55792.582031 53651.687500 40318.109375 60.090954 262.510406 52.949318 11.800467 1.000000e+37
2537041 56723.621094 53764.429688 41904.402344 96.855217 168.431976 48.185669 10.248286 1.000000e+37
2537066 55648.148438 53664.722656 40146.031250 35.747776 197.639343 209.969864 14.852170 1.000000e+37
2537067 57314.218750 54069.777344 40923.886719 84.665962 276.128296 100.559929 12.309542 1.000000e+37
2549793 57342.890625 53486.781250 40709.816406 39.608883 142.305206 167.520096 12.363390 1.000000e+37
2557962 55185.828125 55201.460938 41564.242188 71.068001 116.443573 27.008970 10.430561 1.000000e+37
2557975 54594.671875 54513.761719 41284.218750 55.274521 168.210266 123.224838 10.309818 1.000000e+37
2557976 53913.488281 54875.679688 41520.046875 46.106762 119.889778 58.184494 10.177356 1.000000e+37
2558001 55310.472656 54151.605469 41850.015625 28.743536 203.612610 -29.113180 9.869154 1.000000e+37
2579662 54678.585938 54451.605469 42080.980469 112.458481 225.673553 -50.628273 13.231020 1.000000e+37
2579665 55634.410156 53920.855469 42536.429688 54.754818 213.637894 45.351215 7.637630 1.000000e+37
2579685 54390.484375 53387.351562 39653.128906 63.473980 238.349518 55.282059 12.892564 1.000000e+37
2593163 54535.660156 54540.097656 39636.769531 24.525896 120.571472 130.398972 11.597277 1.000000e+37
2601976 56375.648438 55447.316406 41457.675781 84.943588 5.407956 56.157810 10.164860 1.000000e+37
2601977 54363.945312 54369.449219 41321.953125 14.931797 200.149658 67.778893 13.091098 1.000000e+37
2615764 55910.949219 52879.062500 38866.226562 92.548996 151.970688 95.523697 13.934216 1.000000e+37
2615805 57186.382812 53169.789062 40062.175781 37.193180 106.131020 148.554672 11.417253 1.000000e+37
2624742 56737.750000 54995.820312 41691.738281 196.128906 122.469574 176.318283 7.780676 1.000000e+37
2624845 55595.070312 53930.640625 42485.320312 53.624546 192.280045 -24.181515 14.553118 1.000000e+37
2624860 54021.921875 54112.648438 39721.296875 69.918159 158.464493 103.514183 13.717312 1.000000e+37
2624861 53644.019531 54318.996094 41390.687500 89.033363 205.987640 -13.137377 10.590553 1.000000e+37
2624862 57015.773438 54186.125000 40778.015625 75.879272 260.486267 102.272888 7.491857 1.000000e+37
2639062 57346.671875 53677.257812 41159.683594 61.213966 175.706314 182.221268 14.142113 1.000000e+37
2648307 55630.074219 55267.839844 41664.351562 98.987328 124.570297 22.473555 11.277372 1.000000e+37
2648372 53871.687500 54484.960938 41349.046875 118.155014 225.407730 26.072462 11.489342 1.000000e+37
2662909 54856.953125 55758.617188 40469.363281 18.522089 124.360382 140.389435 10.432332 1.000000e+37
2672317 56854.847656 54841.183594 41462.328125 254.642288 163.046188 65.739281 9.044897 1.000000e+37
2672372 54553.632812 54346.468750 41033.324219 42.333202 230.479431 19.077259 14.225926 1.000000e+37
2672419 55969.769531 53808.031250 39682.082031 75.145546 190.078262 126.816727 13.341415 1.000000e+37
2687204 54769.980469 53770.968750 39720.347656 87.103699 154.287735 126.073441 12.483871 1.000000e+37
2687205 54688.515625 53426.007812 39306.101562 64.639206 130.782944 111.510674 12.700099 1.000000e+37
2697002 54263.187500 54619.750000 41334.812500 121.265686 175.462128 37.585705 9.629503 1.000000e+37
2722195 56671.167969 53707.101562 42186.855469 94.268349 222.024170 24.959349 12.083650 1.000000e+37
2738298 55094.539062 55760.699219 40819.378906 42.148094 120.716270 135.994125 10.831976 1.000000e+37
2738300 54646.074219 54632.425781 39940.789062 36.478268 110.757751 125.961464 12.437953 1.000000e+37
2748475 56761.734375 55153.085938 41512.558594 204.324478 40.787685 21.544220 10.104074 1.000000e+37
2748527 55990.355469 55056.316406 41235.992188 86.442650 109.655708 145.292877 12.787621 1.000000e+37
2748533 54049.828125 54661.656250 41266.187500 63.803543 92.031364 34.692394 11.540285 1.000000e+37
2748568 54356.750000 54267.160156 42225.468750 103.580978 151.621246 -20.530891 6.228845 1.000000e+37
2748603 54166.460938 54362.714844 41178.984375 149.475967 147.434052 -25.189070 10.929023 1.000000e+37
2764795 55962.667969 53840.863281 39310.863281 15.259089 86.616898 143.027649 9.415954 1.000000e+37
2775298 55065.515625 55695.097656 41150.070312 57.972988 124.129860 60.038315 11.719665 1.000000e+37
2775367 55269.714844 54121.390625 40806.976562 186.845566 175.962708 61.095310 15.053430 1.000000e+37
2775369 56091.589844 53467.242188 39207.824219 88.881653 177.670090 116.746681 11.966171 1.000000e+37
2792241 57335.996094 53349.402344 40370.839844 28.275095 97.022903 166.126740 11.112001 1.000000e+37
2792242 55659.488281 53671.933594 40502.503906 7.178524 144.094116 173.049789 6.205885 1.000000e+37
2792285 55563.062500 53948.046875 38495.886719 8.606403 84.558739 110.371666 12.681193 1.000000e+37
2803070 54621.929688 54235.570312 41751.796875 -26.415133 180.591812 -65.357986 11.749907 1.000000e+37
2803071 54408.671875 54698.671875 40303.312500 50.943806 130.365860 117.720238 11.210338 1.000000e+37
2803107 55684.808594 53896.992188 42051.312500 53.079910 195.464447 -14.831632 12.866000 1.000000e+37
2803108 54554.554688 54134.488281 42280.031250 67.736031 218.362778 -36.733131 12.199342 1.000000e+37
2803136 55299.035156 53337.562500 39479.792969 132.304886 183.179688 116.597214 9.168287 1.000000e+37
2803137 54823.812500 54490.980469 41244.882812 32.613140 142.600754 64.792320 13.573495 1.000000e+37
2803139 54643.664062 54556.171875 42206.753906 77.916702 239.519730 -29.700209 12.155394 1.000000e+37
2820343 55658.707031 53951.531250 40404.496094 105.632095 252.936493 81.131447 14.580589 1.000000e+37
2820384 54190.714844 54550.527344 39093.402344 19.804682 134.115997 112.810707 12.404481 1.000000e+37
2820386 54959.730469 53806.855469 39902.335938 64.161079 109.313103 155.562500 11.374803 1.000000e+37
2820388 56731.246094 54810.437500 40793.632812 46.288773 88.897377 207.904938 13.122051 1.000000e+37
2831541 57016.722656 53534.675781 41525.183594 82.098839 261.546326 -16.289423 10.604137 1.000000e+37
2831571 54538.714844 54156.648438 41321.363281 138.570145 109.322044 7.278582 10.549118 1.000000e+37
2831574 53956.101562 54821.046875 41137.914062 79.111732 126.385956 37.537868 11.901482 1.000000e+37
2831633 54556.707031 54120.593750 40687.875000 123.193253 206.970963 94.194405 11.068089 1.000000e+37
2831634 53876.097656 54603.984375 41230.281250 100.149940 202.656677 2.315380 12.446607 1.000000e+37
2849293 57209.160156 54296.226562 41577.800781 -43.890545 242.978516 85.408684 8.465466 1.000000e+37
2860775 56418.402344 55021.324219 41445.042969 94.622726 26.810129 149.861771 13.241822 1.000000e+37
2860776 56095.121094 55530.316406 41537.796875 73.105026 123.385941 163.910355 11.061496 1.000000e+37
2860819 54489.781250 54474.699219 42226.847656 56.188198 122.252724 -41.916195 10.948589 1.000000e+37
2860824 54328.609375 54366.039062 42172.789062 126.602997 160.231308 -15.321836 11.308257 1.000000e+37
2879316 55257.609375 53012.273438 39716.839844 34.138123 153.109100 128.387329 9.075484 1.000000e+37
2879384 57194.410156 53210.605469 40140.734375 35.243732 96.137436 161.863449 9.937646 1.000000e+37
2891405 55891.792969 55413.500000 41517.234375 110.535873 110.719177 -3.676264 11.894403 1.000000e+37
2891486 54132.789062 53195.121094 39891.042969 39.578793 228.553207 33.506908 10.851367 1.000000e+37
2891488 53648.578125 54367.460938 41236.015625 97.545090 202.569153 -1.950257 9.090933 1.000000e+37
2922793 55429.218750 54098.007812 41952.410156 41.340797 187.047775 -36.737923 13.737381 1.000000e+37
2922794 54509.382812 54248.312500 42028.542969 115.367508 158.146042 -54.883411 6.818351 1.000000e+37
2922828 56106.671875 53056.800781 39293.710938 8.629746 178.258163 56.726681 9.563977 1.000000e+37
2942553 56522.808594 55091.785156 40410.285156 32.306458 95.032227 178.489609 10.250657 1.000000e+37
2955213 54588.886719 54225.484375 41981.777344 34.718456 234.103821 -78.095650 8.255398 1.000000e+37
2955216 54600.660156 54247.542969 42238.488281 111.874222 195.796677 -49.533951 12.060208 1.000000e+37
2955249 56141.292969 53566.105469 39961.894531 65.654579 202.224258 131.697479 11.181996 1.000000e+37
2975544 54528.242188 55371.925781 40498.464844 24.662464 127.000137 126.361496 11.651141 1.000000e+37
2975550 57259.570312 53402.648438 40410.875000 49.153282 199.414505 103.823769 10.796141 1.000000e+37
2988795 56679.042969 55131.925781 41591.152344 111.134979 -31.024197 17.779842 8.269483 1.000000e+37
2988852 55174.804688 54235.402344 41468.398438 10.809190 155.193710 -27.532623 10.012546 1.000000e+37
2988888 54915.750000 54196.601562 40945.546875 68.117332 117.725990 79.087151 14.354766 1.000000e+37
2988889 56666.035156 53906.148438 42016.085938 37.810574 222.571793 -25.472931 9.821725 1.000000e+37
3009844 55806.015625 53864.671875 40530.136719 17.550297 275.309967 89.076881 11.408059 1.000000e+37
3009847 54318.902344 53360.011719 38815.031250 35.741276 125.741768 101.754211 7.913599 1.000000e+37
3009894 54275.714844 55080.539062 39280.074219 -6.485889 150.015472 103.995720 7.391085 1.000000e+37
3009896 55175.628906 54295.324219 40550.328125 63.995399 50.866966 152.586899 11.443987 1.000000e+37
3010006 56516.496094 52595.300781 39344.000000 13.768254 174.584824 53.457401 10.708739 1.000000e+37
3023487 55757.722656 55720.324219 41360.421875 40.220959 144.887070 172.217117 9.939278 1.000000e+37
3023490 55400.148438 53884.367188 40771.921875 94.525787 120.912621 -6.312259 5.700127 1.000000e+37
3023541 55563.957031 53890.523438 42476.625000 69.648300 254.844955 -3.096617 10.146359 1.000000e+37
3023542 56742.609375 53625.566406 42118.746094 95.443207 187.918106 -49.049442 13.751251 1.000000e+37
3023577 56169.628906 52877.417969 39209.222656 24.494249 145.911133 49.951363 13.464729 1.000000e+37
3045429 55733.957031 53270.878906 39112.625000 31.288210 85.009872 138.849365 12.991217 1.000000e+37
3045430 56901.015625 54753.148438 41430.660156 259.676208 178.377426 66.830734 7.187608 1.000000e+37
3045431 56620.250000 55070.628906 40659.644531 39.311260 88.854614 188.887054 10.765467 1.000000e+37
3045435 57281.425781 53236.121094 39762.453125 32.810772 94.037575 152.956818 10.084332 1.000000e+37
3059350 56430.125000 53525.234375 42122.359375 64.778671 236.123047 -120.081810 6.272861 1.000000e+37
3059393 55579.964844 53862.207031 40222.609375 -56.333366 234.011353 118.440269 11.785702 1.000000e+37
3059394 55557.429688 54268.015625 41279.664062 56.012989 108.318825 54.808876 10.556911 1.000000e+37
3059477 55079.277344 54424.542969 41669.109375 -10.715134 197.008194 -17.389341 12.030068 1.000000e+37
3081794 55660.207031 53958.683594 40531.019531 96.165894 150.465302 137.732361 9.847341 1.000000e+37
3081803 55116.308594 53281.632812 39328.042969 103.285683 190.426529 101.906052 8.968915 1.000000e+37
3081866 54926.972656 53696.917969 39892.000000 94.772919 256.237640 67.178680 9.836820 1.000000e+37
3081870 57243.660156 53452.554688 40037.660156 32.833572 91.465088 162.107956 10.483345 1.000000e+37
3096362 55744.878906 55870.582031 41111.082031 86.276276 155.454025 124.472534 10.323092 1.000000e+37
3096363 55042.953125 54327.816406 40754.531250 80.834656 68.597206 122.524643 11.617010 1.000000e+37
3096364 55658.339844 55464.957031 41653.851562 101.167763 118.709976 11.037644 7.158864 1.000000e+37
3096367 54347.597656 54269.031250 41194.207031 148.404099 73.450584 -13.177115 6.003673 1.000000e+37
3119784 56059.375000 53938.562500 39620.273438 16.730652 86.534760 154.315018 9.522323 1.000000e+37
3119786 55035.226562 54089.070312 40430.957031 68.862198 76.857033 174.162872 10.236687 1.000000e+37
3119787 55602.734375 54872.207031 41107.335938 55.294350 97.071587 142.144562 9.765516 1.000000e+37
3119788 55964.097656 53495.492188 40216.292969 -9.248563 112.396790 167.094315 9.178815 1.000000e+37
3134725 55646.644531 55753.683594 41080.125000 97.835884 142.390533 87.884300 11.031775 1.000000e+37
3134726 55635.660156 54367.371094 41051.917969 51.092255 85.514725 104.237648 8.785387 1.000000e+37
3134727 54626.664062 54484.027344 41176.410156 64.994232 243.883881 87.617218 9.894819 1.000000e+37
3134728 55519.289062 55561.925781 41685.289062 86.731194 122.879059 -6.543014 10.286125 1.000000e+37
3134828 55831.675781 53744.886719 40196.199219 -2.365821 138.599442 81.889717 8.802660 1.000000e+37
3134831 54841.812500 54438.781250 40976.042969 19.554602 114.755165 66.990555 11.638048 1.000000e+37
3158773 53866.261719 53995.960938 39313.414062 34.939671 140.600006 111.917992 10.598438 1.000000e+37
3158841 55925.671875 55385.699219 41330.015625 72.626328 123.267738 161.604340 10.321949 1.000000e+37
3174473 55055.605469 52741.511719 38926.425781 73.994232 206.181870 40.275234 9.838930 1.000000e+37
3174474 53558.957031 54369.851562 41125.246094 84.414528 189.104843 82.412895 7.759041 1.000000e+37
3198963 55596.335938 53964.359375 40572.554688 -23.392233 272.640686 47.754070 12.017278 1.000000e+37
3198964 56067.535156 53352.371094 39513.152344 61.341213 223.788162 98.501030 7.727643 1.000000e+37
3199048 55343.628906 53712.972656 40728.667969 65.819992 168.293900 151.624084 9.493292 1.000000e+37
3215134 55753.101562 55759.199219 41394.414062 34.725143 148.051559 163.567932 11.914350 1.000000e+37
3215227 54623.917969 53933.363281 40781.281250 121.027702 168.013092 111.834579 10.358915 1.000000e+37
3215228 55867.148438 53797.363281 40243.847656 8.320473 152.591873 66.710213 12.732700 1.000000e+37
3215229 53685.070312 54450.871094 41341.796875 105.794495 207.342941 34.840996 12.748498 1.000000e+37
3241067 56152.765625 53163.078125 39125.718750 48.648220 174.974350 84.440094 12.748526 1.000000e+37
3241068 55228.027344 53036.359375 39765.437500 35.989784 147.766907 119.411201 6.837803 1.000000e+37
3241076 53660.121094 54127.675781 39529.968750 51.204113 161.165848 87.780472 7.385856 1.000000e+37
3241139 56010.257812 53887.273438 39425.039062 15.738788 85.875870 146.806290 9.550910 1.000000e+37
3241140 56053.679688 53831.421875 40850.050781 18.362963 205.321686 86.260414 8.041924 1.000000e+37
3258053 54896.972656 54477.929688 41313.855469 66.612083 97.675514 89.823380 12.414626 1.000000e+37
3258055 55503.910156 54372.453125 41614.007812 39.656326 195.021103 -8.305138 8.828224 1.000000e+37
3258056 56876.167969 54592.472656 41309.328125 182.287033 206.341919 157.446793 10.207531 1.000000e+37
3284767 53843.468750 54012.109375 39497.695312 39.451447 133.752670 102.239296 11.814743 1.000000e+37
3302286 54553.738281 54693.101562 40422.933594 51.047871 118.064667 127.122574 9.444693 1.000000e+37
3302343 56709.437500 53782.171875 42133.675781 122.655022 265.857117 -2.161197 12.292550 1.000000e+37
3302398 54573.054688 53582.019531 39781.171875 79.816368 225.998001 66.165504 6.220613 1.000000e+37
3302400 54043.218750 54673.730469 41150.156250 122.384903 211.391342 -15.729743 12.081823 1.000000e+37
3302401 56701.515625 54138.882812 40949.183594 64.194397 193.395432 149.587692 11.275520 1.000000e+37
3330219 54674.730469 55794.183594 40150.308594 7.310939 130.263779 130.222260 9.871928 1.000000e+37
3348535 55154.429688 54172.191406 40502.167969 164.924973 181.382584 136.810486 10.754080 1.000000e+37
3348665 55249.132812 54202.703125 40793.644531 110.404747 202.239044 89.840446 7.004101 1.000000e+37
3348669 54115.265625 54546.867188 41232.585938 125.488937 187.906387 70.673630 12.875846 1.000000e+37
3348672 56191.589844 54140.261719 40892.386719 56.776878 146.619797 71.960632 9.861395 1.000000e+37
3377337 55710.652344 52965.859375 39709.664062 75.929070 179.320374 108.993279 8.893558 1.000000e+37
3396576 56209.179688 54882.945312 41360.886719 117.748489 115.423409 132.160202 10.837067 1.000000e+37
3396705 55622.000000 53502.203125 40029.417969 99.691956 165.610657 169.096130 11.389915 1.000000e+37
3396706 53490.214844 53978.703125 40664.320312 63.244305 206.642807 72.618446 11.005328 1.000000e+37
3426629 56306.343750 53599.132812 39945.812500 15.021647 97.188179 159.870987 7.837410 1.000000e+37
3446259 55211.613281 54235.250000 40971.933594 23.733677 152.788177 -18.237072 7.600952 1.000000e+37
3446268 54503.117188 54746.492188 42119.242188 53.637024 116.947876 -24.703688 7.301119 1.000000e+37
3446332 56795.082031 53637.347656 41934.476562 47.696632 187.917450 28.709496 8.609194 1.000000e+37
3446333 56520.753906 54153.488281 41798.890625 95.768250 202.847412 -45.320511 10.549702 1.000000e+37
3446394 54163.265625 53836.320312 40498.175781 92.052902 199.645721 85.619690 9.562351 1.000000e+37
3446395 53642.335938 54533.625000 41324.515625 92.491447 149.108871 16.933796 9.856688 1.000000e+37
3446398 55626.761719 53268.011719 39324.972656 40.229713 211.173248 84.403534 11.496872 1.000000e+37
3477793 57099.992188 53526.785156 40658.156250 46.122238 121.506897 173.000061 7.604052 1.000000e+37
3498053 55168.609375 54373.570312 40814.367188 69.594368 61.599632 116.554909 8.461246 1.000000e+37
3498055 56060.226562 55655.433594 41314.976562 98.836334 131.753448 81.047585 10.128672 1.000000e+37
3498193 55360.324219 54256.761719 41001.976562 114.277267 117.916840 54.528851 13.263051 1.000000e+37
3498197 55859.367188 54483.125000 41194.589844 72.652145 164.252182 22.978123 8.193692 1.000000e+37
3530589 55882.386719 53540.101562 39428.226562 22.376795 78.791382 146.147156 8.963309 1.000000e+37
3530590 56378.667969 55090.957031 41688.527344 155.793808 65.400726 -7.748233 11.578925 1.000000e+37
3530596 57088.667969 54885.574219 41134.976562 -98.927391 256.755920 9.676751 4.897945 1.000000e+37
3551998 55069.492188 55799.031250 41291.703125 57.993034 126.163162 73.235558 9.078051 1.000000e+37
3552005 53939.984375 55156.675781 41114.519531 55.783360 146.026779 43.032227 8.385366 1.000000e+37
3552006 54737.933594 54142.921875 41501.019531 98.008110 181.259964 84.897240 4.692541 1.000000e+37
3552089 55385.378906 53740.945312 42491.964844 46.440331 242.762985 4.602083 11.066303 1.000000e+37
3552090 56298.894531 54580.937500 42197.445312 89.776810 187.886383 -55.740139 7.692357 1.000000e+37
3552091 56632.992188 53604.640625 41973.304688 148.277832 271.761658 -27.712172 10.013731 1.000000e+37
3552092 54375.167969 54348.078125 42195.312500 124.665077 156.642822 -8.582544 10.570192 1.000000e+37
3552148 55190.695312 53429.082031 39500.679688 121.639610 182.263596 99.601517 10.151457 1.000000e+37
3552154 57062.414062 53480.125000 39840.320312 44.858448 189.152603 96.576607 9.189058 1.000000e+37
3585604 55658.101562 52863.468750 38872.625000 84.042770 137.568985 100.710617 7.359442 1.000000e+37
3585614 53988.121094 53885.589844 39142.300781 44.249779 149.997910 96.940308 10.532762 1.000000e+37
3585718 55370.605469 55739.546875 40992.781250 55.550037 103.133392 161.878418 8.925200 1.000000e+37
3585719 54581.597656 54848.980469 40190.890625 33.585445 114.626801 127.154991 9.509497 1.000000e+37
3608152 57176.218750 53421.480469 40367.871094 49.699375 201.939819 103.883667 8.422165 1.000000e+37
3608203 57217.468750 54417.453125 41248.632812 90.488815 -17.506865 19.810284 8.251778 1.000000e+37
3608262 56477.664062 55259.902344 41723.125000 130.531403 28.160976 112.668510 11.957382 1.000000e+37
3608360 56059.085938 54376.054688 41928.546875 77.910469 193.801880 -37.369122 8.722342 1.000000e+37
3643746 55967.320312 53488.195312 40908.328125 18.535542 176.716461 89.905563 8.133634 1.000000e+37
3643761 53954.617188 54042.722656 39589.277344 46.165279 131.686768 101.730186 8.478951 1.000000e+37
3643881 57089.664062 53668.722656 40836.824219 47.503067 131.406891 186.661407 7.824933 1.000000e+37
3667014 56788.195312 53578.753906 41959.253906 94.984375 236.735397 -45.429470 6.276806 1.000000e+37
3667160 55069.355469 54230.511719 41463.097656 -8.618588 163.743042 -21.603470 7.765673 1.000000e+37
3667229 53485.644531 53869.925781 40473.269531 50.521553 227.608124 46.912865 8.614025 1.000000e+37
3667230 54103.875000 53817.527344 40031.531250 74.625603 217.928543 74.912178 9.075050 1.000000e+37
3667231 54410.218750 53749.125000 40374.507812 90.761299 222.727829 78.228180 10.683800 1.000000e+37
3667234 54564.128906 54215.277344 41657.574219 69.309914 194.005447 82.543297 11.869345 1.000000e+37
3703992 53943.093750 54001.589844 39477.378906 35.576653 132.311325 106.869461 12.821790 1.000000e+37
3703993 54258.000000 53883.375000 39868.066406 55.529385 158.975372 110.091721 11.009659 1.000000e+37
3728540 56506.902344 54998.535156 41733.875000 184.331131 46.911156 127.848747 8.348543 1.000000e+37
3728541 54880.726562 54247.441406 41482.531250 75.944672 254.424744 48.759804 9.181903 1.000000e+37
3728553 54461.292969 54511.257812 41016.464844 73.340240 100.237419 141.163666 10.616480 1.000000e+37
3728698 56971.523438 54288.695312 40692.835938 83.029503 240.980209 113.017258 5.704613 1.000000e+37
3728700 56318.042969 53460.359375 39936.765625 25.701626 167.573685 107.681099 9.635917 1.000000e+37
3792754 57236.535156 53686.066406 40787.656250 56.526978 207.397766 135.617874 7.813591 1.000000e+37
3792758 57088.453125 54873.167969 41361.726562 226.206467 27.515358 78.882103 5.916708 1.000000e+37
3792908 55963.359375 55478.937500 41401.972656 62.733521 85.011520 108.574615 9.876530 1.000000e+37
3792909 55476.320312 54740.371094 41468.585938 72.174744 116.598686 13.035359 9.556346 1.000000e+37
3792916 54483.664062 54192.378906 41226.925781 131.892715 116.836113 34.566299 7.359163 1.000000e+37
3793005 56612.519531 53757.773438 42088.750000 51.374371 204.803757 50.107834 11.731503 1.000000e+37
3793006 56570.726562 54744.910156 41913.757812 116.891235 211.156021 -73.667511 7.065535 1.000000e+37
3793080 54331.144531 53845.628906 40543.230469 100.348770 200.961136 94.172844 10.926281 1.000000e+37
3793081 54796.003906 53955.804688 40418.617188 134.657669 157.020294 117.303047 9.769607 1.000000e+37
3793082 55618.746094 53635.125000 40275.019531 -56.479488 237.478973 124.182709 9.782908 1.000000e+37
3833849 54339.476562 53782.562500 39859.128906 54.786758 141.422577 107.323738 8.862183 1.000000e+37
3833862 55360.968750 53583.113281 40254.128906 60.164246 235.617279 194.741364 10.830492 1.000000e+37
3833863 56643.136719 53552.105469 40257.054688 24.928057 108.375275 161.254471 8.038267 1.000000e+37
3860545 54915.910156 54130.167969 40529.449219 103.999779 91.489281 138.789764 9.371906 1.000000e+37
3860644 56812.988281 53669.746094 41956.820312 133.794022 281.900208 43.137360 8.911666 1.000000e+37
3860728 54674.503906 52925.628906 39309.652344 69.471710 216.926575 46.383282 8.937204 1.000000e+37
3860730 55741.812500 53815.750000 40519.210938 -65.867081 204.982101 152.353333 9.531049 1.000000e+37
3860731 56131.195312 53495.867188 39806.574219 62.429359 186.583099 117.181625 10.106935 1.000000e+37
3860736 56041.277344 54422.605469 41365.539062 91.820763 178.505554 -5.854871 8.447174 1.000000e+37
3860737 55515.402344 53099.093750 38895.492188 80.977959 216.131775 48.327511 6.085799 1.000000e+37
3902922 55287.070312 53002.496094 39695.230469 51.531902 174.570084 123.864159 9.795428 1.000000e+37
3902924 55378.457031 53646.191406 40354.402344 174.426468 210.056473 166.629028 6.352139 1.000000e+37
3903054 54196.429688 54955.906250 39932.988281 27.847847 134.529892 114.604523 10.889312 1.000000e+37
3903066 55314.363281 53234.746094 40243.003906 72.935349 143.747101 168.301361 9.663405 1.000000e+37
3903067 55393.414062 54239.917969 40853.089844 31.342484 35.779800 119.997284 7.072737 1.000000e+37
3903080 56751.308594 55384.710938 40626.386719 32.611923 86.371262 181.553177 8.946642 1.000000e+37
3931452 55798.820312 55516.261719 41351.140625 11.934958 47.982964 106.167633 9.874521 1.000000e+37
3931455 56355.773438 55285.179688 41520.558594 146.258896 77.433846 -4.783545 7.119714 1.000000e+37
3931466 54507.621094 54234.035156 41261.308594 158.577042 201.159027 82.319077 6.657423 1.000000e+37
3931467 54341.750000 54895.246094 41353.976562 60.561565 94.489723 11.697126 6.727277 1.000000e+37
3931548 56105.886719 54447.105469 41570.082031 92.585396 193.885239 -27.728935 9.357869 1.000000e+37
3931549 56265.238281 54581.320312 42175.648438 85.384552 198.985229 -53.514187 7.195494 1.000000e+37
3931621 55105.074219 52805.566406 38996.136719 75.723000 207.020264 40.391449 6.542429 1.000000e+37
3931622 54037.296875 52859.152344 39818.871094 47.900116 233.121460 31.000895 8.088432 1.000000e+37
3931623 54281.351562 53259.730469 39712.765625 57.834503 231.286331 45.541145 9.606505 1.000000e+37
3931629 55710.335938 53975.832031 40120.531250 -40.454105 253.204453 94.512390 8.792828 1.000000e+37
3931633 56721.054688 53926.917969 40877.546875 77.021263 188.242279 106.920906 10.557270 1.000000e+37
3976197 55765.457031 53187.367188 39398.589844 32.007725 225.784225 99.950439 10.463216 1.000000e+37
3976199 55414.179688 53147.457031 40048.894531 78.463814 179.785934 134.532013 11.968605 1.000000e+37
3976348 54766.687500 54358.093750 39961.433594 44.975964 97.785889 135.973877 9.545732 1.000000e+37
3976349 55885.949219 55482.480469 41477.679688 78.148621 133.973236 156.554367 7.582852 1.000000e+37
3976366 57235.652344 53432.722656 39879.714844 34.942078 88.723015 158.456070 7.649499 1.000000e+37
4006389 55572.292969 53727.410156 39893.867188 110.464508 219.326279 136.665833 13.296638 1.000000e+37
4006390 54731.898438 53863.585938 40365.542969 119.667068 163.824402 122.420021 9.859660 1.000000e+37
4006394 56403.761719 54153.527344 40399.464844 42.322971 205.630966 76.090942 9.708530 1.000000e+37
4006395 56248.753906 54118.917969 40399.179688 50.770805 184.587250 69.008453 5.349074 1.000000e+37
4006396 55884.539062 54497.605469 41441.304688 76.141518 192.785492 -8.774286 11.703060 1.000000e+37
4006397 57132.019531 54043.027344 40924.546875 62.505535 233.293427 151.857986 9.792801 1.000000e+37
4053501 56919.101562 53140.539062 39935.367188 38.185966 127.684761 144.137283 9.060507 1.000000e+37
4053514 54106.117188 53922.671875 39736.742188 57.376095 134.246414 116.150032 6.511927 1.000000e+37
4053637 55278.574219 55461.718750 40881.886719 31.541405 121.468903 158.362289 9.441278 1.000000e+37
4084446 55665.554688 54911.476562 41008.878906 60.705624 101.335670 138.128403 9.701906 1.000000e+37
4084447 56373.617188 54900.992188 41470.179688 139.823715 120.372871 140.547516 7.226072 1.000000e+37
4084448 55510.957031 53642.433594 40557.746094 69.340225 264.015900 14.289304 12.503334 1.000000e+37
4084649 54000.792969 52833.007812 39755.011719 47.462536 230.531067 33.818550 8.008804 1.000000e+37
4084650 55532.160156 54036.433594 40028.234375 116.658569 213.569580 141.474518 10.984315 1.000000e+37
4084661 55557.101562 54319.109375 41411.140625 47.333351 176.079849 -13.846204 7.963724 1.000000e+37
4084662 56818.878906 53971.429688 41153.500000 82.937126 213.570297 137.560928 7.028101 1.000000e+37
4133878 55754.906250 53923.746094 40426.292969 56.823818 107.019234 174.635208 7.056273 1.000000e+37
4133880 54976.437500 52944.761719 38854.046875 63.034149 127.210121 107.800880 7.131452 1.000000e+37
4134052 55474.542969 55851.457031 41205.441406 63.784855 112.038834 174.930359 6.686774 1.000000e+37
4134054 55388.664062 53178.164062 39995.417969 40.999187 118.828712 156.876541 7.214722 1.000000e+37
4134055 56024.132812 53477.925781 40274.214844 -8.841703 122.516350 157.668472 9.943572 1.000000e+37
4134067 56939.367188 53005.097656 39559.941406 32.529480 102.359474 140.522705 9.438030 1.000000e+37
4166476 57319.160156 54351.398438 41308.824219 14.105653 102.481491 -111.208771 9.362532 1.000000e+37
4166750 55132.835938 53924.042969 42090.097656 37.775948 208.614761 -24.025190 8.869396 1.000000e+37
4166751 56194.527344 54488.156250 41520.390625 101.395607 195.630157 -26.046976 8.683610 1.000000e+37
4166752 54787.367188 54340.390625 41902.554688 -6.926240 247.135208 -78.751183 9.136512 1.000000e+37
4166841 54648.914062 52950.789062 39327.289062 62.625050 224.652679 37.304115 7.061617 1.000000e+37
4166844 55458.917969 54169.140625 40487.675781 99.047295 128.467529 200.631027 6.615936 1.000000e+37
4166846 53666.070312 54090.453125 39501.773438 53.658253 165.044693 86.369759 7.883634 1.000000e+37
4166853 55919.871094 53400.472656 39577.917969 45.595215 141.366302 96.203781 11.546003 1.000000e+37
4217981 55168.488281 54288.035156 40530.253906 59.193813 51.063591 166.422760 8.747305 1.000000e+37
4217982 54853.214844 54297.992188 39883.406250 52.335735 108.162071 145.858841 11.664527 1.000000e+37
4217983 55118.394531 53108.617188 39656.250000 94.348404 102.349449 134.126602 8.630594 1.000000e+37
4217994 56693.437500 55343.234375 40638.585938 35.060677 87.946533 180.993500 7.047574 1.000000e+37
4251896 56632.417969 54678.996094 41386.558594 -99.426193 184.849167 103.089157 12.405569 1.000000e+37
4251980 55669.308594 55762.636719 41126.285156 83.660393 84.389671 86.051163 9.225667 1.000000e+37
4252135 56285.398438 54621.710938 42194.394531 93.632614 187.444992 -54.233013 6.958669 1.000000e+37
4252137 54843.855469 54483.367188 42309.242188 38.693829 132.348267 -38.926800 6.339706 1.000000e+37
4252225 53636.324219 53195.074219 39738.515625 38.818451 221.470108 55.408592 7.772388 1.000000e+37
4252226 53921.937500 52976.246094 39761.695312 52.195457 224.222183 37.361084 9.771541 1.000000e+37
4252228 55564.253906 54098.507812 40355.945312 92.216995 131.304703 180.807938 9.082954 1.000000e+37
4252229 55436.687500 53567.546875 39801.050781 116.957100 198.542267 114.477997 9.150264 1.000000e+37
4252230 53725.390625 54555.695312 41271.996094 115.733597 200.189911 43.351486 6.103260 1.000000e+37
4252238 56471.886719 54527.859375 41341.898438 140.464249 199.311676 10.941209 7.696137 1.000000e+37
4252239 57254.449219 53718.125000 40598.710938 58.989063 201.889191 125.003784 9.960680 1.000000e+37
4252240 56100.035156 53749.101562 40809.914062 16.969416 190.940979 93.919785 6.965331 1.000000e+37
4305422 55412.429688 53180.707031 39812.761719 64.685867 171.031326 111.686607 7.916698 1.000000e+37
4305424 55556.660156 52904.300781 39376.867188 44.398293 200.607117 77.456810 9.214020 1.000000e+37
4305425 55591.296875 53423.507812 40341.195312 65.114670 253.289581 160.135391 9.839171 1.000000e+37
4305448 54653.546875 53622.523438 39280.812500 76.292068 152.129517 102.376648 8.126386 1.000000e+37
4305449 54109.203125 53880.171875 39628.851562 38.313526 138.850037 118.409416 8.117146 1.000000e+37
4305603 56056.960938 53009.382812 38737.605469 28.984135 79.766640 120.837929 9.476490 1.000000e+37
4305604 54461.851562 54409.066406 39337.257812 21.771502 129.162201 121.347717 10.778988 1.000000e+37
4305605 57209.484375 53155.992188 40166.679688 43.555603 130.192978 156.672745 6.236888 1.000000e+37
4305606 55296.710938 55587.605469 40992.542969 39.336720 129.631271 160.266968 9.463050 1.000000e+37
4341127 56493.777344 55079.707031 41459.117188 79.409500 43.924366 142.083923 10.498166 1.000000e+37
4341128 55715.531250 55399.964844 41723.707031 96.052063 102.584488 5.084511 5.876555 1.000000e+37
4341142 55803.835938 55416.046875 41630.703125 109.744850 115.565102 8.248690 7.383275 1.000000e+37
4341151 55078.429688 53609.488281 40336.242188 121.055130 145.103226 140.475418 7.333631 1.000000e+37
4341371 54622.324219 54534.722656 41302.785156 29.880409 166.484619 66.705864 10.585756 1.000000e+37
4341376 57315.023438 54137.726562 40897.539062 87.144463 264.614929 102.622780 9.310707 1.000000e+37
4341378 56520.429688 54375.871094 41082.902344 105.128128 170.773422 102.125092 8.227060 1.000000e+37
