#subID	 x	 y	 z	 vx	 yv	 yz	 vmax	 B_MAG
#subID	 kpc/h	 kpc/h	 kpc/h	 km/s	 km/s	 km/s	 km/s	 mags
385343 4127.762695 1042.662598 16068.818359 123.165535 102.833221 86.663483 149.694687 -2.003849e+01
385344 4093.043945 876.971436 15816.445312 175.872025 263.579712 112.934059 162.756943 -2.075548e+01
385345 4092.389648 853.978088 15566.170898 111.834305 215.478836 51.794125 72.315247 -1.659291e+01
385346 4044.027344 971.450928 15815.326172 128.775726 259.754547 -27.326960 66.767815 -1.731828e+01
385347 4095.543945 1069.999512 16044.750000 239.516235 130.684036 197.048691 77.692612 -1.772019e+01
385348 4072.448486 1150.863647 16113.839844 225.726898 199.849686 113.951172 61.409126 -1.674111e+01
385349 4103.437500 679.031189 15713.242188 233.160049 276.115326 78.445343 55.804379 -1.498443e+01
385350 4046.306396 681.077759 15821.867188 116.298996 319.120972 -24.541319 52.612797 -1.498774e+01
385351 4060.258789 651.755249 15742.232422 110.755058 307.176392 21.629044 52.096123 -1.512526e+01
385352 4271.718262 1009.441833 15759.477539 194.143509 228.632629 178.660202 49.192524 -1.422237e+01
385353 4035.818115 1234.735352 16049.820312 73.150627 81.240791 31.441746 51.257225 -1.388981e+01
385354 4179.019043 1109.550659 15959.541016 199.581146 107.188850 -122.690201 49.997375 -1.463381e+01
385355 3918.760986 701.380371 15857.215820 246.656662 155.673508 122.660431 36.842598 -1.061459e+01
385356 4141.021484 755.518677 15792.918945 299.617584 202.303787 204.603958 41.459637 -1.120859e+01
385357 3996.735596 938.738953 16054.565430 154.244415 71.821953 108.493294 41.571236 -1.344280e+01
385358 4098.981934 1013.680908 16171.029297 225.541519 303.687958 -85.979584 41.479458 -1.171689e+01
385359 3992.853516 815.800781 15615.121094 215.533493 355.542725 131.903290 35.219948 -1.188761e+01
385360 4083.350586 913.254578 15763.790039 302.501434 273.219055 271.566162 41.646851 -1.231128e+01
385361 4060.856445 1158.785400 16207.392578 198.097183 195.060989 69.515572 35.397839 -1.141251e+01
385362 4095.688965 1063.442261 16019.406250 194.475677 248.772125 -65.210808 43.810040 -1.380985e+01
385363 4094.283203 876.516968 15714.356445 22.824806 180.970703 264.428711 33.889671 -1.012808e+01
385364 4129.246094 992.949036 16070.251953 106.258354 114.276207 41.246292 33.006954 -1.496504e+01
385365 4010.161865 1239.705322 16071.211914 141.377396 129.511520 -88.393196 28.087540 1.000000e+37
385366 3990.766602 1258.125977 16147.916992 99.140167 155.196869 -96.377800 24.666965 1.000000e+37
385367 3951.552490 900.679138 15913.907227 260.656250 217.841629 66.801163 26.956409 -8.984754e+00
385368 4134.970703 1086.673462 16132.556641 259.060120 -55.664215 42.910427 27.358841 -1.087073e+01
385369 4075.386230 921.131897 16120.422852 150.205582 135.643097 151.796982 22.150906 -9.432536e+00
385370 4073.100830 1090.450073 16139.066406 152.026917 177.836685 -168.990555 22.554905 1.000000e+37
385371 4043.010498 824.790955 15790.545898 65.044952 210.431564 26.496532 25.765331 -1.245928e+01
385372 4108.732910 1067.661499 15816.418945 71.930237 239.914505 201.964966 21.803970 1.000000e+37
385373 4000.253662 774.984680 15768.221680 175.580872 250.662689 160.689407 24.525833 -1.050662e+01
385374 4173.821777 960.723450 15906.839844 62.351391 155.903168 -26.403360 23.550453 1.000000e+37
385375 4207.200684 760.312988 15700.289062 139.198273 334.378754 -56.839291 17.195881 1.000000e+37
385376 4073.787598 930.226135 15878.751953 108.742943 383.272217 -88.840080 23.676567 1.000000e+37
385377 4042.364502 786.619812 15897.471680 192.226318 110.698936 230.969498 18.720537 1.000000e+37
385378 4185.994629 1215.260986 16069.679688 105.069633 104.052567 38.247952 19.339888 1.000000e+37
385379 4027.176270 751.372742 15734.398438 89.908951 298.003876 -57.379086 18.139105 1.000000e+37
385380 4239.947754 1233.548828 16104.795898 154.277908 68.807175 15.380823 15.541184 1.000000e+37
385381 4052.096191 729.552612 15916.154297 198.761185 117.377396 56.561375 18.410902 1.000000e+37
385382 4158.249023 1091.923584 15836.132812 140.575363 124.200592 37.785141 17.257647 1.000000e+37
385383 4113.349121 1001.327759 16096.900391 100.532982 176.141830 243.104034 21.026110 -1.027784e+01
385384 3943.518555 865.748901 15884.639648 166.532425 319.995697 118.195320 14.855833 1.000000e+37
385385 4039.362549 590.327515 15704.674805 241.269562 310.585175 138.254074 16.192652 1.000000e+37
385386 4001.919189 970.540405 16037.354492 262.868500 116.294472 153.714233 17.105164 1.000000e+37
385387 3990.132080 1159.392700 16113.726562 18.869896 47.461254 64.726929 15.194940 1.000000e+37
385388 4176.608887 1117.246582 16183.462891 189.418472 181.829361 16.944109 17.928751 1.000000e+37
385389 3950.923584 949.135681 16037.741211 190.210785 325.972809 -83.564636 13.938058 1.000000e+37
385390 4046.266602 838.127930 15719.935547 34.461136 262.571381 179.788101 17.816465 1.000000e+37
385391 3986.107422 1290.262695 16111.665039 201.035019 165.216370 -70.436790 16.601290 1.000000e+37
385392 3944.564209 990.591675 16078.231445 58.129204 67.901314 23.016554 11.970601 1.000000e+37
385393 4138.530273 1063.973999 16026.757812 250.105133 166.729385 292.797119 18.098820 1.000000e+37
385394 4156.519043 773.135437 15788.568359 246.947464 229.934326 199.012848 15.741981 1.000000e+37
385395 4208.546875 1226.627686 16114.127930 188.299881 227.980331 -103.393875 13.882481 1.000000e+37
385396 4089.211914 817.375671 15915.354492 273.032684 80.427460 93.242371 15.832832 1.000000e+37
385397 4061.109375 759.535522 15941.293945 215.143219 165.434753 222.986938 11.438372 1.000000e+37
385398 3959.740723 832.307617 15909.167969 17.386347 250.884750 240.630035 12.835860 1.000000e+37
385399 4190.458984 1149.250610 16251.958008 44.500557 201.660904 132.264496 10.920098 1.000000e+37
385400 4011.993408 968.885742 15855.458984 117.311607 242.974854 3.578171 13.253298 1.000000e+37
385401 4002.939941 818.683716 15919.349609 185.956482 107.558273 127.220863 13.019567 1.000000e+37
385402 4084.717529 879.820740 16090.191406 136.533417 196.936707 18.299335 13.328189 1.000000e+37
385403 4175.759277 1065.166504 15761.767578 167.818542 208.231705 111.924904 11.091418 1.000000e+37
385404 3942.291992 928.737793 15920.080078 77.986221 -1.363351 96.504250 11.258495 1.000000e+37
385405 3944.793945 1069.097900 16006.906250 18.897215 22.156382 183.725616 12.494351 1.000000e+37
385406 4020.756104 1044.459351 16038.023438 169.961014 -97.674225 143.836258 12.943242 1.000000e+37
385407 4002.900635 1075.888306 15959.067383 153.413406 126.795441 106.998177 12.887454 1.000000e+37
385408 4127.561523 1141.060181 15964.016602 11.713141 2.145966 -5.131006 9.228039 1.000000e+37
385409 4176.248047 868.988098 15628.880859 43.822361 301.199158 81.681030 12.518270 1.000000e+37
385410 4058.850342 1082.022949 16120.517578 291.133698 93.927391 234.828934 12.979630 1.000000e+37
385411 4040.952881 1016.414246 16133.517578 93.674225 -59.092022 87.496483 11.687722 1.000000e+37
385412 4115.786133 842.852356 15615.333984 64.628349 348.509247 -18.835627 12.117866 1.000000e+37
385413 4017.138916 768.354919 15630.254883 132.311401 221.131775 96.186089 11.564610 1.000000e+37
385414 4167.575684 935.992249 15637.418945 34.752544 267.805878 118.807945 10.153975 1.000000e+37
385415 4171.137695 990.285706 16116.988281 325.101318 87.367561 59.525768 15.105636 1.000000e+37
385416 4197.609375 1096.535034 15965.634766 338.048340 231.371719 130.836472 11.756920 1.000000e+37
385417 4141.485352 1108.386475 16043.234375 165.429459 392.532288 27.240452 13.533442 1.000000e+37
385418 4090.689941 1188.134277 16031.245117 104.117004 169.667389 163.049042 10.418528 1.000000e+37
385419 4069.107666 849.670471 16045.705078 141.082886 64.775330 125.122345 11.038858 1.000000e+37
385420 4144.222168 799.570740 15811.449219 336.783264 190.161987 208.215958 14.753468 1.000000e+37
385421 4145.305176 838.961426 15660.000977 33.753719 195.123703 248.988419 10.815907 1.000000e+37
385422 4234.611328 1205.358154 16059.266602 156.527130 117.300163 26.056465 10.067763 1.000000e+37
385423 4097.420898 1017.399109 15868.759766 133.020737 353.477386 -0.604546 12.211736 1.000000e+37
385424 3966.002930 739.386475 15677.223633 202.206039 321.861359 65.711510 12.583468 1.000000e+37
385425 4069.906982 995.233704 16005.255859 187.450333 289.058624 195.330444 9.926310 1.000000e+37
385426 4051.125000 859.751648 15781.821289 41.093952 51.205856 299.184937 10.493272 1.000000e+37
385427 4244.157715 1164.915771 16133.677734 138.230179 123.218529 10.557632 11.776584 1.000000e+37
385428 4060.234375 1198.619995 16144.487305 95.410446 130.081146 -144.298538 9.707717 1.000000e+37
385429 4216.530762 928.522827 15822.126953 119.507713 182.018967 164.046692 10.741744 1.000000e+37
385430 4229.674316 1233.559937 16171.000977 203.909363 139.465897 111.396858 11.629961 1.000000e+37
385431 4002.767334 869.373962 15861.347656 308.607758 161.247742 175.666779 10.384018 1.000000e+37
385432 4070.790771 859.350220 15676.362305 96.463081 233.773483 267.349823 9.965585 1.000000e+37
385433 4102.400391 666.179810 15750.665039 215.917389 179.618790 -9.903546 9.472472 1.000000e+37
385434 4093.658447 647.304932 15700.973633 216.949707 269.777832 101.477768 9.382539 1.000000e+37
385435 4193.531738 1162.600098 16198.418945 201.791397 261.496552 -86.115974 9.905044 1.000000e+37
385436 4176.481445 1123.739746 16205.128906 82.516006 28.341473 -52.872143 9.870026 1.000000e+37
385437 4163.333008 997.060181 16091.058594 6.563826 -67.184135 -50.396187 13.360943 1.000000e+37
385438 4041.905029 827.866577 15825.999023 301.529816 170.977982 -32.737537 11.843846 1.000000e+37
385439 4240.241211 1158.746826 16119.042969 180.517883 147.583267 101.204544 8.892246 1.000000e+37
385440 3981.980225 835.831360 15737.941406 180.844986 239.808670 167.502686 12.298533 1.000000e+37
385441 4260.575684 1029.335938 15764.702148 214.783600 203.729004 210.899918 11.120342 1.000000e+37
385442 4319.529785 1023.638611 15752.214844 239.794083 228.007294 161.959915 8.249229 1.000000e+37
385443 4062.862305 827.101746 15657.249023 310.954224 109.290344 120.473221 10.832203 1.000000e+37
385444 4035.839600 857.395569 16025.550781 177.163589 142.076645 134.391068 10.092291 1.000000e+37
385445 4197.370605 872.626709 15816.708008 94.619293 326.052704 107.977921 10.461652 1.000000e+37
385446 3993.007568 981.406860 15883.828125 85.112000 -41.344318 73.769493 7.170876 1.000000e+37
385447 4200.068359 802.971741 15675.158203 8.304961 119.143372 208.354782 8.834318 1.000000e+37
385448 4023.323242 820.955322 15849.108398 124.692825 123.361954 -20.640854 12.671387 1.000000e+37
385449 4051.362793 869.593872 15690.636719 187.945679 386.184570 124.610863 9.922083 1.000000e+37
385450 4029.226074 824.263367 15633.286133 213.602249 343.590485 160.342972 10.753748 1.000000e+37
385451 3988.991943 786.557068 15905.366211 202.846313 7.379753 15.596804 9.960222 1.000000e+37
385452 3981.459229 795.869751 15772.764648 301.752472 118.501625 112.663567 7.821047 1.000000e+37
464787 3959.190918 1408.011719 16364.271484 166.087158 159.645508 -17.338549 159.262985 -2.116176e+01
464788 3894.754395 1216.881714 16377.029297 272.783905 270.007812 27.553959 48.972599 -1.365545e+01
464789 4023.274658 1432.213013 16418.687500 291.647156 216.571320 -91.008667 40.780323 -1.191781e+01
464790 3891.777344 1448.850708 16371.916992 208.978241 80.512421 -7.315661 33.115250 -1.272814e+01
464791 4002.995361 1346.992798 16400.863281 230.024521 323.133667 -59.480244 27.114378 1.000000e+37
464792 3948.621338 1335.046631 16340.001953 59.294567 175.213562 54.222687 23.847727 -8.207879e+00
464793 3958.655518 1432.718994 16407.746094 321.834961 61.619930 34.287254 20.876305 1.000000e+37
464794 3952.614990 1183.933350 16392.300781 216.517212 155.015656 63.162907 16.365202 1.000000e+37
464795 3968.904053 1395.064331 16360.140625 336.962952 254.791840 -53.207211 20.620159 -1.288557e+01
464796 3917.976807 1551.439819 16436.599609 237.554199 213.074905 -51.061768 16.771044 1.000000e+37
464797 3980.123535 1286.432983 16320.169922 34.394066 125.874992 122.460617 16.474279 1.000000e+37
464798 3903.098633 1454.476440 16342.469727 205.147491 41.942287 60.116642 15.461732 1.000000e+37
464799 4007.012451 1461.206787 16334.996094 76.018166 138.956741 -97.264862 17.015642 1.000000e+37
464800 3928.845947 1436.152222 16382.969727 183.106613 123.999184 -167.411819 19.482660 -9.719584e+00
464801 3868.039307 1346.944092 16458.013672 212.229126 121.751846 -66.556404 17.014587 1.000000e+37
464802 3849.410400 1371.635010 16409.210938 173.224670 187.309052 82.835121 18.884672 1.000000e+37
464803 4009.228760 1384.467651 16298.869141 166.295059 146.082809 90.187004 17.465435 -8.875400e+00
464804 4058.128418 1423.688477 16337.782227 156.701416 256.103088 -61.731762 12.133763 1.000000e+37
464805 4039.523438 1375.465454 16398.679688 233.786789 224.077942 -65.714088 11.935850 1.000000e+37
464806 3973.847168 1387.389160 16363.209961 -2.956430 47.582481 76.808937 19.282309 -8.874732e+00
464807 3972.968994 1377.158691 16330.124023 49.112106 114.286476 112.291435 13.017776 -8.780719e+00
464808 4035.427002 1416.084473 16397.250000 135.548691 19.342855 217.040131 8.487416 1.000000e+37
464809 3845.106445 1496.908813 16411.562500 164.411911 91.083694 -34.161068 11.842431 1.000000e+37
469851 3642.310791 2494.252441 15958.218750 218.260910 140.461227 115.787933 148.159225 -2.017704e+01
469852 3609.840576 2581.096924 16030.132812 222.417725 64.810562 78.224586 38.764881 -1.321064e+01
469853 3791.904785 2365.735596 15928.011719 254.840530 134.390701 157.979614 31.717649 -9.676464e+00
469854 3704.280518 2434.058838 16004.737305 281.053070 288.183594 56.915836 23.948376 -8.736156e+00
469855 3620.566895 2463.388184 15952.662109 240.744537 110.357597 144.710281 13.440315 1.000000e+37
469856 3632.709229 2547.114746 16026.229492 99.015572 261.879822 75.475578 19.228075 1.000000e+37
469857 3641.561768 2562.640137 15963.869141 86.181572 214.816803 106.689880 25.497938 -9.110205e+00
469858 3642.772949 2500.097168 15996.390625 237.808060 101.063293 171.271515 11.619563 1.000000e+37
469859 3608.042480 2559.291748 15901.779297 199.511322 -18.866730 38.002224 16.696407 1.000000e+37
469860 3594.101318 2593.822021 15912.944336 73.235359 177.059662 135.920731 17.087156 1.000000e+37
469861 3756.200928 2440.441406 15988.370117 216.828049 221.334656 -14.749341 15.993833 1.000000e+37
469862 3590.976074 2599.626465 15988.178711 169.085129 60.811146 105.210739 22.441084 1.000000e+37
469863 3641.434326 2447.308594 16012.352539 197.460251 8.261011 139.304840 14.707715 1.000000e+37
469864 3662.720703 2503.307617 15902.716797 240.668167 57.285816 279.565887 16.841881 1.000000e+37
469865 3591.405518 2505.096924 15880.021484 322.499817 35.444519 26.453432 12.471428 1.000000e+37
469866 3673.145020 2516.031250 15990.170898 215.365189 262.526520 249.957138 12.635865 1.000000e+37
469867 3668.535400 2539.883789 15997.519531 293.263306 35.432724 157.320160 13.201199 1.000000e+37
469868 3677.319824 2385.757812 16002.164062 283.425842 165.607086 63.768188 13.593172 1.000000e+37
469869 3702.156494 2482.870361 16011.514648 286.312408 141.250183 -12.757179 11.673877 1.000000e+37
469870 3604.637451 2608.523438 15935.305664 201.974350 99.609657 118.832108 8.956147 1.000000e+37
469871 3706.345703 2576.520996 16018.716797 102.024124 112.150543 144.739212 9.459966 1.000000e+37
512023 3702.967285 985.963196 16699.291016 236.713837 232.320251 1.815091 117.967148 -1.950436e+01
512024 3632.283691 1072.958984 16654.580078 261.601471 166.055344 73.300568 34.218033 -8.843832e+00
512025 3728.566650 964.512329 16645.816406 177.604507 282.634613 -64.750511 32.372314 -1.125223e+01
512026 3707.287354 1032.327393 16573.386719 246.064499 156.825668 2.510429 20.687401 1.000000e+37
512027 3754.002930 1005.579529 16617.628906 89.365280 290.358978 -5.342014 17.105309 1.000000e+37
512028 3709.632568 977.713623 16741.779297 308.005737 229.621841 118.130638 15.444458 -8.086286e+00
512029 3622.515869 1143.235840 16641.021484 262.476593 246.836975 25.440222 14.721593 1.000000e+37
512030 3623.011963 1110.578613 16703.496094 278.948944 206.824158 26.077692 13.836110 1.000000e+37
550867 3877.118164 2479.269287 17684.916016 156.218704 173.578217 90.744476 102.726311 -1.907975e+01
550868 3912.601562 2414.548340 17772.902344 128.770065 120.925491 89.653435 17.243769 1.000000e+37
550869 3938.745361 2515.127441 17737.347656 178.870163 199.519897 16.317610 17.186373 1.000000e+37
550870 3803.934326 2482.870605 17677.433594 142.480026 95.756729 118.103767 14.654011 1.000000e+37
550871 3955.341797 2537.208984 17730.492188 165.048004 140.022491 73.134781 15.981870 1.000000e+37
550872 3937.208252 2431.094482 17681.927734 150.447723 229.486374 47.310970 12.905729 1.000000e+37
550873 3852.105225 2421.182861 17748.722656 182.270142 113.346680 120.752434 10.943156 1.000000e+37
583954 3974.883789 619.682251 15364.286133 205.221558 301.241516 74.195847 81.095413 -1.753477e+01
583955 3946.190674 581.137085 15466.079102 170.918320 312.637848 50.396008 41.638924 -1.270681e+01
583956 4024.073730 563.164734 15389.268555 200.230301 320.225311 100.179306 33.459507 -9.567619e+00
583957 3996.230469 541.012451 15362.593750 225.687866 267.107239 108.947533 10.981125 1.000000e+37
583958 4028.796143 616.690002 15319.294922 257.049927 296.928589 118.866241 12.115218 1.000000e+37
592840 3740.193604 74473.906250 15120.712891 207.680313 156.133148 70.822121 78.791359 -1.729083e+01
592930 3940.144531 1843.391602 16187.157227 193.008652 107.969002 143.815170 88.426605 -1.786897e+01
614067 2216.586670 223.630981 16324.755859 231.083893 146.953430 72.943428 72.951073 -1.730920e+01
614069 2223.817139 252.937653 16357.446289 261.876831 77.674019 110.798950 12.322689 1.000000e+37
614070 2192.302490 256.857758 16314.989258 187.061035 192.608139 51.639462 13.207515 1.000000e+37
614071 2198.974854 253.283249 16270.046875 234.307816 77.059792 84.195312 8.558042 1.000000e+37
614072 2214.511719 248.071762 16249.495117 213.431335 133.190964 36.584728 9.867182 1.000000e+37
633419 2571.868896 410.059296 17068.269531 219.746429 181.395676 48.622807 68.414505 -1.706696e+01
633420 2524.545654 412.204895 17084.867188 268.170807 191.547089 9.363369 29.194843 -8.354494e+00
659819 2991.544189 1765.609985 15853.770508 262.202393 158.835922 119.727776 61.496784 -1.533735e+01
661057 2118.991455 830.303772 16825.886719 246.270767 154.699097 71.042564 62.339054 -1.558686e+01
661058 2107.149902 760.445862 16813.099609 280.699921 143.903198 77.507423 18.395252 1.000000e+37
661059 2191.482178 800.767273 16836.253906 210.292862 134.596313 96.490982 7.313648 1.000000e+37
668885 2993.365967 2632.443115 17032.890625 239.867676 183.354385 106.331047 55.790817 -1.523308e+01
668886 3068.663330 2615.278076 17047.244141 246.047791 158.919708 121.852814 16.099052 1.000000e+37
680603 5413.546875 797.040344 14712.917969 172.430481 117.241318 81.851707 57.907223 -1.558666e+01
699030 3873.813965 1761.781006 17132.210938 154.478195 125.667259 63.489655 44.794834 -1.440386e+01
699031 3899.498047 1769.916992 17120.910156 125.263542 107.799187 36.710102 20.190447 1.000000e+37
699032 3860.458008 1754.035522 17128.572266 156.788651 154.532547 8.690503 15.188028 1.000000e+37
711113 2769.029053 1219.466064 16458.339844 245.162369 161.283279 82.517082 48.296818 -1.289534e+01
711114 2748.182373 1251.680664 16431.558594 222.819061 141.016266 84.116791 13.476427 1.000000e+37
716574 3007.947510 2670.570801 17175.468750 248.525101 170.410522 81.920769 44.499889 -1.316328e+01
716575 3028.559570 2717.655029 17218.763672 223.089523 194.108337 81.850266 17.720640 1.000000e+37
716576 3042.370850 2742.427002 17211.923828 244.925949 191.057556 92.910736 12.818604 1.000000e+37
716577 2978.142578 2686.261719 17168.283203 229.233459 152.481873 115.083069 14.441621 1.000000e+37
719502 4926.583008 1070.325806 15342.680664 90.367104 134.006897 58.429539 48.688381 -1.306581e+01
719503 4962.407227 1056.404541 15360.778320 71.309631 157.859680 49.202824 18.022236 1.000000e+37
719504 4931.314941 1086.889893 15351.082031 92.274086 172.039932 67.376549 12.561089 1.000000e+37
730009 3940.432129 2079.096191 17383.990234 137.107452 207.287994 30.937799 46.916782 -1.438721e+01
742170 3894.571289 371.102875 15431.241211 158.663574 265.706665 141.341248 44.803116 -1.346424e+01
742564 3788.960693 1704.401123 17032.699219 82.604675 175.124832 19.290388 43.135555 -1.274440e+01
742565 3744.251465 1691.277344 17052.347656 160.799194 156.902481 21.358000 25.751137 1.000000e+37
761229 3318.541992 2397.985596 16490.167969 249.155243 158.297485 79.719467 36.860489 -1.135944e+01
761230 3316.805176 2413.870117 16506.302734 270.499298 170.076370 61.433102 34.707462 -9.901956e+00
767348 3475.266357 2983.760742 15669.367188 212.645630 166.403641 175.506729 41.686512 -1.063809e+01
767349 3483.836914 2933.758545 15692.072266 230.012863 166.162720 162.970825 9.092058 1.000000e+37
774028 4115.194336 1513.570190 16821.535156 135.858551 150.018707 -17.264555 43.173874 -1.301508e+01
783298 4598.913086 784.535461 15327.836914 100.405098 156.298370 112.832703 38.437935 -1.078498e+01
784043 3957.356201 311.066742 15750.228516 134.932327 277.865295 116.064941 44.046516 -1.182232e+01
810882 4242.868164 74709.515625 14874.589844 162.139069 206.580154 66.428719 35.311337 -1.007117e+01
810883 4251.807129 74733.929688 14844.728516 138.212875 205.828644 76.051979 8.442851 1.000000e+37
813510 2410.173584 831.180664 15532.860352 232.954971 141.209824 114.891388 37.486095 -1.005752e+01
813511 2386.840576 835.356934 15542.078125 223.297211 162.218155 125.510681 10.748525 1.000000e+37
814988 3272.292725 2054.018311 15170.390625 232.420593 161.431885 155.079117 39.710873 -1.052850e+01
828879 3676.253906 1516.214844 17653.464844 218.586868 196.888428 40.925819 36.816845 1.000000e+37
843903 3710.748779 1283.182983 17367.019531 214.657349 192.229462 18.013132 36.497757 -1.104339e+01
847169 2611.482910 543.506775 16466.238281 215.538574 167.280106 75.200394 26.798889 1.000000e+37
847170 2604.580566 548.832397 16467.650391 218.757233 165.610214 69.531960 14.989894 1.000000e+37
847171 2636.879639 507.424347 16491.251953 215.375824 162.393753 57.158180 8.483546 1.000000e+37
858951 3795.905762 2186.997803 17813.945312 151.834778 210.573837 55.239838 29.542782 1.000000e+37
865392 3009.779297 834.207581 17263.726562 207.509323 221.314407 20.282278 31.215773 1.000000e+37
865393 3030.409668 806.881470 17255.162109 189.133148 224.698593 30.094452 14.919159 1.000000e+37
868261 3502.432617 1975.326050 16182.251953 269.216827 180.208649 81.544807 28.754297 1.000000e+37
868262 3511.004639 1984.278442 16156.924805 255.860138 201.399231 77.631088 12.572203 1.000000e+37
883353 3415.033936 2973.431885 16167.643555 192.934967 109.807732 86.574837 29.079111 1.000000e+37
886757 2844.534180 770.279541 17445.966797 201.936890 215.845657 25.552422 24.463537 1.000000e+37
886758 2844.211914 773.715454 17433.861328 196.567368 197.237457 29.753798 15.807744 1.000000e+37
886759 2864.981934 752.200256 17436.488281 189.466675 222.503494 3.797568 9.573231 1.000000e+37
890312 4122.840332 423.972412 15814.918945 149.690933 292.301422 118.238983 24.289297 1.000000e+37
890313 4106.222656 398.501373 15819.015625 154.306229 302.854675 136.023193 16.616257 1.000000e+37
890314 4111.719727 415.336517 15826.779297 151.222305 310.292053 114.300583 15.454513 1.000000e+37
890315 4098.248535 443.569885 15812.275391 141.360336 290.708557 137.597656 9.882765 1.000000e+37
895594 5216.748047 1294.726318 15485.544922 101.480255 119.136108 64.582512 27.620762 1.000000e+37
895595 5179.958496 1291.074829 15494.480469 121.692131 109.579849 54.294590 13.398641 1.000000e+37
901517 4524.219727 3226.822754 16393.638672 133.653259 151.266434 109.889175 27.005732 1.000000e+37
904673 2922.879883 1879.574585 16607.867188 254.202286 170.173477 75.941818 25.168888 1.000000e+37
911118 4500.716309 2942.556885 16321.347656 129.736465 143.506958 107.053528 28.985952 1.000000e+37
913852 3869.918945 314.149200 15278.412109 212.772583 297.483734 39.260044 32.492928 1.000000e+37
918741 5002.323730 851.899536 15177.684570 139.493851 122.472229 109.900841 35.025665 -1.055615e+01
918742 4962.022949 851.339661 15184.015625 147.810287 145.565186 107.514824 12.878671 1.000000e+37
924872 3522.517822 2724.838623 16181.904297 193.000732 106.963387 38.926685 28.849916 -8.985442e+00
932037 3722.491943 2100.954590 17436.898438 130.926270 216.212570 36.432583 25.165607 1.000000e+37
932038 3652.416748 2124.834473 17420.505859 129.983276 219.321411 32.387947 13.286751 1.000000e+37
944363 2488.849854 342.215088 16797.447266 199.771194 222.467789 55.052326 24.653193 1.000000e+37
944364 2444.515381 345.319733 16802.201172 196.097000 229.035721 40.925617 8.900826 1.000000e+37
955945 4514.889160 817.205383 15278.168945 113.256012 191.486893 111.987671 24.987164 1.000000e+37
955946 4500.929199 809.333313 15280.559570 103.033638 185.351929 120.388268 14.568538 1.000000e+37
960378 4834.260742 74446.968750 16930.177734 136.621338 228.997391 24.961063 27.958725 1.000000e+37
967829 4109.491699 1148.245605 15752.127930 148.656326 152.865295 122.071350 27.491037 -8.743577e+00
970002 3463.189697 3182.530273 16383.586914 178.704544 135.620499 90.194550 24.850603 1.000000e+37
970003 3453.671631 3184.609131 16374.895508 181.005035 104.685089 85.366890 14.400707 1.000000e+37
982383 2601.543945 411.123962 16928.949219 207.662598 215.324066 69.171745 20.256977 1.000000e+37
992846 4062.478027 503.330688 15973.666992 82.406021 220.902542 22.869284 27.827299 1.000000e+37
994335 3929.826904 629.041443 15531.806641 142.659134 287.310730 36.878277 26.225630 1.000000e+37
995151 4130.852539 92.231186 15545.169922 213.112579 244.434647 108.247658 20.418507 1.000000e+37
1005110 4189.543457 1430.197632 16147.851562 273.008057 79.647835 111.990448 24.990101 1.000000e+37
1010303 3714.601562 1643.377075 16959.367188 172.570923 116.465698 62.908276 27.173429 1.000000e+37
1026006 4943.536133 465.448120 16784.880859 117.478302 236.042145 15.392165 25.370741 1.000000e+37
1040283 4029.756348 74756.671875 15334.197266 192.110367 167.413452 121.238083 20.144087 1.000000e+37
1040284 4023.926270 74764.890625 15312.927734 172.529846 175.152054 133.574951 15.712350 1.000000e+37
1047325 3706.409668 1554.640015 16900.412109 92.567787 155.575180 13.054216 24.653307 1.000000e+37
1055359 3806.922607 74674.773438 15835.760742 145.524124 256.331543 -9.367896 22.060894 1.000000e+37
1067340 2002.081421 1684.041626 16393.605469 249.041901 157.013962 96.215187 20.674688 1.000000e+37
1067341 2020.365356 1680.150024 16367.010742 231.668304 153.854584 95.617035 8.644533 1.000000e+37
1068448 3925.134033 645.762451 15806.872070 202.147629 204.277176 163.879807 30.505522 -1.031692e+01
1074533 4757.057617 2953.197266 16503.535156 115.176170 161.590698 87.538116 20.818403 1.000000e+37
1074534 4747.622070 2953.879150 16494.009766 107.915474 152.924622 93.294731 15.317281 1.000000e+37
1074535 4756.469238 2977.486816 16487.345703 118.559219 152.893982 108.943977 7.723060 1.000000e+37
1077815 3604.734375 1549.926392 17777.796875 162.023117 249.415573 23.196255 21.302176 1.000000e+37
1081278 2659.012939 990.455505 16478.558594 258.988403 156.326492 87.758339 20.395006 1.000000e+37
1081279 2674.762451 996.574341 16483.375000 249.075470 135.251770 105.333015 11.873694 1.000000e+37
1083981 3367.259766 1587.447144 15237.799805 233.704865 150.213150 147.042786 23.064699 1.000000e+37
1085698 5357.715332 1210.043701 14966.237305 182.679276 107.411461 103.609940 20.924330 1.000000e+37
1096328 2466.355225 1120.620972 15583.554688 246.096146 146.062012 102.722572 21.218758 1.000000e+37
1096866 4014.118408 463.645691 15799.501953 319.256012 227.632568 92.213913 23.207878 1.000000e+37
1104362 2627.293457 2189.268555 15829.791016 263.923767 155.073776 109.954109 23.086830 1.000000e+37
1113736 2240.426025 595.778625 16595.550781 227.592056 158.352997 55.208729 20.822115 1.000000e+37
1115334 2414.152832 952.040710 15824.880859 241.416885 148.585419 92.414146 20.584648 1.000000e+37
1129991 3938.489258 2763.775635 17457.929688 172.598907 152.468750 129.432373 23.478270 1.000000e+37
1130194 3543.097656 622.648254 15164.609375 238.454391 139.721664 151.504745 23.781044 1.000000e+37
1134330 4133.700195 1936.870850 17467.019531 143.026764 198.108429 43.435852 25.432724 -1.006175e+01
1137909 4139.009766 54.248108 15630.109375 182.379929 193.146729 152.621384 20.028120 1.000000e+37
1153855 2292.125488 1251.637329 15563.193359 255.393372 140.973206 107.215874 18.755201 1.000000e+37
1186580 4129.099609 2036.360718 15076.523438 185.642029 138.997726 159.634964 23.298674 1.000000e+37
1186581 4023.985107 1236.086060 16512.556641 212.806427 184.811401 14.524142 16.236137 1.000000e+37
1186582 4004.642090 1213.496582 16512.275391 237.180695 164.388199 24.575741 14.310709 1.000000e+37
1187484 4473.663086 2857.479736 16260.368164 134.180405 151.367279 107.318565 19.872824 1.000000e+37
1188792 4333.911621 74854.156250 15187.254883 128.067612 189.262909 89.894974 24.626835 1.000000e+37
1195599 3924.864014 868.449829 17159.425781 126.903702 257.902527 -7.360787 21.466362 1.000000e+37
1199415 3538.863770 2218.997803 15927.365234 237.705505 157.004089 153.302460 25.933748 -9.721470e+00
1206313 3882.509766 74480.875000 16085.625000 153.252960 253.886185 -12.985599 13.724607 1.000000e+37
1206314 3839.023682 74485.554688 16089.162109 145.096695 247.063156 -2.486480 13.713820 1.000000e+37
1218938 3725.000488 1058.177979 17243.689453 208.716736 184.291168 9.696860 21.421854 1.000000e+37
1222686 2886.531250 321.122589 16426.830078 218.920258 202.395859 63.075459 16.944054 1.000000e+37
1226370 5053.413574 2699.197510 16263.823242 118.005440 154.602966 85.335617 21.386648 1.000000e+37
1234596 3592.874756 74712.937500 15742.437500 182.215622 246.351517 -7.420045 18.782850 1.000000e+37
1251751 2024.412231 1679.987671 16497.763672 245.222168 156.027649 86.430977 19.824678 1.000000e+37
1255669 4110.500977 1012.886780 16274.201172 167.469727 26.068937 201.777405 16.248110 1.000000e+37
1260557 3354.362549 1306.715210 18097.501953 177.909470 240.423492 42.881008 18.793657 1.000000e+37
1264667 3699.838867 1999.439697 17370.771484 142.966995 206.775299 45.940639 23.021227 1.000000e+37
1264668 3329.908203 74671.226562 16320.162109 170.092407 239.744995 4.215464 20.612560 1.000000e+37
1268110 4172.944824 155.407089 15631.142578 224.059570 244.169434 111.118042 20.482170 1.000000e+37
1272434 3869.883301 1077.655762 15847.872070 177.728149 138.534012 139.123123 19.287525 1.000000e+37
1279153 3444.948486 978.293152 16764.642578 287.983307 219.482956 -1.355590 22.988455 1.000000e+37
1294263 3525.412109 2734.144531 15984.829102 225.220917 186.625031 58.017796 20.646469 1.000000e+37
1294264 3505.784424 2759.993164 15961.209961 190.070190 124.711510 133.697083 10.856006 1.000000e+37
1297339 4185.494141 74889.273438 14987.781250 155.670319 211.688004 67.565201 22.053938 1.000000e+37
1297340 4802.990234 1597.777344 15787.272461 91.714302 111.514168 75.928764 17.862309 1.000000e+37
1301272 2377.009277 166.206848 16811.093750 212.734894 209.077713 50.776798 19.347195 1.000000e+37
1304328 3659.258789 2266.158203 16055.344727 168.212494 208.242371 198.460922 16.228857 1.000000e+37
1304329 3652.083252 2297.302002 16042.683594 234.358810 146.545425 171.901672 11.820133 1.000000e+37
1331102 2735.159180 1659.696533 15766.466797 272.882202 144.331390 112.837807 17.099945 1.000000e+37
1335068 2343.950684 387.650970 16359.479492 189.388367 166.279007 59.286049 20.141602 1.000000e+37
1335069 2690.895020 655.427185 16470.337891 221.422440 154.156433 77.907600 20.185614 1.000000e+37
1357229 3926.418701 1208.892334 16169.841797 252.210449 158.816422 -54.453781 18.023495 1.000000e+37
1357230 4092.760010 74736.257812 14777.342773 145.796051 192.877441 80.060028 15.191851 1.000000e+37
1357725 2834.741455 2265.686035 15901.464844 268.153534 155.267746 109.218582 21.590694 1.000000e+37
1357726 2537.042969 1578.157715 15673.791016 261.822205 145.011093 111.335732 20.605211 1.000000e+37
1363791 4313.384766 935.596191 15585.714844 24.341658 115.680756 134.054337 18.951321 1.000000e+37
1379436 4057.984863 560.992920 16022.590820 156.007111 178.597000 124.762405 17.050322 1.000000e+37
1382212 3251.891113 1005.685425 16949.960938 246.729446 217.911743 9.236602 19.367552 1.000000e+37
1390942 4155.378906 1235.595459 16268.134766 182.548309 166.037399 54.663097 11.854074 1.000000e+37
1393833 3394.472412 1344.551636 17460.101562 198.770065 229.686005 11.129920 19.168360 1.000000e+37
1393837 2943.697266 1474.608032 16452.482422 243.421982 163.596527 91.728882 18.786905 1.000000e+37
1396235 2333.792236 681.731201 16813.939453 228.702072 164.559677 55.265968 14.588849 1.000000e+37
1397651 3501.583252 2300.923584 16023.223633 204.599442 168.321747 133.938553 18.724894 1.000000e+37
1401031 3436.876465 670.167236 16474.068359 208.546432 283.274445 15.354414 18.778383 1.000000e+37
1403566 2532.338867 110.550446 16133.028320 198.929504 191.065201 61.285851 15.954213 1.000000e+37
1413594 2473.602295 377.726440 15315.411133 216.946579 134.023453 113.596443 14.489235 1.000000e+37
1418195 4295.069824 1055.480469 15914.889648 128.620697 -16.429886 93.796417 13.067761 1.000000e+37
1418196 4317.768555 1093.514160 15965.267578 264.817993 89.565941 16.471718 11.818591 1.000000e+37
1426154 3913.493408 1329.046753 16209.545898 205.126068 166.305023 56.821243 21.164738 1.000000e+37
1429371 3347.332764 1548.521973 15195.949219 240.507599 158.674088 156.701920 17.320494 1.000000e+37
1437349 2444.314697 566.746826 16951.431641 234.803864 156.720215 55.868732 16.392359 1.000000e+37
1442245 4170.978027 74787.164062 14762.801758 164.142853 217.911087 72.263397 18.483269 1.000000e+37
1445736 2927.470215 1499.486328 16492.818359 253.262192 156.071289 73.163200 18.856091 1.000000e+37
1465222 4051.279785 74704.601562 15252.115234 198.828751 159.168823 132.578323 15.334262 1.000000e+37
1465223 4059.632812 74719.976562 15274.758789 185.880814 165.878220 129.680542 7.849151 1.000000e+37
1474223 3887.562256 1967.207642 17353.052734 76.041969 193.851776 45.273964 19.681511 1.000000e+37
1480431 4182.903320 306.505035 15913.306641 170.433136 223.885864 167.259171 10.221491 1.000000e+37
1480432 4305.210938 74960.359375 15262.204102 136.661667 194.467148 102.984100 16.335989 1.000000e+37
1483097 4596.688477 2071.291504 15458.731445 135.570038 112.174026 114.781464 18.562906 1.000000e+37
1487439 3441.391602 2350.785156 16285.288086 258.171204 160.566025 58.742008 19.137863 1.000000e+37
1490605 2438.434814 595.771790 16470.599609 221.604156 147.640945 83.662575 15.829772 1.000000e+37
1496320 4564.515625 841.970825 15238.188477 125.050858 151.567474 132.345047 16.563610 1.000000e+37
1516207 3989.270752 1890.376465 17504.515625 73.736534 192.506897 42.041634 16.543827 1.000000e+37
1526619 3860.692383 1179.031250 16455.927734 210.750504 246.698669 -31.282629 19.113647 1.000000e+37
1534388 2135.889160 1740.458862 15787.329102 246.440063 147.841751 104.805542 16.914295 1.000000e+37
1555780 3929.315430 2266.404297 17898.320312 159.681717 266.302307 37.145462 17.701517 1.000000e+37
1556609 3726.656006 2883.399170 16519.917969 193.497650 149.304642 65.705841 16.092247 1.000000e+37
1560501 2943.338135 965.830505 15421.805664 240.072571 148.776321 123.499390 17.560951 1.000000e+37
1563515 3985.846191 802.062439 16158.000000 156.885956 289.403473 91.761879 18.858591 1.000000e+37
1563516 4172.756348 2743.602539 16841.171875 112.207222 148.957062 89.939087 17.381319 1.000000e+37
1564390 4080.354980 229.805267 15434.548828 200.476822 255.607559 122.001915 15.653289 1.000000e+37
1567450 3738.787842 1451.135986 16402.064453 204.210403 180.680664 78.439804 18.108711 1.000000e+37
1568369 4036.379639 452.778412 15889.579102 293.471130 263.539459 32.311691 18.014019 1.000000e+37
1572265 4277.614746 1881.626343 17302.589844 166.107376 173.161087 44.084549 15.993088 1.000000e+37
1580355 4011.105957 620.260925 16286.161133 273.109283 238.203445 32.043221 16.434265 1.000000e+37
1583406 4792.032715 1135.503052 15388.398438 83.569313 134.854492 36.003159 17.776579 1.000000e+37
1584261 2216.599609 329.058868 16367.216797 180.814682 128.450333 60.508141 15.388946 1.000000e+37
1587427 4077.118896 598.073730 15939.657227 63.409630 304.392792 148.861542 15.747441 1.000000e+37
1599381 3585.995605 2689.024902 15830.762695 133.212570 181.071396 138.500412 12.084927 1.000000e+37
1600015 4051.889404 74924.484375 14728.128906 131.189453 190.807129 73.018982 16.032322 1.000000e+37
1600986 3573.935059 2826.054932 15855.873047 191.070541 156.043350 117.639008 18.480734 -9.225441e+00
1600987 3302.405518 1506.805908 15642.408203 255.710602 158.408859 138.173126 17.530821 1.000000e+37
1614041 2670.272461 2564.951416 15881.167969 262.349609 161.456833 108.618904 16.233038 1.000000e+37
1616876 4598.079102 2156.463867 15467.311523 134.364471 109.722870 106.840546 17.197756 1.000000e+37
1622149 4105.353516 1637.330200 17032.320312 136.723160 138.550003 23.029144 15.910134 1.000000e+37
1626684 4325.717285 1111.682861 15999.262695 109.385994 -32.500881 66.543297 15.343513 1.000000e+37
1626686 3921.424561 247.420120 15960.040039 130.110168 294.089966 -20.589298 18.094717 1.000000e+37
1632310 3552.915283 405.122437 16186.308594 260.937469 217.012039 58.226192 17.356745 1.000000e+37
1637031 4057.813232 2632.758789 17624.250000 129.553040 183.186890 47.759178 18.437510 1.000000e+37
1640676 5162.355957 249.909531 14917.434570 199.107895 159.095337 98.403030 15.478896 1.000000e+37
1641683 2352.673828 793.505188 15711.748047 242.587326 148.335419 94.336975 14.042415 1.000000e+37
1645466 3777.883301 74880.453125 15447.379883 159.425262 272.306030 -15.184385 18.828743 1.000000e+37
1659831 3830.166748 1068.918701 15858.844727 165.506042 159.371735 136.529633 12.909770 1.000000e+37
1659832 3834.614502 1071.458008 15885.481445 78.103134 139.232620 170.804352 13.273614 1.000000e+37
1676085 4286.523926 439.708191 15462.825195 230.280762 293.989166 37.879314 10.272725 1.000000e+37
1685192 3790.875977 1188.701904 16179.497070 185.863235 119.777283 -77.861908 13.610260 1.000000e+37
1691612 2364.930908 663.739075 16906.517578 229.813293 154.391602 47.358070 15.965542 1.000000e+37
1695736 3948.219482 1100.425049 16449.417969 94.462410 157.229050 -45.103138 13.195486 1.000000e+37
1702229 3741.774902 1586.610107 17778.037109 216.399979 184.781845 54.409519 14.196146 1.000000e+37
1712004 4023.885254 1157.073486 15947.023438 178.313538 12.181115 208.970917 19.853582 1.000000e+37
1712005 3850.470703 2339.722412 17801.904297 206.743607 156.321396 111.543533 16.684782 1.000000e+37
1718814 3199.671143 2295.007080 16593.123047 259.587250 185.634109 78.209541 15.636885 1.000000e+37
1724612 3939.470459 74516.265625 15062.184570 183.047791 142.023407 120.560524 13.592957 1.000000e+37
1740898 3998.140137 542.209473 15913.972656 62.225712 223.396942 17.392914 16.021507 1.000000e+37
1740899 5683.098633 1049.218994 15326.763672 121.421043 157.496124 21.345383 15.866284 1.000000e+37
1742175 2871.343506 300.773712 15081.966797 227.321259 130.960083 114.716957 12.540469 1.000000e+37
1746904 3919.609131 1402.753784 16598.191406 101.065948 208.762665 -55.185619 14.667496 1.000000e+37
1748236 3898.236572 2120.108398 15430.798828 184.266205 141.132812 179.447433 15.126934 1.000000e+37
1752882 4884.255371 1620.134644 15778.784180 87.184143 113.763016 74.571144 16.981318 1.000000e+37
1757976 3767.617676 2369.384766 15985.120117 216.987137 159.289795 165.334869 8.448993 1.000000e+37
1760214 4112.437012 737.876465 16271.339844 253.734146 269.342010 4.365032 15.161988 1.000000e+37
1766337 2626.149170 594.238342 15303.876953 224.088745 137.433365 115.758972 15.358377 1.000000e+37
1776573 3468.310547 2454.880371 16079.361328 157.439407 114.242340 127.371399 10.035053 1.000000e+37
1785422 4158.718750 74982.890625 15218.872070 180.935471 226.994675 89.460762 16.890343 1.000000e+37
1810299 4953.947754 1421.452271 14853.516602 148.406509 103.600449 97.373825 15.518195 1.000000e+37
1817121 4191.640137 1018.368896 15589.231445 1.772867 137.753586 114.165779 10.836222 1.000000e+37
1831099 4187.248535 74563.359375 14972.796875 147.412064 191.376038 67.989120 12.806762 1.000000e+37
1831101 3804.241943 1091.727417 15847.343750 142.748657 156.010513 133.253555 14.687098 1.000000e+37
1838186 4051.875000 74718.187500 14822.595703 158.992432 191.863281 80.831024 14.487659 1.000000e+37
1839776 4165.132324 147.966278 15794.977539 181.944626 205.879181 165.174667 13.464799 1.000000e+37
1845476 4564.716797 858.940063 15299.587891 103.823769 182.259613 127.551933 13.769463 1.000000e+37
1845478 4724.358398 2111.323975 17967.851562 102.840645 206.435867 81.904884 17.545752 1.000000e+37
1852776 5399.915039 1339.697754 15421.407227 108.060463 122.186195 65.595482 13.740704 1.000000e+37
1852777 3825.066406 1551.254150 16570.582031 108.622742 52.635845 21.249834 14.120965 1.000000e+37
1854413 4248.811035 2013.842041 17421.257812 165.223770 175.406937 54.908733 15.951024 1.000000e+37
1860191 3983.188232 1382.376343 16759.292969 133.199066 141.887939 -31.267555 15.214443 1.000000e+37
1861760 3698.754395 2254.393311 15995.087891 219.900009 100.355232 58.548782 17.072790 1.000000e+37
1867582 4962.114258 1579.976807 14868.568359 150.954514 104.547371 96.098213 14.361050 1.000000e+37
1867583 4996.960938 1155.114014 15403.394531 87.690323 107.309586 52.717220 14.620762 1.000000e+37
1867585 3750.965820 973.467407 16827.822266 117.577560 277.763947 -58.947559 11.739246 1.000000e+37
1869328 3415.573242 1291.207031 17275.597656 210.995544 222.406342 2.724711 14.557990 1.000000e+37
1869330 4426.176758 409.889587 15717.781250 183.805130 267.484924 103.783806 15.153898 1.000000e+37
1875472 3863.461426 767.413574 15690.460938 159.683151 266.763214 164.957977 14.409578 1.000000e+37
1898782 4100.181641 1273.158447 16245.425781 179.698196 264.776764 -54.769630 8.688328 1.000000e+37
1898783 3774.006592 1066.074707 16542.886719 192.978989 272.876862 47.577976 11.277514 1.000000e+37
1900488 2315.863525 1250.503052 15617.166016 241.266998 135.059402 110.820091 11.567084 1.000000e+37
1908683 2318.480957 1121.755981 16764.949219 228.496460 152.703781 67.862183 14.367035 1.000000e+37
1923309 4099.826660 1177.666382 16294.859375 200.461121 189.991257 68.920181 10.437090 1.000000e+37
1923310 3861.390869 498.270630 15572.279297 218.594101 243.528793 141.067169 16.162598 1.000000e+37
1923312 3524.472168 74735.609375 15927.658203 180.242111 245.049637 -5.139221 14.050205 1.000000e+37
1925218 2991.275146 977.969788 14685.032227 224.617447 137.556000 129.621918 14.020580 1.000000e+37
1942449 3244.015625 2470.264893 15983.375977 303.198059 156.351379 107.094910 13.902140 1.000000e+37
1949234 3798.127686 1418.895630 16421.970703 250.230911 176.986801 70.565659 13.335671 1.000000e+37
1958044 5025.479492 1044.897095 15293.896484 75.328789 159.856506 63.265606 15.723739 1.000000e+37
1967103 4223.828613 2303.145264 16509.304688 105.219444 125.877365 79.725891 14.273583 1.000000e+37
1976402 4242.065918 1059.372559 15501.978516 257.486115 283.036407 92.249405 15.780817 1.000000e+37
1978341 3503.113281 2174.924072 15813.135742 225.288971 125.292183 146.110123 15.865495 1.000000e+37
1985580 3413.584229 74715.453125 16181.839844 174.218094 240.493896 4.336425 11.611540 1.000000e+37
1987660 4402.526367 449.533142 15654.836914 214.555832 272.900818 67.059082 16.566568 1.000000e+37
1995064 3522.532471 1396.552856 17404.744141 174.616348 244.633011 0.688417 9.946164 1.000000e+37
1995065 3513.800781 1394.940796 17391.435547 180.287460 243.992065 8.665730 8.216178 1.000000e+37
1997068 3263.196533 726.594238 17120.238281 242.479431 191.581299 23.062231 14.190430 1.000000e+37
2004506 3845.647705 74335.960938 16585.244141 152.085724 234.136627 6.506372 12.407471 1.000000e+37
2006634 3495.736816 2843.285889 15714.539062 228.056595 142.398270 167.969055 15.301374 1.000000e+37
2016585 4070.050049 780.200623 16483.058594 227.489487 264.842468 15.327551 15.359679 1.000000e+37
2034266 4054.182861 1340.438721 16079.731445 219.971176 9.239013 100.904411 14.618209 1.000000e+37
2034267 3967.750977 2471.372314 17761.509766 153.598541 136.829895 139.946899 9.182576 1.000000e+37
2055111 3200.579590 216.532700 16757.292969 175.048035 255.624573 11.179571 11.927077 1.000000e+37
2078813 2702.780518 316.017120 15146.085938 223.656525 133.950150 113.922195 14.439025 1.000000e+37
2098684 4646.080078 962.877991 15551.853516 66.496246 123.569572 89.750069 14.943551 1.000000e+37
2098685 3946.017334 2527.827148 17594.447266 91.822868 183.594711 130.413895 14.028539 1.000000e+37
2098686 3843.308594 1788.069458 17189.892578 152.626709 212.130280 -6.316755 8.606670 1.000000e+37
2098688 5592.863281 974.588806 15165.234375 119.480324 132.542419 41.495132 12.711564 1.000000e+37
2098693 3837.704834 82.695824 15554.029297 200.125214 273.877960 -14.214291 12.920134 1.000000e+37
2098694 5051.297363 74535.773438 15947.411133 133.115021 232.614777 8.675064 11.962626 1.000000e+37
2101159 3300.439453 178.947266 16584.548828 177.335205 256.746307 11.408153 10.238640 1.000000e+37
2101161 3237.890625 2656.201416 15105.264648 226.047806 179.144302 154.640564 15.191803 1.000000e+37
2101163 2422.489502 884.450623 15630.971680 251.035202 142.169403 90.811775 11.621859 1.000000e+37
2112801 3599.125488 2327.186279 16188.756836 216.293381 165.399475 113.534668 15.215951 1.000000e+37
2121905 3697.690186 77.718155 15175.887695 132.805984 263.768311 40.593319 12.591888 1.000000e+37
2124420 3469.694336 1332.319214 17598.691406 179.061356 246.601624 14.060468 11.645850 1.000000e+37
2124421 2246.724609 524.278198 16424.677734 226.573257 153.560974 46.952217 11.388321 1.000000e+37
2124423 3902.578613 1029.243042 16480.656250 208.109589 268.967468 20.037821 14.739759 1.000000e+37
2145808 3586.350586 266.704468 16047.201172 198.967911 270.212494 -3.620709 12.798302 1.000000e+37
2148458 4132.346680 278.852448 15650.803711 231.266083 251.255783 144.063538 14.434834 1.000000e+37
2158095 3939.390381 1747.319702 16411.615234 191.625961 105.532059 142.741730 15.399631 1.000000e+37
2158096 5200.291992 1750.430420 15711.777344 105.545197 132.737686 58.082024 12.525897 1.000000e+37
2158102 3981.809082 74288.976562 16381.676758 139.742935 241.972794 3.577229 11.755039 1.000000e+37
2170519 4008.799072 605.823120 16076.416016 128.021362 207.700363 63.007336 10.601699 1.000000e+37
2170520 4006.929932 2446.446045 17572.326172 113.951508 156.408936 83.905830 12.160258 1.000000e+37
2170521 3998.599609 1968.296143 17439.240234 180.028076 249.285507 12.301370 11.056742 1.000000e+37
2196437 3537.966064 886.411011 16501.273438 255.365082 182.568680 11.483006 13.611794 1.000000e+37
2212554 3570.098145 1782.478027 15775.625000 259.485016 162.758423 152.247803 13.060314 1.000000e+37
2223301 4735.392090 1067.328857 15404.273438 88.920609 117.659752 62.075802 14.004374 1.000000e+37
2226342 2256.478027 290.815186 16408.908203 210.052017 174.648651 15.611805 12.519876 1.000000e+37
2226343 2401.574463 330.051300 16771.156250 204.454483 224.938110 61.755299 15.603490 1.000000e+37
2251609 3686.032715 74530.070312 15083.126953 130.668549 186.879959 79.818054 7.312033 1.000000e+37
2254643 2609.264893 780.541565 17602.884766 192.558563 222.695023 39.060417 13.999541 1.000000e+37
2265930 5153.997070 893.875427 15238.976562 96.550484 175.040268 21.909243 12.774549 1.000000e+37
2265931 5260.128418 971.337952 15081.141602 108.206398 143.617523 48.305260 12.733803 1.000000e+37
2269083 3966.895264 2091.079590 15283.472656 186.798203 139.036758 172.963501 14.319588 1.000000e+37
2269084 3857.510742 1616.436646 15784.040039 257.890961 144.088394 169.913116 10.883869 1.000000e+37
2280611 3258.522949 74551.265625 16457.607422 161.306839 238.022415 4.082558 12.646152 1.000000e+37
2283835 4124.845215 402.219330 15974.857422 167.324280 251.173477 163.745468 13.580723 1.000000e+37
2295616 5213.585938 935.007874 15093.375977 107.163010 144.901077 46.238190 10.898473 1.000000e+37
2314074 3227.006348 981.046936 17042.044922 225.800919 207.532394 -2.830677 12.053190 1.000000e+37
2314075 3021.084961 792.809143 17204.945312 197.335556 204.633530 25.687929 11.684445 1.000000e+37
2314076 3756.067627 930.133972 16938.332031 236.388763 196.925278 -50.586464 11.362597 1.000000e+37
2314082 3795.586914 549.352173 16185.717773 274.885773 235.431976 43.797832 13.527857 1.000000e+37
2326483 4371.769043 1240.802734 15877.614258 114.380356 61.278427 214.797516 12.453158 1.000000e+37
2329974 3721.536621 1195.967407 16925.089844 225.154190 188.940277 -37.395260 12.246856 1.000000e+37
2342762 4248.767090 74930.695312 15220.549805 138.185425 184.656464 103.605698 11.836218 1.000000e+37
2342771 3502.218262 74936.265625 15191.975586 169.212982 247.425339 6.274356 14.683065 1.000000e+37
2362489 3039.825684 995.999756 15703.743164 248.734741 158.921249 111.852921 14.489632 1.000000e+37
2375747 4010.362305 1179.429321 16275.411133 148.093948 204.245209 97.573784 9.992949 1.000000e+37
2379525 3684.982178 1929.893921 18125.507812 219.778122 210.895386 70.256012 9.040880 1.000000e+37
2379527 3716.216553 2665.294678 16005.598633 168.344376 82.323174 13.382211 13.845356 1.000000e+37
2392992 3927.551758 772.621948 15715.673828 223.947418 381.707245 94.515076 9.287581 1.000000e+37
2392994 3915.551514 1324.609009 16005.784180 82.147621 128.766159 -29.485064 12.034379 1.000000e+37
2410653 5167.208496 868.869141 15155.034180 102.032578 186.667740 20.727194 13.111089 1.000000e+37
2414538 3367.613037 2430.088623 16472.398438 241.719604 142.917450 68.381828 9.308919 1.000000e+37
2414539 3629.409912 2324.143066 16067.390625 148.133408 217.353134 191.626160 10.805260 1.000000e+37
2414540 2958.895996 280.457581 16410.093750 216.526688 200.485092 71.957382 11.365654 1.000000e+37
2425950 3556.068604 2334.010498 15909.371094 134.410477 134.352631 132.877792 12.832962 1.000000e+37
2428641 3643.576660 2117.940186 17494.384766 105.722389 224.481201 40.695423 15.164571 1.000000e+37
2432598 3440.832764 2426.803955 16332.636719 275.295715 159.104782 73.740829 13.675441 1.000000e+37
2447177 4086.698486 2368.269531 17587.851562 113.709503 234.499680 41.853733 14.073326 1.000000e+37
2466055 3982.753174 74956.632812 15015.621094 140.562836 211.869598 86.024872 10.486044 1.000000e+37
2466056 4763.483887 951.842041 15157.312500 98.160210 150.709747 71.381065 11.576405 1.000000e+37
2485315 3881.906738 386.540436 15704.785156 104.955948 267.924957 130.471497 11.795037 1.000000e+37
2529752 3106.579102 909.388733 17131.082031 224.089691 214.735428 22.864092 14.858997 1.000000e+37
2529755 3482.112793 2423.415527 16330.834961 263.071198 159.324524 63.012722 11.755598 1.000000e+37
2529758 2301.681885 1174.780762 15610.537109 249.639313 147.142517 124.055122 11.910196 1.000000e+37
2546035 4491.232422 436.343292 15590.691406 137.123413 189.609314 164.755447 11.107782 1.000000e+37
2546036 3722.877686 1702.817261 16905.734375 170.160751 169.942688 -6.635605 13.516865 1.000000e+37
2546037 4978.522949 1053.185913 15295.820312 68.355545 155.496841 66.913795 14.310188 1.000000e+37
2567219 4064.793945 444.019775 15863.911133 289.534515 268.054443 45.105045 9.893476 1.000000e+37
2567221 3870.896973 2137.307861 17749.009766 83.763702 220.048996 50.229855 9.479359 1.000000e+37
2567222 3846.953125 2178.600098 17567.199219 179.398178 177.237289 102.376503 10.400401 1.000000e+37
2567223 5373.005859 991.331421 15259.551758 105.590683 133.875351 45.388580 10.173380 1.000000e+37
2571967 4023.780273 2370.792969 17482.888672 122.592659 191.004013 95.612862 12.569592 1.000000e+37
2611722 5100.344238 272.019135 16108.342773 114.335274 233.708817 10.428043 11.003285 1.000000e+37
2611723 4938.804199 613.369080 14661.212891 162.323303 189.096039 58.635273 12.357794 1.000000e+37
2611724 3835.066895 1388.146484 16205.636719 169.635727 193.706665 26.174707 13.692183 1.000000e+37
2616710 3576.959961 1265.175049 16854.527344 219.555313 182.925293 -23.948092 9.420325 1.000000e+37
2616711 3722.625244 934.713013 16901.187500 266.863220 280.699280 -20.666790 9.405325 1.000000e+37
2616715 3656.413574 2784.003174 15951.740234 254.859283 71.187843 75.649323 11.700326 1.000000e+37
2616716 3038.226562 452.453583 16767.863281 231.867233 200.293350 64.817787 12.296035 1.000000e+37
2634901 3972.379395 2474.652832 17811.158203 127.643845 150.004608 99.266052 9.320553 1.000000e+37
2634908 3855.252441 932.822144 16565.150391 112.038101 293.935120 -28.128044 9.845657 1.000000e+37
2640030 3692.405273 2857.706787 16527.078125 196.630310 140.905762 71.514923 11.478146 1.000000e+37
2640031 3715.677490 1921.913086 17705.166016 239.613098 193.727585 68.929665 11.289600 1.000000e+37
2640033 2212.562500 821.959045 15415.240234 239.027481 132.512131 120.935661 14.958937 1.000000e+37
2658626 3849.004639 407.371735 15711.705078 121.070366 270.744476 118.368629 13.984616 1.000000e+37
2658640 4419.855957 74641.335938 14988.148438 117.119476 236.676224 8.390283 11.047091 1.000000e+37
2663867 3332.781006 843.865784 16920.228516 192.600540 272.692169 -13.583013 12.142842 1.000000e+37
2679393 4666.985352 1846.830811 15552.968750 139.222534 101.538445 121.100502 13.684142 1.000000e+37
2682882 4315.591309 246.462769 15628.709961 138.704575 197.457291 164.422333 13.957764 1.000000e+37
2682883 3879.907959 820.501221 15693.945312 238.741714 140.880646 120.332909 14.075461 1.000000e+37
2682884 3784.932617 1265.539917 16295.799805 167.308105 80.561745 -83.207153 9.963203 1.000000e+37
2688261 4118.357910 2223.781982 14579.432617 197.826172 142.860901 144.522491 10.292577 1.000000e+37
2707884 3926.077881 1160.229858 16155.466797 311.251984 253.222885 21.039238 11.063871 1.000000e+37
2707885 3912.154297 1589.816650 16393.406250 215.138443 187.514771 -62.815968 11.976329 1.000000e+37
2707886 3985.655518 1939.389648 17371.119141 133.782471 235.311508 9.493019 11.118815 1.000000e+37
2707897 3995.964355 718.234741 16835.908203 119.883064 276.433167 -14.966699 10.843173 1.000000e+37
2713290 2555.101807 853.193420 16466.703125 254.289841 148.290710 101.708633 11.451904 1.000000e+37
2733616 4215.201172 1018.096436 15530.356445 278.742035 273.806946 90.921394 12.182640 1.000000e+37
2733627 3960.829834 489.917450 15303.195312 172.346817 260.579315 148.942307 10.093019 1.000000e+37
2739301 2876.953857 74811.179688 16668.611328 177.706543 233.602509 26.280090 12.787344 1.000000e+37
2760078 4273.873535 2212.034668 16240.010742 115.653740 110.042114 91.194283 11.758320 1.000000e+37
2760087 3671.754395 74572.507812 15052.365234 264.390015 151.388260 34.385418 5.839134 1.000000e+37
2787286 3975.344238 12.094860 15101.219727 150.663437 215.472839 98.350334 8.621681 1.000000e+37
2787287 3965.255615 1803.032837 17051.277344 176.594513 228.736618 -15.254835 11.327299 1.000000e+37
2793402 2919.102783 2729.118164 17138.185547 282.369995 187.018784 86.166679 10.825584 1.000000e+37
2793403 2775.313721 1687.116333 16591.708984 252.001099 169.158920 65.197113 11.705968 1.000000e+37
2815385 4225.727051 987.021179 15558.772461 289.457550 275.244293 66.108284 7.155395 1.000000e+37
2815386 3753.060303 1178.605591 16582.212891 197.416138 206.555801 -2.933108 9.823732 1.000000e+37
2844212 4047.053955 522.554810 15636.805664 273.122528 174.724152 197.385742 10.032626 1.000000e+37
2844213 5027.325195 1075.913818 15263.687500 91.185951 155.454666 75.598228 12.329152 1.000000e+37
2844218 3939.594238 2184.663818 17533.662109 168.535187 253.700638 20.241486 10.561820 1.000000e+37
2850481 4115.057617 666.382629 16297.618164 257.465851 259.364990 12.388860 9.962801 1.000000e+37
2874075 3875.654053 1879.266724 17032.953125 58.056595 194.102524 20.005222 9.303076 1.000000e+37
2874087 4090.985596 74985.804688 14852.136719 169.800278 206.537048 83.032486 11.773314 1.000000e+37
2880570 4156.461426 780.707886 16135.943359 128.481934 309.400055 187.345566 7.469004 1.000000e+37
2900395 3564.715332 2708.806396 15577.545898 221.691315 173.309235 193.943619 12.039534 1.000000e+37
2904887 3913.250244 1149.304321 16391.251953 220.133820 131.339050 63.366428 10.379285 1.000000e+37
2904894 3677.011719 794.360596 16970.849609 147.965042 280.870300 -22.373545 12.064266 1.000000e+37
2904895 3534.773193 1363.449341 17320.578125 186.001328 246.043961 0.730065 11.376194 1.000000e+37
2904901 3909.016602 74959.539062 15326.147461 173.046997 265.535065 32.143593 11.000628 1.000000e+37
2911751 3037.198730 301.736603 15060.096680 224.564423 135.012939 116.417526 9.829177 1.000000e+37
2936743 3977.346680 622.368103 15613.710938 103.728683 253.068069 192.174286 11.686337 1.000000e+37
2936744 3936.726562 1433.962158 16631.910156 91.887589 199.348038 -38.371262 10.773276 1.000000e+37
2936745 5335.146973 854.821655 15022.000977 111.224976 143.853439 40.275364 8.872938 1.000000e+37
2943788 2251.455811 1056.384521 16774.851562 247.998703 140.460541 92.083488 9.576039 1.000000e+37
2943792 2909.306885 440.698151 16687.941406 226.677734 195.352707 66.475952 10.173750 1.000000e+37
2943798 4311.779785 752.184937 15951.180664 128.863037 362.105255 80.234413 11.971476 1.000000e+37
2943800 3465.452881 2555.779541 15435.426758 233.098709 172.918076 178.897461 12.521127 1.000000e+37
2943802 2334.955811 1183.989380 15625.948242 242.789108 143.493210 118.029709 11.057389 1.000000e+37
2969555 4291.078613 794.794983 15618.790039 159.450424 357.848175 75.655090 8.614413 1.000000e+37
2969556 3952.578857 1562.211426 16118.000977 198.282394 62.217491 80.681877 9.222437 1.000000e+37
2976877 3420.547119 1325.431885 15320.577148 245.557114 155.300430 147.835999 6.975976 1.000000e+37
3003740 4156.599609 277.375763 15660.582031 282.759338 244.699066 66.896622 10.854888 1.000000e+37
3003743 3849.839111 1695.378662 17191.902344 73.330986 183.407578 10.762733 9.247912 1.000000e+37
3003754 3928.996582 695.885864 15278.430664 227.571960 327.971466 89.509697 12.601741 1.000000e+37
3011253 3994.660889 220.756668 15355.258789 203.157684 295.370483 -6.225707 10.835154 1.000000e+37
3011264 2991.003662 1488.149780 14803.072266 229.869415 147.448074 140.183060 9.742425 1.000000e+37
3011265 3125.362793 1857.001099 15882.044922 256.019867 141.610504 111.950569 12.446443 1.000000e+37
3039004 4280.895996 1212.237915 16173.275391 186.558655 82.061508 121.306068 16.553268 1.000000e+37
3039005 4005.572510 388.822510 15535.570312 121.650749 299.752472 105.757614 11.037059 1.000000e+37
3039006 3903.567871 63.475941 14987.182617 132.659607 201.721725 97.626183 13.645039 1.000000e+37
3039007 3731.470703 1189.367065 16177.221680 169.558884 117.219856 -87.113724 11.602225 1.000000e+37
3039024 4012.336426 74417.578125 15259.964844 114.246964 245.179733 -1.581120 10.408747 1.000000e+37
3046830 3199.482178 451.505371 16660.599609 197.011917 262.385223 22.565363 9.606189 1.000000e+37
3075255 4207.232422 74532.367188 15023.947266 138.792130 193.042496 65.571152 14.505934 1.000000e+37
3075257 4256.573242 951.059326 15423.458008 61.284927 140.701324 138.613388 11.658391 1.000000e+37
3075264 3867.360596 667.511902 15391.379883 227.549011 317.654114 -9.867697 9.288449 1.000000e+37
3083374 2311.839600 669.488464 15445.245117 240.545654 139.035126 97.184334 11.171153 1.000000e+37
3112884 3978.669434 2668.959473 17660.097656 126.705070 169.330795 100.588928 11.924965 1.000000e+37
3112885 3970.818604 920.556946 16221.826172 181.644562 78.849449 155.370132 6.462895 1.000000e+37
3112886 4404.933594 2379.797852 16336.737305 102.561432 133.632965 81.425201 10.055012 1.000000e+37
3112893 3476.620605 1356.243896 16870.085938 190.032150 213.836304 -25.093910 10.389454 1.000000e+37
3121344 3637.623535 1354.951782 16937.353516 263.308807 152.588364 37.455902 8.865196 1.000000e+37
3121345 4259.889648 561.398071 16063.531250 122.767250 302.453064 87.789185 11.410449 1.000000e+37
3151718 4044.427246 1882.201660 16264.114258 240.356613 113.935524 129.800827 10.194876 1.000000e+37
3151719 4974.479004 1539.921509 15704.047852 93.079971 117.554749 72.794724 8.740169 1.000000e+37
3160400 4140.939941 1758.345337 16155.151367 211.911011 127.675552 192.650284 7.495566 1.000000e+37
3160401 4041.896484 74778.046875 15273.230469 234.042130 170.384872 87.595604 11.632089 1.000000e+37
3160404 3970.126709 74563.320312 15191.327148 189.192093 146.477997 120.421822 9.401256 1.000000e+37
3160405 3473.802979 2182.375000 15495.635742 214.603043 169.272964 182.628860 11.929611 1.000000e+37
3191752 4172.698242 110.513512 15515.619141 117.895309 221.073273 123.658188 11.512755 1.000000e+37
3191769 4014.583984 2113.408691 17326.664062 170.628403 214.874161 1.113735 11.458509 1.000000e+37
3200642 3390.519775 983.177551 16679.435547 250.238663 285.965027 19.693316 10.163489 1.000000e+37
3200643 2901.009033 539.572449 17059.970703 220.670364 182.773529 37.452713 7.650296 1.000000e+37
3200644 4115.561523 1840.143188 16804.826172 157.155914 98.271988 70.258759 10.834309 1.000000e+37
3200655 2950.445068 529.353577 16885.880859 222.021301 220.937561 43.870300 7.765719 1.000000e+37
3200656 2776.886475 496.490326 17047.585938 207.747055 178.393234 40.186790 13.588214 1.000000e+37
3233527 5115.334961 524.694763 14841.962891 157.962555 143.118790 66.611397 7.992870 1.000000e+37
3233532 3999.109619 1931.965698 17064.347656 122.698151 136.573517 68.473419 12.331604 1.000000e+37
3233534 4614.833496 2484.499268 16279.484375 108.892860 141.582489 84.322464 8.455501 1.000000e+37
3242769 3150.399170 1195.834961 17859.369141 188.007858 232.262299 36.731800 9.392838 1.000000e+37
3242783 2227.121338 1366.930176 16622.076172 253.408630 151.350174 94.123123 9.670958 1.000000e+37
3242784 3961.668945 2118.802979 17701.564453 231.420837 201.484924 70.710403 9.646515 1.000000e+37
3242785 3679.147705 829.411072 17001.041016 264.054016 265.733917 19.685440 10.446888 1.000000e+37
3242787 2601.529053 426.119110 16801.873047 196.465073 221.231705 56.386215 10.558774 1.000000e+37
3242790 3851.961182 1129.923218 15688.572266 277.553101 126.993378 193.594193 11.749914 1.000000e+37
3242791 3155.901611 619.497864 15192.896484 237.517944 143.849442 121.794884 8.992220 1.000000e+37
3277009 3925.138184 759.262024 16058.731445 334.743927 207.782471 54.261978 8.937077 1.000000e+37
3277011 4152.960449 1513.361816 16545.859375 88.188629 220.030823 6.364159 10.312696 1.000000e+37
3277012 4022.225098 1464.924438 16108.019531 182.160233 30.951345 85.935722 8.338533 1.000000e+37
3277013 3817.570557 2581.552734 17613.800781 93.801910 148.970261 91.296082 8.587505 1.000000e+37
3277033 4079.906738 31.528158 16176.474609 121.356918 268.697998 -8.241805 9.015046 1.000000e+37
3286574 3908.979492 681.933411 16489.101562 257.548737 241.754868 48.886391 9.718737 1.000000e+37
3286576 4365.360352 1043.755127 16303.039062 138.778946 10.655609 129.104874 13.256942 1.000000e+37
3286577 3362.076172 2986.194336 15303.124023 201.912201 158.673203 163.091797 13.056579 1.000000e+37
3322108 3666.634766 1823.841309 17080.046875 164.767029 194.461975 4.605331 11.243118 1.000000e+37
3322115 3721.358643 1723.073120 16749.578125 99.497765 164.585999 -3.660561 11.281027 1.000000e+37
3322127 4300.330566 74352.585938 16671.197266 133.907700 235.315704 14.469352 10.634150 1.000000e+37
3322131 3620.485352 74604.773438 15070.222656 132.136520 171.434662 48.979069 11.640787 1.000000e+37
3322132 3724.156006 74923.890625 15115.556641 124.587601 252.277618 35.785290 8.750312 1.000000e+37
3332089 3836.070557 1072.359497 16331.688477 239.878067 236.990326 -7.698240 11.126940 1.000000e+37
3332106 2655.224854 1155.120361 16525.431641 267.046265 148.236282 72.719505 7.544189 1.000000e+37
3332107 2250.816895 1515.101685 17057.929688 236.405457 161.163574 88.490883 10.436187 1.000000e+37
3332108 3169.282959 777.731750 16819.632812 250.038483 229.410492 38.632008 8.324992 1.000000e+37
3332109 4321.233887 74843.984375 14930.650391 175.427750 209.969910 64.280922 9.394034 1.000000e+37
3369037 5039.263184 816.208313 15254.699219 131.577789 132.230759 100.447342 13.199191 1.000000e+37
3369040 4254.753418 664.857971 15909.185547 284.051270 285.181213 -10.825449 8.728271 1.000000e+37
3369041 4132.458496 1515.696167 16585.042969 86.964729 212.331406 4.027875 9.096319 1.000000e+37
3369042 3891.052246 1907.315430 16651.222656 103.060005 99.911903 62.343559 11.323281 1.000000e+37
3379367 4166.633789 2264.618896 17822.894531 150.742996 207.202469 56.972771 10.106937 1.000000e+37
3379371 2493.606201 426.452515 17143.187500 269.090057 189.942871 36.402405 9.926578 1.000000e+37
3379376 3801.919922 2968.426025 17115.324219 201.517685 161.895111 103.629425 10.671400 1.000000e+37
3379379 3493.375977 305.561401 14913.712891 226.541763 132.325638 138.457275 9.317737 1.000000e+37
3379381 2624.341797 1348.301758 15652.071289 248.686111 153.884079 118.982445 9.519284 1.000000e+37
3417797 4201.400391 74984.570312 15411.125000 228.290405 208.099045 106.604973 8.539739 1.000000e+37
3417799 3800.343506 474.510345 15533.872070 182.230316 320.686371 -17.816303 7.987926 1.000000e+37
3417800 3756.336914 1321.871948 16496.820312 162.022964 113.610245 -28.506090 13.865615 1.000000e+37
3417801 4479.832520 831.188171 15189.359375 114.964165 160.737885 130.432877 10.143198 1.000000e+37
3417802 4914.302246 989.780334 15082.709961 102.714043 149.797211 60.802555 9.359038 1.000000e+37
3417803 4846.361816 1091.213623 15346.165039 100.238998 133.253082 32.435986 10.805547 1.000000e+37
3417808 5417.824219 901.875610 16237.939453 112.082985 202.722656 21.784790 10.046261 1.000000e+37
3428504 3049.654297 921.491028 17532.779297 197.886856 206.121277 21.395903 11.653580 1.000000e+37
3428517 3061.709473 2664.913818 17157.318359 233.486893 193.061920 58.969936 11.241372 1.000000e+37
3428518 2958.608643 2267.450439 16893.259766 259.967560 185.373749 84.956253 9.234772 1.000000e+37
3428521 2313.157715 557.927185 15440.265625 240.048538 133.542084 100.858986 9.380841 1.000000e+37
3468591 3981.124268 811.289795 16012.957031 0.617032 175.199005 88.474403 8.434480 1.000000e+37
3468594 4172.341309 2606.559814 16819.964844 111.227325 145.812454 86.796570 9.943838 1.000000e+37
3468595 4539.176270 1144.649048 15603.875000 41.173969 132.502182 57.203655 8.862110 1.000000e+37
3468597 5048.325195 2482.610107 16185.430664 117.151749 149.222610 83.365959 9.413242 1.000000e+37
3468612 3894.561279 74718.429688 16094.046875 131.546844 253.263138 -6.333398 10.487705 1.000000e+37
3479860 2926.446777 2635.975342 17113.380859 250.975449 204.326004 110.685593 7.889702 1.000000e+37
3479861 3195.093994 2383.711670 16593.957031 268.488007 182.734116 83.133362 9.478944 1.000000e+37
3479863 2778.307129 594.801941 16530.437500 216.972809 173.075638 72.009407 10.190031 1.000000e+37
3479864 2954.142334 2701.320068 16920.777344 243.974121 191.434906 122.819603 10.201076 1.000000e+37
3479869 3866.573730 74669.820312 14865.125977 205.382401 117.154854 130.748688 10.133525 1.000000e+37
3479870 3339.698975 1882.068726 15221.889648 215.451477 161.177292 165.786804 7.675637 1.000000e+37
3479871 2433.230225 1616.261475 15666.008789 262.151825 143.718658 107.100029 8.153053 1.000000e+37
3521106 5353.178223 947.468567 14625.211914 200.078262 108.875244 96.426697 9.872839 1.000000e+37
3521107 4160.656738 1318.839233 15818.042969 209.744095 189.877441 1.892631 9.267705 1.000000e+37
3521108 3704.591553 1477.554810 16444.511719 209.620438 128.085724 -51.440193 11.155620 1.000000e+37
3521109 3730.634521 1179.088989 16365.343750 268.396881 197.848389 15.114147 10.548289 1.000000e+37
3521111 4780.328125 973.394897 15373.012695 73.964165 177.982681 37.518070 10.928915 1.000000e+37
3521130 3627.959473 74690.210938 15000.872070 172.005035 215.610992 -33.273201 10.076272 1.000000e+37
3532695 3267.260742 1112.810425 17089.179688 220.778732 210.073425 -5.714431 10.476578 1.000000e+37
3532709 2595.459229 878.481262 16472.457031 234.124741 164.340500 81.451210 10.028484 1.000000e+37
3532712 4256.817871 958.174377 16372.868164 82.612701 31.956890 109.123169 10.157292 1.000000e+37
3575808 4468.020020 74860.156250 15040.964844 146.396118 181.395767 93.625671 8.899901 1.000000e+37
3575812 3897.105713 1045.974976 15786.083008 83.002266 134.977310 189.195847 5.916046 1.000000e+37
3575813 5001.734375 2226.545654 16065.563477 111.388184 139.262482 79.365921 8.993689 1.000000e+37
3575815 4402.841797 2060.718994 17838.093750 88.182487 206.470474 70.330597 9.280685 1.000000e+37
3587976 2397.025635 278.978455 16783.845703 205.330322 226.206635 40.896202 8.599936 1.000000e+37
3587981 4431.272461 1264.454712 16034.030273 183.768524 19.374201 83.480644 11.253620 1.000000e+37
3587985 2985.542725 1061.948608 14729.343750 224.612732 136.742844 130.087494 7.172105 1.000000e+37
3587986 3401.001221 2572.816895 15546.175781 236.624634 171.856262 188.033752 9.996791 1.000000e+37
3633454 5000.721680 1291.083740 15309.731445 164.182480 106.759026 133.149094 8.848258 1.000000e+37
3633456 4248.402344 1153.576904 15789.166016 -19.441565 103.783211 93.806389 10.193007 1.000000e+37
3633457 3814.869385 1977.956909 17432.537109 154.340057 220.560181 13.340285 7.456709 1.000000e+37
3633468 4008.140625 875.614990 17655.996094 133.057861 250.004288 24.953085 9.185900 1.000000e+37
3633485 3750.248291 74830.117188 15077.518555 162.031326 233.851181 18.729408 10.650925 1.000000e+37
3646231 2460.671143 862.912781 15746.569336 247.308105 147.237122 93.705154 9.015201 1.000000e+37
3646232 3321.785645 727.952637 16848.365234 268.784119 178.382629 53.848709 7.877064 1.000000e+37
3646233 4061.070312 2190.982910 17715.654297 212.291077 207.089798 65.911827 10.323963 1.000000e+37
3693136 5139.229004 516.601868 14823.911133 163.411774 153.317459 65.621178 9.824282 1.000000e+37
3693138 5068.693848 1286.888794 15247.412109 175.068848 102.341682 135.601715 10.404090 1.000000e+37
3693141 4151.786133 935.881714 15492.633789 17.488535 176.471512 127.689919 9.835057 1.000000e+37
3693143 4788.143066 688.498352 14882.317383 118.539780 152.930298 67.849243 10.113513 1.000000e+37
3693158 3917.387207 74440.914062 16175.785156 138.052277 246.315384 -4.757680 8.059086 1.000000e+37
3693159 4271.987793 74836.375000 16397.851562 124.756943 250.691666 4.009866 7.843493 1.000000e+37
3706585 3760.485596 74447.359375 15201.021484 132.971283 237.835678 8.406624 6.224509 1.000000e+37
3706611 2210.417969 779.623779 16812.464844 232.993286 159.299149 98.499397 11.252971 1.000000e+37
3706612 2495.359619 508.934814 16502.396484 222.694061 152.992966 79.886650 9.480338 1.000000e+37
3706615 2803.939697 570.134766 16829.363281 213.258011 221.113770 48.392651 10.074407 1.000000e+37
3706616 2862.494873 653.483887 16768.025391 215.735336 228.619034 53.831188 10.071491 1.000000e+37
3706619 3066.724121 403.526764 15125.141602 230.069595 135.563690 122.552147 9.461437 1.000000e+37
3709827 3626.445801 2776.755615 15774.017578 199.289032 71.642097 133.681534 10.809660 1.000000e+37
3755858 4161.634766 1460.539551 16355.704102 159.595795 36.083603 123.725548 12.644723 1.000000e+37
3755880 3791.045410 74862.367188 15087.012695 172.173294 246.609650 -13.177780 8.806714 1.000000e+37
3769965 3074.260498 110.075089 16631.214844 185.238907 244.614639 23.728884 10.030601 1.000000e+37
3769976 2874.868652 834.728699 17249.480469 207.735886 202.282135 25.211411 10.873130 1.000000e+37
3769992 2936.674805 2608.374023 17062.050781 285.554077 209.484482 86.165451 8.778179 1.000000e+37
3769993 4292.160645 1712.552856 17035.365234 171.773544 137.101791 49.315781 7.686149 1.000000e+37
3769994 3765.442383 526.156860 16192.244141 278.329437 233.489029 50.330475 10.234921 1.000000e+37
3769997 3382.505371 1505.029907 15361.276367 237.680511 154.020508 147.717941 7.843551 1.000000e+37
3770000 3009.898682 1767.834717 15929.503906 257.017822 168.693802 112.077774 13.583253 1.000000e+37
3821999 4841.368164 948.230896 15380.097656 133.207047 102.339905 125.913643 6.625663 1.000000e+37
3822002 4079.830811 1211.360718 15854.771484 113.360977 161.463974 152.561035 9.716791 1.000000e+37
3822004 4184.399902 2073.712402 17805.814453 88.442284 184.558258 69.856621 9.152825 1.000000e+37
3836535 3343.792725 117.309349 16474.613281 178.455658 254.783676 10.557828 8.230136 1.000000e+37
3836549 3731.301758 2864.498291 16332.755859 204.370041 147.394913 51.499321 7.796213 1.000000e+37
3836555 3719.639404 1611.701050 15692.055664 247.948761 148.145340 173.711853 9.664149 1.000000e+37
3890586 4990.400879 454.190948 14909.913086 156.343521 153.776672 73.708748 8.068875 1.000000e+37
3890589 4224.586914 74937.289062 15472.708008 153.608215 182.738266 141.440659 8.749410 1.000000e+37
3890591 3914.550781 1825.217163 17301.087891 74.421822 156.920776 51.435215 8.804795 1.000000e+37
3890592 3885.059082 2538.091797 17839.392578 171.501633 191.324417 26.995060 9.073821 1.000000e+37
3890593 5139.684082 2521.302002 16164.054688 114.921669 151.087845 83.285286 7.403716 1.000000e+37
3890596 4868.830078 1326.259155 16683.718750 83.359550 200.230347 24.561411 9.023870 1.000000e+37
3890626 3870.463135 170.257141 14915.245117 146.554596 214.965729 91.997757 7.573483 1.000000e+37
3905920 3005.864014 682.606079 16765.451172 208.972061 251.877090 30.687197 9.449325 1.000000e+37
3905937 2271.145508 177.900406 16242.511719 211.893326 120.694870 70.634575 13.597581 1.000000e+37
3905939 2291.212402 864.581360 16636.570312 239.865158 139.986237 87.531693 6.812188 1.000000e+37
3905942 2563.358398 965.449951 16393.599609 256.310760 147.207733 105.721184 7.091134 1.000000e+37
3905943 3718.528076 1905.985962 18158.310547 215.445328 215.568893 72.287086 10.289942 1.000000e+37
3905950 4212.513672 325.343933 15813.707031 204.300781 210.222519 184.471771 6.754743 1.000000e+37
3905951 3925.030029 2190.685547 16042.479492 220.377960 187.264816 162.829544 9.719996 1.000000e+37
3905952 3202.650635 1371.465088 15570.645508 253.121643 157.482376 134.431412 9.212008 1.000000e+37
3905953 2778.543701 1688.102905 15509.747070 249.617325 152.988861 137.152252 9.126763 1.000000e+37
3963134 5031.958008 944.171570 14962.192383 126.270210 107.794533 83.139847 7.740603 1.000000e+37
3963140 4152.436035 74887.742188 15099.932617 154.377487 225.536285 68.045067 7.506333 1.000000e+37
3963143 3962.915283 1464.604858 16633.976562 195.427460 188.181625 -37.142136 11.688061 1.000000e+37
3963144 3715.229248 1966.605713 17719.814453 238.682800 190.494019 68.892220 6.502614 1.000000e+37
3963146 4884.227539 1786.498779 15866.872070 96.962234 116.469360 73.701988 8.514816 1.000000e+37
3963172 3826.897705 848.448364 16985.763672 212.115845 198.230072 -30.710314 8.427850 1.000000e+37
3963173 3776.156982 1940.932373 17652.417969 169.870163 254.742157 24.788746 10.095584 1.000000e+37
3963174 3509.815186 1380.447388 16935.201172 184.591034 222.177689 -24.998077 6.379943 1.000000e+37
3963190 3815.162598 139.404892 15246.150391 170.894913 283.179565 26.352116 13.060332 1.000000e+37
3963192 3963.962158 74859.132812 14909.307617 121.566406 245.759872 29.192818 9.479910 1.000000e+37
3963193 3942.902832 74370.875000 15260.468750 116.409439 247.005890 -3.053365 9.050567 1.000000e+37
3979352 3392.693115 781.118958 16718.816406 268.403259 244.777115 18.579901 8.258223 1.000000e+37
3979361 2890.596191 1149.197266 17852.496094 223.796127 185.974838 63.900124 9.294209 1.000000e+37
3979374 4166.371582 1476.440308 16512.210938 146.530762 45.438408 142.622040 10.074745 1.000000e+37
3979377 4315.780273 670.805481 15561.120117 191.040619 330.813782 57.442665 7.952929 1.000000e+37
4039679 4419.424805 1067.796631 15547.233398 31.267723 142.168427 77.552177 7.361885 1.000000e+37
4039680 4513.339355 1443.194458 15628.884766 108.657143 75.545387 131.930542 10.193554 1.000000e+37
4039682 3800.920898 1238.944458 16556.126953 185.599609 103.340691 -58.509396 8.625978 1.000000e+37
4039683 4107.646484 1245.983643 15873.077148 268.079071 108.223320 96.420593 11.663493 1.000000e+37
4039684 3925.953613 2370.355713 17642.812500 159.995789 152.894928 124.513313 12.195966 1.000000e+37
4039689 5614.951172 839.190369 16219.875000 121.228012 205.415527 22.391863 9.530516 1.000000e+37
4039716 5210.446289 74537.226562 16081.114258 133.310104 230.485306 11.222355 10.496203 1.000000e+37
4039719 3668.899902 74313.820312 15655.290039 133.410141 243.543533 -5.393881 9.450753 1.000000e+37
4056791 3243.724365 738.644836 17153.597656 173.519623 263.882629 2.637097 8.837726 1.000000e+37
4056816 2645.859863 1459.101440 16679.960938 245.698944 164.714584 63.263748 8.803296 1.000000e+37
4056817 2900.563965 2646.608398 17144.978516 240.449493 162.814423 57.874901 7.360544 1.000000e+37
4056818 3029.543457 1597.501465 16399.558594 248.279709 167.843613 90.222054 10.228215 1.000000e+37
4056819 2637.809326 1473.774536 15745.204102 262.157501 149.816498 112.037201 9.719810 1.000000e+37
4056820 2636.302734 1072.007446 16257.983398 257.105865 149.224503 104.110413 9.293246 1.000000e+37
4056822 4294.333496 1443.376099 16021.690430 216.283600 47.385445 89.404701 9.689794 1.000000e+37
4056823 3473.966797 668.547424 16911.746094 265.014740 220.358322 17.120089 8.032766 1.000000e+37
4056824 4310.043457 669.738586 15843.136719 251.334564 329.283722 17.333963 7.071584 1.000000e+37
4119543 4083.264893 1109.933350 16291.707031 260.403625 299.904663 -32.199791 9.168283 1.000000e+37
4119546 4236.451660 74837.789062 15312.632812 162.792267 214.811798 90.507431 9.845574 1.000000e+37
4119547 4076.674561 1895.069458 17406.142578 131.677734 223.726639 27.032816 9.744626 1.000000e+37
4119548 3889.183594 1957.709351 17444.503906 147.773163 213.543564 12.598247 7.990095 1.000000e+37
4119549 3732.883545 2211.275146 17324.718750 170.233688 179.122330 75.547981 10.013580 1.000000e+37
4119550 4016.116943 1572.308960 16186.322266 175.271835 68.569763 158.670029 9.020991 1.000000e+37
4119551 4763.960449 3158.784912 16551.605469 113.115837 163.428726 89.798332 6.999452 1.000000e+37
4137330 3561.248535 1320.962280 17056.785156 225.842209 202.495987 -12.832667 9.689048 1.000000e+37
4137348 3070.939453 2527.849609 16948.121094 252.907822 210.174164 99.111404 8.136063 1.000000e+37
4137349 3285.133789 592.347961 16613.498047 250.344330 199.030563 72.166023 7.814794 1.000000e+37
4137350 3640.343262 2795.205078 16240.683594 185.144943 127.632217 41.089001 7.562825 1.000000e+37
4137352 3906.402100 74602.632812 15303.296875 162.119568 229.705063 24.460888 9.112320 1.000000e+37
4137357 4250.798340 551.432434 15953.534180 177.081482 262.953064 196.949127 10.321551 1.000000e+37
4137358 3671.128906 74949.257812 14875.377930 225.068726 123.465599 130.643387 8.245317 1.000000e+37
4203037 3632.484375 2165.226074 15982.059570 185.934387 185.998108 203.835220 7.919697 1.000000e+37
4203039 4563.984375 769.251892 15109.574219 127.866600 204.411621 107.624924 7.910631 1.000000e+37
4203043 4955.684082 2033.474731 15982.845703 105.484612 128.773514 76.672531 8.485562 1.000000e+37
4203051 5875.473145 504.859772 15753.555664 140.376572 210.880753 10.227263 8.891850 1.000000e+37
4203091 3441.938232 74654.593750 15051.204102 150.118576 221.406708 -8.854209 5.449838 1.000000e+37
4221416 2890.633301 777.642700 17476.291016 210.285263 207.305405 30.150110 10.920924 1.000000e+37
4221417 2920.156494 768.850525 17263.363281 202.800995 222.775238 15.618887 6.737065 1.000000e+37
4221438 2425.821289 674.951111 16474.574219 243.595856 134.677826 91.657982 5.402272 1.000000e+37
4221439 2995.020996 1938.424194 16669.365234 245.353699 165.985199 81.647659 8.696939 1.000000e+37
4221440 2322.245605 573.602112 16418.970703 226.036636 134.245163 75.141068 9.222244 1.000000e+37
4221441 3659.100586 2930.324219 16345.847656 196.199326 146.150864 56.297241 7.826482 1.000000e+37
4221443 3732.047852 1659.562378 16600.785156 127.635117 158.351044 37.268307 9.695969 1.000000e+37
4221444 3623.124023 425.869934 16193.316406 259.729187 223.228897 59.356651 7.830378 1.000000e+37
4221455 3415.489014 1387.158203 15353.563477 239.672882 156.763168 148.108093 10.007082 1.000000e+37
4221456 2969.945801 877.010315 14610.558594 223.596481 135.472870 125.229408 6.342156 1.000000e+37
4221457 3939.364990 1255.121338 15724.168945 279.978577 122.214340 185.294479 7.710576 1.000000e+37
4221459 2535.985840 1426.117798 15664.979492 260.790924 147.836472 114.515984 8.391944 1.000000e+37
4289673 4198.126953 1355.715454 16010.047852 182.895584 29.913321 125.134880 13.271535 1.000000e+37
4289680 4299.000488 74820.218750 15066.249023 166.996857 211.775940 65.465424 9.346234 1.000000e+37
4289681 3804.537598 754.441589 15846.363281 162.367676 124.265976 162.702911 9.777661 1.000000e+37
4289683 3777.820557 2207.135498 17603.765625 147.936966 178.283264 106.618118 9.667902 1.000000e+37
4289686 5095.030273 1092.550537 15227.333984 82.767365 152.724274 38.574612 12.245733 1.000000e+37
4289687 5207.803223 1844.795898 15780.324219 108.072044 134.502625 55.392906 9.588890 1.000000e+37
4309119 3267.792725 906.134949 16896.451172 242.476135 231.932068 0.416596 6.422745 1.000000e+37
4309121 3719.898926 1523.863403 17429.484375 190.584534 206.109406 19.168274 8.629968 1.000000e+37
4309122 3993.468750 1879.179810 17205.593750 180.092285 232.901413 -3.149916 7.488161 1.000000e+37
4309123 3476.295654 1540.169312 17953.699219 183.998291 234.614487 36.907822 6.373646 1.000000e+37
4309124 3657.089355 1589.844727 17760.580078 217.067764 188.013077 36.060741 9.645763 1.000000e+37
4309143 2887.988770 1329.633789 16373.547852 258.253937 150.514236 106.306953 8.347767 1.000000e+37
4309145 4170.354492 1236.767700 16799.554688 215.215256 183.088745 -30.359728 8.063189 1.000000e+37
4309146 3234.269043 509.456299 16859.017578 240.636169 214.869492 59.538460 9.218364 1.000000e+37
4309153 4003.613281 74590.046875 15152.752930 187.763016 151.293243 121.403648 7.146059 1.000000e+37
4309154 3990.097412 1690.921753 16196.594727 182.190186 103.270454 112.574951 9.334953 1.000000e+37
