#subID	 x	 y	 z	 vx	 yv	 yz	 vmax	 B_MAG
#subID	 kpc/h	 kpc/h	 kpc/h	 km/s	 km/s	 km/s	 km/s	 mags
422455 62815.957031 13978.264648 67560.578125 25.859694 44.381481 -25.560251 190.156403 -2.175966e+01
422456 62848.730469 13940.378906 67655.687500 77.172714 88.080711 -19.845566 72.242767 -1.741127e+01
422457 62751.394531 13867.524414 67632.062500 -44.735500 -18.634134 -42.115948 70.296120 -1.685170e+01
422458 62812.406250 14006.944336 67487.578125 -26.645954 -120.142525 -0.333404 50.214443 -1.465827e+01
422459 62777.339844 13898.399414 67633.789062 -47.545349 37.069233 -44.852188 21.584141 -1.481835e+01
422460 62832.914062 14090.331055 67497.859375 45.599380 34.269958 77.295303 27.867847 -1.232910e+01
422461 62865.687500 14154.536133 67625.210938 36.043404 74.885933 -149.337097 27.790354 -8.661116e+00
422462 62944.347656 13992.485352 67515.382812 -149.549118 183.508286 32.374943 14.279245 1.000000e+37
422463 62787.199219 13812.318359 67574.085938 -80.510727 169.014648 -108.554848 15.323952 1.000000e+37
422464 62791.460938 13975.768555 67571.007812 -152.243225 -164.550308 22.827160 22.867382 -1.075003e+01
422465 62831.367188 13986.557617 67395.945312 -11.346599 12.026067 -42.959644 19.175961 1.000000e+37
422466 62826.308594 13884.826172 67725.593750 -110.549210 -9.692207 -17.026621 14.591111 1.000000e+37
422467 62798.480469 14068.182617 67588.367188 42.276730 -0.198859 -201.160019 16.715004 1.000000e+37
422468 62880.296875 13923.319336 67452.265625 73.322014 -46.517826 62.477707 12.252547 1.000000e+37
422469 62841.769531 13841.484375 67678.671875 -13.480350 -134.315826 -4.704708 13.242383 1.000000e+37
422470 62826.929688 13927.794922 67556.375000 -6.851042 212.283020 -120.336075 16.498013 1.000000e+37
422471 62732.035156 13981.584961 67540.148438 -45.969166 230.191650 85.500282 11.996693 1.000000e+37
422472 62933.242188 14076.869141 67641.148438 19.174112 97.255836 -158.438904 14.054394 1.000000e+37
422473 62755.144531 14067.901367 67438.890625 -51.610653 -31.050613 -155.721207 11.298045 1.000000e+37
422474 62750.125000 13891.465820 67720.000000 -64.094963 148.462158 -14.586142 11.743305 1.000000e+37
422475 62660.597656 13946.629883 67632.984375 -91.682762 -0.840198 29.973076 7.482609 1.000000e+37
422476 62911.921875 14118.923828 67582.617188 14.850809 12.235744 70.383415 9.687203 1.000000e+37
422477 62741.722656 13960.436523 67363.859375 -34.122845 54.420242 -71.876816 9.880551 1.000000e+37
422478 62914.835938 13988.862305 67649.726562 119.310883 -78.344032 -114.279091 12.396577 1.000000e+37
422479 62746.875000 14050.415039 67611.632812 -195.624191 66.028770 -108.600197 10.486980 1.000000e+37
422480 62897.375000 13971.374023 67604.398438 -14.936905 -85.873184 55.372849 12.553415 1.000000e+37
422481 62837.414062 13920.346680 67592.375000 36.099613 78.076447 105.918243 8.722391 1.000000e+37
422482 62758.574219 13988.095703 67474.140625 -111.561073 124.637779 7.970950 11.593920 1.000000e+37
422483 62802.625000 14145.911133 67481.421875 -34.242691 44.618931 -100.689110 12.762152 1.000000e+37
422484 62788.042969 13967.297852 67499.054688 -14.970002 -82.748100 37.608963 11.660222 1.000000e+37
422485 62837.058594 13900.170898 67577.703125 -97.027596 235.456573 -30.026779 14.029971 1.000000e+37
422486 62832.085938 14086.365234 67406.539062 34.040409 89.692963 45.613163 10.746426 1.000000e+37
422487 62678.917969 14003.210938 67606.578125 102.716797 91.376808 -81.002144 10.793064 1.000000e+37
422488 62829.253906 14061.151367 67395.414062 58.100449 176.847702 -59.902172 6.852192 1.000000e+37
464311 63111.023438 14505.067383 67546.117188 45.880424 -35.808720 62.665329 172.514206 -2.082870e+01
464312 63056.492188 14459.331055 67480.375000 -5.104993 23.578279 152.686172 31.378494 -1.022437e+01
464313 63158.832031 14504.511719 67630.046875 86.760468 116.353218 66.251938 19.475811 1.000000e+37
464314 63160.777344 14516.898438 67579.804688 5.153206 -159.465881 114.793282 25.564135 -1.008983e+01
464315 63205.562500 14699.653320 67544.414062 -20.659723 -94.631645 65.878258 14.958876 1.000000e+37
464316 63111.144531 14373.860352 67611.171875 119.348907 33.736221 152.903442 14.698855 1.000000e+37
464317 63174.003906 14422.403320 67633.765625 38.270817 -77.821068 -31.885384 14.771585 1.000000e+37
464318 63174.238281 14615.201172 67577.562500 77.501236 -60.259899 138.969269 16.044714 1.000000e+37
464319 63042.695312 14519.552734 67564.007812 13.493722 42.794048 195.932297 11.997733 1.000000e+37
464320 63180.074219 14674.324219 67461.476562 43.937550 -38.674023 16.386112 6.441825 1.000000e+37
464321 63002.972656 14475.482422 67469.414062 -53.021793 -19.437517 30.336203 9.614669 1.000000e+37
464322 63119.140625 14437.607422 67593.593750 151.316422 -6.940717 -106.604401 10.816511 1.000000e+37
464323 63127.359375 14499.618164 67618.710938 125.546432 -54.354801 197.393036 10.923915 1.000000e+37
464324 63134.656250 14551.374023 67603.398438 -41.171562 -162.698822 -27.039721 10.902104 1.000000e+37
464325 63261.218750 14497.968750 67552.109375 59.434113 -83.771034 10.180386 13.727849 1.000000e+37
464326 63149.464844 14463.355469 67528.914062 101.676277 77.529816 -121.618492 8.878777 1.000000e+37
509405 62513.769531 13728.224609 67483.218750 -36.389488 152.363495 26.584370 101.159111 -1.855339e+01
509406 62372.753906 13580.440430 67527.640625 140.900055 -16.859741 -35.955112 99.540291 -1.846376e+01
509407 62567.031250 13665.191406 67487.515625 -125.442101 204.018051 56.093552 38.063522 -1.163933e+01
509408 62468.132812 13638.757812 67499.765625 -5.287685 128.161392 -22.108583 20.342678 1.000000e+37
509409 62483.546875 13762.165039 67487.460938 -104.211472 202.186981 -55.866848 22.224752 1.000000e+37
509410 62601.570312 13629.799805 67438.242188 -105.360054 215.269821 49.382294 17.003759 1.000000e+37
509411 62555.402344 13755.207031 67504.312500 21.854427 221.567825 66.572166 18.113144 -8.997390e+00
509412 62601.554688 13735.291992 67437.085938 -9.542535 95.497047 9.674491 15.128477 1.000000e+37
509413 62336.941406 13528.048828 67571.445312 180.928085 40.415337 -76.084846 13.414960 1.000000e+37
509414 62559.328125 13716.067383 67481.398438 -22.873674 228.734161 -19.342880 17.113079 1.000000e+37
509415 62541.992188 13678.922852 67481.171875 -58.649933 50.325092 -4.559405 11.072187 1.000000e+37
509416 62315.828125 13631.317383 67586.867188 79.200668 61.191181 -11.802853 10.461045 1.000000e+37
509417 62579.449219 13617.867188 67463.585938 -89.597740 194.406433 66.899109 13.836543 1.000000e+37
509418 62529.433594 13815.407227 67517.195312 -75.508987 135.118393 -14.200811 13.422047 1.000000e+37
509419 62463.394531 13730.374023 67433.062500 83.687141 153.165237 -90.272690 10.827244 1.000000e+37
509420 62543.996094 13728.714844 67490.578125 3.576802 41.075867 -60.607605 14.960408 1.000000e+37
509421 62448.914062 13683.595703 67407.007812 -110.680626 177.859283 47.000278 11.778744 1.000000e+37
509422 62534.375000 13752.207031 67511.421875 89.135864 109.715538 -170.386993 9.722691 1.000000e+37
509423 62446.527344 13685.905273 67440.398438 4.465757 145.525208 53.621773 9.062602 1.000000e+37
509424 62493.734375 13762.308594 67402.117188 88.225662 137.059189 -67.122185 8.560906 1.000000e+37
540912 61953.925781 13050.908203 66978.250000 -4.778517 50.915791 -16.324697 106.755745 -1.927503e+01
540913 61944.718750 13098.123047 66928.882812 29.835737 -23.712160 -77.234833 13.765981 1.000000e+37
540914 61925.597656 12969.151367 66940.531250 -5.250481 44.659290 43.300877 13.353190 1.000000e+37
589532 63915.843750 13911.722656 68254.398438 -0.813664 121.397163 22.896942 82.400238 -1.761176e+01
589533 63925.218750 13849.083008 68243.117188 -7.358963 91.675240 65.442635 13.459916 1.000000e+37
589534 63879.675781 13894.180664 68177.476562 10.038969 104.148994 72.977356 11.125300 1.000000e+37
602108 62409.539062 13232.470703 67461.632812 34.523579 71.591583 -14.625889 66.824242 -1.655700e+01
602109 62398.191406 13213.254883 67440.640625 -16.301010 93.676010 -33.757591 51.985237 -1.513937e+01
602110 62394.609375 13249.313477 67474.007812 92.300385 30.370424 14.991199 44.996418 -1.411594e+01
602111 62454.000000 13212.731445 67491.734375 -86.892082 149.721756 30.611673 19.386122 1.000000e+37
602112 62349.976562 13190.891602 67468.726562 57.413509 74.389664 16.091072 20.993519 1.000000e+37
630026 64180.734375 15077.292969 69044.093750 85.909744 150.872574 44.661190 9.815849 1.000000e+37
649700 62319.355469 13284.761719 67262.875000 29.412798 36.451233 -2.651248 59.625786 -1.642426e+01
649701 62303.101562 13295.850586 67234.398438 77.176308 37.615265 7.044328 15.291703 1.000000e+37
649702 62326.417969 13321.039062 67291.460938 62.991257 -30.759729 19.452360 9.589492 1.000000e+37
649703 62315.050781 13267.224609 67227.164062 -5.593956 49.546589 -14.925504 11.417317 1.000000e+37
694355 63992.980469 13224.873047 67606.210938 -19.498177 109.466339 35.930466 57.387257 -1.473153e+01
708129 63530.785156 14960.862305 67741.453125 42.390694 -25.644140 42.149849 47.775539 -1.476578e+01
708130 63520.261719 14949.802734 67704.328125 40.114357 -1.975233 38.444836 24.528276 1.000000e+37
708131 63514.246094 14971.757812 67704.617188 30.279324 -21.646523 97.899445 18.804867 1.000000e+37
708132 63547.953125 14915.807617 67788.367188 24.836531 26.942068 0.677955 10.536654 1.000000e+37
732883 63723.593750 15359.000000 67720.914062 66.444725 0.097243 41.767693 40.601601 -1.294477e+01
732884 63781.031250 15318.420898 67688.195312 49.756699 -8.516586 62.004513 24.251825 1.000000e+37
732885 63728.058594 15326.950195 67663.328125 56.505363 -14.991283 23.990372 6.801510 1.000000e+37
764365 64822.539062 13640.222656 68159.554688 6.984477 111.747284 57.118347 45.009922 -1.307267e+01
800399 62271.894531 14290.710938 65639.210938 29.476099 -25.880440 22.419775 36.236752 1.000000e+37
806860 62129.414062 12921.093750 66530.929688 42.920395 18.588932 -45.927517 40.316784 -1.183161e+01
808500 61651.437500 13210.769531 67133.703125 -78.231102 52.846119 18.821663 39.755676 -1.163165e+01
837590 61610.527344 13588.838867 67625.593750 87.735100 -19.181389 -37.928112 26.781137 1.000000e+37
837591 61603.019531 13600.622070 67628.132812 77.961288 -23.600550 -53.108028 21.355797 1.000000e+37
837592 61605.558594 13605.521484 67614.523438 107.085190 -25.934345 -3.569952 11.802032 1.000000e+37
850224 62079.460938 13457.081055 66720.148438 7.363239 70.289787 -64.434258 27.772655 1.000000e+37
850225 62094.152344 13422.298828 66756.992188 22.496323 78.861206 -59.636364 9.227441 1.000000e+37
850226 62063.445312 13452.487305 66651.984375 31.150669 97.918076 -28.971634 8.893626 1.000000e+37
856185 63829.160156 14612.544922 68390.523438 37.826435 36.200985 34.547653 21.816662 1.000000e+37
856186 63795.566406 14610.264648 68342.828125 36.338249 30.412086 45.468567 23.690763 1.000000e+37
856187 63804.296875 14608.416016 68384.820312 57.343418 16.270172 26.704390 21.944418 1.000000e+37
856188 63802.347656 14608.430664 68422.273438 34.072678 13.863362 22.279917 13.853148 1.000000e+37
869167 62636.550781 13729.465820 67704.234375 165.025742 -35.157848 -65.003136 34.828175 -1.101510e+01
875316 61029.847656 13645.585938 68042.992188 67.104034 -43.546211 -13.832001 28.157068 1.000000e+37
876221 62264.042969 13618.243164 66905.812500 27.303974 106.015320 -50.304710 24.451857 1.000000e+37
876222 62215.339844 13608.575195 66916.585938 21.411997 125.166634 -47.928101 14.969316 1.000000e+37
876223 62189.976562 13608.696289 66906.187500 49.679615 115.086914 -82.929031 13.044238 1.000000e+37
878640 62338.644531 13527.665039 67212.546875 81.338341 8.437557 7.959018 33.817249 -8.763824e+00
928476 63711.277344 15128.780273 67902.843750 50.016079 -6.423700 41.151814 22.931126 1.000000e+37
928477 63720.644531 15117.032227 67921.203125 56.357349 -43.287109 42.868069 10.801970 1.000000e+37
930037 62070.394531 13858.614258 66726.421875 38.707314 -20.780928 53.828720 25.933420 1.000000e+37
930266 63443.316406 14392.742188 68203.898438 91.358826 49.255497 -65.878670 26.296926 1.000000e+37
931928 63600.312500 14871.448242 67664.789062 107.732933 -33.300404 20.084391 28.889555 -9.399013e+00
936272 61678.121094 13218.746094 66992.234375 -68.399910 115.901070 53.093670 22.407187 1.000000e+37
936273 61674.691406 13218.299805 66974.015625 -52.958988 111.633675 48.466599 14.711197 1.000000e+37
939966 63577.589844 14587.901367 68056.265625 42.820450 72.613014 -61.576630 22.859697 1.000000e+37
939967 63585.460938 14577.607422 68070.757812 41.918221 86.695122 -52.703922 13.259542 1.000000e+37
939968 63587.089844 14565.318359 68065.484375 50.262791 66.018234 -34.187607 10.444176 1.000000e+37
958753 64222.839844 14122.864258 68254.375000 15.375854 120.559219 -3.878847 26.395721 1.000000e+37
964143 64572.996094 14097.745117 68845.226562 18.536457 128.843216 54.458260 24.759924 1.000000e+37
965146 63705.863281 14258.063477 68263.906250 32.116463 45.249172 -17.716572 26.093742 1.000000e+37
982850 64048.941406 13871.358398 69196.867188 57.784348 131.921356 -0.310631 24.511574 1.000000e+37
994143 62759.386719 14833.180664 69298.976562 107.416878 44.263893 9.205846 25.061769 1.000000e+37
994144 62752.003906 14809.705078 69292.406250 96.143181 49.316513 13.457372 10.392637 1.000000e+37
1009092 63903.734375 14806.334961 68775.156250 99.304688 76.243011 -30.812555 23.286095 1.000000e+37
1025779 61419.917969 13388.784180 67637.625000 84.142006 -34.122124 -12.965033 25.024998 1.000000e+37
1030790 63884.214844 14981.306641 67601.710938 65.805901 -3.310275 42.846355 24.715071 1.000000e+37
1038982 61162.082031 13495.991211 67801.234375 83.346428 -50.385098 -7.149045 17.305597 1.000000e+37
1038983 61209.511719 13506.656250 67804.156250 76.800072 -29.026041 -17.248262 17.166832 1.000000e+37
1038984 61243.304688 13522.101562 67822.679688 70.910507 -29.686607 -25.393295 10.502880 1.000000e+37
1045457 62182.765625 14315.683594 66529.132812 18.000652 -13.415977 62.487331 23.362423 1.000000e+37
1050389 62065.398438 13894.970703 65758.601562 17.702045 -23.490097 27.087523 21.943832 1.000000e+37
1065669 62142.097656 13363.333984 67099.593750 -56.595440 25.153021 94.023254 22.546679 1.000000e+37
1071136 63645.148438 14221.678711 68191.296875 77.450798 34.268841 -41.721775 23.876987 1.000000e+37
1072440 63995.734375 12620.174805 67000.585938 -14.942666 94.088608 22.956066 25.538952 -8.626452e+00
1073044 64182.683594 13627.203125 68191.820312 -12.877761 98.224045 68.694504 18.027472 1.000000e+37
1073045 64185.996094 13615.458008 68190.515625 -17.708061 99.786705 70.585884 12.617399 1.000000e+37
1077492 63957.109375 12546.911133 66871.820312 -12.996850 95.825729 23.901638 23.530451 1.000000e+37
1084117 62862.417969 14972.500977 69400.070312 110.156143 52.551895 8.553102 25.989304 1.000000e+37
1092252 62684.089844 14134.161133 67842.632812 146.077057 -72.374252 -32.511181 20.064447 1.000000e+37
1093696 62636.515625 13707.475586 67011.343750 52.578522 68.010803 6.371723 25.306696 1.000000e+37
1103067 63387.335938 15186.982422 69345.718750 113.246483 59.516193 13.387307 22.453110 1.000000e+37
1108381 62033.550781 13200.899414 66862.695312 -2.967037 5.061404 50.559658 23.808670 1.000000e+37
1120440 61141.613281 13366.992188 67584.140625 78.494705 -49.393337 -7.505145 17.523998 1.000000e+37
1120441 61136.820312 13368.013672 67572.718750 66.560043 -55.922607 -2.205572 13.180884 1.000000e+37
1129573 64645.558594 14265.363281 68679.867188 55.600056 116.730659 25.449228 21.640457 1.000000e+37
1133895 62982.222656 13663.439453 67630.351562 96.190361 83.609024 27.205418 23.525143 1.000000e+37
1147393 62190.664062 13292.293945 67157.531250 56.429867 -11.107535 21.485109 23.298897 1.000000e+37
1149328 61761.593750 13183.822266 67084.242188 -58.561535 137.204041 -44.386879 21.372135 1.000000e+37
1150300 62667.601562 14620.008789 68843.398438 109.470253 24.130850 -7.365497 20.459242 1.000000e+37
1154997 61278.535156 13718.566406 67818.578125 67.201263 -18.575970 -46.517143 23.166864 1.000000e+37
1160690 63898.343750 14740.099609 68813.773438 113.188950 78.750908 -24.813156 15.108476 1.000000e+37
1160691 63874.261719 14740.415039 68805.890625 117.434418 83.538322 -29.536163 12.568075 1.000000e+37
1173027 62520.179688 14361.675781 67395.492188 88.689751 -23.356646 89.896248 19.188068 1.000000e+37
1173028 62533.140625 14367.055664 67397.671875 94.653526 -26.995758 68.608765 11.286800 1.000000e+37
1174123 62188.296875 13076.038086 67134.109375 1.129158 8.655920 19.044750 29.469563 -8.731990e+00
1179538 64052.675781 13854.382812 68217.437500 -39.729519 107.482658 13.687116 20.415407 1.000000e+37
1181692 63978.066406 15172.975586 68665.062500 60.204868 100.861038 15.737990 21.897346 -8.871916e+00
1185984 63898.636719 14076.942383 68031.406250 16.279911 135.761963 31.401207 20.660351 1.000000e+37
1188218 63043.761719 14150.957031 68081.148438 15.592450 17.262495 -69.772842 21.042500 1.000000e+37
1194990 61504.843750 13241.673828 66994.210938 -39.291313 106.879570 -35.976791 21.276680 1.000000e+37
1199712 62667.046875 14704.947266 66957.109375 34.029888 -25.161013 93.197548 21.188782 1.000000e+37
1206891 62156.339844 13114.799805 66972.859375 26.435139 -22.644064 -2.254291 25.081045 1.000000e+37
1216742 63619.968750 14952.425781 68839.601562 63.810238 61.722443 12.323115 23.730314 1.000000e+37
1227050 63018.425781 14354.880859 67403.359375 -11.164639 59.249977 -49.260777 26.640970 -1.071591e+01
1229730 63952.425781 16047.549805 67872.101562 75.681900 28.869471 96.913887 21.444311 1.000000e+37
1229746 61706.324219 13791.966797 65987.601562 8.926857 -22.415472 30.878965 19.122969 1.000000e+37
1229747 61702.406250 13817.608398 65991.421875 -3.207449 -34.638996 33.548779 11.254491 1.000000e+37
1231027 62630.355469 14594.562500 66856.250000 5.624115 7.380113 92.647308 21.877268 1.000000e+37
1235224 62017.871094 13806.305664 67635.265625 119.494576 -32.158272 -50.809937 22.301390 1.000000e+37
1239327 64278.511719 14011.413086 68323.796875 7.261142 101.917007 8.537084 18.792824 1.000000e+37
1243511 63937.652344 14911.185547 68724.632812 82.558060 100.498222 -23.101187 18.212015 1.000000e+37
1246333 62655.359375 13771.275391 67175.656250 89.978584 96.887573 -45.702259 19.496881 1.000000e+37
1253513 62680.617188 14109.300781 67615.273438 73.933670 199.486542 -28.466579 22.210068 1.000000e+37
1254931 62194.488281 14893.665039 69337.109375 96.613518 40.086967 4.798307 18.791979 1.000000e+37
1265453 62723.816406 14667.257812 68958.210938 104.314636 25.655754 -4.124069 19.323746 1.000000e+37
1281234 62071.050781 14351.083008 65998.632812 31.042788 -30.401396 30.566631 20.542164 1.000000e+37
1305180 62206.906250 12740.168945 67316.140625 -30.904783 148.781006 -55.486317 19.452705 1.000000e+37
1310688 62946.363281 13708.541992 67919.671875 23.397964 93.438385 31.836559 20.885994 -8.868200e+00
1310699 61852.789062 13590.218750 65972.210938 -42.533459 2.256684 40.883377 18.841488 1.000000e+37
1312535 63876.320312 13815.213867 68142.125000 -23.464748 111.023689 52.994453 17.821434 1.000000e+37
1314413 63643.101562 13233.396484 67563.062500 -24.279596 119.454712 34.553562 18.933395 1.000000e+37
1331570 63896.191406 15217.497070 69081.273438 67.913757 101.905235 31.908337 15.505297 1.000000e+37
1331571 62936.531250 13933.460938 67787.742188 45.492908 164.209061 -37.587677 21.122959 1.000000e+37
1341673 63511.652344 15082.145508 68113.507812 75.494194 -30.315580 55.529850 20.309793 1.000000e+37
1354036 61863.765625 13300.338867 67250.320312 13.028268 63.475010 4.653691 25.551598 1.000000e+37
1354037 61715.992188 13414.709961 67045.359375 -24.280092 57.321465 -34.684101 20.526484 1.000000e+37
1360440 62091.863281 14131.063477 66775.406250 34.644806 -20.918644 64.316620 16.441946 1.000000e+37
1362648 64766.828125 13617.320312 67093.992188 9.666466 79.918770 52.443508 18.185467 1.000000e+37
1364834 62262.746094 12891.365234 66720.585938 27.532026 3.762027 -23.519314 22.763048 1.000000e+37
1364835 64420.632812 12978.304688 67016.898438 -7.414993 79.617157 46.956245 19.830433 1.000000e+37
1369134 63180.062500 13493.929688 68602.539062 30.862623 125.022079 -40.085743 15.389427 1.000000e+37
1380504 61711.078125 13528.991211 66978.179688 5.094756 67.948570 -14.967834 22.528341 1.000000e+37
1387332 63164.875000 14362.756836 68342.804688 106.000313 32.128448 -56.963451 16.218853 1.000000e+37
1392044 62446.957031 15097.335938 68490.882812 108.202911 -10.463658 10.653899 18.046730 1.000000e+37
1396806 62297.281250 13594.374023 67425.343750 128.548950 19.057659 -14.751260 18.959341 1.000000e+37
1414191 63109.488281 14771.554688 67799.359375 121.075157 -66.761833 -5.319154 19.345043 1.000000e+37
1424751 61770.820312 13138.041992 67265.062500 -77.070168 51.129734 8.840116 18.890003 1.000000e+37
1438051 62115.277344 13563.971680 67481.453125 151.844437 -14.143493 -42.831860 15.516108 1.000000e+37
1438054 63179.082031 14044.301758 68638.937500 66.498329 109.311447 -63.644836 17.658161 1.000000e+37
1440820 62883.550781 13583.567383 67534.132812 112.514870 41.988834 -5.470017 16.714811 1.000000e+37
1446450 63523.253906 14374.627930 68241.765625 28.738426 15.829587 23.312258 16.794870 1.000000e+37
1446458 62935.730469 12842.403320 68816.156250 33.464436 112.711967 -27.090273 14.973297 1.000000e+37
1449269 63099.703125 14339.340820 66280.218750 -13.827991 38.779644 61.245056 15.354733 1.000000e+37
1452074 63947.628906 14804.129883 68422.609375 51.805542 25.970877 44.664204 17.196512 1.000000e+37
1454905 62524.234375 14371.869141 66012.343750 31.122225 -38.388676 34.677193 13.827065 1.000000e+37
1454906 62547.808594 14352.906250 66012.968750 21.988222 -27.581570 42.300400 12.233484 1.000000e+37
1463639 62161.644531 15542.611328 68591.593750 103.603912 -1.559293 30.856056 15.618952 1.000000e+37
1466642 63717.875000 14968.453125 68409.617188 40.874153 74.070007 -4.564440 16.893793 1.000000e+37
1469560 63593.292969 15087.443359 68374.109375 111.166862 -1.833205 9.834805 16.437639 1.000000e+37
1478748 63764.410156 15135.433594 68256.289062 104.632164 3.492908 13.576839 19.638527 1.000000e+37
1481922 62875.230469 13725.984375 67813.609375 106.823128 102.247536 14.318558 18.756058 1.000000e+37
1497781 63065.089844 14309.647461 68113.898438 -2.051692 21.387327 -37.089256 17.295593 1.000000e+37
1497783 63845.707031 13475.126953 67523.835938 -21.419165 111.439911 29.911480 17.813234 1.000000e+37
1497784 63320.167969 12709.500000 68323.085938 5.430694 131.934143 -11.061060 15.859541 1.000000e+37
1501039 62578.085938 15057.622070 69230.570312 109.820747 40.261505 8.263435 16.381191 1.000000e+37
1501041 62873.500000 13050.938477 68389.164062 29.734951 124.765129 -44.783588 16.349876 1.000000e+37
1504405 64037.089844 15624.503906 68020.343750 75.564476 10.502287 82.179131 19.809021 -8.658497e+00
1504433 62451.320312 14129.354492 66610.515625 50.689957 -19.159367 61.096306 16.552643 1.000000e+37
1504434 62446.972656 14146.238281 66605.539062 51.391884 -33.409641 63.777672 11.073840 1.000000e+37
1507736 63079.835938 14739.023438 69073.031250 99.542923 38.865147 -2.793069 17.479181 1.000000e+37
1524691 62563.117188 13566.478516 67775.929688 24.093174 161.542389 -98.646141 18.662678 1.000000e+37
1528222 62893.253906 14207.652344 67637.390625 -37.627037 80.403503 -166.045593 14.664982 1.000000e+37
1535255 62397.250000 13828.361328 68758.500000 72.305771 81.916893 -59.026047 16.380014 1.000000e+37
1557590 63644.816406 14913.865234 67712.789062 53.384178 -41.675503 63.161781 14.642797 1.000000e+37
1565419 61856.468750 13161.937500 67033.859375 -28.906580 -30.412163 82.946358 15.230695 1.000000e+37
1565421 64448.097656 13995.953125 68761.429688 7.248928 135.943726 52.481495 19.018288 1.000000e+37
1577362 62720.980469 14285.524414 67874.007812 132.002243 -68.704086 -18.596949 15.987553 1.000000e+37
1577363 62274.523438 13308.880859 67523.562500 -29.422451 162.245407 1.528381 13.749143 1.000000e+37
1581324 62565.722656 13136.711914 67452.132812 78.404976 85.949318 0.110505 18.399368 1.000000e+37
1585302 61694.968750 13215.234375 67069.695312 -60.126934 77.327866 66.403877 11.408887 1.000000e+37
1585303 61714.253906 13247.165039 67065.492188 -35.279854 99.990433 46.575058 8.402903 1.000000e+37
1593422 61971.718750 13860.685547 66679.390625 34.471676 -26.730837 67.016365 15.349291 1.000000e+37
1593423 61972.117188 13855.716797 66692.195312 44.317616 -28.714670 50.119938 12.789557 1.000000e+37
1597788 62937.511719 13408.490234 68335.296875 24.073910 127.834084 -52.396103 13.881068 1.000000e+37
1602107 63855.738281 14206.487305 68309.453125 49.928047 36.628155 -26.265385 16.463303 1.000000e+37
1606403 62915.304688 14342.670898 67066.929688 54.674629 -29.867016 114.754539 19.440060 1.000000e+37
1610799 61909.863281 14117.697266 66037.070312 -1.298820 -14.811114 38.927864 17.583107 1.000000e+37
1615197 62065.367188 13608.565430 67477.976562 -19.872284 90.157021 49.868858 16.081472 1.000000e+37
1619767 63645.847656 15155.074219 67566.273438 67.889442 -20.927559 57.115025 17.249702 1.000000e+37
1638231 63306.882812 14415.759766 68362.867188 27.693462 47.823063 -32.324379 18.322445 1.000000e+37
1638233 62302.441406 13196.234375 67061.750000 9.203138 -11.071142 84.956703 15.797049 1.000000e+37
1638234 64097.464844 12785.828125 66910.320312 -14.775843 107.236786 6.195318 16.539894 1.000000e+37
1642969 62798.148438 14687.142578 68997.617188 93.889175 30.597824 -4.120088 17.122669 1.000000e+37
1642971 61629.207031 13964.983398 69150.625000 60.837273 60.695747 -27.530752 15.740271 1.000000e+37
1647671 63024.921875 14743.045898 67834.960938 130.130371 -59.431244 -5.479607 13.860367 1.000000e+37
1652411 62598.828125 12448.208984 68265.554688 5.421849 125.241310 -34.319660 13.707864 1.000000e+37
1677361 61682.234375 13460.125000 67036.664062 -35.199383 57.378834 -34.129623 17.492653 1.000000e+37
1682425 63443.015625 14467.583984 68660.406250 105.134964 21.159765 -19.328199 15.127284 1.000000e+37
1698218 63004.281250 14132.844727 67894.164062 88.214485 46.271473 -139.491058 13.289190 1.000000e+37
1709149 62696.519531 14433.514648 66635.695312 -5.543851 24.714529 78.535774 14.973112 1.000000e+37
1714715 63958.023438 15255.095703 67490.585938 60.458359 4.551649 37.096001 13.408307 1.000000e+37
1714716 63944.558594 15235.518555 67512.187500 59.146320 1.096777 20.005398 9.634823 1.000000e+37
1714717 61732.792969 14106.245117 68087.273438 87.474113 -6.985111 -33.601822 15.670409 1.000000e+37
1714719 61384.886719 13318.485352 67164.562500 66.984825 14.011869 -85.221657 18.752104 1.000000e+37
1714723 63463.605469 13129.029297 67042.820312 -34.814671 124.133438 15.008862 15.513586 1.000000e+37
1720286 61607.457031 13219.979492 66979.765625 -50.605873 127.887482 13.698293 15.210727 1.000000e+37
1731853 62494.113281 14353.807617 65997.585938 39.074619 -32.775692 40.531097 13.097878 1.000000e+37
1749751 64456.832031 13458.437500 67886.257812 -4.259516 93.292671 61.350193 13.588130 1.000000e+37
1767919 61799.519531 13232.429688 67049.867188 -115.699402 89.162567 12.047500 12.857301 1.000000e+37
1767920 61788.921875 13239.591797 67041.257812 -34.807629 129.728134 -44.593296 11.379848 1.000000e+37
1767922 61935.640625 13192.464844 67264.242188 -64.248451 25.967319 61.640610 11.878491 1.000000e+37
1774230 61964.957031 14010.483398 65795.968750 32.501572 -36.653690 21.530441 13.368416 1.000000e+37
1793510 63105.382812 13423.645508 68302.007812 22.309635 126.263611 -50.220211 13.349676 1.000000e+37
1800226 62514.789062 13499.353516 67058.343750 27.725319 -8.318478 96.415245 17.429630 1.000000e+37
1813556 62627.742188 14767.930664 68049.859375 119.176788 -35.330112 7.481551 14.472100 1.000000e+37
1813562 64009.117188 15001.391602 68955.804688 110.428604 120.027069 -31.523556 12.735821 1.000000e+37
1820378 62657.414062 13919.297852 67431.992188 88.440712 173.155640 -67.963753 14.527781 1.000000e+37
1827444 62421.695312 13308.887695 67288.835938 11.808574 23.723524 17.157385 18.630882 1.000000e+37
1834428 63507.882812 14993.333984 68231.921875 13.010887 43.797005 53.835430 15.155934 1.000000e+37
1834429 62893.273438 12763.080078 68941.437500 37.758877 111.382912 -24.103367 13.467897 1.000000e+37
1841617 63945.085938 13726.591797 68423.976562 -31.965996 135.213287 38.176613 15.417395 1.000000e+37
1841618 61974.957031 13355.679688 66784.742188 -37.910793 -4.834237 83.355621 13.946987 1.000000e+37
1848990 63359.921875 14923.877930 69212.664062 110.096443 50.515396 6.019094 15.367881 1.000000e+37
1848995 61990.828125 12811.698242 66895.351562 95.335228 1.346628 -69.216324 13.321324 1.000000e+37
1848996 62270.765625 13345.109375 67471.929688 -31.522070 152.639999 -24.498837 9.171356 1.000000e+37
1849001 64099.746094 14635.498047 68567.820312 70.591415 59.560940 0.534866 14.215948 1.000000e+37
1871345 62993.648438 13883.621094 67839.125000 99.979172 128.496979 27.367546 11.601546 1.000000e+37
1871346 63771.550781 15847.332031 67950.007812 75.533775 13.368240 94.277763 15.622765 1.000000e+37
1871354 62439.398438 13569.136719 68008.515625 68.671761 108.599670 -101.228539 13.993391 1.000000e+37
1886653 63428.625000 14299.625000 68647.734375 26.650736 63.024048 -12.498024 15.001712 1.000000e+37
1894568 62713.265625 13996.498047 67842.039062 145.109314 -39.135406 -97.596832 14.464599 1.000000e+37
1910730 63807.414062 14632.455078 68529.054688 92.208801 75.663239 -40.587631 14.050535 1.000000e+37
1910738 61615.699219 13422.326172 66781.398438 -9.888371 77.479294 -47.881546 15.369208 1.000000e+37
1918969 61813.398438 13383.042969 66509.671875 0.631859 54.936687 -33.113750 14.006905 1.000000e+37
1935958 62982.656250 14669.833984 68608.953125 107.769798 34.462708 -30.084051 14.814669 1.000000e+37
1944724 63477.363281 14874.517578 67696.046875 121.933357 -55.537529 9.034503 13.869663 1.000000e+37
1944733 64403.476562 13708.833984 68131.171875 -4.453468 82.175034 72.031662 14.507067 1.000000e+37
1944735 64367.832031 14056.136719 68971.625000 50.577286 146.867783 5.022622 12.775957 1.000000e+37
1944736 62831.570312 13345.418945 68416.070312 27.039310 132.141769 -51.637321 13.648215 1.000000e+37
1953319 63144.359375 14171.530273 67802.898438 -67.029053 110.768532 -38.850353 14.608761 1.000000e+37
1953320 64158.562500 15230.096680 68757.906250 80.499908 39.770405 60.371243 16.221107 1.000000e+37
1953327 62048.878906 13989.099609 68395.890625 82.913017 54.336739 -61.918163 13.218681 1.000000e+37
1953330 64110.105469 15050.706055 68937.765625 89.147629 118.836586 -1.958882 14.232198 1.000000e+37
1953387 62470.292969 14598.885742 65922.367188 1.987266 -1.126407 46.994816 9.336145 1.000000e+37
1962398 63077.820312 12826.937500 69017.078125 34.510464 109.853554 -21.265079 14.382293 1.000000e+37
1962467 61845.066406 13649.055664 65893.757812 19.581516 -28.632343 24.702900 13.701762 1.000000e+37
1962468 62148.691406 14441.663086 65674.320312 35.958019 -49.055046 18.639162 14.703417 1.000000e+37
1971478 61754.339844 13094.991211 67171.531250 -50.001816 117.523315 -26.817415 13.584022 1.000000e+37
1971566 61948.171875 13762.871094 66120.914062 23.692638 -28.558428 29.583277 14.634093 1.000000e+37
1990172 64648.136719 13515.643555 67993.265625 1.447236 100.228340 66.224022 12.930519 1.000000e+37
1990175 63355.234375 13558.016602 68726.148438 35.330353 126.074875 -31.011154 11.850121 1.000000e+37
2009168 63499.074219 14870.407227 69120.593750 101.660927 47.580578 0.010925 14.282757 1.000000e+37
2009174 61074.898438 13945.242188 68019.695312 52.886993 -5.514824 -37.992355 13.575128 1.000000e+37
2009175 62212.687500 13331.758789 66784.890625 60.216309 60.852913 -99.392853 13.363739 1.000000e+37
2019119 62731.113281 14901.066406 68051.671875 117.019745 -40.784431 13.240965 13.519359 1.000000e+37
2019124 63866.812500 14881.683594 68756.304688 100.061127 98.794388 -39.342957 13.555736 1.000000e+37
2029065 62013.718750 13393.275391 66707.968750 25.958025 52.416874 -3.304566 15.274495 1.000000e+37
2039109 62448.703125 13751.676758 66979.585938 36.141674 38.829121 17.910131 13.965932 1.000000e+37
2049599 63402.292969 15083.202148 67604.703125 49.063000 -35.641727 54.009384 15.706070 1.000000e+37
2060111 63623.945312 14777.378906 68494.351562 30.996593 56.683022 17.181881 11.282184 1.000000e+37
2070873 62565.628906 14937.343750 68321.804688 108.048790 -16.558323 3.531625 13.623462 1.000000e+37
2070953 63313.722656 15191.615234 66370.593750 16.296608 28.322367 59.938877 11.084738 1.000000e+37
2081660 63805.750000 13973.237305 68317.757812 7.465564 148.938843 -6.067924 15.024550 1.000000e+37
2081661 62922.667969 13262.228516 68249.867188 25.664679 130.687729 -51.870216 13.350584 1.000000e+37
2081750 61847.472656 13922.553711 65965.007812 22.000425 -39.269650 26.612183 14.597172 1.000000e+37
2092687 62495.781250 13748.308594 67081.945312 32.186699 36.188156 30.162275 13.860110 1.000000e+37
2092771 62124.539062 13906.511719 66115.609375 30.749508 -30.408199 33.561836 15.017397 1.000000e+37
2092772 62419.359375 14448.657227 66447.195312 49.430367 -36.396053 52.650631 13.604457 1.000000e+37
2104137 63901.847656 13733.214844 68422.789062 -30.954409 130.994217 39.000031 13.270530 1.000000e+37
2115740 62833.527344 13782.639648 67834.757812 98.835548 102.623032 59.316189 12.656582 1.000000e+37
2115745 62759.734375 14816.215820 68190.257812 110.709831 -26.907249 -3.085896 12.100285 1.000000e+37
2115750 62791.082031 13676.611328 67665.664062 49.554306 45.173431 -122.554337 15.705645 1.000000e+37
2115751 63084.835938 14043.898438 67872.359375 91.684425 132.761459 -13.384675 15.417179 1.000000e+37
2127363 62872.265625 14061.813477 67747.125000 -30.629240 -46.790600 -130.357681 12.636690 1.000000e+37
2127368 63823.574219 13960.938477 68381.671875 -4.686803 150.655548 -3.897825 15.020797 1.000000e+37
2127369 64954.726562 14096.398438 67199.078125 23.317520 78.566025 60.456135 13.280322 1.000000e+37
2127370 64067.171875 14984.585938 68976.109375 103.003326 133.782349 -28.747229 8.151484 1.000000e+37
2139460 63399.417969 15100.704102 69185.062500 111.576385 63.262577 1.991552 12.642531 1.000000e+37
2139461 61952.656250 13990.760742 68604.656250 77.838020 56.753105 -54.754639 12.700536 1.000000e+37
2151609 64015.636719 15777.085938 67906.078125 84.881386 32.236530 40.965946 13.958542 1.000000e+37
2163989 62955.550781 13140.061523 67459.125000 -65.356720 111.976532 47.677685 13.857327 1.000000e+37
2163990 62488.312500 14508.384766 67441.234375 65.664513 -13.494862 87.513252 12.405215 1.000000e+37
2176617 62592.703125 14839.601562 68060.296875 118.624420 -38.027340 8.440737 14.488171 1.000000e+37
2176618 62281.007812 13364.788086 66439.328125 23.865078 -24.254360 51.589306 13.216397 1.000000e+37
2189464 63277.171875 14565.576172 67989.750000 40.626217 -10.343028 -9.965446 13.781063 1.000000e+37
2189470 62777.242188 15602.708008 68229.351562 114.743416 -9.481564 33.990482 13.330602 1.000000e+37
2189471 62069.296875 13086.285156 67158.929688 -29.682905 97.702530 -32.818405 15.864473 1.000000e+37
2189556 62577.390625 12809.406250 66918.632812 -66.898300 81.927406 45.892170 11.516922 1.000000e+37
2202650 62791.960938 13857.722656 67801.453125 -21.078184 144.735214 27.087435 11.770923 1.000000e+37
2202655 62696.984375 13194.729492 67505.117188 -74.755829 130.924042 45.766285 11.697253 1.000000e+37
2202656 63390.554688 14941.478516 69007.773438 113.277542 58.301189 -8.121336 12.445407 1.000000e+37
2202657 63144.746094 14694.980469 68658.046875 105.500587 39.810234 -29.349573 15.374162 1.000000e+37
2202658 61709.062500 13142.808594 66838.882812 87.242065 -2.331094 -93.350296 13.393073 1.000000e+37
2202659 61737.890625 13033.402344 66527.398438 -8.701673 107.019211 -105.499542 13.462179 1.000000e+37
2216075 63517.175781 14901.129883 67859.250000 48.573868 -49.380142 52.115688 14.387909 1.000000e+37
2216079 62153.480469 13455.633789 67650.554688 145.342392 -5.586739 -40.392715 13.911263 1.000000e+37
2216084 62611.695312 13912.644531 68379.882812 80.619873 85.118652 -83.293037 12.711440 1.000000e+37
2229957 64366.093750 12993.496094 67063.937500 -3.245296 83.559608 42.165558 11.385165 1.000000e+37
2229958 64385.808594 13003.518555 67085.218750 -8.964741 74.754532 39.312004 8.728992 1.000000e+37
2230043 61719.312500 13815.708008 66254.257812 13.260943 -19.587160 38.045307 10.398114 1.000000e+37
2230044 61710.394531 13828.382812 66266.312500 14.075976 -28.723383 31.108513 8.653490 1.000000e+37
2244192 62036.812500 13269.258789 67199.445312 -61.113033 30.178389 80.954979 12.097983 1.000000e+37
2244197 64380.777344 13714.672852 68246.648438 -9.742951 96.110222 64.447395 11.676140 1.000000e+37
2244201 62287.152344 13646.529297 67004.140625 59.000107 99.976326 -76.356598 11.698532 1.000000e+37
2244202 62145.546875 13689.335938 69159.703125 63.674282 78.447197 -42.769318 14.024302 1.000000e+37
2258282 62799.828125 13767.579102 67493.757812 -98.654144 164.221893 36.885769 12.234079 1.000000e+37
2258287 61543.746094 13669.395508 67708.429688 89.788185 -33.205185 -27.844482 14.172025 1.000000e+37
2258292 63098.531250 14836.652344 69035.312500 105.423126 40.222523 -4.144781 12.829954 1.000000e+37
2258393 62553.953125 14576.981445 66924.742188 17.873165 5.138631 91.929832 13.430152 1.000000e+37
2272864 61670.792969 12841.691406 66832.820312 15.122944 -30.643507 -25.498995 14.540522 1.000000e+37
2302703 62175.644531 13900.949219 68008.414062 98.243469 49.306469 -81.213600 12.641300 1.000000e+37
2318072 62620.292969 14392.538086 67337.937500 94.610313 -21.659286 92.402901 12.613292 1.000000e+37
2318073 63954.417969 14568.746094 68503.632812 61.474018 56.094097 -6.958503 14.061001 1.000000e+37
2318076 63777.066406 14213.539062 68180.734375 14.060453 110.641304 -16.251835 12.354800 1.000000e+37
2334130 64033.636719 15205.672852 67553.125000 74.115494 3.827172 22.661228 13.050665 1.000000e+37
2334135 62231.683594 14201.007812 68135.890625 108.213280 -7.620480 -38.124203 13.738819 1.000000e+37
2334139 63331.742188 14502.047852 68303.382812 104.728958 45.634304 -72.144981 12.100365 1.000000e+37
2334146 63118.433594 13848.053711 67591.265625 -91.295822 127.845901 8.912849 14.473654 1.000000e+37
2350449 63269.625000 15156.986328 65856.390625 19.037943 28.580366 43.327480 14.160295 1.000000e+37
2366919 63393.367188 15058.860352 69407.562500 96.374184 61.199940 18.069326 11.346080 1.000000e+37
2366920 63809.203125 15351.989258 67630.812500 42.359760 7.563414 62.286232 5.511708 1.000000e+37
2383979 61690.074219 12935.020508 66645.796875 -17.779430 28.755533 -39.768829 18.020065 1.000000e+37
2384097 64456.921875 13330.030273 66597.460938 2.996299 70.295067 44.977985 11.757514 1.000000e+37
2401352 62358.171875 13573.715820 67629.937500 141.151062 0.205181 -41.769688 7.271352 1.000000e+37
2401354 62404.437500 13355.208008 66834.531250 17.672758 -18.428310 76.605072 10.063416 1.000000e+37
2401493 61911.226562 13257.880859 66922.023438 -36.139702 -15.385699 88.676216 12.705769 1.000000e+37
2419144 62487.093750 13685.422852 67055.554688 32.038055 70.731178 10.886799 9.747376 1.000000e+37
2419145 62160.675781 13347.258789 67158.882812 10.798574 24.627077 -33.110714 10.232312 1.000000e+37
2419150 62412.785156 13817.608398 67102.773438 44.085804 89.361702 -44.373768 10.068749 1.000000e+37
2437323 63175.867188 14304.295898 67509.484375 -35.558525 56.454247 -89.220367 13.973907 1.000000e+37
2437335 63378.152344 14705.712891 69013.882812 30.798563 72.163376 36.340950 12.660690 1.000000e+37
2437337 63324.007812 13263.988281 68775.273438 36.147602 122.230957 -30.434978 14.793024 1.000000e+37
2437338 62370.218750 12605.668945 67601.250000 -15.532635 138.445496 -51.737938 11.486956 1.000000e+37
2437470 62293.328125 14240.236328 65686.570312 17.109690 -35.988533 7.665260 10.185959 1.000000e+37
2456147 63437.285156 15150.774414 68480.648438 118.292213 -4.892303 12.233055 13.127416 1.000000e+37
2456159 61642.578125 13207.789062 66934.585938 -63.250038 68.861412 62.441875 12.419167 1.000000e+37
2456160 62765.921875 12756.951172 66725.804688 -61.216492 73.888824 43.987423 11.397559 1.000000e+37
2456163 62738.324219 12813.610352 67694.007812 -19.170744 146.849106 -37.032604 10.620728 1.000000e+37
2475098 62890.460938 14035.069336 67736.406250 102.972855 37.002987 -197.320923 9.271243 1.000000e+37
2475100 63886.558594 15510.096680 67828.703125 61.093105 -2.504989 75.471329 12.706347 1.000000e+37
2475101 63779.152344 15221.620117 67755.031250 84.148445 -12.068039 31.285526 11.327030 1.000000e+37
2475102 63450.191406 15401.050781 67769.273438 79.188194 -8.543202 34.433552 13.435606 1.000000e+37
2475109 61503.039062 13751.814453 67724.460938 77.848480 -28.869068 -47.805988 12.069990 1.000000e+37
2475115 63295.207031 14515.325195 68245.632812 101.156357 55.090199 -73.459450 9.969413 1.000000e+37
2494631 62694.308594 13684.160156 67270.804688 -89.540016 150.839310 62.155819 12.525506 1.000000e+37
2494632 63389.101562 14125.877930 67699.742188 -2.758572 52.485493 -79.006592 11.997142 1.000000e+37
2494784 62364.660156 14454.280273 66082.375000 43.563171 -46.663120 38.184494 14.775777 1.000000e+37
2514797 63718.507812 13927.632812 67965.117188 -11.990126 116.370651 38.417694 13.525532 1.000000e+37
2514799 62321.878906 12596.869141 68250.031250 20.524664 117.155716 -50.905422 10.079991 1.000000e+37
2514971 62882.515625 15001.825195 66991.429688 31.297472 -17.313805 89.555717 12.243885 1.000000e+37
2556002 63040.554688 14623.380859 67379.335938 47.608070 0.811598 58.373646 14.335810 1.000000e+37
2556004 62605.589844 14328.744141 66325.742188 36.108421 -18.405571 54.785938 9.400606 1.000000e+37
2556025 63955.777344 13979.095703 68465.789062 -23.869308 127.673653 5.352568 14.152702 1.000000e+37
2556026 64048.816406 12928.655273 67383.390625 -14.379515 98.431412 41.487110 13.226683 1.000000e+37
2556027 63695.910156 14732.608398 68721.375000 57.460346 50.361691 18.248629 9.388501 1.000000e+37
2556184 62571.796875 14739.649414 66324.125000 14.987072 -5.003682 61.230644 12.440828 1.000000e+37
2577615 61660.152344 14530.679688 68580.851562 78.522629 25.140974 -22.199873 11.899753 1.000000e+37
2577620 64668.968750 13703.043945 68133.914062 7.258369 88.785393 70.835686 10.336809 1.000000e+37
2577622 63457.449219 14003.684570 67472.453125 -0.970279 60.285259 -43.929554 12.843981 1.000000e+37
2577624 62911.132812 12919.661133 68672.335938 34.927612 115.591362 -31.990427 9.060265 1.000000e+37
2577760 61717.140625 13607.103516 66372.320312 12.457725 -27.164915 40.308552 12.117827 1.000000e+37
2599963 63604.464844 15107.122070 67552.273438 57.940716 -22.571169 60.278397 13.810350 1.000000e+37
2599965 63745.757812 15386.662109 67740.875000 32.585892 -7.370584 18.593056 11.472127 1.000000e+37
2599975 61352.687500 13477.513672 67778.726562 76.323059 -22.488209 -30.842134 10.591730 1.000000e+37
2599976 61407.882812 13678.210938 67655.773438 87.162415 -24.737400 -25.267841 12.143654 1.000000e+37
2599980 61204.910156 13669.884766 67871.898438 79.244377 -57.343704 -4.111217 9.040785 1.000000e+37
2599985 62122.550781 12994.881836 66476.218750 57.639450 -6.386487 -59.369209 11.202928 1.000000e+37
2599995 63032.230469 13355.312500 68298.460938 22.389484 132.833145 -51.153748 10.359587 1.000000e+37
2599996 62372.917969 13714.770508 67237.406250 50.989166 124.841278 -73.370911 11.055705 1.000000e+37
2622674 63997.476562 15558.820312 67849.445312 83.063477 -5.298777 72.856949 10.004903 1.000000e+37
2622699 63746.800781 15169.951172 68384.101562 20.505667 55.052845 67.524933 11.700162 1.000000e+37
2622700 62435.515625 14503.463867 67408.843750 56.910385 -2.948888 88.938560 10.531627 1.000000e+37
2622708 62336.179688 13598.225586 67033.734375 5.241759 113.402878 -81.944603 9.395556 1.000000e+37
2622871 62288.937500 14230.819336 67057.117188 54.617107 -17.076532 79.294350 13.024755 1.000000e+37
2622872 62386.058594 14541.021484 65587.234375 -6.799741 -0.699769 37.606033 10.580416 1.000000e+37
2646256 63012.312500 13750.769531 67770.703125 38.364956 118.805908 37.574795 11.698850 1.000000e+37
2646260 61365.460938 13722.062500 67641.242188 79.008255 -35.512928 -36.140030 11.056564 1.000000e+37
2646261 62902.917969 14011.280273 67708.078125 89.923050 -44.138996 -133.605209 15.079683 1.000000e+37
2646267 63461.316406 14765.736328 68189.523438 28.136452 51.485882 -23.157160 11.747809 1.000000e+37
2670129 61856.601562 13466.591797 67151.281250 -24.348177 61.382965 -15.383965 12.052283 1.000000e+37
2670135 62932.812500 13367.730469 68532.281250 25.038746 130.149612 -43.152870 8.175796 1.000000e+37
2670315 61952.535156 13812.027344 66392.171875 28.224007 -30.957838 44.898300 11.013062 1.000000e+37
2694710 62238.167969 14275.091797 65591.312500 41.311672 -33.451340 37.190777 8.081651 1.000000e+37
2694722 61511.605469 13567.352539 67575.140625 94.288338 -32.035820 -36.584370 11.117524 1.000000e+37
2694723 62349.367188 13466.694336 67592.281250 91.057892 24.883572 32.742989 12.417172 1.000000e+37
2694728 61190.582031 13289.033203 67487.187500 74.404114 -37.392029 -12.881592 10.180922 1.000000e+37
2694731 62362.464844 13716.575195 66968.304688 43.691761 116.291428 -46.171337 11.594540 1.000000e+37
2694736 64025.601562 13647.509766 68195.796875 -16.176842 118.744392 67.943741 11.268559 1.000000e+37
2694738 64192.171875 14105.691406 68296.351562 -0.672682 124.887383 12.096490 10.497155 1.000000e+37
2694741 61440.269531 13059.075195 66991.296875 -53.605721 26.012276 8.369718 13.529117 1.000000e+37
2694917 62506.066406 14556.113281 66964.843750 25.407984 3.408726 89.246704 9.379440 1.000000e+37
2719861 63767.277344 15335.353516 67954.023438 45.106098 -5.445382 68.816406 8.534042 1.000000e+37
2719878 62420.816406 14508.332031 67901.335938 127.363899 -47.009228 9.895082 9.432791 1.000000e+37
2719880 62152.003906 13071.884766 67134.148438 89.772217 -18.756254 -50.974213 10.780901 1.000000e+37
2719884 62526.304688 13671.481445 66758.539062 41.669941 58.797775 -48.599907 15.007205 1.000000e+37
2719888 64449.054688 14040.947266 68649.640625 23.616251 137.457489 26.262835 10.671639 1.000000e+37
2719890 62234.109375 13572.433594 67254.625000 -28.264393 79.176819 56.776138 9.423829 1.000000e+37
2719891 63478.609375 14339.562500 68730.945312 21.930149 56.220104 9.045746 13.203938 1.000000e+37
2746137 62443.531250 14540.240234 68534.609375 109.453484 -11.941009 -8.204796 12.500979 1.000000e+37
2746140 62562.054688 13096.400391 67479.765625 -70.858322 129.162582 44.103065 10.447579 1.000000e+37
2746149 61938.648438 13395.108398 67147.148438 -80.402817 122.886353 14.439140 11.179193 1.000000e+37
2746153 62358.003906 12535.645508 67844.585938 -4.600178 130.232849 -51.607094 10.665243 1.000000e+37
2746154 62481.648438 13635.958984 67689.539062 80.921715 123.092819 -129.766083 10.790447 1.000000e+37
2772903 62481.582031 14499.128906 68629.656250 107.637436 15.410741 -19.725086 12.059024 1.000000e+37
2772908 61798.832031 12813.789062 67028.312500 -7.789116 62.202538 -70.997871 13.762666 1.000000e+37
2772915 62125.304688 13717.980469 67221.375000 77.279472 29.703604 -15.187581 9.450769 1.000000e+37
2773102 62296.105469 14285.959961 67115.406250 60.304798 -23.355160 80.223671 11.839283 1.000000e+37
2800556 63417.199219 14324.494141 67837.671875 3.200083 3.189285 1.206291 11.145823 1.000000e+37
2800562 61419.292969 13720.273438 67688.109375 85.984299 -22.521776 -31.868208 11.483427 1.000000e+37
2800565 61942.906250 13171.106445 67302.835938 -68.155937 131.397781 -12.427939 9.811733 1.000000e+37
2800566 63423.886719 14673.864258 68658.890625 108.136314 50.754570 -38.380249 11.404064 1.000000e+37
2800568 63018.277344 14126.338867 67402.515625 45.799015 114.527893 73.054062 12.738069 1.000000e+37
2800570 62745.191406 13038.146484 68146.734375 29.719309 129.755600 -56.816936 11.664899 1.000000e+37
2800618 62537.660156 12368.242188 68254.851562 5.409173 131.389969 -33.920673 8.616465 1.000000e+37
2829024 63253.097656 14215.373047 68019.609375 73.365456 -22.061117 -45.754513 9.130774 1.000000e+37
2829048 62399.757812 13738.770508 67032.484375 35.307178 98.072792 -24.507076 13.946088 1.000000e+37
2829050 64040.996094 12677.673828 67068.539062 -16.617281 91.625298 16.151997 10.186216 1.000000e+37
2829052 61685.007812 12971.660156 67184.546875 -14.969110 3.665013 58.188091 11.890636 1.000000e+37
2829054 63113.753906 14092.163086 67492.359375 -69.630173 48.524487 -81.107780 12.014497 1.000000e+37
2829056 62882.437500 13392.233398 68318.671875 30.058073 132.529922 -50.117737 9.042875 1.000000e+37
2829057 62164.390625 13499.222656 66782.257812 -46.229511 12.203959 83.427597 10.282791 1.000000e+37
2829245 63776.910156 14882.682617 66447.890625 10.701920 46.195641 61.918667 7.852653 1.000000e+37
2858128 63426.960938 14456.267578 68254.750000 104.445564 39.083237 -70.422745 12.343677 1.000000e+37
2858129 63153.355469 14497.519531 68435.500000 106.802155 30.269091 -47.579884 11.497677 1.000000e+37
2858130 62512.781250 13878.422852 68557.414062 77.110565 83.224541 -71.626694 11.021497 1.000000e+37
2888638 62777.273438 13702.104492 67740.796875 14.494637 133.867004 11.156016 9.596644 1.000000e+37
2888655 61648.980469 13445.390625 66816.671875 -9.277097 67.645882 -27.834009 13.551035 1.000000e+37
2888658 64109.785156 14711.563477 68667.406250 77.436539 61.129719 1.729334 9.740408 1.000000e+37
2888663 61969.640625 13734.622070 67323.703125 22.002844 34.498783 31.452108 11.246766 1.000000e+37
2919898 62694.371094 13585.083984 67699.273438 30.973566 101.986465 4.143890 11.784224 1.000000e+37
2919900 62604.074219 13558.958984 67416.859375 -86.825699 199.923157 33.668037 9.715476 1.000000e+37
2919905 63062.792969 13815.009766 67504.843750 -86.752060 185.085693 8.878957 11.432527 1.000000e+37
2919906 62394.324219 13399.663086 66894.960938 -69.455482 132.338898 34.518246 12.190989 1.000000e+37
2920169 62617.015625 14622.624023 66961.468750 7.462881 2.769836 90.959366 11.547832 1.000000e+37
2952244 63787.199219 14406.502930 68350.359375 35.610840 29.232824 20.176069 10.050380 1.000000e+37
2952245 63164.171875 14303.637695 67807.617188 -32.673546 39.087639 -65.230919 11.623631 1.000000e+37
2952260 62178.867188 14152.546875 68242.546875 96.797226 35.922779 -60.269207 9.566106 1.000000e+37
2952266 61533.378906 13259.770508 67239.023438 -28.051802 29.277943 16.398985 8.751646 1.000000e+37
2985681 63183.128906 15835.118164 68207.617188 121.261032 -3.416453 42.914192 9.967362 1.000000e+37
2985686 62844.800781 14068.354492 67350.304688 82.058014 50.524258 107.369438 9.095766 1.000000e+37
2985687 62109.832031 12702.688477 66821.031250 -90.304405 103.424156 29.672806 9.926430 1.000000e+37
2985688 61970.445312 13198.714844 66902.859375 72.809402 45.944706 -123.962311 10.629683 1.000000e+37
2985696 61553.859375 13195.475586 66937.148438 -15.983010 -8.657744 4.038351 13.421555 1.000000e+37
2985697 63246.925781 12649.205078 66562.601562 -34.661709 108.787064 -6.464166 10.250843 1.000000e+37
2985698 64008.785156 14952.374023 69035.710938 95.861740 110.379150 -26.538219 9.479712 1.000000e+37
2985767 63241.917969 12535.905273 68131.164062 -5.789431 137.808945 -9.953334 11.261723 1.000000e+37
2985940 62305.000000 14015.652344 66891.773438 52.184441 -24.481609 71.265633 7.983088 1.000000e+37
2985964 62754.253906 14458.429688 66604.117188 -13.237909 24.151167 79.353958 10.807932 1.000000e+37
3020260 61347.011719 13598.416992 67714.640625 82.231674 -10.054742 -33.785778 13.897507 1.000000e+37
3020265 62883.515625 14388.224609 67420.601562 112.226151 -9.611613 127.599831 8.871906 1.000000e+37
3020275 63930.332031 12859.562500 67196.343750 -13.659336 86.123878 43.663651 8.812940 1.000000e+37
3020534 63198.984375 15092.074219 66392.257812 14.124979 25.576569 62.461800 10.885319 1.000000e+37
3056144 63179.187500 14194.848633 67996.718750 82.427063 -30.100435 -54.171188 7.924338 1.000000e+37
3056145 64029.148438 15020.236328 69122.140625 72.431633 94.198715 26.867538 10.043092 1.000000e+37
3056147 64076.500000 15802.487305 67917.890625 71.012825 44.502808 49.624325 9.055951 1.000000e+37
3056165 62168.308594 13107.753906 67173.500000 107.700943 -12.442879 -57.732609 11.915332 1.000000e+37
3092863 62636.371094 13801.152344 67518.117188 -98.968559 183.213623 0.879452 11.385094 1.000000e+37
3092872 62256.527344 15171.590820 68405.953125 108.624916 -13.081469 21.480295 10.466996 1.000000e+37
3092880 62811.644531 13945.533203 67785.960938 -110.169609 4.105888 10.299406 8.136938 1.000000e+37
3092881 62227.343750 13539.319336 66129.976562 20.453547 -23.838690 36.667221 9.986077 1.000000e+37
3092890 63319.718750 14341.041992 68391.703125 26.868172 38.346004 -24.883072 7.013503 1.000000e+37
3092891 62386.292969 13525.452148 67255.179688 59.250168 27.196360 -7.872566 14.074565 1.000000e+37
3092904 64269.820312 13947.427734 68628.507812 -6.612249 131.356247 39.117332 14.383448 1.000000e+37
3092906 63903.617188 14893.645508 68567.914062 77.053635 88.157822 -24.054596 11.660410 1.000000e+37
3092910 64691.503906 14269.007812 68713.632812 51.064198 112.617386 22.447426 10.221059 1.000000e+37
3092917 62310.589844 13662.956055 67088.906250 44.254265 105.136581 -81.673080 6.541125 1.000000e+37
3092918 64231.492188 14146.436523 68714.945312 50.387123 126.693367 -8.306978 10.698012 1.000000e+37
3093193 63357.785156 14476.153320 66452.000000 -11.406862 47.442337 61.824635 11.557807 1.000000e+37
3131251 62894.507812 14018.069336 67781.210938 98.055168 52.694485 -186.151550 5.936272 1.000000e+37
3131262 63324.039062 14681.930664 68127.343750 102.135895 -22.981665 -15.167953 10.373500 1.000000e+37
3131285 63988.718750 12880.983398 67250.742188 -15.604782 90.923332 40.044106 11.515723 1.000000e+37
3131286 64623.769531 13790.158203 68336.031250 5.284645 94.515221 64.576286 11.758103 1.000000e+37
3131288 62733.464844 14701.665039 67628.484375 94.166084 -2.566980 88.319145 11.493184 1.000000e+37
3131290 64323.125000 14212.449219 68696.687500 51.860653 125.891663 -4.445667 12.554621 1.000000e+37
3131291 64313.085938 14009.932617 68538.023438 5.578437 111.477264 26.814968 6.073412 1.000000e+37
3170805 62550.117188 15140.289062 68640.343750 104.319733 -3.228160 11.270758 11.392014 1.000000e+37
3170809 62513.210938 13581.545898 67655.351562 22.357370 171.312332 -103.618172 11.322153 1.000000e+37
3170810 61852.324219 12615.590820 67010.156250 -14.198793 64.800606 -46.681419 13.643531 1.000000e+37
3170815 63038.507812 14895.571289 68971.351562 108.011215 43.684792 -4.634821 8.485643 1.000000e+37
3170816 61804.949219 13125.199219 68137.804688 52.661732 80.946358 -78.786827 11.235321 1.000000e+37
3170836 62650.480469 13504.125000 68836.632812 60.719151 96.395233 -54.329182 11.615759 1.000000e+37
3171115 61731.726562 13894.387695 65961.968750 -2.873066 -22.893951 30.812670 9.400505 1.000000e+37
3211330 62266.773438 13130.961914 67198.187500 0.485836 -2.924445 83.435646 9.046840 1.000000e+37
3211342 63699.425781 14006.904297 67864.609375 -16.167490 120.883598 31.629747 12.121436 1.000000e+37
3211344 63143.488281 13113.854492 68609.210938 31.533150 121.575439 -35.664871 10.228984 1.000000e+37
3211665 62112.878906 14555.869141 65659.828125 39.738655 -42.960728 18.112579 10.880710 1.000000e+37
3254050 62391.226562 15000.785156 68694.703125 106.585587 -1.305061 9.845778 9.268528 1.000000e+37
3254053 61321.589844 13513.226562 67760.195312 79.100304 -15.951117 -40.107567 10.725284 1.000000e+37
3254074 61716.234375 13338.392578 66987.554688 -20.737797 102.549828 -41.333675 10.665859 1.000000e+37
3254077 63015.074219 14665.100586 68405.382812 17.584360 57.993336 -25.705114 13.593017 1.000000e+37
3254078 63273.527344 14017.497070 67741.828125 -57.837772 116.496422 -12.436389 10.952697 1.000000e+37
3254084 62388.886719 13703.978516 67204.007812 38.361626 116.580589 -64.105339 6.981166 1.000000e+37
3298227 61247.832031 13752.184570 67880.109375 80.281052 -59.783161 -2.327444 7.855988 1.000000e+37
3298228 62369.347656 13679.490234 67484.945312 109.670128 -36.061604 -3.731505 8.991178 1.000000e+37
3298254 63334.390625 12546.615234 66490.507812 -35.503979 71.903496 30.147610 11.905092 1.000000e+37
3298257 64758.148438 13826.536133 68338.585938 9.796299 90.746506 69.097450 11.298106 1.000000e+37
3344214 64143.667969 15070.729492 68509.476562 65.183662 36.453728 54.433464 8.800791 1.000000e+37
3344216 62299.769531 13939.030273 66245.171875 23.654610 -15.178521 46.175411 10.281026 1.000000e+37
3344230 61259.871094 14687.913086 68569.671875 82.468513 -19.514269 17.726307 8.619281 1.000000e+37
3344231 62677.558594 14020.588867 67749.945312 157.832947 -56.712769 -85.634537 8.205280 1.000000e+37
3344241 62700.402344 14431.280273 68333.406250 105.806000 26.276108 -51.987583 7.925623 1.000000e+37
3344243 61561.031250 12979.893555 67093.289062 49.662533 72.735313 -125.351257 8.823272 1.000000e+37
3344249 64556.832031 14119.297852 68817.046875 59.022160 110.188911 28.583708 6.602939 1.000000e+37
3344250 64338.445312 14097.902344 68657.000000 40.775928 149.974884 -5.237081 9.918056 1.000000e+37
3344251 62518.335938 13607.409180 67353.726562 69.995804 76.111671 17.391075 11.410192 1.000000e+37
3344254 63417.773438 14151.439453 68456.281250 45.731995 18.878027 1.505476 12.455923 1.000000e+37
3344255 63633.027344 13339.364258 69094.914062 47.911633 122.288437 -13.846925 7.910988 1.000000e+37
3392069 62305.546875 13418.750977 66754.031250 26.182747 -23.903027 72.577652 9.630093 1.000000e+37
3392071 61850.988281 14868.916992 69003.375000 87.100662 29.419950 -5.021689 9.414694 1.000000e+37
3392079 63608.847656 13907.292969 67820.187500 -36.727619 145.337311 31.289886 11.289202 1.000000e+37
3392081 64060.976562 14985.719727 68933.656250 101.905479 115.442154 -22.164135 9.101880 1.000000e+37
3392084 62357.550781 13633.827148 66940.273438 17.121777 74.458885 -61.450191 10.003088 1.000000e+37
3392425 63198.652344 14400.456055 66320.460938 -15.729449 42.847641 57.357052 8.329237 1.000000e+37
3392429 63516.492188 14673.808594 66449.265625 -1.775221 45.582737 64.286499 10.534227 1.000000e+37
3392440 62273.222656 14198.058594 66064.312500 43.123756 -29.624647 30.743286 10.461959 1.000000e+37
3392441 62780.207031 14509.394531 67530.179688 101.116302 -59.014320 118.681519 10.479992 1.000000e+37
3441664 63858.074219 15287.142578 67574.531250 47.757389 5.003079 51.341618 10.905580 1.000000e+37
3441665 62935.046875 14404.489258 67325.445312 0.134124 -37.826893 81.683098 9.261995 1.000000e+37
3441690 62757.687500 14651.971680 68951.578125 99.398888 3.388516 9.084456 9.292094 1.000000e+37
3441691 62093.585938 14769.176758 69161.679688 93.382431 35.707294 2.215694 7.972790 1.000000e+37
3441697 62325.601562 14576.379883 67884.593750 123.088165 -44.656883 13.947280 10.541991 1.000000e+37
3441699 62667.277344 13116.226562 67443.507812 -70.562515 109.653923 61.138264 8.610641 1.000000e+37
3441708 62459.511719 13583.487305 67355.507812 55.153316 92.022980 -12.308583 11.631473 1.000000e+37
3441718 63468.726562 14363.818359 68005.312500 3.500068 51.205208 -30.347933 10.898910 1.000000e+37
3442088 63003.828125 14552.738281 66500.390625 -7.482417 28.356400 70.656670 9.656228 1.000000e+37
3442098 62470.722656 14680.627930 65899.726562 16.527073 -17.816031 47.506973 9.076600 1.000000e+37
3493262 63458.667969 14217.410156 67940.085938 65.218773 53.506145 -82.909050 11.553139 1.000000e+37
3493263 62686.488281 14129.468750 67102.289062 55.174454 -10.472222 108.212891 9.785813 1.000000e+37
3493286 61590.925781 12994.726562 67678.281250 38.878555 88.835243 -96.306938 12.226109 1.000000e+37
3493294 62886.726562 13601.734375 67233.750000 -74.639641 157.364273 48.095657 12.707959 1.000000e+37
3493295 61564.523438 13212.499023 67233.234375 -38.280933 33.074520 9.493868 8.628523 1.000000e+37
3493297 63407.125000 14556.262695 68531.125000 43.609138 31.449038 -4.185847 8.538930 1.000000e+37
3493298 63006.093750 14578.086914 68216.406250 20.808380 29.013449 -29.867720 10.338398 1.000000e+37
3493299 63778.175781 14826.737305 68682.765625 17.686686 115.738449 17.699646 8.290540 1.000000e+37
3547057 62715.761719 14004.020508 67697.742188 179.015076 -65.915573 -96.950142 8.993207 1.000000e+37
3547086 62830.859375 14275.969727 67116.062500 69.391396 -18.976620 113.162094 10.724457 1.000000e+37
3547087 62661.152344 13483.927734 67238.781250 24.278393 10.422890 105.605309 8.358510 1.000000e+37
3547089 62769.781250 13351.591797 67402.906250 96.267471 41.669170 6.274312 6.946102 1.000000e+37
3547097 61822.117188 14839.423828 68997.414062 85.239632 36.038067 -2.950140 8.519410 1.000000e+37
3547098 61680.097656 12960.798828 67094.070312 -19.352285 -5.130505 68.053284 9.162678 1.000000e+37
3547108 64588.773438 14139.482422 68765.156250 38.107311 115.392052 47.379623 10.138492 1.000000e+37
3547109 63244.824219 13088.188477 67432.195312 -49.041691 99.893188 45.121750 9.203632 1.000000e+37
3547114 62167.417969 13167.257812 67331.960938 51.678249 21.766552 0.074039 13.826840 1.000000e+37
3547120 63398.992188 14010.776367 68387.585938 30.789719 128.645218 -52.992840 7.517003 1.000000e+37
3602970 63469.390625 14522.321289 68670.765625 99.401932 26.979088 -27.585241 7.089257 1.000000e+37
3602973 63114.476562 14815.298828 66439.531250 61.928104 -32.614101 57.492218 9.917967 1.000000e+37
3602996 62631.500000 14315.024414 68220.070312 110.419006 21.353750 -57.648178 12.391479 1.000000e+37
3603006 61857.042969 12960.906250 66906.179688 8.460708 107.709496 -23.585730 11.625639 1.000000e+37
3603011 62594.605469 13773.946289 67397.445312 -39.779629 108.756889 49.010910 9.475297 1.000000e+37
3603023 63879.527344 14721.526367 68886.117188 49.499676 93.206207 5.995039 11.728282 1.000000e+37
3661629 63497.910156 15640.583984 68093.960938 67.449753 2.113943 68.262619 7.484077 1.000000e+37
3661653 62038.542969 14928.067383 65907.273438 72.143272 -40.196095 7.003728 9.120617 1.000000e+37
3661656 62001.136719 12933.550781 66984.617188 14.175436 73.977913 23.297976 10.626075 1.000000e+37
3661657 61969.429688 12933.191406 66936.804688 33.086895 46.495495 8.985970 14.911439 1.000000e+37
3661661 62135.601562 14951.833008 69131.429688 96.583275 35.315331 5.758513 8.450123 1.000000e+37
3661672 62599.140625 13751.348633 67336.210938 116.198326 90.437546 -57.516899 9.181353 1.000000e+37
3661673 62154.250000 13406.859375 66885.953125 -80.276657 118.466064 40.865147 6.678344 1.000000e+37
3661674 64234.144531 13958.234375 68342.367188 -8.766168 122.509888 11.006361 8.655761 1.000000e+37
3661675 61990.488281 13231.100586 67214.343750 -60.957779 24.769724 73.669128 9.236611 1.000000e+37
3661678 61863.253906 12906.334961 66806.812500 -35.667683 10.693429 37.144447 11.423350 1.000000e+37
3661679 62619.765625 13943.204102 67914.414062 14.602832 49.085651 -128.542709 10.502145 1.000000e+37
3661680 63360.312500 14373.074219 68559.062500 56.304371 10.543812 5.302473 9.703185 1.000000e+37
3661689 62879.968750 12781.655273 67804.570312 -13.577096 142.645874 -32.047005 7.552602 1.000000e+37
3661690 62805.097656 12868.540039 67668.859375 -24.210085 150.504471 -27.957106 8.643187 1.000000e+37
3662078 61729.433594 13989.725586 65910.046875 -0.605532 -20.262365 31.385408 10.851739 1.000000e+37
3662105 62463.632812 14654.372070 65965.875000 17.492123 -18.925617 45.723740 12.647292 1.000000e+37
3722756 63491.125000 14491.954102 68630.468750 94.950653 34.560097 -27.246944 9.315290 1.000000e+37
3722757 63446.382812 15149.982422 67571.554688 53.256153 -16.732687 63.966095 9.560465 1.000000e+37
3722758 62943.308594 14021.936523 67804.664062 -36.473576 4.781315 -126.771652 9.990395 1.000000e+37
3722759 63786.031250 14979.103516 67585.281250 84.826538 -0.633687 19.827171 9.520753 1.000000e+37
3722776 63533.457031 15003.419922 68310.054688 110.015701 -3.637530 6.577646 10.667275 1.000000e+37
3722784 62679.105469 14567.054688 65760.257812 43.238499 -38.809460 30.949532 11.391253 1.000000e+37
3722797 61832.062500 13068.405273 66730.742188 84.959419 -5.300001 -86.355484 9.833830 1.000000e+37
3722798 62653.972656 13800.137695 66948.867188 41.863346 66.839127 -11.927579 9.897312 1.000000e+37
3722814 64296.769531 14087.001953 68280.257812 23.718849 106.996613 -15.488111 9.661540 1.000000e+37
3722815 63736.910156 14044.994141 67892.304688 -7.019855 129.393738 21.731096 11.190517 1.000000e+37
3723239 61880.882812 13681.171875 65961.968750 17.544676 -28.979397 24.726002 7.551083 1.000000e+37
3787003 63315.644531 13899.561523 68120.289062 -0.060355 20.359476 -21.095898 11.436252 1.000000e+37
3787004 63182.195312 14341.800781 67551.375000 -44.810345 83.103592 -95.691887 9.665111 1.000000e+37
3787046 62657.328125 14250.641602 68192.937500 110.847633 24.690878 -63.359669 8.017971 1.000000e+37
3787055 63642.242188 13861.690430 68076.132812 2.502610 129.638275 24.413887 9.460249 1.000000e+37
3787058 63159.414062 14308.393555 68430.093750 22.796993 64.055901 -41.563301 8.947968 1.000000e+37
3787062 64399.078125 14074.746094 68391.226562 22.180731 105.229271 8.579604 7.341975 1.000000e+37
3787069 62536.003906 13289.492188 67672.523438 20.292841 153.484467 -92.938644 7.425171 1.000000e+37
3787541 63300.839844 15445.857422 66004.828125 38.239193 15.071573 50.113087 9.697024 1.000000e+37
3854306 62382.289062 13503.100586 67615.890625 125.065704 8.745164 -13.225261 11.563396 1.000000e+37
3854325 62279.273438 14870.684570 69053.328125 96.265923 37.646664 0.634051 8.879285 1.000000e+37
3854326 63577.867188 14375.455078 68397.406250 92.577522 28.310728 -40.394238 5.828279 1.000000e+37
3854327 62046.832031 12927.532227 66936.750000 -6.131801 78.086517 -43.547794 12.442404 1.000000e+37
3854343 63138.890625 12974.769531 67266.132812 -47.296509 123.504478 27.001791 9.295867 1.000000e+37
3854355 63967.445312 13852.701172 69083.804688 60.690311 133.378723 -1.592667 9.377563 1.000000e+37
3854356 62274.828125 12667.682617 68146.515625 17.961948 117.323586 -54.156170 9.666788 1.000000e+37
3854357 62649.734375 12801.784180 67600.851562 -20.396456 148.454376 -36.428322 9.007689 1.000000e+37
3854358 62527.945312 13666.715820 67227.023438 46.309475 155.935501 -68.433205 9.037354 1.000000e+37
3854885 62573.199219 14628.833984 65961.140625 0.405483 -2.718038 50.384888 9.130227 1.000000e+37
3924825 63548.195312 15069.030273 68072.226562 78.126823 -20.981524 54.871101 10.640051 1.000000e+37
3924845 61228.093750 13550.920898 67812.929688 66.948517 -25.877295 -46.995899 7.981924 1.000000e+37
3924857 61177.636719 13618.131836 67885.468750 77.729858 -53.775223 -3.981706 9.341667 1.000000e+37
3924870 61799.937500 14845.073242 68954.921875 88.610481 30.809200 -2.792926 8.858250 1.000000e+37
3924882 62640.351562 13226.869141 67488.390625 -73.195595 136.074753 46.045212 9.295157 1.000000e+37
3924885 63975.097656 14989.167969 68825.734375 57.873993 131.696716 -11.386481 6.278205 1.000000e+37
3924886 63754.558594 14309.677734 68138.132812 45.247242 41.111378 -25.101864 9.073727 1.000000e+37
3924888 63846.871094 15221.524414 68827.632812 50.420513 106.301414 27.996975 10.240751 1.000000e+37
3924892 63677.175781 13368.743164 69153.726562 48.451702 121.726288 -13.085689 8.890826 1.000000e+37
3924893 62683.503906 12740.674805 68235.414062 6.189530 129.752899 -36.898014 8.484056 1.000000e+37
3924895 61485.406250 13310.016602 66454.296875 -35.668282 36.728146 -43.576740 12.084498 1.000000e+37
3999347 64180.488281 15180.605469 68514.320312 71.135880 40.044754 52.368027 7.652193 1.000000e+37
3999349 62623.171875 14070.656250 66947.515625 48.420181 -11.631584 93.886261 10.431362 1.000000e+37
3999374 61456.625000 13607.174805 67684.898438 89.060814 -13.676058 -40.609039 8.488971 1.000000e+37
3999375 63020.328125 13920.484375 67632.742188 -122.090698 146.065735 5.740658 7.910996 1.000000e+37
3999395 62815.023438 14241.948242 68123.031250 111.594780 16.527514 -74.922043 9.434801 1.000000e+37
3999396 62292.132812 14991.850586 69195.085938 98.966240 37.594715 7.128050 7.275205 1.000000e+37
3999406 64217.773438 13263.443359 67812.914062 -17.106049 94.200790 47.881195 11.095772 1.000000e+37
3999407 64097.171875 12881.272461 67173.046875 -14.695175 80.928848 46.301056 7.747970 1.000000e+37
3999408 62014.035156 13310.966797 66742.679688 -13.580838 100.544456 -108.358688 8.737320 1.000000e+37
3999416 62316.859375 13751.232422 66979.421875 40.991463 127.287781 -49.330654 8.718687 1.000000e+37
3999417 62320.500000 13628.331055 66946.007812 31.924332 58.930759 -57.853912 8.168199 1.000000e+37
3999421 62903.652344 12791.480469 68622.945312 36.400372 119.257004 -31.764452 9.525533 1.000000e+37
3999967 63405.562500 13709.822266 66478.226562 -23.410761 51.700298 55.912193 8.562961 1.000000e+37
3999981 63946.019531 15980.408203 67369.140625 72.133484 27.073452 86.531944 7.832219 1.000000e+37
4077308 62018.656250 15240.097656 68524.718750 104.532463 -5.219769 21.606583 8.448092 1.000000e+37
4077309 63403.855469 14796.615234 68196.703125 105.596878 -16.986061 -5.342251 7.329788 1.000000e+37
4077325 63234.152344 14382.816406 67375.179688 -29.102602 -71.667679 37.662159 8.884652 1.000000e+37
4077336 62655.601562 14381.029297 68259.828125 105.369698 29.458141 -63.068062 8.821681 1.000000e+37
4077338 61814.054688 14005.896484 68808.656250 72.097458 57.763264 -44.720646 9.202722 1.000000e+37
4077344 62462.031250 13784.330078 66941.500000 47.431942 70.476242 -10.714823 9.814929 1.000000e+37
4077356 63111.199219 13117.678711 66966.085938 -46.511425 126.047340 20.932104 8.449184 1.000000e+37
4077358 62317.031250 13356.703125 67371.343750 -73.185509 71.960747 91.213966 10.177883 1.000000e+37
4077359 63418.960938 14876.025391 67976.500000 -15.379876 46.760509 51.756020 8.310364 1.000000e+37
4077360 62355.484375 14290.461914 67361.085938 54.226273 -0.944412 83.464516 8.856797 1.000000e+37
4077364 63196.070312 14396.067383 67980.023438 -13.156471 34.808575 -40.770264 9.296091 1.000000e+37
4077371 62039.125000 13320.960938 66592.539062 35.518436 46.164177 -60.756618 10.211451 1.000000e+37
4077919 62144.316406 13839.472656 66386.109375 28.452332 -27.140591 47.559841 7.125191 1.000000e+37
4159099 64068.640625 15378.481445 68119.703125 103.308319 18.858669 18.429226 7.148834 1.000000e+37
4159100 63458.656250 14504.049805 68678.593750 100.751434 25.086493 -26.258091 5.605442 1.000000e+37
4159127 62085.695312 15086.116211 68424.726562 107.218925 -12.063600 20.076042 13.023665 1.000000e+37
4159144 62726.390625 13358.628906 67358.648438 -71.994507 160.728333 44.027588 8.570628 1.000000e+37
4159158 62293.015625 13037.999023 66619.968750 42.066662 -1.143290 -43.193947 11.222819 1.000000e+37
4159769 63111.859375 14467.888672 66178.296875 -4.735516 31.216238 60.952831 10.151113 1.000000e+37
4244035 63625.761719 14894.579102 68090.187500 88.554161 -1.050265 -0.424191 9.622600 1.000000e+37
4244036 63735.082031 14168.375000 68323.929688 46.897350 20.864229 -9.602417 9.295261 1.000000e+37
4244038 62600.824219 14394.243164 66212.539062 37.345188 -33.744438 46.417496 8.690165 1.000000e+37
4244039 63770.832031 15928.483398 68249.031250 79.128754 47.891766 51.813301 7.951168 1.000000e+37
4244088 61318.851562 14761.859375 67453.406250 83.868462 -36.220238 12.735008 11.453964 1.000000e+37
4244089 61147.636719 13292.579102 67486.390625 72.948044 -53.575737 2.072570 8.118485 1.000000e+37
4244090 62098.929688 14871.293945 65949.773438 70.383682 -39.122620 9.588799 9.264326 1.000000e+37
4244091 62065.496094 13512.940430 66152.093750 17.097416 -22.181662 35.431820 9.844564 1.000000e+37
4244105 63409.789062 14809.703125 68752.500000 111.982422 66.434959 -37.976254 6.636932 1.000000e+37
4244106 62557.312500 14336.334961 68233.250000 107.603966 33.728378 -65.001198 6.801193 1.000000e+37
4244108 63022.500000 14171.121094 67734.492188 -57.985474 64.881203 -9.178912 7.136423 1.000000e+37
4244112 62592.511719 13512.494141 66936.054688 65.675461 61.413776 -65.353813 8.361778 1.000000e+37
4244137 64682.882812 14386.267578 68745.812500 47.052322 135.592957 29.840549 6.550668 1.000000e+37
4244139 63193.382812 14857.485352 67299.578125 85.262901 -21.003023 48.753944 8.650817 1.000000e+37
4244151 64325.285156 14138.854492 68508.671875 35.206589 143.565460 -9.938556 6.254184 1.000000e+37
4244154 63699.269531 13766.041016 68904.257812 46.752625 130.486618 -17.683641 7.562617 1.000000e+37
4244155 62937.871094 12886.562500 68728.078125 32.695492 118.672531 -25.248138 7.680574 1.000000e+37
4244156 62481.257812 12612.379883 67715.937500 -14.263879 136.474289 -48.066116 9.973621 1.000000e+37
4244157 63257.734375 13637.064453 68354.671875 26.890617 127.044189 -50.618206 7.023315 1.000000e+37
4244794 61763.199219 13784.768555 66292.250000 14.360368 -18.044029 34.899883 8.226262 1.000000e+37
4244822 64470.929688 13349.836914 66627.007812 0.863209 70.630806 38.698975 7.400356 1.000000e+37
4244829 63385.382812 15479.296875 67035.757812 38.749107 11.706507 82.317238 9.767958 1.000000e+37
4244844 62243.757812 14038.291992 66231.468750 38.467075 -30.347017 43.340057 7.311405 1.000000e+37
4332856 63807.480469 15472.402344 68201.843750 89.933067 -8.653198 66.734779 7.045228 1.000000e+37
4332888 61364.882812 13231.079102 67509.914062 76.950752 -39.109951 -10.548817 7.698215 1.000000e+37
4332889 62141.042969 13327.790039 66063.195312 20.087122 -28.997721 32.285572 8.375828 1.000000e+37
4332890 61991.742188 13518.041016 65882.953125 12.337924 -21.151064 28.962580 8.206582 1.000000e+37
4332901 62520.597656 14237.724609 68188.164062 111.448578 21.994827 -57.630516 8.584469 1.000000e+37
4332902 61850.960938 13143.501953 67097.210938 45.538288 -11.258146 -29.666988 9.817389 1.000000e+37
4332922 63983.234375 13989.934570 68499.968750 -17.811737 129.658981 6.751441 11.741077 1.000000e+37
4332926 64088.140625 13720.543945 68344.585938 -30.137468 117.367912 59.324471 9.275104 1.000000e+37
4332928 62598.253906 14388.585938 67802.093750 5.235528 44.483212 -100.279755 8.703090 1.000000e+37
4332929 62562.894531 14403.263672 67325.750000 98.200745 -29.724184 85.756653 8.516259 1.000000e+37
4332930 64035.800781 15132.790039 68808.921875 56.950493 74.747589 56.802742 8.201308 1.000000e+37
4332938 64022.867188 13929.149414 69147.757812 52.375263 124.686501 8.841184 9.049500 1.000000e+37
4333639 62683.890625 14610.343750 66746.132812 -5.360281 14.179756 88.180145 9.264746 1.000000e+37
