#subID	 x	 y	 z	 vx	 yv	 yz	 vmax	 B_MAG
#subID	 kpc/h	 kpc/h	 kpc/h	 km/s	 km/s	 km/s	 km/s	 mags
406980 69086.382812 51533.914062 11684.126953 1.689837 -108.089195 103.998611 99.167160 -1.847332e+01
406984 68944.625000 51196.781250 11722.088867 114.389534 -99.502441 -4.099717 30.449667 -1.179682e+01
406985 68780.343750 51409.414062 11652.082031 127.445885 -30.924988 -66.436920 23.992277 1.000000e+37
406986 68944.726562 51399.207031 11738.981445 -34.475327 -109.929192 62.390728 25.177183 1.000000e+37
406997 69099.140625 51545.484375 11655.481445 -86.406921 -107.076843 211.123337 21.775026 1.000000e+37
407003 68947.804688 51164.183594 11793.231445 -38.112827 -96.686646 -22.575798 15.949601 1.000000e+37
407005 68962.289062 51377.785156 11573.040039 120.970940 -130.271530 163.569855 14.838263 1.000000e+37
407006 68769.109375 51318.832031 11739.846680 9.686554 -51.438190 194.324402 13.214014 1.000000e+37
407007 68894.929688 51400.582031 11715.289062 218.994263 -150.177765 112.747780 14.724720 1.000000e+37
407008 68895.523438 51420.582031 11645.447266 -83.149666 -111.439514 122.580017 13.571899 1.000000e+37
407009 68936.781250 51415.242188 11597.561523 106.740257 -108.671852 157.120300 17.258814 1.000000e+37
407014 68958.710938 51431.789062 11647.644531 5.695183 -167.184357 58.130001 15.215185 1.000000e+37
407018 68865.414062 51347.492188 11682.803711 164.268967 -117.794762 -12.426389 13.524062 1.000000e+37
407025 68709.867188 51396.265625 11727.261719 -34.738857 -88.126358 57.530884 16.574154 -8.603189e+00
407029 68927.601562 51242.214844 11768.081055 217.866028 -137.269318 -14.565987 12.029905 1.000000e+37
407036 68898.968750 51419.210938 11494.521484 19.059536 -183.172974 16.343718 11.465248 1.000000e+37
407037 69058.500000 51454.519531 11731.461914 -48.577782 -109.874321 97.036606 10.537884 1.000000e+37
407040 69044.750000 51561.417969 11719.851562 -46.748478 -28.042761 76.073120 8.274884 1.000000e+37
407041 68741.257812 51382.230469 11622.077148 7.520388 -75.015579 13.208550 11.041530 1.000000e+37
407051 68973.140625 51486.492188 11716.228516 54.203362 -149.590179 2.572988 9.064285 1.000000e+37
455890 69897.648438 52953.000000 12508.503906 11.701251 -128.287262 76.504066 162.115524 -2.044296e+01
455891 69912.054688 53084.734375 12384.469727 -40.165668 -198.285919 146.134583 71.437096 -1.684927e+01
455892 69749.164062 52876.531250 12557.434570 123.084290 -25.917175 107.149986 30.723152 -1.092791e+01
455893 69889.460938 52947.660156 12510.560547 61.267429 -248.236374 -0.615253 29.281147 -1.726724e+01
455894 69779.398438 52990.335938 12547.060547 16.819132 -193.406113 18.553329 32.669266 -1.122132e+01
455895 69929.914062 52978.320312 12373.802734 147.198914 -133.177597 200.859879 23.252710 1.000000e+37
455896 69809.460938 53033.128906 12468.543945 9.973283 -38.354877 103.461380 22.676109 1.000000e+37
455897 69790.445312 52829.734375 12575.474609 91.300110 1.534317 92.366501 19.679195 1.000000e+37
455898 69993.796875 52984.312500 12633.421875 32.187397 -234.610962 -23.907169 17.552977 1.000000e+37
455899 69865.757812 52817.625000 12448.703125 24.063066 -68.168434 56.864418 21.683414 1.000000e+37
455900 70027.265625 52872.085938 12417.205078 -8.333494 -157.264008 -41.959583 14.922164 1.000000e+37
455901 69970.695312 52881.984375 12549.722656 37.056019 -302.357117 95.924606 12.557658 1.000000e+37
455902 69997.078125 52868.746094 12510.697266 14.494634 -274.699280 18.791950 11.865821 1.000000e+37
455903 69909.593750 53053.007812 12565.948242 137.968185 -216.176453 32.532875 12.789537 1.000000e+37
455904 69861.851562 52940.886719 12508.312500 95.941261 -171.864746 92.385170 10.252040 1.000000e+37
455905 69852.210938 52983.308594 12501.691406 10.782586 -154.839539 102.214325 10.398644 1.000000e+37
455906 69901.992188 52899.507812 12384.753906 123.706161 -98.981468 212.086075 11.917830 1.000000e+37
455907 69935.968750 52867.125000 12424.598633 -103.090660 -162.290985 -21.573925 14.359190 1.000000e+37
455908 70003.734375 52903.539062 12550.576172 27.999758 -288.100037 114.014885 8.914536 1.000000e+37
455909 69978.414062 52909.335938 12445.581055 2.880144 -51.240364 70.797104 17.330805 1.000000e+37
455910 69841.796875 53022.675781 12454.470703 16.029608 -17.005699 214.515518 8.508621 1.000000e+37
455911 69940.867188 52983.437500 12388.585938 139.054611 -169.010117 195.931976 11.432728 1.000000e+37
455912 69898.500000 52915.230469 12534.977539 -2.893902 -41.745163 185.517578 14.586124 1.000000e+37
455913 69927.382812 52856.472656 12525.849609 -129.225067 -204.587952 123.906311 8.887454 1.000000e+37
455914 69905.273438 53076.281250 12350.331055 159.938660 -164.236298 178.107376 9.711349 1.000000e+37
455915 69916.460938 52939.550781 12487.096680 -24.210464 -265.093658 -148.849762 12.487993 1.000000e+37
455916 69967.445312 52995.300781 12374.500000 -99.830879 -140.714157 142.860458 7.258644 1.000000e+37
462396 69603.507812 52810.785156 12852.808594 63.785603 -88.072113 21.230324 169.101257 -1.995376e+01
462397 69568.304688 52671.132812 12907.933594 37.571930 62.381733 -6.558438 74.518463 -1.638557e+01
462398 69590.601562 52832.378906 12909.733398 -71.495323 -108.106392 174.700073 26.555437 -9.048409e+00
462399 69583.890625 52886.105469 12712.751953 113.715637 -76.510933 124.594673 23.039768 1.000000e+37
462400 69658.140625 52620.800781 12903.314453 6.226812 -66.859116 -45.349270 19.421103 1.000000e+37
462401 69626.640625 52814.382812 12682.255859 84.349449 -16.356314 138.820984 18.710869 1.000000e+37
462402 69617.750000 52894.023438 12713.767578 104.749039 -187.696213 -47.941479 16.315947 1.000000e+37
462403 69584.117188 52805.007812 12931.475586 80.397629 -272.201050 2.126485 19.280743 1.000000e+37
462404 69559.593750 52666.703125 12878.128906 -6.836334 135.477127 3.548620 17.952827 1.000000e+37
462405 69621.609375 52774.656250 12915.597656 29.328215 76.804413 -56.234135 15.814789 1.000000e+37
462406 69517.593750 52821.468750 12955.210938 140.725494 -152.268753 -52.784554 16.937437 1.000000e+37
462407 69657.273438 52659.867188 12901.757812 38.431274 -132.016785 88.606674 12.900922 1.000000e+37
462408 69543.210938 52705.535156 12783.651367 70.635086 -61.913486 -32.346886 13.476919 1.000000e+37
462409 69627.867188 52780.132812 12897.956055 3.631310 -250.319763 -133.147980 11.903112 1.000000e+37
462410 69585.117188 52800.769531 12829.258789 95.270363 172.505646 48.256210 13.506849 1.000000e+37
462411 69525.531250 52606.242188 12911.259766 3.350036 75.475990 -5.105704 13.249222 1.000000e+37
462412 69591.656250 52782.566406 12894.398438 -16.678665 127.246040 -27.542950 12.443421 1.000000e+37
462413 69620.976562 52715.601562 12846.090820 212.319122 -59.227413 30.198435 10.284353 1.000000e+37
462414 69550.421875 52643.664062 12881.473633 48.800724 68.308495 -62.288475 8.391582 1.000000e+37
462415 69621.429688 52752.375000 12867.085938 -51.167679 -215.838684 -124.676559 10.545031 1.000000e+37
462416 69530.453125 52833.097656 12961.039062 127.755615 -78.054558 -106.373840 9.581759 1.000000e+37
462417 69580.757812 52675.882812 12911.158203 55.312107 180.530579 -16.094852 14.101027 1.000000e+37
508590 69314.367188 51605.015625 11728.347656 25.951857 -164.979675 14.157701 116.704071 -1.955019e+01
508591 69328.476562 51544.328125 11740.031250 -25.693285 -82.805069 77.489670 74.607552 -1.761302e+01
508592 69287.039062 51651.914062 11799.782227 29.307747 -105.386078 13.886585 39.562996 -1.318277e+01
508593 69334.632812 51546.273438 11647.691406 -51.867775 -145.922058 91.617004 32.987171 -1.069501e+01
508594 69270.976562 51509.777344 11857.458008 -11.546528 -139.616638 5.750029 29.737553 -1.042106e+01
508595 69344.828125 51587.429688 11643.112305 8.964372 -251.698700 81.785126 21.848635 1.000000e+37
508596 69312.070312 51556.343750 11669.985352 114.859901 -211.263611 183.792938 14.398011 1.000000e+37
508597 69219.710938 51669.203125 11780.507812 45.402439 -7.347464 78.083557 10.965416 1.000000e+37
508598 69396.265625 51519.050781 11673.839844 -43.723877 -118.700256 99.433769 12.879545 1.000000e+37
508599 69354.203125 51686.460938 11787.323242 -27.728237 -136.990646 -49.669567 13.282796 1.000000e+37
508600 69352.921875 51493.582031 11695.197266 -24.775743 -1.011276 128.463409 12.724549 1.000000e+37
508601 69368.875000 51513.960938 11693.162109 -42.109428 -8.132519 126.377884 9.009732 1.000000e+37
508602 69269.414062 51569.878906 11749.106445 20.304081 -91.892998 132.980743 12.955333 1.000000e+37
634685 70515.000000 53498.578125 11901.160156 5.846860 -115.443039 60.807323 66.914879 -1.627509e+01
651293 68075.578125 52327.296875 13765.066406 106.853935 -75.187004 61.346020 62.504807 -1.555411e+01
651295 68058.015625 52324.347656 13772.800781 146.848114 0.504612 67.209793 16.520651 1.000000e+37
667623 69754.445312 53694.562500 12094.631836 98.658264 -128.185043 87.067131 60.719048 -1.585883e+01
667624 69765.031250 53633.683594 12129.138672 96.762871 -117.610069 46.194809 11.812241 1.000000e+37
667625 69787.703125 53759.718750 12087.407227 102.026398 -135.768768 131.935272 8.834129 1.000000e+37
667626 69788.468750 53676.308594 12055.683594 65.077682 -144.577225 100.490074 12.560100 1.000000e+37
691210 69654.226562 51324.707031 11438.263672 2.108112 -84.615593 85.159752 53.951969 -1.456922e+01
691211 69684.070312 51324.148438 11382.170898 -12.340305 -91.251427 111.342453 26.469410 1.000000e+37
691212 69603.031250 51319.332031 11425.333008 14.466991 -106.902023 60.327221 15.521470 1.000000e+37
691213 69602.578125 51306.437500 11489.382812 50.614971 -46.725185 112.949181 11.648773 1.000000e+37
766564 69669.132812 53821.855469 11911.795898 87.156822 -131.490036 97.118446 45.930683 -1.414121e+01
770972 68505.484375 51669.851562 12453.055664 102.168228 -97.935402 11.625566 47.191830 -1.186908e+01
783809 70927.750000 51975.753906 12773.145508 13.366257 -79.979843 35.037468 34.670826 -8.591339e+00
783810 70929.539062 52000.535156 12769.994141 32.734768 -99.527954 27.336805 21.204977 1.000000e+37
787385 69649.054688 51529.187500 11362.304688 -17.945610 -133.233948 74.742676 35.205421 -9.099097e+00
787386 69631.234375 51588.078125 11301.679688 -17.261450 -141.133072 94.301300 14.852678 1.000000e+37
787387 69670.945312 51548.226562 11334.504883 -36.787685 -121.317146 100.135002 11.622851 1.000000e+37
821413 69676.789062 53395.695312 12834.924805 80.832870 -174.061813 61.975883 34.145157 -9.935868e+00
821414 69659.039062 53408.542969 12810.376953 86.245255 -170.973984 95.385696 13.835971 1.000000e+37
861131 68859.867188 53762.503906 13808.296875 54.689220 -103.239250 92.469322 35.696117 -1.045148e+01
873859 69408.648438 52820.300781 13307.696289 87.923615 -90.629097 0.548126 33.158051 -9.893944e+00
888278 71226.375000 53838.167969 11537.208008 68.493820 -118.114349 28.955244 27.425766 -8.877381e+00
890654 69808.132812 51373.960938 11372.505859 26.180651 -60.934185 118.768120 24.739862 1.000000e+37
890655 69797.507812 51394.347656 11424.357422 32.939678 -50.448967 103.590622 12.291328 1.000000e+37
890656 69822.648438 51372.937500 11370.825195 15.681666 -40.382584 110.231567 11.539609 1.000000e+37
895773 69558.156250 52806.414062 13521.824219 47.897812 -88.550949 11.806637 36.645382 -1.035324e+01
937152 69810.476562 52492.917969 11959.839844 4.312783 -83.841179 87.712036 26.742334 1.000000e+37
938135 69323.617188 53726.230469 13154.693359 68.348152 -135.151199 78.562202 27.429235 -8.515623e+00
947789 69867.109375 51451.515625 11265.895508 20.883722 -141.607162 106.439247 26.204393 1.000000e+37
970432 70445.070312 51836.542969 13612.062500 14.849108 -69.857887 39.139133 22.275389 1.000000e+37
970433 70443.984375 51849.910156 13575.126953 27.851063 -58.618374 53.859257 16.688967 1.000000e+37
981071 69804.414062 52086.390625 12125.098633 -13.872642 -63.466606 34.220387 27.015480 1.000000e+37
998517 70663.367188 53523.757812 11933.494141 -19.141113 -103.080116 -3.183100 22.568125 1.000000e+37
1008997 70354.132812 51013.164062 12897.243164 44.089645 -64.775940 19.349586 24.621286 1.000000e+37
1010402 69736.960938 53556.242188 12466.124023 106.159256 -154.283066 79.713875 26.392836 1.000000e+37
1012182 68569.312500 52112.402344 12800.367188 76.201729 -70.847557 27.131426 20.763126 1.000000e+37
1012183 68589.617188 52101.300781 12813.924805 90.234047 -59.605728 36.037479 16.028400 1.000000e+37
1021838 71220.757812 53845.992188 11936.337891 24.669609 -109.966591 -5.581996 24.606939 1.000000e+37
1021839 71240.960938 53835.812500 11933.192383 15.725566 -124.450432 2.698025 10.268270 1.000000e+37
1027128 68323.601562 52852.679688 14203.054688 113.213013 -63.948395 86.159119 21.284124 1.000000e+37
1027129 68333.875000 52853.687500 14192.285156 105.532227 -73.514458 82.124550 10.226734 1.000000e+37
1049143 69354.085938 53083.683594 13167.355469 76.084488 -94.379570 -3.241487 20.425520 1.000000e+37
1049144 69358.554688 53085.003906 13172.950195 63.167248 -91.450920 -7.547400 15.285352 1.000000e+37
1056713 70173.359375 52777.007812 11968.288086 3.300443 -88.932457 111.446449 21.212379 1.000000e+37
1056714 70137.828125 52787.542969 11976.968750 15.951766 -100.551735 112.864937 12.489390 1.000000e+37
1058999 69770.609375 52370.316406 13451.018555 -3.947714 -53.129158 16.381199 23.294224 1.000000e+37
1081292 70218.343750 51818.437500 11162.284180 15.419909 -124.722008 70.690254 24.257826 1.000000e+37
1083292 69993.289062 52876.007812 12266.214844 -7.634587 -70.565277 161.045502 18.964149 1.000000e+37
1083293 70001.984375 52890.847656 12272.168945 -14.449983 -64.692719 152.651474 17.438580 1.000000e+37
1086527 68728.398438 52095.117188 13214.051758 91.785767 -75.209335 42.779449 24.353077 -8.737745e+00
1093516 69722.804688 51915.527344 11493.871094 -13.256382 -125.326012 68.835953 20.033327 1.000000e+37
1114553 69052.171875 53922.035156 13501.178711 64.264084 -119.211273 99.511543 24.211641 1.000000e+37
1115327 70209.609375 53826.648438 11973.497070 64.152390 -139.486465 82.081398 22.715805 1.000000e+37
1174898 69884.171875 52975.242188 12872.824219 77.040733 -199.674820 25.090395 20.999447 1.000000e+37
1178243 69750.781250 51353.632812 11388.876953 12.332250 -93.850998 84.578377 18.197493 1.000000e+37
1178244 69756.828125 51339.121094 11362.935547 6.014637 -54.741856 85.789970 14.855114 1.000000e+37
1218957 69363.304688 52918.230469 14062.707031 78.865723 -60.956989 86.863670 20.815878 1.000000e+37
1224041 69032.390625 53202.226562 14349.375977 23.476349 -57.507668 111.318573 22.265882 1.000000e+37
1230697 71098.859375 53951.226562 11555.978516 57.013000 -132.399841 20.465368 19.231619 1.000000e+37
1233457 69893.562500 52770.972656 12637.457031 67.883522 -155.760376 0.318597 22.561403 1.000000e+37
1234914 69647.820312 52213.675781 13697.701172 33.407650 -32.218102 32.274776 20.703997 1.000000e+37
1245973 71650.265625 52423.531250 12284.309570 35.145191 -93.225945 26.726210 18.316706 1.000000e+37
1254608 69902.281250 51547.398438 12409.141602 14.281100 -45.993881 19.125511 16.850864 1.000000e+37
1254609 69894.984375 51570.621094 12407.721680 12.416847 -58.216137 21.738216 14.162752 1.000000e+37
1256013 68370.523438 52502.195312 13909.149414 94.073341 -67.445297 72.725456 17.443130 1.000000e+37
1269716 68643.898438 52211.738281 12995.485352 78.645523 -55.198029 31.658041 21.362307 1.000000e+37
1271299 69555.789062 52614.398438 12484.453125 5.741207 -12.617864 63.306896 19.148933 1.000000e+37
1279179 69478.007812 52774.414062 12541.163086 39.363644 -24.200397 104.004555 18.321880 1.000000e+37
1284034 70342.007812 53675.527344 12066.427734 57.062130 -144.633987 83.194946 18.034153 1.000000e+37
1304731 68893.710938 54184.003906 13925.133789 41.171383 -92.918449 117.559296 15.885792 1.000000e+37
1353533 69897.437500 52597.128906 11098.878906 77.180077 -124.533661 88.548965 18.864676 1.000000e+37
1364254 69709.218750 53607.492188 12676.081055 100.366821 -157.203812 77.549210 17.660490 1.000000e+37
1366387 70167.867188 52262.582031 14547.875000 11.516014 -73.492500 68.121559 15.981665 1.000000e+37
1375445 70720.992188 54109.480469 11593.518555 64.905708 -129.783752 44.527164 16.397106 1.000000e+37
1386777 70117.515625 51952.648438 11146.727539 31.380997 -131.374451 83.472725 18.871729 1.000000e+37
1393895 69854.046875 51690.023438 12398.391602 18.641222 -54.121212 23.683479 19.694469 1.000000e+37
1398535 70250.859375 52975.179688 12412.879883 -67.481522 -87.667229 16.868572 20.235371 1.000000e+37
1401093 68891.429688 53618.707031 14346.765625 60.500511 -105.914368 105.738197 16.949404 1.000000e+37
1416153 69280.617188 53726.386719 13077.037109 81.161713 -134.519867 87.348610 17.652233 1.000000e+37
1421463 68835.273438 52618.015625 13649.840820 96.282051 -58.077957 65.710022 16.376379 1.000000e+37
1426786 69967.507812 51501.015625 11181.216797 25.595280 -138.159668 108.226395 17.287725 1.000000e+37
1451357 68833.390625 54281.042969 13628.949219 89.935730 -88.631714 122.134300 17.222925 1.000000e+37
1462915 69041.757812 53342.515625 14389.141602 52.232849 -117.658363 108.701622 17.441309 1.000000e+37
1462917 69074.843750 52308.058594 12816.164062 88.409843 -41.739735 27.535839 19.062527 1.000000e+37
1468855 69301.695312 51294.867188 11970.865234 35.178730 -97.098419 46.400501 19.899807 1.000000e+37
1468871 68597.781250 53820.640625 13354.912109 100.797050 -93.435188 106.746071 15.723142 1.000000e+37
1477932 68999.117188 53558.554688 13728.083008 57.069939 -113.831398 90.692657 17.992613 1.000000e+37
1478000 69996.156250 53032.582031 10628.172852 85.618095 -107.617813 66.764610 14.617345 1.000000e+37
1478015 69771.070312 53088.605469 12400.857422 -11.551054 -176.547684 38.041153 11.779652 1.000000e+37
1497067 69621.937500 51719.781250 11284.599609 71.444801 -148.628693 134.474823 18.213678 1.000000e+37
1503638 69899.929688 52810.394531 10821.658203 85.608879 -123.532394 68.760170 14.261626 1.000000e+37
1506981 68613.351562 51964.339844 12972.224609 94.363457 -79.294678 34.118534 11.590197 1.000000e+37
1506982 68634.062500 51974.183594 12997.527344 90.745094 -76.079094 30.805882 8.173314 1.000000e+37
1537975 69784.914062 52898.722656 12805.894531 8.483343 3.314288 64.800636 16.352434 1.000000e+37
1545298 68998.273438 53497.164062 13907.378906 8.105595 -125.612564 71.554054 16.572350 1.000000e+37
1545299 70173.781250 53596.734375 12229.535156 65.286827 -154.838058 89.563728 17.797123 1.000000e+37
1552694 69908.937500 52746.902344 12467.731445 73.803894 -47.831600 74.687355 16.742311 1.000000e+37
1560555 69725.375000 51323.355469 11333.568359 7.361652 -140.144806 118.827553 10.772740 1.000000e+37
1560556 69080.250000 51497.667969 11547.111328 -22.145144 -122.942497 173.230576 16.717737 1.000000e+37
1564479 70504.906250 52137.894531 12671.065430 4.700650 -66.996811 36.915764 11.701244 1.000000e+37
1564480 70498.960938 52126.113281 12673.042969 5.295609 -68.789948 31.575867 11.206975 1.000000e+37
1584249 70995.046875 53695.695312 11479.556641 28.912342 -92.368546 33.779121 19.165398 -8.503357e+00
1588281 69717.976562 53913.988281 11773.080078 111.636551 -109.081985 103.494453 15.513442 1.000000e+37
1605301 70196.414062 53400.687500 12347.392578 54.305649 -175.639923 93.028870 16.836390 1.000000e+37
1605408 70421.421875 51461.148438 11391.101562 6.018556 -93.453987 23.730194 17.186554 1.000000e+37
1609628 70019.000000 52858.406250 12745.145508 68.482811 -70.116951 59.129929 11.664646 1.000000e+37
1609629 69997.156250 52843.632812 12705.544922 76.896088 -45.615402 75.681664 9.008441 1.000000e+37
1618709 69929.132812 53631.843750 10796.283203 85.636635 -103.386391 53.300838 16.192163 1.000000e+37
1618739 68384.000000 51913.558594 12935.223633 98.401108 -85.793762 34.165127 15.138742 1.000000e+37
1623266 68395.718750 52222.652344 13196.230469 96.207726 -79.777245 45.870903 15.351583 1.000000e+37
1623268 69334.281250 51525.785156 11279.947266 -12.102750 -110.296524 107.998672 18.027185 1.000000e+37
1632408 68151.570312 52019.421875 13371.295898 98.121384 -74.905998 53.157616 16.853329 1.000000e+37
1641809 69858.710938 51687.839844 12872.831055 20.432236 -43.870853 24.213564 15.069474 1.000000e+37
1651182 70374.851562 53484.234375 12001.822266 7.590341 -92.464066 63.238914 17.390633 -8.432896e+00
1651313 68948.992188 52791.281250 14330.333008 24.988552 -61.618290 111.005409 18.489513 1.000000e+37
1665762 70658.304688 53594.554688 11891.516602 48.759521 -156.471512 73.403931 16.116549 1.000000e+37
1676079 69818.250000 53182.472656 12647.764648 95.353851 -131.158798 57.464664 15.818676 1.000000e+37
1681128 70450.710938 53376.968750 11891.455078 42.103203 -150.322647 31.093004 15.852569 1.000000e+37
1696903 69432.031250 52756.757812 12963.122070 52.467449 -12.992204 -66.440651 14.589273 1.000000e+37
1697028 69922.125000 52750.535156 12930.666992 27.119972 -114.951164 67.797234 17.889757 1.000000e+37
1702215 69289.328125 53800.902344 13091.826172 78.831551 -133.069916 67.811211 13.439390 1.000000e+37
1713246 70771.304688 53934.875000 11646.340820 65.381165 -113.694832 79.763794 14.223271 1.000000e+37
1713399 69783.414062 51533.496094 11313.730469 -28.992275 -132.460602 75.527786 13.803047 1.000000e+37
1718914 69837.890625 52440.859375 11257.075195 74.077911 -133.266647 97.018204 13.375696 1.000000e+37
1730472 69465.781250 51276.074219 11826.490234 40.581921 -107.175270 64.776222 13.967362 1.000000e+37
1730473 69182.937500 53300.183594 11001.707031 107.609009 -109.783089 78.022469 13.190656 1.000000e+37
1742271 69008.921875 51671.453125 11669.198242 -31.488163 -196.473602 50.928921 16.865845 1.000000e+37
1754164 69821.203125 54344.515625 11450.000977 70.002602 -110.662827 66.778107 13.895469 1.000000e+37
1760187 69724.320312 52819.593750 12595.202148 -60.527416 -114.031357 89.992561 10.939290 1.000000e+37
1766314 70876.914062 54171.253906 11806.090820 44.004414 -125.732506 20.015314 15.470423 1.000000e+37
1766315 68993.429688 53395.082031 13940.056641 56.609482 -115.035370 86.862534 14.472140 1.000000e+37
1779159 69235.125000 51731.925781 11808.246094 53.051586 -131.228851 -34.235676 17.204071 1.000000e+37
1779161 68375.671875 52965.757812 11370.415039 113.170517 -115.671310 81.604767 16.533670 1.000000e+37
1785557 69500.625000 51307.363281 11430.074219 -12.901425 -116.728745 77.669724 15.311089 1.000000e+37
1798640 70960.414062 52639.734375 12312.741211 4.596498 -83.913246 27.344896 16.236603 1.000000e+37
1818781 69366.460938 51495.593750 11925.974609 -18.096737 -160.006897 61.306095 16.852282 1.000000e+37
1825592 70462.187500 53248.234375 11981.001953 -15.270359 -65.411194 66.620659 16.549704 1.000000e+37
1825730 69694.398438 51537.445312 11469.766602 11.447335 -162.235718 101.485199 11.332769 1.000000e+37
1825775 69512.093750 51403.164062 11407.702148 -21.361115 -124.925667 79.041374 15.891701 1.000000e+37
1825776 68879.703125 54024.269531 12979.282227 103.665596 -99.916252 100.584213 15.220204 1.000000e+37
1839910 69216.906250 51316.050781 11455.276367 -48.509880 -93.820122 109.670273 15.743664 1.000000e+37
1847185 69790.039062 52263.894531 11473.068359 69.386787 -142.536697 103.401741 14.036028 1.000000e+37
1854593 70666.046875 52051.910156 13528.231445 9.162678 -89.694557 41.561684 13.883796 1.000000e+37
1854597 68616.406250 52014.753906 12817.998047 100.247849 -85.664734 47.376198 14.290518 1.000000e+37
1861917 68932.179688 52434.863281 13724.841797 97.067734 -60.785454 66.580406 13.091976 1.000000e+37
1869310 68672.078125 54066.648438 13923.437500 61.643417 -79.795647 103.592468 13.445787 1.000000e+37
1869455 69228.046875 51803.410156 11908.695312 6.290381 -193.212326 20.397715 15.237144 1.000000e+37
1884986 68487.695312 51751.167969 12588.137695 112.000473 -87.882660 4.723882 16.331308 1.000000e+37
1900471 69343.984375 53626.898438 12961.958008 76.124855 -136.343994 74.210411 14.345174 1.000000e+37
1900619 69020.335938 51437.667969 11591.875000 -4.332888 -133.389420 -13.426379 11.876975 1.000000e+37
1900676 69056.679688 52433.199219 13176.638672 83.972626 -33.099037 30.596079 15.974452 1.000000e+37
1908848 69833.851562 52762.816406 12515.819336 23.136065 -62.999607 4.794569 15.916296 1.000000e+37
1908849 69514.742188 52496.222656 12985.472656 6.192318 6.947076 -32.703335 11.783401 1.000000e+37
1925194 69720.000000 54103.945312 11383.799805 78.319138 -108.339325 76.329430 14.658009 1.000000e+37
1925400 70009.890625 51742.066406 12864.560547 28.076704 -43.626896 24.588936 11.612776 1.000000e+37
1933855 69093.523438 51633.398438 11757.704102 45.003204 -73.007118 28.004387 9.791449 1.000000e+37
1951285 68752.546875 53195.082031 12254.343750 116.161118 -117.721718 87.528458 15.852275 1.000000e+37
1951286 69768.531250 52229.152344 12948.252930 11.894382 -10.609740 22.533218 13.918666 1.000000e+37
1959954 70771.859375 53946.539062 11837.878906 38.514977 -134.910492 20.483625 14.645084 1.000000e+37
1960124 69051.226562 51486.023438 11996.414062 -13.624478 -130.779938 34.852402 13.146520 1.000000e+37
1960192 68786.242188 54372.777344 13100.980469 91.707542 -93.494339 103.796494 15.990250 1.000000e+37
1978316 69819.218750 53016.617188 12279.568359 -2.875132 -110.337959 99.821564 15.099124 1.000000e+37
1997283 68940.125000 52598.597656 14008.787109 101.257561 -58.810501 87.255226 13.797506 1.000000e+37
2026698 70152.375000 51582.824219 11114.845703 8.443776 -126.334755 70.198105 14.437375 1.000000e+37
2036692 69300.703125 53091.515625 13194.644531 74.047684 -89.541115 -10.973708 13.097116 1.000000e+37
2036693 69906.304688 51693.398438 12404.230469 30.758778 -42.086643 11.338408 12.829668 1.000000e+37
2036695 69253.945312 52061.976562 11747.342773 -1.378263 -114.666000 -4.417346 13.438592 1.000000e+37
2046855 69740.156250 53603.773438 12109.741211 118.027046 -146.794983 113.148643 15.653209 1.000000e+37
2046856 69981.984375 53113.386719 12463.569336 119.124451 -226.774109 118.376869 11.836473 1.000000e+37
2047167 69969.203125 53273.027344 12082.750000 -54.112736 -110.803665 68.713356 15.652701 1.000000e+37
2057629 68914.726562 54127.359375 13775.806641 55.415375 -88.114304 110.243263 12.943531 1.000000e+37
2089887 69097.406250 53710.687500 14035.421875 64.121964 -100.134857 94.632141 12.256992 1.000000e+37
2112997 70081.820312 52004.621094 11284.423828 25.228765 -131.846130 82.063431 12.982342 1.000000e+37
2113004 69285.140625 52969.765625 11162.737305 106.537659 -120.358574 86.256050 12.448935 1.000000e+37
2113094 69466.812500 52721.429688 12791.768555 125.766220 -28.007000 128.093231 15.241460 1.000000e+37
2113095 70194.804688 51190.750000 12666.391602 46.977409 -58.532337 23.621725 11.626287 1.000000e+37
2136662 69863.523438 53109.007812 12735.090820 43.734535 -155.191864 125.213539 16.054914 1.000000e+37
2136669 68216.632812 52047.457031 13240.305664 93.710098 -82.149284 48.568573 11.034530 1.000000e+37
2148739 70304.195312 50974.355469 12727.385742 35.828487 -74.980301 25.290974 13.590863 1.000000e+37
2173284 69515.164062 52785.843750 13093.639648 41.722763 -153.521469 6.475535 12.609823 1.000000e+37
2173637 70489.070312 52339.152344 14169.613281 5.242496 -96.964645 53.017963 12.103376 1.000000e+37
2173642 69688.695312 52456.324219 14067.825195 -4.510334 -78.554001 46.550140 12.301840 1.000000e+37
2199529 69959.296875 51420.507812 12787.557617 49.778339 -44.982288 19.333525 12.268388 1.000000e+37
2212890 69265.468750 51370.125000 11422.951172 5.231536 -28.879688 115.650414 12.588765 1.000000e+37
2212891 69244.648438 51363.320312 11432.617188 8.600161 -21.795732 114.137138 8.925165 1.000000e+37
2226300 69966.054688 53143.550781 12586.281250 93.254005 -125.127350 129.581329 9.414835 1.000000e+37
2226301 70042.726562 53059.320312 12489.694336 26.300528 -28.739695 6.496759 6.558078 1.000000e+37
2240880 70043.718750 52297.242188 14448.024414 3.281909 -86.735054 64.318016 13.463998 1.000000e+37
2254606 69790.640625 54016.628906 11724.706055 63.051754 -126.210114 77.931778 11.116325 1.000000e+37
2254856 69830.265625 52740.894531 11079.389648 81.642593 -134.314346 75.517281 13.589663 1.000000e+37
2269428 70180.398438 52901.546875 12292.089844 -62.959290 -56.417931 51.046806 12.213778 1.000000e+37
2269430 70242.757812 51998.226562 13600.653320 10.092146 -71.758446 37.707996 13.512865 1.000000e+37
2269431 68674.976562 51960.531250 12913.527344 88.610779 -77.602509 31.668554 15.619609 1.000000e+37
2283796 68827.132812 53425.328125 14244.961914 53.260059 -117.311638 104.225235 14.562126 1.000000e+37
2284060 69566.562500 51286.851562 11373.645508 3.000555 -130.685852 93.555267 13.180223 1.000000e+37
2284131 68358.570312 53414.660156 11392.923828 110.198845 -108.292946 75.729935 13.604677 1.000000e+37
2298737 70515.804688 53526.609375 11791.542969 20.361834 -74.425728 27.827440 8.970905 1.000000e+37
2299127 69861.429688 52414.875000 12241.917969 34.311188 -98.863792 113.985085 14.440823 1.000000e+37
2314023 68958.617188 53512.976562 13972.208984 8.411819 -125.704254 68.767609 8.932009 1.000000e+37
2314355 69935.843750 53649.800781 10750.403320 84.311195 -104.458389 58.718796 14.434105 1.000000e+37
2329942 69361.117188 53844.625000 13316.417969 74.489822 -132.031403 82.430412 10.503066 1.000000e+37
2330261 69732.281250 51500.289062 11324.194336 -30.586117 -134.607376 77.083336 11.641072 1.000000e+37
2330269 69047.695312 51227.312500 11677.997070 6.939230 -159.856796 183.428467 10.406095 1.000000e+37
2346219 69422.007812 53685.992188 13162.229492 65.877831 -143.169434 73.041885 14.469714 1.000000e+37
2346639 69856.953125 53433.863281 11439.283203 83.633247 -114.352760 87.463402 12.210277 1.000000e+37
2379821 69391.156250 51437.515625 11679.662109 -3.492002 -20.204084 131.930771 10.807033 1.000000e+37
2379952 69952.289062 51885.136719 12008.540039 -16.535585 -67.858269 27.425348 9.050425 1.000000e+37
2379957 68879.492188 52391.746094 13679.473633 98.784325 -60.498535 69.808243 11.723783 1.000000e+37
2379958 68297.023438 52029.707031 13088.930664 102.066681 -87.670151 43.243908 14.081121 1.000000e+37
2396739 69236.984375 53673.132812 13073.268555 86.570297 -134.765457 74.717415 12.073567 1.000000e+37
2397062 69328.140625 51713.285156 11889.485352 48.711216 -145.546265 92.611206 10.155106 1.000000e+37
2397195 70822.960938 53181.187500 12012.269531 -5.563331 -77.338478 34.772717 13.148913 1.000000e+37
2397199 69613.398438 51890.984375 14198.076172 29.647345 -44.495205 52.211941 12.428969 1.000000e+37
2451173 69736.000000 54025.085938 11718.056641 101.147171 -119.900253 90.545746 11.130131 1.000000e+37
2451658 69818.585938 52175.332031 12282.583984 84.710777 -128.537506 81.946716 10.577924 1.000000e+37
2470598 69147.554688 53612.375000 14058.977539 60.091290 -104.913025 97.174881 13.124578 1.000000e+37
2470600 68902.882812 52192.589844 12916.551758 78.302582 -42.063286 24.775768 13.875086 1.000000e+37
2489450 71197.257812 54240.476562 12812.403320 25.710688 -102.739120 25.059141 12.125378 1.000000e+37
2489453 69884.242188 52891.917969 12215.211914 6.462207 -94.790848 119.188057 16.083996 1.000000e+37
2489454 69041.031250 53957.390625 13092.415039 56.961777 -136.607635 84.099373 11.983996 1.000000e+37
2509461 68768.148438 54645.605469 12587.398438 88.355774 -85.063957 90.136650 10.921434 1.000000e+37
2509887 69312.578125 51444.949219 11686.667969 -41.960144 -107.853775 -28.280178 10.949497 1.000000e+37
2509893 68892.460938 51218.894531 11779.779297 194.521164 -130.582458 -46.794621 11.551253 1.000000e+37
2510016 70411.054688 52220.082031 13339.802734 -3.598336 -87.262970 33.166771 10.867070 1.000000e+37
2510021 69222.039062 52941.628906 14636.551758 17.104853 -59.951889 147.483948 15.246564 1.000000e+37
2529705 70434.804688 53572.207031 11918.972656 30.710310 -101.644310 54.747074 14.277882 1.000000e+37
2529708 69876.164062 52820.699219 12774.931641 50.785530 -136.809723 77.251328 8.953018 1.000000e+37
2530253 69737.289062 53452.144531 12462.856445 97.742767 -154.550430 85.890121 14.742206 1.000000e+37
2530254 68301.039062 53720.292969 13598.904297 94.815430 -88.780571 110.250381 12.317712 1.000000e+37
2530255 69181.296875 53964.390625 13612.329102 59.836208 -101.235603 90.864342 12.215903 1.000000e+37
2530256 69672.890625 51876.316406 14095.563477 23.954897 -46.066700 50.748600 12.051967 1.000000e+37
2551033 68218.632812 51554.484375 12550.967773 108.455185 -128.324036 39.041718 11.026542 1.000000e+37
2551034 69560.062500 52481.531250 12963.377930 23.158232 38.450428 40.720245 13.377796 1.000000e+37
2551035 68560.578125 52658.667969 14291.492188 108.987732 -37.624886 80.033875 12.237648 1.000000e+37
2571919 70135.859375 53647.234375 12124.715820 57.375595 -163.469940 72.266479 10.236218 1.000000e+37
2572472 70183.539062 51544.695312 13208.025391 21.487406 -59.208008 29.166275 10.038078 1.000000e+37
2594642 69320.031250 52632.093750 13374.861328 87.670357 -128.888214 15.677212 13.437587 1.000000e+37
2617274 70946.203125 52577.867188 12283.026367 3.564907 -87.002853 33.406574 13.309278 1.000000e+37
2639973 69644.601562 52683.777344 13017.534180 39.231388 -110.175499 -63.867172 14.055056 1.000000e+37
2640602 70761.671875 51482.492188 13486.958984 27.079206 -74.943848 42.620541 11.458874 1.000000e+37
2640603 70321.023438 51620.238281 11846.865234 -0.347361 -79.527740 25.473530 7.991036 1.000000e+37
2663807 69796.406250 52911.363281 12331.750000 16.662382 -38.713570 167.934372 10.296709 1.000000e+37
2664443 70281.664062 52457.757812 11968.089844 -12.435077 -71.132355 55.903557 11.136514 1.000000e+37
2664448 69644.531250 52144.980469 12929.646484 20.274740 -13.372344 23.687996 8.986742 1.000000e+37
2688653 69841.968750 52354.589844 11242.977539 75.769859 -131.286606 97.653938 11.165873 1.000000e+37
2688849 68342.820312 53400.984375 11464.802734 108.537766 -107.852844 72.536469 10.552103 1.000000e+37
2713890 69909.796875 53269.804688 12158.607422 -64.754120 -109.817581 78.307983 12.513195 1.000000e+37
2713904 68840.109375 53021.242188 14445.974609 37.964138 -135.690903 127.849411 10.440274 1.000000e+37
2739948 69699.507812 52706.777344 12608.646484 98.057381 -19.001333 112.345467 8.914519 1.000000e+37
2739949 69608.710938 52664.125000 13030.385742 78.599365 -162.629532 -6.831586 11.597497 1.000000e+37
2766553 70496.867188 52351.453125 14134.898438 2.676922 -96.826439 60.425030 10.627071 1.000000e+37
2793877 69171.234375 51051.578125 11868.791992 25.871843 -133.963181 91.707405 10.806919 1.000000e+37
2794056 69500.671875 52488.867188 13205.934570 0.686206 -38.639507 -10.404486 12.128631 1.000000e+37
2821373 68936.343750 53496.746094 14349.793945 88.087151 -96.833961 119.985550 10.981143 1.000000e+37
2821374 70593.015625 53440.945312 12086.232422 -16.122213 -101.622032 -2.064141 11.166587 1.000000e+37
2821958 69196.562500 51800.363281 11754.445312 24.314903 -172.895645 2.983425 13.573545 1.000000e+37
2822162 69506.375000 52573.562500 13121.778320 126.553444 -27.083948 15.755734 10.017141 1.000000e+37
2822165 68789.851562 53791.910156 14305.739258 63.201473 -98.199837 103.251793 11.661694 1.000000e+37
2822166 69837.757812 51411.519531 14110.842773 37.605846 -51.670784 53.757084 10.910573 1.000000e+37
2881070 69821.359375 52827.347656 10711.826172 83.300232 -109.691483 78.483521 10.151148 1.000000e+37
2881071 69149.554688 51649.539062 11996.548828 -1.368305 -111.407669 73.718521 11.958261 1.000000e+37
2881270 69448.687500 52784.339844 12823.646484 108.585258 -190.957016 8.156959 12.691449 1.000000e+37
2881281 68050.093750 52792.546875 12961.143555 97.765327 -115.656364 94.269012 12.749825 1.000000e+37
2943694 68862.789062 53788.398438 13866.055664 68.293861 -103.719376 82.246437 11.066619 1.000000e+37
2944371 69450.710938 51580.730469 11721.713867 -56.966389 -160.044632 129.629822 6.785094 1.000000e+37
2944377 69777.054688 52152.277344 11107.091797 76.225670 -131.433350 105.804871 10.206516 1.000000e+37
2944626 69676.695312 51566.472656 11270.757812 -33.837124 -82.740883 37.665924 8.690565 1.000000e+37
2944631 69692.593750 51493.535156 11243.267578 -28.878599 -78.072044 30.656570 9.308215 1.000000e+37
2976774 70017.937500 53161.476562 12341.447266 -6.406534 -206.089233 134.517624 9.012341 1.000000e+37
2977412 69937.117188 52851.531250 10854.728516 77.635406 -117.507660 75.557014 8.616243 1.000000e+37
2977670 69858.015625 53035.523438 12403.215820 14.678389 -195.345886 169.845139 12.544311 1.000000e+37
3011837 70382.398438 51861.945312 11038.526367 25.991421 -124.131813 72.013237 9.960706 1.000000e+37
3011847 69175.648438 53382.726562 10951.583984 105.076263 -110.899742 76.202690 7.562922 1.000000e+37
3012063 70850.976562 52117.023438 12715.233398 7.661117 -93.338898 42.375225 11.707861 1.000000e+37
3047664 69661.960938 52672.207031 12732.264648 31.345703 -47.430088 96.118378 10.998863 1.000000e+37
3047670 68519.953125 51780.085938 12688.617188 89.098457 -96.403351 20.699112 10.786633 1.000000e+37
3083268 70740.046875 53705.238281 11842.134766 40.895706 -138.687973 64.710533 11.072220 1.000000e+37
3084005 69924.460938 52698.191406 10847.449219 81.397202 -107.386360 86.201721 11.126418 1.000000e+37
3084016 69291.882812 51429.640625 11924.574219 28.306934 -76.647285 24.675705 11.575596 1.000000e+37
3084017 69406.226562 53644.066406 11059.911133 105.750977 -105.564423 73.781616 9.977113 1.000000e+37
3084281 69506.453125 52184.046875 14112.418945 34.237461 -37.037342 52.810070 10.100035 1.000000e+37
3121239 69689.703125 52556.925781 12708.653320 49.127865 -99.587265 97.081978 10.496258 1.000000e+37
3122284 70056.757812 53140.863281 12163.184570 -3.966270 -130.975784 129.234940 13.476517 1.000000e+37
3122285 71137.890625 53814.238281 11695.261719 29.999962 -95.483360 -6.741182 5.382528 1.000000e+37
3122303 68809.820312 54009.839844 13259.875000 98.291962 -95.670517 105.775253 10.851549 1.000000e+37
3122305 69668.687500 52513.027344 12663.195312 111.644707 -17.569687 60.252708 11.694032 1.000000e+37
3160292 69871.343750 53102.117188 12314.125977 1.151050 -103.923248 102.538513 13.768716 1.000000e+37
3161048 69536.312500 51524.582031 11695.210938 25.622063 -117.732712 -20.352051 14.179059 1.000000e+37
3161357 70247.632812 52514.128906 12484.576172 -26.080969 -60.194267 33.949200 9.041547 1.000000e+37
3161367 69897.531250 52214.906250 11608.896484 -9.616078 -102.997658 65.985405 10.652086 1.000000e+37
3161368 69461.992188 51373.820312 11443.257812 60.307083 -189.499023 50.359238 14.110691 1.000000e+37
3161371 70160.828125 50854.964844 12719.253906 57.417286 -59.164207 20.324974 8.955029 1.000000e+37
3200537 69985.421875 52791.523438 12559.870117 11.790482 -241.836578 82.779503 8.168024 1.000000e+37
3201625 69934.343750 52491.585938 12038.899414 3.952685 -93.201172 105.757286 7.465663 1.000000e+37
3201626 69239.781250 51414.222656 11514.629883 5.349875 -220.885696 56.341454 12.567580 1.000000e+37
3201627 68531.992188 52555.339844 11779.381836 116.742157 -135.439453 83.077805 10.148570 1.000000e+37
3201628 69445.968750 52832.914062 13841.355469 72.955269 -51.666416 63.639988 7.151535 1.000000e+37
3201629 69628.921875 52979.570312 13578.082031 72.653137 -133.706360 41.042194 7.038168 1.000000e+37
3201632 68989.000000 52845.046875 14045.806641 40.617592 -128.914688 83.427139 6.852582 1.000000e+37
3201633 69624.945312 52294.527344 13422.339844 33.473320 -25.191824 16.883572 9.479632 1.000000e+37
3201636 69635.617188 51523.878906 11258.204102 -23.747564 -77.966644 34.665447 9.797083 1.000000e+37
3242660 70226.593750 53409.218750 12331.815430 36.292664 -174.283920 90.131691 11.071699 1.000000e+37
3243861 70008.078125 51778.371094 13172.479492 36.527325 -39.744682 21.088757 12.648146 1.000000e+37
3243863 68783.882812 52492.246094 13424.254883 97.528976 -62.643597 56.357670 6.664522 1.000000e+37
3243864 68362.195312 51862.878906 12921.727539 105.329849 -78.519791 31.972834 11.273635 1.000000e+37
3243865 69072.132812 53019.449219 14318.081055 81.851814 -34.596336 119.181854 9.943917 1.000000e+37
3286471 69550.335938 53628.113281 13096.985352 70.025948 -151.153641 79.268059 14.208245 1.000000e+37
3287328 69377.156250 51682.046875 11702.021484 29.297199 -116.046379 91.843140 10.487195 1.000000e+37
3287345 69737.101562 51979.101562 11200.410156 72.601242 -138.649734 114.620293 10.121163 1.000000e+37
3287346 68649.835938 53150.121094 11232.286133 105.862816 -110.972298 79.193771 9.250079 1.000000e+37
3287644 70501.445312 53680.917969 11770.204102 31.790895 -101.042160 61.727448 9.841596 1.000000e+37
3287654 69127.085938 53283.855469 14220.746094 54.096115 -115.338074 101.044395 6.171792 1.000000e+37
3332893 69968.875000 52824.742188 10803.351562 84.159927 -113.143654 81.203308 9.875917 1.000000e+37
3332895 68980.234375 51507.261719 11459.320312 33.146976 -111.109444 33.349064 13.927004 1.000000e+37
3333195 70979.585938 51969.140625 12818.661133 -12.207376 -79.711540 35.527771 8.608171 1.000000e+37
3333200 70319.648438 52169.164062 12618.041016 0.711151 -59.383423 33.387497 7.520885 1.000000e+37
3333209 70114.046875 53056.453125 12425.565430 39.597210 -191.243088 43.869354 11.526973 1.000000e+37
3333210 69768.500000 53473.402344 12758.178711 114.336220 -152.595764 82.129059 8.652719 1.000000e+37
3333211 69514.250000 53966.960938 12115.625000 114.248062 -120.681198 81.955429 8.111988 1.000000e+37
3333215 69951.476562 51646.355469 12423.876953 33.143311 -42.667419 8.272928 8.734103 1.000000e+37
3333217 68358.398438 51837.312500 12515.641602 101.923492 -69.637199 5.241041 10.841167 1.000000e+37
3333222 70217.335938 51405.152344 12026.642578 5.487298 -68.690994 20.959993 11.179684 1.000000e+37
3333223 69782.132812 52208.421875 12219.586914 -14.868595 -57.891602 29.616804 10.409595 1.000000e+37
3379245 70153.437500 53139.335938 12239.087891 -23.412003 -163.290726 106.927124 12.651764 1.000000e+37
3379246 70837.085938 53947.863281 11699.546875 64.932838 -131.164185 54.913990 10.559160 1.000000e+37
3380170 69877.859375 53553.937500 10767.677734 105.891510 -101.608093 64.413597 10.240273 1.000000e+37
3380171 69064.890625 52292.507812 11417.481445 119.854355 -153.325531 92.686668 8.752901 1.000000e+37
3380523 69118.593750 52652.726562 13958.753906 55.052677 -110.203995 71.507347 10.830652 1.000000e+37
3380525 69696.968750 52119.757812 13102.482422 -2.307826 -36.133072 20.025396 10.870461 1.000000e+37
3428375 70762.226562 53467.664062 11824.310547 -8.981678 -96.939369 48.211628 11.917831 1.000000e+37
3429412 69735.054688 51527.136719 11461.213867 7.579017 -90.078926 106.869293 10.391085 1.000000e+37
3429431 68576.679688 53321.039062 11173.546875 101.989662 -104.728317 78.229630 9.877958 1.000000e+37
3429767 71195.500000 52497.210938 12311.489258 15.067923 -88.478233 31.804228 9.037019 1.000000e+37
3429776 69831.750000 52714.734375 11104.158203 80.564713 -128.635849 73.693069 7.767772 1.000000e+37
3429777 69943.085938 52720.058594 12697.208984 75.949982 -46.164993 99.291901 7.832883 1.000000e+37
3429778 68728.093750 53190.671875 13541.326172 106.626541 -101.020874 97.405533 9.692433 1.000000e+37
3429780 68886.625000 54233.562500 13898.200195 42.893951 -91.327080 124.439003 7.641584 1.000000e+37
3479710 70896.960938 53705.933594 11625.436523 42.018723 -131.478165 32.816593 9.440685 1.000000e+37
3479716 70968.804688 54338.910156 11920.608398 48.555729 -121.532867 27.377281 7.803120 1.000000e+37
3480754 69601.054688 54058.621094 11195.875977 102.679390 -96.599937 74.488388 9.286877 1.000000e+37
3481075 70232.765625 52664.777344 14069.269531 -4.623801 -101.282616 51.271950 9.763057 1.000000e+37
3481093 69008.968750 52985.148438 14360.247070 89.573982 -36.945103 130.630478 10.473051 1.000000e+37
3532571 68937.804688 54243.636719 13859.772461 68.191017 -104.029167 134.728287 7.956411 1.000000e+37
3533610 69948.476562 51757.234375 11209.329102 22.318529 -138.589737 90.891655 8.083556 1.000000e+37
3533630 68791.351562 51286.492188 11874.226562 70.783882 -105.364914 58.166782 13.422573 1.000000e+37
3533999 71584.546875 52401.460938 12321.984375 38.512829 -94.654221 24.288952 8.963923 1.000000e+37
3534000 70185.132812 52302.324219 12959.597656 -13.719415 -64.445763 25.039001 8.723979 1.000000e+37
3534019 69900.343750 53651.089844 10852.759766 89.683807 -103.168892 52.148548 9.146897 1.000000e+37
3587827 69071.828125 54374.625000 12967.854492 47.773792 -120.099693 77.658943 9.626395 1.000000e+37
3588928 70003.578125 52823.078125 10823.589844 81.965904 -124.201714 68.695648 10.641221 1.000000e+37
3589298 70219.398438 52527.664062 14670.211914 -1.017476 -99.567154 74.041618 8.912198 1.000000e+37
3589318 69998.992188 52114.894531 11460.247070 -6.636960 -104.917313 59.271313 9.148834 1.000000e+37
3589319 69531.828125 52776.527344 13485.736328 98.440765 -49.768986 32.304169 10.321991 1.000000e+37
3589325 69591.726562 52186.503906 12476.535156 23.623243 -31.248774 28.276314 11.154049 1.000000e+37
3646032 69977.046875 52913.257812 12625.759766 -54.391396 -163.903107 -22.148869 11.466893 1.000000e+37
3647640 69515.203125 52820.167969 13109.826172 98.372231 -98.763847 -44.845398 12.599890 1.000000e+37
3647656 70567.335938 52235.238281 11044.582031 29.039209 -110.583580 60.382607 10.366856 1.000000e+37
3647657 69059.062500 51313.093750 11611.041992 52.960262 -7.193902 150.626373 14.791040 1.000000e+37
3647659 69384.570312 52620.046875 13274.850586 121.216858 -46.726219 32.181969 8.736926 1.000000e+37
3647662 69165.843750 52389.402344 12778.333008 93.931320 -39.807247 31.263533 11.840776 1.000000e+37
3706433 69852.351562 52791.460938 12704.691406 88.151253 -106.158569 -4.349605 10.873756 1.000000e+37
3706434 70182.507812 54450.195312 11709.174805 58.676125 -118.264420 53.915375 9.364326 1.000000e+37
3707684 68787.234375 51478.488281 11751.267578 45.281746 -7.508528 124.576645 15.327611 1.000000e+37
3708107 69559.484375 52756.457031 14623.767578 -21.868326 -89.146759 73.379898 8.519624 1.000000e+37
3708124 68833.781250 52368.113281 13663.644531 105.049538 -63.141716 66.246475 8.438369 1.000000e+37
3769824 70742.250000 53857.984375 11857.198242 36.401707 -138.113586 16.909727 8.548592 1.000000e+37
3771182 69581.078125 51602.769531 11451.736328 59.374893 -155.494186 145.313110 11.071416 1.000000e+37
3771183 68569.468750 52878.664062 11392.109375 111.441071 -121.254547 82.881371 9.505861 1.000000e+37
3771184 69232.632812 51511.671875 11783.676758 -6.026630 6.580386 76.217987 8.825238 1.000000e+37
3771624 70354.000000 52225.476562 12888.984375 -7.103350 -71.789581 26.658396 10.009304 1.000000e+37
3771640 69184.929688 52304.648438 11461.653320 114.701950 -155.427246 93.255142 9.541308 1.000000e+37
3771646 68785.859375 53356.597656 14238.866211 19.092241 -123.256752 91.110718 10.507347 1.000000e+37
3771649 70125.070312 51985.015625 13557.689453 19.571802 -53.573696 30.675301 8.469825 1.000000e+37
3836342 70555.945312 53568.253906 11708.209961 19.700085 -89.183464 49.714901 11.175121 1.000000e+37
3836354 69391.710938 52679.171875 12665.706055 89.760117 -40.867779 108.709740 10.299294 1.000000e+37
3837656 68842.273438 51511.269531 11557.841797 0.408386 -227.218704 28.265207 8.836903 1.000000e+37
3838160 71191.710938 51944.234375 12747.656250 12.586402 -92.494476 33.301437 8.445805 1.000000e+37
3838181 70639.515625 53686.425781 12137.759766 -5.043318 -110.163559 50.725945 10.558190 1.000000e+37
3838182 69599.890625 51635.316406 11364.054688 -17.125626 -151.032669 77.293602 8.015271 1.000000e+37
3838185 69221.164062 53201.613281 14064.011719 37.577454 -47.265778 79.200691 9.968113 1.000000e+37
3838188 69015.445312 51921.179688 12327.837891 98.199966 -104.309593 10.212790 9.772022 1.000000e+37
3838190 68453.632812 51690.886719 12141.263672 90.231735 -74.247787 -18.138708 9.766708 1.000000e+37
3838191 68823.757812 51830.269531 12192.492188 78.930717 -76.926941 -17.535992 10.178454 1.000000e+37
3905736 70772.429688 53545.503906 11707.407227 3.506657 -95.741280 60.935127 9.943261 1.000000e+37
3905737 71211.984375 53715.917969 11767.711914 29.193642 -100.541519 -8.864899 9.558640 1.000000e+37
3905738 70587.796875 53631.578125 11859.003906 28.569078 -161.848114 26.099344 8.617286 1.000000e+37
3905745 69407.054688 52813.921875 13029.478516 92.393219 -186.371658 -21.276812 9.918381 1.000000e+37
3905748 69741.898438 54174.316406 11579.041992 69.513634 -116.325981 76.952003 9.783596 1.000000e+37
3905770 69715.929688 54238.753906 11522.432617 87.003365 -115.923431 69.842018 9.507995 1.000000e+37
3907753 69843.757812 53217.535156 11991.516602 -38.066082 -138.275024 73.894287 10.637326 1.000000e+37
3907754 70223.328125 52653.769531 14140.603516 -3.184821 -101.004601 51.480194 9.013640 1.000000e+37
3907755 70564.984375 52105.421875 12714.092773 4.562122 -70.964043 35.660984 8.529057 1.000000e+37
3907780 69705.242188 52094.539062 11948.502930 7.380949 -126.919731 91.198303 8.078516 1.000000e+37
3907781 70232.453125 53084.121094 12483.145508 28.057022 -168.304428 60.401073 10.873854 1.000000e+37
3907782 69489.312500 52188.917969 11770.695312 111.112244 -166.853043 95.404572 10.445623 1.000000e+37
3907783 68471.375000 51645.257812 12543.221680 120.292419 -146.990356 46.911678 10.691035 1.000000e+37
3907784 69246.281250 52706.785156 14479.854492 26.078922 -79.474602 110.492935 9.149884 1.000000e+37
3907785 68449.734375 51810.335938 12624.452148 114.945091 -100.397552 21.279621 7.061243 1.000000e+37
3907788 69258.835938 52560.839844 13474.399414 71.638489 -116.312180 22.728935 7.019233 1.000000e+37
3907789 69273.437500 53029.722656 13760.481445 42.027969 -86.499161 45.079769 10.300137 1.000000e+37
3907790 70290.593750 50933.765625 12556.389648 36.541737 -73.229683 32.922359 9.400551 1.000000e+37
3907794 68993.523438 52985.339844 14421.864258 123.950111 -52.348644 138.802551 10.908807 1.000000e+37
3907797 69578.398438 52188.195312 12397.604492 21.412987 -35.221863 27.205967 10.706805 1.000000e+37
3907799 70165.734375 51470.207031 12034.562500 4.019319 -69.279747 20.180838 8.365277 1.000000e+37
3979174 71186.492188 53904.914062 12019.445312 27.163149 -109.676834 -8.934520 9.794459 1.000000e+37
3979186 70554.085938 54010.585938 11433.791992 70.709343 -109.804115 72.142334 10.412811 1.000000e+37
3979187 69728.531250 54045.398438 11743.032227 73.648621 -136.161148 70.345726 6.838576 1.000000e+37
3979188 69610.898438 53100.976562 13015.368164 80.672356 -195.868439 30.794973 9.184867 1.000000e+37
3980740 69896.570312 51355.726562 11321.612305 3.081038 -87.301964 88.027817 9.361346 1.000000e+37
3980773 69762.015625 51866.238281 11727.424805 40.398636 -163.560730 110.825470 10.237538 1.000000e+37
3981307 70645.953125 51199.625000 13397.437500 36.892654 -71.679703 38.933247 7.532313 1.000000e+37
3981308 70312.531250 51024.363281 12676.739258 37.612476 -72.119110 31.927402 9.443584 1.000000e+37
3981311 69010.546875 53009.789062 14431.828125 83.766747 -38.831921 140.176743 9.745460 1.000000e+37
3981313 69395.031250 52139.160156 11923.380859 2.182925 -76.129677 1.987612 9.482395 1.000000e+37
4056602 69951.203125 52887.207031 12727.559570 60.449089 -190.055023 -4.513600 8.078297 1.000000e+37
4056603 70259.304688 54091.500000 11739.785156 60.884430 -126.347145 73.844070 8.905505 1.000000e+37
4056606 69815.078125 54395.351562 11964.936523 62.073708 -123.928238 51.875637 8.717045 1.000000e+37
4058694 69896.437500 52340.906250 14270.125977 -1.687050 -84.481873 57.122810 8.874164 1.000000e+37
4058711 70334.062500 52706.359375 12168.645508 -26.970440 -62.892281 58.109589 9.742081 1.000000e+37
4058713 69807.250000 52505.597656 12215.664062 88.330742 -118.190849 121.724632 6.999206 1.000000e+37
4058714 68837.164062 53746.082031 11948.679688 109.058403 -107.124947 85.804634 7.738543 1.000000e+37
4058717 68392.953125 52514.945312 13977.433594 91.785316 -70.039604 70.467239 8.962205 1.000000e+37
4058723 70588.164062 51269.832031 13423.514648 32.042450 -74.840981 36.679691 9.059714 1.000000e+37
4058726 68274.921875 52408.628906 13672.339844 86.523598 -68.994507 71.015251 8.521348 1.000000e+37
4137112 71313.968750 53739.632812 11602.070312 40.285320 -59.170425 34.124317 8.899513 1.000000e+37
4137118 69066.304688 53350.140625 13972.937500 15.153148 -124.643021 70.864716 8.411087 1.000000e+37
4137123 69381.914062 53821.394531 12753.035156 60.310841 -151.813324 69.297600 7.112655 1.000000e+37
4138775 69595.234375 51376.019531 11462.215820 6.713806 -114.751518 102.989021 10.761300 1.000000e+37
4138779 69931.664062 52721.664062 10936.903320 78.976280 -117.948441 82.087883 8.861595 1.000000e+37
4138805 69114.000000 51568.929688 11556.638672 -15.044333 -44.345936 19.718891 7.487567 1.000000e+37
4139390 69452.929688 52659.851562 12911.847656 131.543655 -87.199501 -6.975265 10.725625 1.000000e+37
4139391 70896.718750 51969.648438 13895.869141 17.955925 -95.070457 50.568146 9.669557 1.000000e+37
4139399 70724.234375 51721.968750 13909.213867 25.644552 -70.142311 49.553967 9.172881 1.000000e+37
4139402 70457.148438 51484.386719 11700.240234 6.380408 -84.099678 26.550634 7.306968 1.000000e+37
4139414 69001.187500 53867.839844 14082.676758 57.913288 -95.416328 96.919044 8.804371 1.000000e+37
4139422 69604.414062 51964.187500 13980.565430 24.343697 -43.880447 46.011505 8.007479 1.000000e+37
4139423 70652.718750 51183.355469 13424.976562 31.570635 -73.772224 36.312042 6.577635 1.000000e+37
4139424 69374.468750 52303.234375 14248.442383 40.923031 -28.153509 64.654732 9.170733 1.000000e+37
4139426 69811.289062 52042.562500 12932.972656 23.220114 -21.820448 15.886539 8.111773 1.000000e+37
4139432 68108.695312 52194.316406 13491.491211 89.929771 -78.146553 65.228287 9.121609 1.000000e+37
4221169 71057.015625 53626.796875 11663.062500 44.252872 -122.787560 28.705490 7.797923 1.000000e+37
4221173 69257.671875 53814.476562 13246.457031 81.291740 -132.775330 79.826935 7.208998 1.000000e+37
4222953 69756.109375 51492.796875 11528.638672 1.590613 -84.373360 103.855087 9.787141 1.000000e+37
4223561 70182.625000 53065.335938 12222.378906 -68.570839 -87.021141 48.252666 9.036461 1.000000e+37
4223563 71385.648438 52511.875000 12291.820312 24.241323 -89.011719 27.007164 8.578862 1.000000e+37
4223564 70743.867188 52043.460938 13581.222656 7.968750 -84.618561 41.176613 9.790180 1.000000e+37
4223603 69439.742188 51775.687500 11948.354492 121.238472 -204.375580 39.336033 7.501875 1.000000e+37
4223604 68009.585938 52488.359375 12941.082031 98.372353 -117.515236 87.895988 8.368720 1.000000e+37
4223621 69140.320312 51501.664062 11301.608398 11.710306 -61.357780 131.552246 8.035064 1.000000e+37
4310678 69907.914062 51393.988281 11278.955078 6.304577 -125.626617 98.632980 5.936271 1.000000e+37
4310709 68421.187500 52975.988281 11357.415039 104.742744 -117.261101 81.961403 9.015820 1.000000e+37
4311332 69904.273438 52340.847656 13244.920898 -16.908127 -58.261276 21.713751 7.653881 1.000000e+37
4311349 70663.312500 51801.207031 13926.930664 23.918316 -72.991333 46.847382 6.860430 1.000000e+37
4311368 69754.648438 52957.667969 12522.065430 12.433714 -174.048157 13.994376 13.381824 1.000000e+37
4311369 70709.742188 53609.281250 11681.648438 54.725597 -107.256973 96.792503 8.449860 1.000000e+37
4311370 69956.203125 52704.914062 12685.960938 69.916481 -40.669212 96.074509 9.491295 1.000000e+37
4311371 69788.484375 52558.929688 12926.226562 96.368492 -8.920149 76.026726 7.913284 1.000000e+37
4311372 69182.367188 52985.820312 14681.819336 11.513712 -59.758217 159.871628 10.428396 1.000000e+37
4311373 68798.062500 52146.410156 13177.166992 100.932457 -85.355988 43.187527 8.710665 1.000000e+37
4311382 68522.625000 52019.324219 12642.759766 77.676231 -66.781830 21.936575 8.784448 1.000000e+37
4311383 68707.382812 52770.214844 14473.470703 121.653481 -25.818623 94.402809 5.711704 1.000000e+37
