#subID	 x	 y	 z	 vx	 yv	 yz	 vmax	 B_MAG
#subID	 kpc/h	 kpc/h	 kpc/h	 km/s	 km/s	 km/s	 km/s	 mags
416339 50004.031250 46440.339844 53013.203125 -32.934616 75.612495 72.549171 220.364899 -2.164667e+01
416340 50050.148438 46266.460938 53095.089844 -144.015503 135.076813 33.675079 43.230175 -1.231403e+01
416341 50012.347656 46438.339844 53013.417969 -34.838230 107.617538 254.375702 40.672192 -1.771957e+01
416342 50056.261719 46277.054688 52954.429688 60.222805 69.610359 58.125034 23.659319 -9.450595e+00
416343 50092.984375 46620.613281 52989.960938 -133.447433 14.614507 36.040527 19.596447 1.000000e+37
416344 50043.296875 46555.691406 52977.875000 -113.384270 58.836231 45.434841 25.399872 -1.037696e+01
416345 49851.414062 46404.613281 52994.480469 1.696185 -6.962396 35.935638 22.157375 -1.001538e+01
416346 50099.972656 46441.820312 53069.042969 -148.116669 -11.164113 38.754597 24.768095 -1.016262e+01
416347 49918.175781 46414.300781 52979.808594 -68.261803 185.457794 -21.533508 21.656179 -1.066340e+01
416348 49907.007812 46362.687500 53092.839844 -209.855209 101.089333 130.107162 17.914700 1.000000e+37
416349 49952.289062 46480.093750 52983.968750 -5.001055 202.944138 -40.695484 17.684538 -1.111524e+01
416350 50062.957031 46548.980469 53070.257812 -29.386745 -116.772522 -61.625057 11.612816 1.000000e+37
416351 49927.304688 46551.464844 52974.898438 132.148331 11.814878 40.214039 19.601990 1.000000e+37
416352 50104.265625 46456.246094 53087.945312 -58.827679 -39.546009 -135.860718 13.345174 1.000000e+37
416353 50041.468750 46480.972656 53042.214844 -164.235977 202.017502 107.858711 19.457649 -1.030474e+01
416354 49908.746094 46232.460938 53079.367188 -80.082916 63.379757 24.285402 16.368841 1.000000e+37
416355 49912.484375 46359.574219 52984.640625 72.756569 54.063999 203.121902 15.043543 1.000000e+37
416356 50108.703125 46458.503906 53107.515625 -23.335606 188.308533 119.958061 17.769861 1.000000e+37
416357 49902.636719 46270.625000 52991.070312 -32.402199 192.153778 29.647333 12.835278 1.000000e+37
416358 50008.359375 46525.800781 53065.023438 -78.044914 63.095032 -94.439926 16.738987 1.000000e+37
416359 50082.425781 46449.539062 52979.605469 98.232590 -65.017387 181.481903 12.212977 1.000000e+37
416360 50018.671875 46349.941406 53120.292969 50.417614 34.741463 -29.848492 11.018313 1.000000e+37
467527 50713.433594 46656.238281 53202.578125 -82.633080 73.045135 61.660126 144.109238 -2.017331e+01
467528 50640.828125 46496.125000 53309.218750 -1.472815 76.802094 -69.396141 24.795288 1.000000e+37
467529 50662.449219 46583.906250 53147.730469 -100.436760 -18.001560 39.610054 22.051876 -1.035495e+01
467530 50776.445312 46671.601562 53182.937500 -164.507217 105.090118 278.962006 22.741468 1.000000e+37
467531 50709.585938 46673.003906 53225.808594 -94.909927 92.555298 4.844893 14.484409 1.000000e+37
467532 50736.308594 46663.039062 53191.855469 -39.623806 -70.182747 75.358971 16.707422 -1.262781e+01
467533 50722.230469 46681.937500 53197.054688 26.342405 13.988288 25.017519 17.883783 -1.478647e+01
467534 50659.414062 46748.210938 53138.976562 -115.979889 58.932991 42.911133 22.788223 -1.034673e+01
467535 50638.488281 46699.871094 53112.890625 27.157084 199.276535 44.959461 15.900398 1.000000e+37
467536 50831.964844 46730.375000 53330.171875 -29.878710 30.923574 2.068985 18.525171 1.000000e+37
467537 50669.542969 46658.382812 53178.285156 -77.658012 116.498009 90.203300 14.769396 -1.292903e+01
467538 50689.027344 46632.261719 53244.214844 44.663265 -30.872715 17.681725 25.725218 1.000000e+37
467539 50766.019531 46595.300781 53204.617188 -127.933075 199.930313 135.917389 19.488291 1.000000e+37
467540 50737.667969 46651.988281 53193.718750 -105.615181 -80.061203 95.165817 14.611679 -1.396602e+01
467541 50726.750000 46673.171875 53193.964844 11.325583 -34.440540 40.581779 11.565851 -8.948238e+00
467542 50733.699219 46668.863281 53189.132812 -1.063112 -56.459267 58.901089 14.570733 -1.488119e+01
467543 50733.000000 46760.757812 53255.519531 -40.745049 -17.499981 -35.654060 17.633533 1.000000e+37
467544 50691.246094 46603.320312 53075.316406 -6.043859 40.854000 190.615051 15.429930 1.000000e+37
467545 50699.976562 46631.160156 53311.781250 3.031585 15.920434 147.187958 13.859979 1.000000e+37
467546 50743.324219 46635.546875 53203.886719 -67.328667 160.775085 253.457489 18.960806 1.000000e+37
467547 50647.113281 46621.195312 53085.734375 -180.442947 90.251099 115.296814 11.441714 1.000000e+37
467548 50740.460938 46657.140625 53201.308594 6.105962 -19.342913 308.354462 17.702829 1.000000e+37
467549 50747.707031 46657.363281 53260.531250 9.522583 -26.575352 124.686325 13.297385 1.000000e+37
467550 50767.710938 46709.011719 53134.480469 -46.238983 21.868195 -10.480723 13.114811 1.000000e+37
467551 50688.699219 46604.597656 53304.468750 -11.180902 -1.473048 116.304993 10.051359 1.000000e+37
467552 50644.031250 46485.496094 53287.667969 -5.072809 77.772667 -62.730904 11.505781 1.000000e+37
467553 50731.628906 46474.285156 53185.542969 -42.011719 96.718246 81.479996 11.242871 1.000000e+37
467554 50767.242188 46548.757812 53170.261719 -11.460942 172.926605 54.595070 10.272004 1.000000e+37
467555 50729.847656 46567.160156 53207.277344 -216.003510 107.817650 32.680363 13.839170 1.000000e+37
502524 51122.312500 46200.402344 54406.519531 -21.123816 2.502073 -26.887928 96.576508 -1.890503e+01
502525 50974.546875 46190.375000 54369.957031 52.130238 15.531903 -29.306574 95.541595 -1.854930e+01
502526 51005.085938 46226.687500 54446.332031 8.144959 -67.294655 -92.632484 23.409302 1.000000e+37
502527 51130.585938 46209.164062 54376.503906 -31.591440 47.195908 -49.426453 11.327911 1.000000e+37
502528 51115.914062 46152.261719 54393.957031 -9.745529 -12.525458 55.699589 19.609430 1.000000e+37
502529 51145.007812 46255.906250 54363.617188 18.632668 71.501816 -20.823450 14.183217 1.000000e+37
502530 50950.468750 46126.855469 54414.210938 22.929096 30.563095 12.460798 19.230394 1.000000e+37
502531 50906.613281 46193.816406 54468.316406 10.225340 77.587379 -28.050154 16.826021 1.000000e+37
502532 51117.121094 46117.046875 54464.761719 -8.375811 74.657059 -92.662994 10.860370 1.000000e+37
502533 51098.882812 46207.121094 54433.867188 -33.190235 17.733950 -134.422974 17.197906 1.000000e+37
502534 50953.253906 46185.531250 54393.183594 50.907906 52.668522 88.848671 11.598316 1.000000e+37
502535 51061.617188 46191.910156 54361.511719 74.117332 71.348732 -60.882816 11.788434 1.000000e+37
502536 50940.203125 46155.468750 54303.367188 74.358917 87.785202 0.255514 11.863541 1.000000e+37
502537 51158.792969 46190.234375 54401.222656 -58.202229 -65.955742 83.054955 11.504820 1.000000e+37
502538 50943.984375 46261.777344 54341.148438 78.406036 -15.037285 -6.624542 11.478453 1.000000e+37
533009 51738.246094 46405.949219 54256.304688 -12.546850 2.162642 -22.240952 103.120239 -1.910603e+01
533010 51647.089844 46411.328125 54249.367188 6.531588 47.316124 -45.948807 55.204670 -1.512747e+01
533011 51864.730469 46470.371094 54229.425781 -75.338646 -7.690889 -33.374153 34.819454 -1.277338e+01
533012 51722.386719 46464.910156 54198.113281 -42.800877 69.180740 23.471487 27.629284 1.000000e+37
533013 51711.757812 46358.714844 54288.898438 105.616081 -7.097671 14.981507 11.640005 1.000000e+37
533014 51722.230469 46383.414062 54291.390625 31.795729 -42.457718 22.478411 12.585520 1.000000e+37
533015 51752.433594 46427.042969 54209.707031 91.278015 -6.503960 8.793180 12.527239 1.000000e+37
533016 51652.152344 46411.187500 54161.062500 47.853680 12.943043 26.075720 11.078547 1.000000e+37
533017 51676.058594 46480.843750 54216.562500 -37.366852 9.584118 66.100922 9.766073 1.000000e+37
533018 51718.167969 46425.167969 54230.746094 87.698029 -2.890872 71.484413 13.423306 1.000000e+37
533019 51831.832031 46472.535156 54200.074219 -56.887665 -40.579834 11.560188 7.901307 1.000000e+37
619206 50412.382812 46202.664062 54582.882812 24.385471 30.241413 -31.357332 75.168236 -1.732561e+01
654089 51266.835938 46881.574219 53630.714844 -85.551720 99.573708 56.522465 65.300072 -1.588285e+01
654090 51218.042969 46911.203125 53631.371094 -80.669777 95.156830 113.937836 9.515589 1.000000e+37
660068 50831.976562 46178.066406 54077.648438 19.184347 -18.106266 6.823879 60.906143 -1.517586e+01
660069 50813.542969 46199.519531 54079.246094 21.924484 -45.789467 -52.155079 33.704319 -1.084285e+01
660070 50788.679688 46177.390625 54039.953125 0.097969 -39.569832 -11.459932 15.976158 1.000000e+37
708235 50399.488281 44572.722656 52510.101562 -81.103447 98.144363 119.833641 51.187046 -1.459415e+01
730193 48737.257812 46183.808594 52594.175781 -70.718483 67.834297 64.099670 46.064194 -1.411773e+01
730194 48699.140625 46136.894531 52606.722656 -41.534180 55.663372 56.126389 16.207478 1.000000e+37
734712 51293.597656 47053.507812 53366.738281 -88.350021 110.254601 83.097527 48.355751 -1.318214e+01
758926 51270.046875 46533.445312 54554.613281 -25.323118 -3.043708 -41.746433 41.551739 -1.193692e+01
758927 51262.292969 46492.648438 54582.996094 -24.496969 36.438042 -65.624733 24.915915 1.000000e+37
760752 51515.378906 47019.070312 53638.046875 25.213972 -39.850285 -20.910112 44.851025 -1.290541e+01
760753 51517.160156 47027.519531 53647.777344 -1.013522 -64.259964 -9.971543 14.324630 1.000000e+37
773272 49252.734375 45975.664062 54406.082031 -40.585880 29.313818 -2.166302 43.341400 -1.265387e+01
773400 52157.261719 46768.898438 54004.332031 9.593776 -0.042044 -2.651605 44.995720 -1.288672e+01
775725 50260.851562 46735.035156 53519.613281 -1.909762 -43.953819 -56.763191 46.872894 -1.292688e+01
775911 52060.824219 45994.414062 53325.949219 -22.624233 130.973495 73.708366 40.049217 -1.170814e+01
782282 49267.320312 46091.003906 54405.125000 -33.701164 -16.141287 -51.312004 41.774303 -1.178070e+01
784620 48507.238281 46262.277344 52987.144531 -89.010002 27.634188 77.579308 42.732162 -1.187943e+01
792397 51150.664062 46638.710938 53136.625000 -123.450531 91.292122 81.587051 42.943886 -1.170661e+01
792398 51152.214844 46651.519531 53181.953125 -64.668457 74.118538 0.940849 11.825287 1.000000e+37
796938 52026.839844 47141.304688 54040.097656 23.735100 26.564705 17.921898 38.468575 -8.451009e+00
796939 52047.960938 47124.734375 54018.566406 18.323627 50.877792 23.861366 10.424719 1.000000e+37
801976 48862.976562 46377.691406 52519.078125 -77.528824 80.579948 61.438301 32.743759 -8.991014e+00
801977 48868.968750 46383.750000 52564.039062 -69.949608 54.740089 63.562344 26.761997 1.000000e+37
817113 51183.878906 46494.843750 54591.667969 -47.206825 69.372795 1.947538 35.232868 -1.091030e+01
817114 51160.941406 46545.847656 54611.195312 -54.780315 58.028233 23.435543 6.204044 1.000000e+37
838591 51380.449219 46556.484375 53444.886719 -84.853508 47.895039 85.310211 33.434372 -1.046268e+01
840508 50486.531250 45893.824219 54504.765625 30.143448 8.101887 -12.603794 37.420879 -1.076199e+01
868033 51233.097656 45915.230469 53408.550781 -47.617317 152.500534 81.060249 33.013622 1.000000e+37
868034 51229.250000 45940.679688 53398.664062 -50.502613 124.665985 79.128662 12.349030 1.000000e+37
879615 51822.835938 46999.734375 53698.468750 -17.650806 41.799599 26.850424 32.753620 -1.010015e+01
884244 52041.355469 47223.511719 53871.875000 28.403830 4.316407 30.682581 27.897554 1.000000e+37
895049 51285.601562 46489.925781 54474.265625 -41.387390 70.301376 43.364227 29.172117 1.000000e+37
909041 49958.953125 45398.011719 54803.062500 -46.860516 79.818832 34.180599 27.647224 1.000000e+37
912179 51391.980469 44973.601562 52853.218750 -55.556107 110.851700 135.001984 24.402971 1.000000e+37
912180 51385.027344 44959.832031 52861.699219 -34.754902 87.442833 119.391708 15.060220 1.000000e+37
924409 51664.730469 44999.125000 53295.816406 -18.698668 111.916817 88.747215 29.009970 1.000000e+37
932651 49670.894531 46756.023438 52813.433594 17.517609 83.466362 79.300354 24.590769 -1.024900e+01
932652 49668.078125 46755.710938 52801.796875 41.643600 99.603210 73.122398 12.782730 1.000000e+37
932653 49624.074219 46766.027344 52812.222656 21.218586 109.996971 95.358093 10.833807 1.000000e+37
932654 49644.929688 46756.976562 52826.933594 18.095963 76.088768 111.331444 10.446944 1.000000e+37
936995 52076.335938 46551.437500 53414.347656 -41.233707 129.675430 81.200157 26.980709 1.000000e+37
938704 50274.390625 46888.921875 53383.308594 -13.090329 -29.990097 -15.796433 24.921083 1.000000e+37
938705 50237.058594 46894.593750 53370.691406 4.020080 -32.243820 -15.493062 15.309880 1.000000e+37
976907 50504.593750 46839.910156 53186.578125 -25.557114 43.964687 49.375046 31.467472 -9.102299e+00
976908 50469.140625 46851.523438 53187.375000 -133.007278 48.857754 97.456772 11.365104 1.000000e+37
982887 50694.984375 46850.054688 52867.781250 -42.410450 -21.701097 115.334702 27.419958 1.000000e+37
1002374 51042.171875 47323.832031 52709.343750 -26.841011 18.333166 80.054268 26.440863 1.000000e+37
1015017 50646.785156 46355.203125 54499.285156 30.510563 3.535263 -47.967426 18.999901 1.000000e+37
1015018 50656.242188 46331.464844 54519.074219 24.015169 13.744408 -41.560921 18.220490 1.000000e+37
1015019 50630.289062 46372.601562 54518.925781 17.693932 31.099718 -62.746582 14.448829 1.000000e+37
1026300 50781.574219 46653.558594 53378.488281 -28.474171 62.617832 39.745560 24.938412 -8.588915e+00
1026301 50805.292969 46704.566406 53358.042969 -186.994278 71.108337 169.168930 12.434157 1.000000e+37
1028827 51066.718750 46828.488281 52892.437500 -52.329632 -6.144562 100.781845 24.762522 1.000000e+37
1030840 50393.132812 46671.714844 53203.101562 -82.493332 119.902206 99.478790 26.851093 1.000000e+37
1042212 48810.738281 46185.769531 54014.742188 -57.702618 -24.544863 -43.126995 23.453592 1.000000e+37
1051589 48708.843750 46480.339844 52778.371094 -62.659187 0.644153 -6.168206 21.260904 1.000000e+37
1058038 50534.468750 46493.566406 53020.574219 -5.044399 -39.631466 41.352985 24.911781 1.000000e+37
1059751 48895.625000 45959.328125 54225.085938 -53.231892 27.103081 -3.642309 23.353222 -8.367651e+00
1063973 49017.031250 45582.953125 53984.664062 -74.324760 69.622505 11.172995 21.642271 1.000000e+37
1065140 49357.484375 46472.160156 52441.296875 -37.794376 98.040970 72.822197 24.836653 -8.355903e+00
1078904 50864.433594 46132.335938 54338.925781 98.402260 34.892738 -23.251156 25.460983 1.000000e+37
1083560 52257.468750 46946.070312 52972.738281 -27.615248 112.491417 150.819000 23.450640 1.000000e+37
1095129 51179.281250 46347.031250 54232.953125 10.955915 -68.795868 -0.550859 21.777670 1.000000e+37
1103160 51969.710938 45309.332031 53283.066406 -26.841064 109.532616 128.949921 22.005075 1.000000e+37
1106107 50498.578125 46554.097656 53454.656250 -2.784037 9.809935 -43.966724 21.917433 1.000000e+37
1106113 49333.914062 46335.355469 54076.660156 -36.082325 -30.397766 -45.270840 21.444613 1.000000e+37
1122193 51548.585938 46349.898438 54627.027344 0.489475 -21.697641 -23.742256 21.909651 1.000000e+37
1140240 51755.070312 47259.890625 53772.949219 25.526844 -38.700638 -14.397463 17.563372 1.000000e+37
1140241 51724.625000 47248.996094 53752.796875 37.120068 -36.895691 -17.058765 16.872280 1.000000e+37
1152282 48690.625000 46439.183594 52483.238281 -67.466705 114.000725 46.935398 22.028751 1.000000e+37
1165741 51763.781250 46771.617188 54547.453125 -0.795070 -13.614914 12.145877 20.235989 1.000000e+37
1170922 50702.769531 46389.640625 53545.097656 -106.523712 54.266346 33.745419 23.626854 1.000000e+37
1177515 49240.117188 45903.621094 52425.105469 -50.596428 45.855087 63.238312 23.624710 1.000000e+37
1182934 49139.417969 46865.679688 53537.734375 -46.901184 -31.353451 -41.613125 14.763264 1.000000e+37
1182935 49128.765625 46871.355469 53545.632812 -42.064598 -27.603323 -47.271946 10.466643 1.000000e+37
1187184 48991.847656 46806.277344 53854.445312 -47.808800 -17.053911 -40.143585 20.666361 1.000000e+37
1188313 48874.128906 46558.773438 52420.152344 -70.773933 84.687805 72.577431 23.784838 1.000000e+37
1196298 50215.019531 48571.968750 52804.437500 -24.895496 23.836338 -39.927238 24.867212 1.000000e+37
1197456 49892.703125 45932.968750 54345.660156 -0.178973 -18.144312 -34.472084 24.205942 1.000000e+37
1198635 50087.925781 46710.289062 53962.277344 -1.260600 -26.100079 -41.824730 20.505806 1.000000e+37
1211851 49665.339844 46489.000000 52890.046875 38.613438 71.710052 117.903610 22.682627 1.000000e+37
1213079 52071.281250 47074.726562 53963.031250 35.637581 -19.198191 10.076907 21.149288 1.000000e+37
1214368 50570.328125 46412.476562 53757.652344 5.897738 -38.319813 -38.365852 21.823429 1.000000e+37
1218143 52132.015625 45578.914062 53407.886719 -23.283878 114.714729 133.279144 18.817381 1.000000e+37
1220589 52243.417969 47152.015625 53351.585938 -25.526337 102.203011 148.271729 18.761303 1.000000e+37
1220591 50748.957031 47118.398438 53396.535156 -3.157026 -49.984306 -32.108219 17.066902 1.000000e+37
1224484 49756.328125 48232.929688 52751.910156 -35.089272 11.230117 -40.939144 19.298597 1.000000e+37
1236758 52079.851562 47466.105469 53538.644531 41.856781 -20.685623 -6.334564 20.632500 1.000000e+37
1250798 49166.511719 46113.746094 52967.429688 -71.343353 150.975418 60.002972 19.261690 1.000000e+37
1252261 50321.457031 46498.597656 53273.441406 -4.900523 -38.835136 -85.045914 20.675259 1.000000e+37
1255054 51287.925781 46754.355469 53785.960938 -45.429646 62.661110 119.175423 20.737255 1.000000e+37
1256521 48553.757812 46802.187500 53643.359375 -68.959000 -27.598581 -42.493164 17.413689 1.000000e+37
1270227 49782.312500 46310.492188 52971.566406 44.321274 -16.478605 83.755653 25.066010 1.000000e+37
1276558 50810.187500 46774.808594 53125.777344 -40.449024 -12.981615 88.249405 22.583225 1.000000e+37
1278168 50969.609375 46584.316406 52942.535156 -9.499441 111.877708 66.247955 20.362206 1.000000e+37
1278169 50594.824219 46461.035156 52502.777344 -80.533875 108.263695 166.276733 17.910881 1.000000e+37
1279702 50472.089844 45918.652344 54355.316406 38.070892 24.134184 -15.926249 20.539612 -8.768467e+00
1286348 48982.636719 46517.039062 52856.050781 -45.875683 -3.484705 -9.116562 18.217108 1.000000e+37
1288024 49801.785156 46424.226562 53134.167969 -127.982040 125.251511 101.217804 14.297929 1.000000e+37
1289753 48884.746094 45116.542969 52761.707031 -109.508469 111.097252 61.418644 18.369263 1.000000e+37
1294906 49780.320312 48154.238281 52778.566406 -35.328846 15.856294 -43.913891 21.323061 1.000000e+37
1310865 49631.675781 45775.371094 54638.125000 -22.508310 30.587124 -24.128576 21.632717 1.000000e+37
1327910 52039.941406 47589.394531 53603.222656 46.933010 -20.620443 -9.295246 17.337536 1.000000e+37
1335752 50704.273438 46431.816406 54142.289062 28.569923 -53.779404 -26.179308 17.926704 1.000000e+37
1343879 49001.191406 46091.640625 52944.332031 -66.025093 115.514908 4.613315 19.314411 1.000000e+37
1345954 49424.234375 45702.796875 53665.558594 -66.714882 110.802773 19.285666 20.083191 1.000000e+37
1350073 50807.996094 46762.078125 52914.328125 -148.363861 81.943962 50.052135 18.624342 1.000000e+37
1352105 48756.367188 45808.246094 53165.960938 -79.802025 81.457039 1.275297 19.103956 1.000000e+37
1362863 49052.363281 46870.343750 53551.492188 -41.613270 -35.228233 -40.648380 20.262094 1.000000e+37
1369336 50247.941406 46557.890625 52999.113281 -169.311325 83.779381 123.843307 19.879637 1.000000e+37
1382998 50373.945312 46365.777344 52276.898438 -81.922989 106.598442 155.891693 12.328767 1.000000e+37
1382999 50362.011719 46338.386719 52270.398438 -76.606087 112.713081 161.970367 10.482471 1.000000e+37
1387572 50432.507812 46539.660156 53176.296875 -105.759491 146.739349 19.538364 19.143360 1.000000e+37
1387580 48510.980469 46349.792969 54046.468750 -70.637726 -30.694891 -49.111870 16.972267 1.000000e+37
1394705 51355.980469 46226.460938 54599.675781 -15.577627 -20.182981 -42.216095 15.886461 1.000000e+37
1399390 50087.164062 46574.957031 53200.917969 -107.644859 121.390335 -5.304827 24.649866 1.000000e+37
1404399 49230.039062 45817.261719 53715.503906 -61.685936 85.356552 7.530848 13.840396 1.000000e+37
1404400 49237.820312 45831.902344 53709.613281 -70.958282 79.869247 18.607317 11.051639 1.000000e+37
1414444 50285.203125 46925.000000 53577.382812 -11.043426 -35.503941 -23.252270 16.739841 1.000000e+37
1417079 50708.398438 46707.320312 53391.511719 -193.857483 70.570885 129.362106 13.048925 1.000000e+37
1417080 50716.730469 46694.066406 53389.062500 -199.633545 60.126797 141.531693 11.428493 1.000000e+37
1424992 51747.207031 46521.652344 53316.378906 -53.117332 148.263275 79.343185 19.606258 1.000000e+37
1432989 50219.898438 47008.882812 53359.984375 -10.797751 -40.585934 -4.872097 15.007031 1.000000e+37
1432990 50228.667969 47018.796875 53355.070312 -22.080996 -46.973286 -3.326172 12.294006 1.000000e+37
1435625 51954.921875 47230.031250 53645.351562 -20.976261 56.054470 131.946426 16.170958 1.000000e+37
1443902 49161.300781 45766.968750 54582.085938 -41.023792 -10.718601 -54.279804 15.617026 1.000000e+37
1446741 49305.519531 45193.468750 52837.882812 -95.571495 117.504120 64.139160 18.033068 1.000000e+37
1452341 50790.847656 46479.437500 54008.085938 -9.776352 32.123550 18.915895 18.599100 1.000000e+37
1460980 51545.710938 46661.835938 53439.503906 -64.059631 19.590672 98.570396 16.054907 1.000000e+37
1463953 49038.675781 46591.375000 52901.066406 -43.702148 75.574333 46.407021 16.062725 1.000000e+37
1475861 51709.261719 46697.812500 53598.636719 -51.023327 29.104118 77.051651 18.525568 1.000000e+37
1479074 51243.750000 44911.886719 52811.128906 -51.180073 112.094604 130.041565 16.837879 1.000000e+37
1491742 51821.945312 47646.343750 52693.976562 0.733948 47.017296 60.099197 15.599064 1.000000e+37
1491744 50734.437500 46343.140625 54361.472656 36.581818 -20.730558 -47.072201 19.585293 1.000000e+37
1491745 50742.933594 46107.773438 54834.105469 1.657062 46.933903 -20.814589 18.908787 1.000000e+37
1494959 50723.253906 46211.605469 54629.593750 15.160374 63.748966 -38.010666 18.196024 1.000000e+37
1498124 51021.070312 46462.613281 53420.527344 -123.609146 103.981995 82.642769 20.118267 1.000000e+37
1498130 51194.042969 46403.214844 54498.242188 -14.202788 -31.993799 -26.892891 17.000212 1.000000e+37
1504772 49228.765625 46803.480469 53695.656250 -40.460598 -24.637270 -47.945343 16.889181 1.000000e+37
1508107 51258.710938 44981.476562 52828.867188 -48.234734 93.726677 133.713760 16.521681 1.000000e+37
1508109 52395.636719 46314.546875 53457.417969 -25.174040 120.547531 82.472008 17.452496 1.000000e+37
1511308 51561.753906 46655.445312 53479.781250 -71.020935 27.212769 83.527718 13.793519 1.000000e+37
1511309 50604.992188 46686.773438 53465.507812 -170.443512 61.649841 86.959694 17.081963 1.000000e+37
1511312 52179.644531 46614.156250 53454.261719 -47.814995 127.147240 91.189323 16.666859 1.000000e+37
1514763 51203.941406 46289.859375 54104.820312 -16.063192 44.240776 -0.248898 15.984811 1.000000e+37
1518161 48662.976562 46041.734375 53839.417969 -64.442245 -17.626692 -48.513371 16.989256 1.000000e+37
1521539 48390.050781 46402.250000 52400.441406 -92.989212 72.815552 65.310501 19.938372 -8.859715e+00
1525069 51050.980469 46513.660156 53085.675781 -86.123985 34.411934 -19.667660 18.683376 1.000000e+37
1532172 50907.214844 44779.000000 52677.144531 -63.417381 106.307709 129.366669 11.911062 1.000000e+37
1535640 52035.238281 46831.507812 53956.878906 8.716800 17.108725 -16.921978 15.166963 1.000000e+37
1539282 52252.945312 45951.777344 53642.878906 -29.023951 119.925461 119.770287 17.961905 1.000000e+37
1598209 51884.777344 46872.398438 53223.683594 -54.400223 71.113396 93.371597 15.533034 1.000000e+37
1598216 48773.417969 46315.964844 52462.894531 -60.180122 59.130173 66.329590 19.116152 1.000000e+37
1634011 51130.613281 46606.226562 53271.570312 -99.067886 143.896851 164.957092 15.071606 1.000000e+37
1634014 50599.960938 46856.277344 53013.324219 -133.813339 45.692734 13.704780 18.616787 1.000000e+37
1638675 50793.695312 46612.289062 52933.718750 -88.559364 112.603676 207.296738 15.988087 1.000000e+37
1638689 49727.875000 47521.843750 53265.656250 -29.069317 -11.513814 -17.914824 16.089960 1.000000e+37
1643396 51919.105469 47098.046875 53411.359375 -42.305481 63.821987 80.467072 15.805327 1.000000e+37
1648133 52017.085938 46637.804688 53168.253906 -47.402130 118.609886 64.217766 18.415600 1.000000e+37
1652849 48884.078125 45862.835938 52349.292969 -77.716049 32.068027 49.790802 14.344475 1.000000e+37
1657711 51612.207031 46971.453125 53750.992188 -47.337196 37.821690 128.096008 14.947206 1.000000e+37
1662594 51340.902344 46642.285156 53506.777344 18.707386 -40.945175 -69.465050 12.324265 1.000000e+37
1667631 49885.210938 46689.218750 53134.718750 4.079436 -54.388668 -32.805454 14.768909 1.000000e+37
1677849 50956.156250 44797.691406 52691.429688 -67.225174 102.514862 125.284668 12.455957 1.000000e+37
1677860 50797.164062 46154.972656 54946.960938 11.334013 47.438725 -5.020263 16.510706 1.000000e+37
1682955 50471.828125 46500.289062 52919.453125 -0.995297 45.225800 102.880402 17.268854 1.000000e+37
1688199 50169.738281 45395.746094 54666.519531 -52.644100 100.474678 46.414345 14.809649 1.000000e+37
1709644 48914.031250 46196.210938 54384.113281 -46.292454 -10.384226 -52.981243 14.754634 1.000000e+37
1715231 50614.988281 46534.355469 53289.109375 -125.867195 159.730255 4.176044 15.045696 1.000000e+37
1715232 50376.066406 46802.335938 53251.492188 -111.346512 26.064028 76.936462 19.408787 1.000000e+37
1715233 51364.007812 46079.128906 53356.734375 -54.672626 150.782455 82.270500 16.624790 1.000000e+37
1715237 50271.718750 44499.917969 52764.027344 -76.883583 97.825371 105.925316 16.588608 1.000000e+37
1720844 50316.976562 46447.093750 52819.019531 -42.589233 47.694965 118.926704 18.088720 1.000000e+37
1726620 50928.691406 46128.640625 54568.011719 3.464351 55.885315 -69.359711 15.970448 1.000000e+37
1732392 51965.710938 46726.531250 53845.691406 -52.992210 121.171440 97.064880 17.318880 1.000000e+37
1744282 50300.128906 44472.867188 52983.140625 -78.588593 96.594467 79.690468 14.091902 1.000000e+37
1750344 51104.414062 44859.050781 52668.910156 -60.711258 104.087227 132.161301 14.322098 1.000000e+37
1756295 51474.539062 46764.449219 53724.953125 -62.368240 29.334576 114.358955 13.554679 1.000000e+37
1768508 51215.105469 46406.867188 54663.699219 -35.450413 71.402817 -22.274033 11.150171 1.000000e+37
1787687 49996.628906 46625.675781 52817.007812 80.066940 99.509819 111.139984 14.649728 1.000000e+37
1787688 50598.652344 46373.546875 53349.195312 -99.985176 93.987007 2.225049 18.260609 1.000000e+37
1794123 50361.867188 46816.050781 53167.429688 -71.084572 103.996193 16.213058 16.722441 1.000000e+37
1794124 49980.304688 46244.765625 53134.261719 -151.075439 151.317169 72.246399 11.704720 1.000000e+37
1807434 49921.359375 45972.023438 53509.671875 -53.104748 138.353165 6.652331 15.557551 1.000000e+37
1828165 49249.105469 46385.972656 53808.878906 -38.451611 -25.953577 -40.360378 17.770935 1.000000e+37
1842345 48500.062500 46063.234375 52772.402344 -79.097382 32.261726 56.681190 14.447435 1.000000e+37
1842349 50803.765625 46686.269531 52972.757812 -150.315857 97.545006 129.168106 13.307407 1.000000e+37
1849696 51329.214844 46588.953125 53513.375000 -43.233498 101.989365 -7.815506 10.798575 1.000000e+37
1879799 51439.265625 46719.457031 53312.003906 -75.536278 164.520844 80.982010 14.264965 1.000000e+37
1879812 49710.238281 46624.710938 53039.312500 17.886604 -37.485222 -17.836863 13.009945 1.000000e+37
1887427 50911.128906 46664.585938 53178.765625 -119.223534 168.367065 -30.296177 15.515345 1.000000e+37
1887428 51632.648438 47474.023438 52722.222656 -7.248034 39.924603 65.227943 14.236273 1.000000e+37
1895337 51844.976562 47996.968750 53359.527344 37.061382 2.376606 -11.874416 15.040462 1.000000e+37
1903428 50894.058594 44732.285156 52254.820312 -72.665741 100.327782 134.620911 14.505808 1.000000e+37
1911546 50220.585938 46801.996094 53734.175781 -7.614451 -43.158417 -34.178310 16.299633 1.000000e+37
1911569 50314.101562 47645.871094 53351.597656 -12.305283 -19.832670 -28.163427 14.208624 1.000000e+37
1936840 50492.417969 47466.707031 53380.562500 -7.286030 -31.862135 -32.617111 14.260083 1.000000e+37
1945521 49241.960938 45943.820312 54602.246094 -36.722336 -11.739604 -63.676315 15.360793 1.000000e+37
1963226 50271.960938 46465.027344 53268.292969 -43.203529 1.269389 97.927467 10.027241 1.000000e+37
1963236 49429.316406 46484.367188 52405.593750 -43.872936 102.331360 73.920807 14.405644 1.000000e+37
1991029 49868.558594 46650.007812 53084.351562 9.938266 -55.611092 -30.241545 12.156161 1.000000e+37
1991031 50855.343750 46912.175781 53404.585938 -4.022103 -54.510571 -38.856300 14.058483 1.000000e+37
2000372 49601.113281 46356.441406 52987.796875 -66.769615 110.163063 133.218094 16.704973 1.000000e+37
2020074 52173.019531 47355.972656 53587.781250 -2.227010 58.041206 117.016373 13.220753 1.000000e+37
2030036 51604.648438 46969.964844 53632.449219 6.649495 -36.071037 -23.023947 15.477013 1.000000e+37
2040106 51457.585938 44944.253906 52803.746094 -59.732979 105.668488 121.368912 14.010330 1.000000e+37
2040117 50183.597656 46941.261719 53367.203125 -3.375624 -40.785057 -8.614334 12.129693 1.000000e+37
2040118 49695.386719 46366.675781 53485.101562 -12.265524 25.160887 -35.217167 13.261946 1.000000e+37
2050598 51021.042969 46484.816406 53484.546875 -53.262459 139.501373 -13.206953 12.086793 1.000000e+37
2050600 50228.128906 46943.351562 52888.878906 -64.604248 21.432550 58.136379 16.249847 1.000000e+37
2071900 51507.300781 46526.582031 53521.597656 -69.140892 43.819172 70.275688 14.763229 1.000000e+37
2082703 49322.308594 46476.886719 53171.453125 -11.155676 69.390305 46.922752 13.951594 1.000000e+37
2082704 50825.867188 46898.066406 53650.234375 -4.190432 -19.983782 -17.067984 12.026983 1.000000e+37
2082736 51750.988281 46722.878906 53936.710938 -32.836025 75.824883 28.730984 14.499113 1.000000e+37
2105282 52124.175781 46606.562500 53469.132812 -37.043972 119.885101 88.492012 14.246972 1.000000e+37
2116878 50798.718750 46636.769531 53011.460938 -93.665817 112.334183 216.464966 14.585562 1.000000e+37
2116891 50731.378906 46317.460938 54159.941406 25.098194 -58.281544 -21.606855 10.792653 1.000000e+37
2116897 49735.609375 45812.527344 52935.769531 -71.734421 162.869385 56.797089 12.109757 1.000000e+37
2128486 51515.363281 45704.214844 53367.414062 -39.067097 138.020020 86.020218 14.259712 1.000000e+37
2128515 51024.906250 46594.460938 52904.500000 -119.223969 92.804161 41.888340 14.310513 1.000000e+37
2140567 50304.214844 44944.445312 53048.757812 -71.140251 111.520424 78.348930 13.121722 1.000000e+37
2140627 50506.281250 47323.335938 53309.480469 -6.886570 -37.403011 -27.378569 12.570447 1.000000e+37
2152766 50198.507812 46459.378906 53205.785156 -99.788567 177.492233 104.103394 15.436338 1.000000e+37
2153318 50642.738281 46595.722656 54651.363281 9.959701 -67.871696 -87.059990 13.630584 1.000000e+37
2165187 50391.945312 46405.050781 52964.777344 -46.985847 -44.636600 31.456039 14.413422 1.000000e+37
2190736 49692.527344 45131.187500 53123.550781 -85.572906 116.568214 71.444733 13.890608 1.000000e+37
2203972 49962.839844 46355.011719 53149.480469 40.854187 -0.213170 35.333076 12.071819 1.000000e+37
2203989 49425.226562 46253.160156 52845.582031 -26.092064 136.533966 3.316847 13.672369 1.000000e+37
2231291 50148.707031 44484.261719 53087.699219 -80.513290 90.454842 76.092995 13.567780 1.000000e+37
2231303 51494.652344 46364.628906 54708.769531 -3.044123 -31.279099 -24.400738 15.827565 1.000000e+37
2245574 50059.546875 46778.949219 53219.335938 -8.968669 -42.450848 -24.425314 12.292327 1.000000e+37
2245624 49110.230469 46714.660156 53323.949219 -40.466473 -29.112881 -48.967812 12.998665 1.000000e+37
2245625 51401.859375 46178.734375 54057.214844 -10.612733 51.636078 -23.549294 10.953674 1.000000e+37
2259699 50277.542969 45027.144531 52826.488281 -76.899467 105.544197 112.653046 13.840755 1.000000e+37
2259700 50388.722656 46785.523438 53059.507812 -124.269012 25.717062 48.774227 15.365215 1.000000e+37
2274291 51083.539062 45778.183594 53424.625000 -42.220306 150.634094 79.841125 12.523049 1.000000e+37
2274313 48835.097656 46526.574219 52451.683594 -83.758705 102.800453 35.230034 16.009844 1.000000e+37
2274314 50349.859375 45882.238281 54350.347656 9.539967 29.321941 -16.731411 14.927801 1.000000e+37
2289043 51153.578125 44784.921875 52769.894531 -57.652256 102.395386 128.229996 13.878654 1.000000e+37
2319546 51997.511719 46994.121094 53464.507812 -29.372513 42.339767 87.318115 9.953177 1.000000e+37
2319589 50830.328125 46351.402344 53305.269531 -128.634689 128.393677 94.686478 15.591225 1.000000e+37
2319590 51067.035156 46489.351562 52946.195312 -110.424385 84.898308 47.239952 12.001406 1.000000e+37
2335647 51283.824219 46276.000000 53329.503906 -60.960537 160.551361 84.103401 13.241182 1.000000e+37
2335666 49008.175781 46301.671875 52651.421875 -49.365479 14.369907 -3.510521 9.153559 1.000000e+37
2335733 50593.894531 46205.656250 53655.648438 11.434726 -11.922379 -39.885494 12.714885 1.000000e+37
2351838 51582.753906 46610.273438 53456.589844 -66.042870 38.562271 75.249275 11.739855 1.000000e+37
2351870 51889.773438 46404.519531 54476.046875 13.785417 -37.957527 -31.135263 13.149509 1.000000e+37
2351930 49975.992188 47320.085938 53167.652344 -18.993965 -47.533585 -71.080658 10.819941 1.000000e+37
2368510 49914.871094 44722.335938 53155.675781 -82.220718 101.451683 73.068634 13.037926 1.000000e+37
2385555 51908.089844 47078.191406 53521.531250 -41.811245 83.971367 147.561157 15.910070 1.000000e+37
2385556 51717.574219 46905.093750 53641.296875 -7.959295 27.691242 26.654005 10.503865 1.000000e+37
2385558 50471.984375 46587.019531 52972.117188 -94.366791 40.919041 117.522057 18.153114 1.000000e+37
2385632 50628.980469 46264.171875 53898.375000 9.230994 -29.646320 -9.182932 13.199153 1.000000e+37
2403022 49289.992188 46843.632812 53877.890625 -40.594719 -16.991373 -43.816933 11.241374 1.000000e+37
2403076 49777.308594 48254.101562 52728.007812 -33.799026 11.218029 -23.317286 12.244380 1.000000e+37
2403078 51967.820312 47769.488281 53536.386719 40.000656 -9.550590 -8.874516 12.552999 1.000000e+37
2420855 51971.949219 46141.507812 52215.671875 -36.744469 112.229210 138.045761 13.507926 1.000000e+37
2439151 49576.144531 46460.507812 52905.011719 19.805511 -11.430310 -9.371051 11.564359 1.000000e+37
2457986 50848.398438 46515.500000 53798.886719 -16.201962 41.908440 -1.796920 12.608649 1.000000e+37
2457987 51807.078125 46308.148438 54364.582031 29.344694 54.069122 -29.003378 10.867193 1.000000e+37
2457989 51197.878906 46216.093750 54280.578125 4.701864 -31.115765 22.804937 13.190261 1.000000e+37
2476923 50594.027344 46738.406250 52985.511719 -145.072311 59.538765 109.907112 12.386200 1.000000e+37
2476945 50528.468750 46293.496094 54570.992188 -6.029206 14.450109 -61.153988 10.803981 1.000000e+37
2476946 50933.640625 46574.718750 53820.882812 -19.356785 32.149879 -0.396458 13.176723 1.000000e+37
2476958 48802.464844 45297.671875 52737.750000 -107.352798 114.393974 44.722950 11.666501 1.000000e+37
2496613 49220.601562 45615.292969 54059.332031 -65.848106 68.874023 6.440784 10.483047 1.000000e+37
2496616 50336.746094 45937.394531 54399.980469 14.811609 37.200039 -17.386065 14.573647 1.000000e+37
2516782 51802.554688 46035.750000 53696.328125 -28.898241 137.136673 86.952660 12.214007 1.000000e+37
2516808 51602.304688 46418.613281 54641.894531 8.162004 -31.254086 -26.171394 12.950568 1.000000e+37
2516810 49872.792969 45887.925781 54113.359375 -37.261845 78.007378 13.446971 11.537246 1.000000e+37
2537126 51865.750000 46884.472656 53408.679688 -54.292141 58.477661 77.453461 11.083956 1.000000e+37
2537153 51301.593750 46461.406250 54559.128906 -8.633707 -9.214770 -21.988131 12.699853 1.000000e+37
2537154 49005.644531 46578.859375 52537.312500 -69.740875 106.965096 51.504868 13.358552 1.000000e+37
2537158 50873.664062 46212.605469 54487.179688 41.079102 32.540333 -52.313877 13.761937 1.000000e+37
2558107 51837.449219 47021.777344 53535.406250 -54.267426 67.602745 68.348457 15.677060 1.000000e+37
2558127 50051.640625 47050.597656 53331.585938 -8.157646 -35.813393 -12.469207 11.886168 1.000000e+37
2579755 52236.683594 47189.464844 52714.812500 -22.976984 106.890686 143.552780 11.609218 1.000000e+37
2579841 49455.214844 46129.468750 53875.144531 -30.986212 -18.298830 -40.843945 10.565506 1.000000e+37
2602109 51361.707031 46524.031250 53360.835938 -67.788994 43.355946 85.122017 12.706069 1.000000e+37
2602113 51782.117188 46944.042969 53729.207031 1.949278 29.977106 20.421751 11.232110 1.000000e+37
2602115 50605.804688 46628.390625 53029.253906 -133.328476 117.417206 149.047485 9.287912 1.000000e+37
2602118 49454.832031 44680.699219 53094.863281 -90.958199 95.972458 71.569954 11.644268 1.000000e+37
2625073 49822.433594 47196.957031 53312.046875 -18.370436 -38.218739 -40.842243 10.375443 1.000000e+37
2648448 51578.210938 46810.242188 53592.191406 -89.373283 80.180534 75.974869 11.094038 1.000000e+37
2648452 52118.238281 46656.894531 53358.863281 -43.398106 140.015289 71.271721 14.012804 1.000000e+37
2672498 50388.886719 46665.660156 53259.632812 -75.003716 59.205154 108.921066 13.176818 1.000000e+37
2672544 51987.441406 46524.804688 54374.070312 -46.549866 19.901041 -33.878193 11.552819 1.000000e+37
2697078 50609.558594 46554.257812 53017.253906 -45.680317 -6.509607 168.169647 11.452237 1.000000e+37
2697105 49525.785156 45820.312500 53962.277344 -53.144844 76.487106 10.459889 10.440485 1.000000e+37
2722399 49428.855469 46576.750000 52860.453125 5.123532 71.636238 49.574856 12.261392 1.000000e+37
2722404 48972.855469 46290.492188 52654.375000 -46.335312 15.197460 -6.894109 9.039962 1.000000e+37
2722496 50652.507812 46163.812500 54135.566406 9.889054 42.285591 -17.042212 12.253819 1.000000e+37
2748687 51534.058594 46754.628906 53411.921875 -65.471893 15.272100 93.222656 11.949606 1.000000e+37
2748689 51858.332031 47025.917969 52349.367188 -34.634109 109.317436 140.654892 13.320493 1.000000e+37
2748718 48882.972656 45498.902344 53957.941406 -76.819778 68.591980 12.230057 10.796601 1.000000e+37
2748825 48555.582031 46094.953125 53864.828125 -67.103828 -25.073534 -40.121105 9.483995 1.000000e+37
2775450 51146.027344 46525.656250 53341.761719 -118.297157 77.959206 92.440948 8.323571 1.000000e+37
2775455 49920.949219 46609.597656 52759.539062 60.218376 138.028976 89.095512 10.839247 1.000000e+37
2775456 50600.503906 47050.996094 53162.757812 -34.837471 23.408211 67.984581 13.087023 1.000000e+37
2775457 52105.238281 46031.066406 53352.695312 -11.283305 110.799881 65.507256 12.961832 1.000000e+37
2775458 51927.328125 46601.003906 53790.332031 -58.919773 113.876167 92.381966 10.281062 1.000000e+37
2775486 49043.386719 47104.785156 53179.722656 -52.148182 -5.378495 -12.960811 12.216028 1.000000e+37
2775488 50160.140625 46342.476562 53245.671875 -77.861427 9.798535 31.737297 12.940969 1.000000e+37
2775507 51232.675781 46627.738281 53177.972656 -73.667709 106.586555 -10.895727 12.041821 1.000000e+37
2803214 50487.292969 46173.425781 53195.566406 -68.376183 111.616486 37.205425 10.467847 1.000000e+37
2803217 51213.105469 46742.144531 53581.777344 -64.833412 167.282135 52.353409 10.436755 1.000000e+37
2803254 48551.160156 46143.898438 52307.503906 -85.860733 97.290947 20.931925 10.832092 1.000000e+37
2803271 52086.625000 46041.285156 53270.382812 -30.790161 137.440720 87.467346 11.361396 1.000000e+37
2803273 52055.265625 47138.039062 53782.203125 -14.309782 48.536682 38.492229 10.082934 1.000000e+37
2831727 51705.214844 47037.906250 53726.332031 -41.506824 42.174541 131.140594 12.653957 1.000000e+37
2831761 52112.113281 46745.339844 54156.671875 5.291835 -12.985671 -37.060741 11.276791 1.000000e+37
2831784 50735.625000 46749.539062 52952.031250 -137.432526 67.090858 130.779800 12.899970 1.000000e+37
2831854 50117.406250 46105.890625 53892.324219 1.081166 -12.027967 -38.638592 9.451257 1.000000e+37
2860938 50763.589844 46427.371094 53261.566406 -65.706741 73.409225 177.795654 7.356397 1.000000e+37
2860939 51750.464844 46729.796875 53505.117188 -58.395950 44.426922 99.518318 10.838380 1.000000e+37
2860977 51824.320312 47623.371094 52635.257812 0.592305 53.411366 61.750515 14.992603 1.000000e+37
2861073 49902.667969 47095.085938 53363.664062 -13.732066 -43.316109 -42.651455 10.811352 1.000000e+37
2891571 50357.808594 46468.542969 53027.898438 -67.821220 57.778900 117.658028 11.536669 1.000000e+37
2891574 51297.816406 46794.574219 53264.601562 -34.841846 59.320480 56.527294 15.679062 1.000000e+37
2891576 50740.199219 46799.214844 53072.542969 -0.990217 34.200111 32.646637 13.525791 1.000000e+37
2891577 52219.082031 46572.437500 53685.589844 -43.599564 115.116020 87.438416 11.858289 1.000000e+37
2891614 49772.785156 46069.945312 52680.390625 -8.493553 83.476173 118.473045 13.085228 1.000000e+37
2891615 49748.152344 46647.824219 53044.882812 9.465507 -41.727432 -23.054573 9.405981 1.000000e+37
2891620 51959.550781 46444.929688 54228.722656 -42.436619 -1.447261 -64.730186 11.627475 1.000000e+37
2891644 51204.132812 46629.890625 53209.097656 -73.387779 97.782890 -20.973904 10.972334 1.000000e+37
2891712 50527.707031 46131.351562 53983.660156 26.659252 -8.000723 -23.924665 10.054036 1.000000e+37
2922930 49231.554688 46738.542969 52930.843750 -59.067333 13.459910 114.537376 11.547647 1.000000e+37
2922931 51143.687500 45640.859375 51499.539062 -63.387012 105.272102 123.926773 11.190377 1.000000e+37
2922932 51257.019531 46623.210938 53659.550781 -26.459497 101.477310 -4.793428 9.295189 1.000000e+37
2922964 48736.976562 46020.156250 52825.023438 -72.326347 40.341740 51.396526 9.742180 1.000000e+37
2922969 49100.476562 46195.199219 53646.464844 -46.315781 26.645645 -9.513490 10.184459 1.000000e+37
2922970 49782.367188 46001.296875 54642.625000 -12.635952 24.915768 -3.697691 11.131725 1.000000e+37
2922971 50725.421875 46330.675781 54533.875000 26.924963 -3.752458 -64.560471 10.515429 1.000000e+37
2922972 49650.058594 45828.042969 53583.253906 -59.706596 121.638374 14.293001 9.676238 1.000000e+37
2923095 51458.816406 46147.695312 54075.230469 -21.259035 52.244846 -33.035328 8.972151 1.000000e+37
2955367 50477.980469 46734.367188 53104.722656 -109.635071 38.447117 134.417770 12.279050 1.000000e+37
2955368 51844.203125 47608.851562 52921.195312 -7.619289 52.038975 74.205788 10.698594 1.000000e+37
2955370 51240.726562 46828.984375 53604.300781 5.491899 69.451500 32.134270 12.417148 1.000000e+37
2955517 51974.746094 47809.585938 53506.121094 42.091206 -10.303228 -4.361113 10.414480 1.000000e+37
2988996 51750.347656 46776.371094 53399.367188 -64.714394 57.174114 73.179489 10.437357 1.000000e+37
2989042 49895.500000 45322.597656 54533.816406 -61.230522 97.501793 47.771156 12.854654 1.000000e+37
2989045 50809.109375 46043.332031 54328.347656 51.156189 17.678463 -6.862286 12.066195 1.000000e+37
2989150 49798.207031 48320.699219 52703.730469 -44.839863 13.412856 -38.640076 10.145329 1.000000e+37
2989152 50494.804688 46677.054688 53714.371094 -3.814879 -48.512295 -54.664093 11.953910 1.000000e+37
2989153 49461.718750 46726.906250 53399.019531 -26.348524 -35.808743 -44.582043 9.848228 1.000000e+37
3023684 50558.890625 46413.292969 53234.363281 -53.162838 186.486557 -10.802796 11.715730 1.000000e+37
3023689 50868.308594 46731.937500 53365.464844 -164.934845 109.720840 163.804550 9.798407 1.000000e+37
3023691 49960.156250 46502.492188 52808.503906 -37.569965 -11.659211 -33.313320 10.617854 1.000000e+37
3023728 51279.386719 46282.125000 54435.941406 -18.376554 -57.145527 -30.185474 9.624447 1.000000e+37
3023729 52152.710938 46881.343750 54083.585938 6.114782 -1.480559 -39.854694 6.980966 1.000000e+37
3023862 49919.437500 47800.464844 53227.863281 -25.819721 -3.269290 -25.219572 10.422415 1.000000e+37
3023863 51981.976562 46557.371094 54088.250000 -0.539568 -24.421093 -5.906684 12.542244 1.000000e+37
3023864 50278.640625 46160.742188 53653.527344 5.593059 -10.254525 -52.842720 12.745763 1.000000e+37
3059586 51870.953125 47936.554688 52693.843750 13.980644 53.959118 61.928558 11.090478 1.000000e+37
3059649 51301.777344 46580.960938 54298.699219 -38.214287 81.471786 47.426506 4.579160 1.000000e+37
3059650 51809.468750 46315.519531 54278.234375 -77.945038 -23.097126 7.876401 12.846334 1.000000e+37
3059660 50229.453125 45842.933594 54407.320312 24.405149 -8.903273 -15.301898 11.900288 1.000000e+37
3096579 51539.781250 46168.910156 53310.511719 -56.896786 132.565430 142.050583 9.517158 1.000000e+37
3096621 49109.085938 46322.812500 52695.902344 -41.637360 14.216860 -7.197361 8.290987 1.000000e+37
3096622 50970.015625 46902.699219 53697.468750 1.934413 -16.090282 -12.122462 8.571058 1.000000e+37
3096623 48810.402344 46339.187500 52661.515625 -74.907608 64.051094 65.157333 13.204306 1.000000e+37
3096624 49001.812500 46415.972656 52310.148438 -68.812340 95.316116 40.637333 11.474287 1.000000e+37
3096630 49518.425781 46063.113281 54417.226562 -29.880613 -15.869429 -51.013512 9.795195 1.000000e+37
3134941 51541.648438 46857.085938 53546.550781 -82.280251 63.483665 68.646027 9.651061 1.000000e+37
3134944 52216.859375 46568.285156 53651.500000 -42.623825 122.463989 92.594231 11.369069 1.000000e+37
3134984 49222.089844 46908.089844 53810.355469 -42.590466 -20.558237 -31.775368 10.634012 1.000000e+37
3134985 49572.359375 46067.914062 54641.910156 -28.190073 18.345316 0.108662 11.536184 1.000000e+37
3135012 51220.648438 46903.148438 53127.601562 -103.495476 150.814316 72.094368 11.657066 1.000000e+37
3174591 51159.464844 46734.835938 53171.441406 -78.666710 96.597557 -19.750788 6.847544 1.000000e+37
3174594 51409.109375 46728.859375 53342.351562 -27.759148 -3.571007 23.235289 7.130980 1.000000e+37
3174635 49160.191406 46681.531250 52915.929688 -42.380192 126.372246 39.192104 13.906594 1.000000e+37
3174644 49467.429688 45743.226562 54114.050781 -59.175194 84.100502 15.030306 11.150119 1.000000e+37
3174682 50402.214844 45608.316406 54439.031250 -43.591034 111.630310 42.464901 11.349199 1.000000e+37
3174775 50167.003906 46766.109375 53508.824219 15.359046 -51.278439 -57.821499 9.608382 1.000000e+37
3174776 48819.062500 46037.542969 53845.964844 -62.474033 -16.169661 -47.165485 8.045663 1.000000e+37
3215347 51869.281250 45153.820312 53200.359375 -31.712170 108.331772 127.607430 7.808298 1.000000e+37
3215390 48715.625000 45797.437500 54069.421875 -61.852848 25.313358 -5.061772 10.455352 1.000000e+37
3215391 51003.898438 46914.242188 53705.343750 -2.712486 -17.471504 -13.267252 10.487844 1.000000e+37
3215392 49107.746094 45573.214844 54448.851562 -60.606453 54.838264 9.755798 11.398566 1.000000e+37
3215397 49589.804688 46015.976562 54468.667969 -20.042313 -2.439668 -59.614220 9.236979 1.000000e+37
3215538 49769.906250 48295.769531 52748.335938 -34.747623 3.922936 -50.277920 7.149446 1.000000e+37
3258232 49653.453125 46100.437500 53050.636719 23.395042 85.309265 58.652519 9.324013 1.000000e+37
3258241 51210.968750 46529.550781 54651.023438 -18.055397 27.968094 -24.185337 8.561022 1.000000e+37
3258285 50802.925781 46552.164062 52961.644531 -145.505630 117.617950 106.616325 11.411991 1.000000e+37
3258382 48970.800781 46127.535156 53722.707031 -52.753487 -40.262619 -60.543800 11.444092 1.000000e+37
3302529 52030.628906 47035.226562 53347.070312 -22.876318 48.828716 110.757713 7.548292 1.000000e+37
3302534 50464.187500 46516.003906 52978.109375 -147.485687 101.510010 87.893951 4.114757 1.000000e+37
3302546 49517.914062 44754.105469 53104.480469 -93.115044 99.063652 70.967537 9.225278 1.000000e+37
3302547 49494.921875 45300.050781 52839.109375 -91.141197 124.972290 65.021362 11.699660 1.000000e+37
3302595 51327.617188 46555.933594 54570.296875 -30.774776 9.539407 -44.711647 11.562856 1.000000e+37
3302596 51011.460938 46384.953125 54516.781250 3.674925 22.560513 -74.163048 9.462863 1.000000e+37
3302642 50934.761719 45708.691406 54616.089844 -35.668377 122.143654 50.169052 10.249798 1.000000e+37
3302775 52257.757812 47058.867188 53680.789062 44.023468 -45.584282 -62.554165 11.746221 1.000000e+37
3348870 49838.425781 46575.953125 52959.105469 -6.988796 -39.429203 67.523743 11.194150 1.000000e+37
3348886 49937.464844 45847.414062 54284.546875 -2.428959 12.526296 -51.096336 10.220433 1.000000e+37
3349036 51804.410156 46015.156250 54267.417969 -14.215827 37.433212 -37.680603 11.700129 1.000000e+37
3396860 52281.203125 47143.250000 53388.328125 -9.600846 61.471596 105.193245 8.400884 1.000000e+37
3396866 51226.800781 45716.644531 51576.105469 -60.982002 106.713707 125.227386 9.274531 1.000000e+37
3396868 52094.296875 45994.679688 53677.777344 -31.569572 121.195251 100.434265 9.382210 1.000000e+37
3396917 48614.464844 46474.410156 52518.328125 -73.576408 103.933067 33.592083 8.883142 1.000000e+37
3396921 50771.804688 46829.812500 53655.593750 -4.084730 -13.574151 -22.578171 10.262454 1.000000e+37
3397106 50488.398438 46203.621094 53643.906250 12.769400 -8.112080 -47.714016 8.966052 1.000000e+37
3446553 50721.058594 46357.898438 53234.105469 -54.831394 73.823029 156.744919 9.296022 1.000000e+37
3446573 49653.824219 45943.457031 52994.082031 -68.571945 171.600647 69.603989 11.365583 1.000000e+37
3446623 51024.218750 46538.343750 54286.648438 7.616285 -25.762077 20.507412 10.553289 1.000000e+37
3498378 51778.882812 46722.441406 53738.632812 -52.217667 148.116257 97.304047 9.016327 1.000000e+37
3498436 50247.894531 46492.492188 53064.105469 -174.392731 122.688850 109.122192 11.638716 1.000000e+37
3498446 51127.679688 46492.648438 54624.468750 -30.018509 60.834000 -35.387222 7.128503 1.000000e+37
3498447 48946.667969 46320.617188 52292.644531 -72.743813 103.779800 38.829830 11.004826 1.000000e+37
3498489 51945.675781 47133.609375 53818.324219 -16.689285 54.564934 30.077892 6.729812 1.000000e+37
3498630 52069.785156 46948.554688 53966.117188 46.355255 -16.927938 -25.208260 6.797283 1.000000e+37
3498632 48856.214844 46219.964844 54108.562500 -57.315948 -33.120495 -48.966579 9.499469 1.000000e+37
3498633 48598.964844 46954.265625 53182.566406 -70.175224 -33.189545 -54.819134 11.192767 1.000000e+37
3552324 51408.691406 46744.125000 53586.367188 -110.377045 104.703690 67.787117 11.293093 1.000000e+37
3552367 49839.953125 46529.898438 53082.085938 -64.816444 58.766674 47.719543 7.845348 1.000000e+37
3552369 49441.187500 46591.769531 52978.457031 -8.353176 -14.819692 -10.567596 9.972651 1.000000e+37
3552378 49706.863281 46798.968750 53895.519531 -18.644131 -20.304173 -42.390137 10.170725 1.000000e+37
3552389 51627.730469 46409.546875 54099.296875 29.309282 10.884481 7.145197 11.284928 1.000000e+37
3552429 51331.031250 46388.250000 54736.160156 -35.820992 40.523350 -40.746254 7.818045 1.000000e+37
3554890 49326.058594 47902.699219 53920.402344 -44.180065 -32.841160 -92.654434 7.995902 1.000000e+37
3608589 50434.667969 46684.824219 53271.894531 -83.945488 143.321075 4.853569 7.622687 1.000000e+37
3608593 51136.863281 46757.300781 53371.421875 -24.932831 53.749500 23.351477 11.122136 1.000000e+37
3608594 50662.382812 46948.515625 53402.621094 -7.774159 -39.070625 -10.165447 10.049338 1.000000e+37
3608595 51690.171875 46649.886719 53485.445312 -78.785202 121.389275 80.094521 10.048462 1.000000e+37
3608665 50610.675781 46117.656250 54260.777344 43.104984 -32.552456 -23.314123 9.502968 1.000000e+37
3608836 49469.152344 47550.835938 53221.851562 -37.196606 -6.334301 -17.108662 8.185147 1.000000e+37
3608838 50290.464844 48221.316406 52743.218750 -18.820770 0.220930 -59.060230 9.008983 1.000000e+37
3667432 51495.121094 44945.457031 52882.417969 -63.645813 114.185234 143.723801 10.797692 1.000000e+37
3667450 50585.007812 44591.164062 53019.523438 -66.783661 103.026344 80.983971 10.241547 1.000000e+37
3667507 48846.140625 46421.679688 52518.640625 -94.214340 72.642357 69.045311 9.855839 1.000000e+37
3667513 48838.550781 45971.441406 52364.453125 -80.829277 44.229755 65.481323 10.790795 1.000000e+37
3667516 51872.496094 47118.609375 53943.550781 20.284737 31.697256 26.644897 10.128294 1.000000e+37
3667518 52038.886719 46912.164062 54235.519531 18.629065 9.830004 -14.742735 9.215941 1.000000e+37
3667520 50082.742188 46140.726562 53059.179688 -146.580246 74.405029 115.190804 9.859269 1.000000e+37
3667526 51284.035156 46050.812500 54459.929688 -46.546375 -10.508245 -22.622503 11.233677 1.000000e+37
3667715 49776.914062 48213.417969 52544.320312 -40.708385 32.390526 -1.422400 9.406970 1.000000e+37
3667717 49422.128906 46831.714844 53555.476562 -33.125690 -37.041840 -45.800999 7.537618 1.000000e+37
3667718 49124.152344 46311.441406 54077.484375 -42.655815 -30.325882 -45.109215 8.017735 1.000000e+37
3667719 51870.429688 46201.656250 54156.335938 -29.360069 52.964508 -34.208389 10.090640 1.000000e+37
3728903 50543.757812 46627.023438 53466.378906 -154.247040 50.372883 58.035091 8.153582 1.000000e+37
3728908 51340.667969 46972.140625 53588.328125 27.362410 -51.106522 -22.767988 9.830326 1.000000e+37
3728997 51595.636719 46662.820312 54510.117188 2.320871 6.074859 -45.279274 10.601700 1.000000e+37
3728999 48506.296875 45690.078125 53334.371094 -91.725220 73.833992 4.015017 8.796944 1.000000e+37
3729006 49110.757812 46098.847656 54252.082031 -40.436951 -26.375238 -42.908794 6.763483 1.000000e+37
3729007 49360.363281 46064.242188 54292.222656 -38.286510 -28.102451 -36.163643 9.807566 1.000000e+37
3729072 51252.894531 46538.710938 53814.796875 13.013216 -29.213223 -22.315975 9.416594 1.000000e+37
3729231 48487.050781 46580.343750 53717.136719 -74.781868 -25.511667 -42.099907 10.144711 1.000000e+37
3793264 50440.062500 46386.441406 53082.878906 -90.341019 205.388199 67.373436 8.228174 1.000000e+37
3793274 51558.359375 46904.089844 53624.695312 -2.354100 11.064854 13.828296 9.368174 1.000000e+37
3793275 52084.027344 46605.515625 53446.496094 -30.226194 124.889229 96.672745 9.928154 1.000000e+37
3793346 50793.097656 46462.628906 54262.871094 31.771540 0.610603 6.486022 8.580637 1.000000e+37
3793347 50328.980469 46608.562500 54071.761719 8.745314 -32.008148 -33.735676 9.477903 1.000000e+37
3793348 51148.812500 46492.398438 54423.109375 11.315231 -38.903435 15.630940 8.559770 1.000000e+37
3793349 51713.316406 46273.121094 54435.304688 9.973458 -1.682287 -70.264313 11.156274 1.000000e+37
3793350 52173.574219 46914.222656 54094.652344 4.329356 -5.609242 -40.355011 9.607436 1.000000e+37
3793351 51370.828125 47050.511719 53824.484375 25.362118 -21.987827 -13.813312 8.134724 1.000000e+37
3793360 52048.781250 46541.265625 54101.289062 -29.337959 -1.348578 -45.206890 10.322258 1.000000e+37
3793600 49066.191406 46127.773438 54086.929688 -49.609913 -16.808290 -42.564743 7.556745 1.000000e+37
3860962 51384.761719 46780.253906 53768.000000 -76.194580 32.368206 121.936729 7.850167 1.000000e+37
3860963 51989.292969 47108.656250 53480.992188 -41.475296 90.003227 147.785782 9.361709 1.000000e+37
3860968 51976.757812 46683.550781 53695.007812 -59.806976 116.303139 90.895172 9.669415 1.000000e+37
3860969 51534.132812 46875.406250 53832.933594 -85.264290 115.802330 82.527321 12.403893 1.000000e+37
3861003 49411.730469 46390.058594 53003.015625 -26.301472 160.439880 48.425674 10.411469 1.000000e+37
3861039 50015.300781 47949.285156 52042.988281 -51.940800 50.345177 48.144279 8.469989 1.000000e+37
3861054 49641.542969 46664.710938 53051.773438 5.586319 -36.570107 -15.348385 7.321305 1.000000e+37
3861083 49924.203125 45413.367188 53280.632812 -70.006226 134.698517 41.562206 8.981409 1.000000e+37
3861266 49965.636719 46805.812500 53535.496094 -2.029042 -44.459530 -53.904984 10.164330 1.000000e+37
3861267 51334.519531 46606.484375 53814.148438 13.112830 -33.287411 -28.430445 7.945930 1.000000e+37
3931861 50426.378906 46560.390625 52954.937500 -56.152191 -36.456043 135.758499 8.280968 1.000000e+37
3931862 49705.316406 46460.070312 52805.000000 -37.034836 -22.802954 99.475708 9.390140 1.000000e+37
3931869 49724.164062 44811.714844 52504.429688 -94.832153 93.205498 117.368378 7.535445 1.000000e+37
3931871 49028.066406 45048.792969 52974.113281 -110.385788 106.962921 91.940117 7.948916 1.000000e+37
3931872 51139.382812 46695.175781 53665.027344 -103.573250 100.003433 69.680710 12.312067 1.000000e+37
3931932 48865.718750 46566.914062 52832.195312 -56.081001 77.779823 38.331436 10.107136 1.000000e+37
3931945 51226.171875 46359.351562 54729.035156 -27.067003 70.750359 -15.959530 9.995589 1.000000e+37
3931946 51828.636719 46533.984375 54534.546875 14.030317 -26.004969 -17.019094 7.553958 1.000000e+37
3932009 51945.511719 47155.484375 54049.746094 7.659369 12.394861 13.138859 9.047811 1.000000e+37
4006641 51546.761719 46894.515625 53791.773438 -53.151161 38.734383 127.131546 8.222863 1.000000e+37
4006646 49907.882812 45218.589844 51840.390625 -94.933083 98.804321 120.963005 9.478411 1.000000e+37
4006647 51247.183594 46600.085938 53515.828125 -25.680914 61.333103 -16.814028 9.189880 1.000000e+37
4006679 51467.167969 45227.425781 53323.070312 -27.018311 119.792946 84.010353 7.775707 1.000000e+37
4006739 48753.457031 46134.632812 52630.390625 -80.844254 39.802174 41.868305 12.901649 1.000000e+37
4006740 49301.480469 46013.457031 53002.500000 -29.690046 24.302433 88.715630 9.361379 1.000000e+37
4006752 51356.890625 46246.109375 54702.644531 3.006656 -33.665749 -9.305675 6.729751 1.000000e+37
4006756 49325.660156 45589.632812 54621.164062 -50.920738 56.039391 13.513682 9.097821 1.000000e+37
4007039 50686.921875 47032.757812 53384.285156 3.108510 -52.556870 -41.140163 11.073477 1.000000e+37
4084918 52069.570312 47202.144531 53386.875000 -22.389986 52.425251 87.322708 10.050271 1.000000e+37
4084922 50497.988281 44586.625000 52537.906250 -101.563072 90.484261 113.723930 5.599239 1.000000e+37
4084923 51235.484375 46663.371094 53576.992188 -104.398560 75.637428 70.436455 8.831287 1.000000e+37
4085006 48619.929688 46017.800781 53728.394531 -72.526672 38.052433 -1.723604 9.377543 1.000000e+37
4085008 51284.449219 46537.218750 53203.550781 -57.925762 14.853851 13.363767 8.211832 1.000000e+37
4085009 49940.265625 46577.859375 52594.863281 8.737184 103.016891 119.641357 8.095580 1.000000e+37
4085015 51010.968750 46084.496094 54432.699219 100.471413 20.719988 10.411646 10.408320 1.000000e+37
4085074 51663.968750 46518.167969 54548.242188 -17.056749 -5.541237 29.941050 9.565290 1.000000e+37
4085259 49764.281250 46740.378906 53391.289062 -8.900330 -40.818069 -52.718746 8.070509 1.000000e+37
4085262 50147.449219 47238.351562 53194.445312 -12.189818 -54.360706 -71.602623 9.392918 1.000000e+37
4167099 50324.917969 46603.121094 53082.878906 -63.270115 90.987297 31.459076 8.814103 1.000000e+37
4167161 49729.445312 46659.750000 52981.515625 43.563000 157.125992 58.302425 8.587179 1.000000e+37
4167196 50224.832031 46360.769531 53045.445312 -137.107056 -25.154099 134.325821 8.596553 1.000000e+37
4167211 50616.085938 46276.660156 54602.363281 9.391482 60.873478 -36.294899 9.552001 1.000000e+37
4167212 51984.234375 47138.285156 53941.113281 33.226067 24.000702 35.328293 8.619129 1.000000e+37
4167217 49652.585938 45483.917969 54088.292969 -65.583527 101.609070 32.512913 10.211511 1.000000e+37
4167280 51490.484375 45734.542969 54186.503906 -31.376268 125.082230 48.290863 8.842375 1.000000e+37
4167508 51176.167969 46292.175781 54136.011719 -0.342699 -33.968666 19.307423 9.378030 1.000000e+37
4167509 52174.945312 46955.667969 53710.519531 30.834850 -8.412382 0.314089 7.112651 1.000000e+37
4167511 49817.265625 46074.082031 54015.105469 -12.216702 -16.927723 -42.214928 9.893208 1.000000e+37
4167512 48868.218750 46158.800781 54033.980469 -59.801338 -5.370632 -48.800556 8.899119 1.000000e+37
4171098 50481.402344 45671.511719 54186.808594 -0.158650 12.799736 -67.195801 7.975025 1.000000e+37
4252499 52402.531250 46142.785156 52990.550781 -24.046183 112.352364 148.910248 8.404904 1.000000e+37
4252503 48933.824219 45048.648438 52764.253906 -117.919655 106.134964 104.717369 9.426130 1.000000e+37
4252520 51390.394531 45355.960938 53348.449219 -34.878613 123.546555 87.013824 8.474508 1.000000e+37
4252583 49813.589844 46571.582031 52940.355469 91.318756 34.213718 61.921597 8.189945 1.000000e+37
4252604 51639.476562 46939.339844 53636.828125 17.100077 -18.887136 -15.331428 5.989622 1.000000e+37
4252605 51159.777344 46451.312500 53114.382812 -78.316803 26.065302 13.167418 7.332002 1.000000e+37
4252609 50178.136719 46092.285156 54312.367188 -22.254627 82.307411 24.884569 8.846947 1.000000e+37
4252619 50422.832031 46048.269531 54466.332031 16.445637 9.053984 -5.903059 9.280981 1.000000e+37
4252665 51252.781250 46572.347656 53479.089844 -45.026966 96.718552 -11.629343 7.544426 1.000000e+37
4252911 49916.765625 47848.929688 52981.828125 -27.018473 -6.249416 -37.212742 7.400898 1.000000e+37
4252913 49956.644531 47124.554688 53558.800781 -12.257222 -32.387676 -31.813969 9.512199 1.000000e+37
4252916 48963.835938 46167.148438 54071.910156 -54.104149 -15.092090 -45.786804 8.858366 1.000000e+37
4252917 48477.621094 46132.054688 53822.320312 -69.415901 -23.863508 -43.063339 8.483559 1.000000e+37
4256667 50880.480469 45982.824219 53989.582031 -5.984690 34.227150 -32.319351 9.091230 1.000000e+37
4341691 51252.046875 46581.949219 53360.746094 -114.437912 42.314655 76.618507 9.034514 1.000000e+37
4341705 51854.160156 46052.765625 53465.488281 -23.441572 136.564178 73.264282 8.513783 1.000000e+37
4341732 49501.226562 44688.125000 52675.015625 -97.858147 98.655869 107.008141 7.889287 1.000000e+37
4341808 50021.136719 47865.585938 52084.566406 -50.978470 50.397472 51.621807 10.516150 1.000000e+37
4341809 48988.820312 45984.273438 52909.261719 -60.599487 23.499428 75.802963 8.314008 1.000000e+37
4341810 48351.062500 46297.269531 52881.875000 -88.951927 28.906923 82.579750 9.555495 1.000000e+37
4341825 50819.500000 46358.503906 54438.343750 7.768457 3.486711 -75.504089 6.511067 1.000000e+37
4341834 50733.851562 46205.207031 54589.253906 -8.735552 119.575050 20.307493 8.730361 1.000000e+37
4341835 51229.722656 46382.285156 54964.363281 -43.732861 75.486595 14.922439 5.470082 1.000000e+37
4341895 52259.335938 45807.816406 53239.917969 -10.448567 126.956047 59.356861 8.592772 1.000000e+37
4341915 51061.453125 46812.011719 53134.625000 -108.542244 158.090073 34.186348 6.945931 1.000000e+37
4342172 48564.671875 46401.558594 54026.746094 -73.071365 -35.946178 -43.364761 12.680094 1.000000e+37
4342173 49811.394531 47342.750000 53140.632812 -22.395027 -45.263241 -71.954575 8.064658 1.000000e+37
4342175 50369.843750 45794.359375 54138.664062 11.140847 -1.717657 -16.466980 9.551928 1.000000e+37
4346072 51960.867188 46928.902344 53804.421875 43.724396 -50.804829 -74.579933 6.993239 1.000000e+37
