#subID	 x	 y	 z	 vx	 yv	 yz	 vmax	 B_MAG
#subID	 kpc/h	 kpc/h	 kpc/h	 km/s	 km/s	 km/s	 km/s	 mags
424750 69327.960938 2811.710693 45312.238281 10.472581 -177.220322 -297.171234 194.094269 -2.044664e+01
424751 69361.671875 2757.082764 45313.054688 -61.009148 -58.498497 -300.508453 61.962170 -1.688798e+01
424752 69653.000000 2952.597412 45296.464844 -43.158310 -251.792480 -287.155396 52.504120 -1.397825e+01
424753 69222.140625 2679.156738 45473.121094 101.276573 -116.096336 -205.185608 35.206863 -1.079803e+01
424754 69125.343750 2954.290283 45243.757812 110.434486 -193.940399 -197.545822 29.770329 1.000000e+37
424755 69384.703125 2664.783203 45226.343750 -33.347286 -127.222649 -222.005508 36.382080 -1.182347e+01
424756 69181.695312 2700.449951 45270.578125 158.288864 -167.177597 -385.387848 21.882664 1.000000e+37
424757 69112.250000 2798.371826 45250.187500 136.206024 -158.977875 -197.835678 22.027964 1.000000e+37
424758 69348.789062 2712.970215 45353.906250 9.392241 13.221243 -446.532654 20.097706 1.000000e+37
424759 69367.195312 2925.884033 45266.945312 140.666458 -190.217468 -151.547104 17.620808 1.000000e+37
424760 69236.820312 2726.849609 45195.246094 173.588852 -124.622726 -268.924286 19.221903 1.000000e+37
424761 69113.078125 2997.270996 45211.406250 91.063240 -199.467957 -200.142792 16.829412 1.000000e+37
424762 69396.414062 2787.223633 45476.042969 146.888168 -205.362183 -222.460800 14.427214 1.000000e+37
424763 69633.390625 2887.455566 45266.050781 -23.928612 -162.432541 -330.063293 16.190643 1.000000e+37
424764 69457.632812 2861.249512 45217.816406 -32.939854 -167.729462 -237.899994 20.978369 -9.797902e+00
424765 69379.039062 2957.697510 45368.597656 81.470543 -267.411346 -179.020493 15.061195 1.000000e+37
424766 69452.734375 2835.599365 45269.019531 25.725653 -181.668808 -474.559998 15.856736 1.000000e+37
424767 69284.140625 2854.785645 45401.171875 39.445946 -339.140015 -381.683319 16.069376 1.000000e+37
424768 69412.187500 2862.467529 45188.316406 -98.465599 -245.860077 -266.864075 16.861933 1.000000e+37
424769 69103.507812 2731.420410 45319.015625 -120.945892 -199.431244 -356.182007 13.602164 1.000000e+37
424770 69131.484375 2665.338379 45317.480469 -7.427221 -242.584427 -400.086639 13.973278 1.000000e+37
424771 69408.265625 2912.142090 45229.757812 131.772690 -273.721466 -195.982620 13.817016 1.000000e+37
424772 69171.218750 2769.491943 45334.261719 120.977829 -256.736145 -338.703247 14.884271 1.000000e+37
424773 69411.828125 2665.268311 45276.703125 37.687016 -340.168549 -336.806580 12.037349 1.000000e+37
424774 69463.484375 2704.541260 45336.675781 47.920048 -343.816040 -294.449158 10.990853 1.000000e+37
424775 69285.648438 2834.175049 45347.941406 202.698196 -70.616913 -172.144699 17.056742 1.000000e+37
424776 69243.250000 2832.928223 45241.964844 140.301834 -149.643723 -324.251587 17.229078 1.000000e+37
424777 69198.781250 2839.202148 45375.554688 164.900894 -266.803711 -254.806137 17.421467 1.000000e+37
424778 69195.085938 2820.619385 45438.402344 154.125275 -127.521301 -265.315796 12.721212 1.000000e+37
424779 69044.890625 2828.109863 45309.457031 31.743633 -151.440826 -355.263153 13.322427 1.000000e+37
424780 69289.882812 2782.380127 45253.964844 -10.932761 -165.941879 -125.098602 17.563662 -9.860929e+00
424781 69420.929688 2954.819580 45315.644531 102.189438 -230.655258 -171.921127 10.907258 1.000000e+37
424782 69541.421875 2913.928955 45287.511719 -44.184715 -268.442413 -204.073822 11.903481 1.000000e+37
424783 69347.976562 2749.994385 45443.601562 -181.331726 -246.498566 -270.808472 11.436571 1.000000e+37
424784 69402.609375 2810.068848 45429.140625 21.399584 -170.514389 -122.710732 12.034842 1.000000e+37
424785 69470.234375 2901.535400 45225.542969 76.191940 -210.129044 -262.901154 14.553999 1.000000e+37
424786 69133.304688 2744.824951 45230.285156 2.345647 -143.644424 -326.386169 14.908133 1.000000e+37
424787 69462.039062 2854.641357 45233.660156 144.191666 -84.842232 -241.544067 11.483562 1.000000e+37
424788 69228.195312 2771.160889 45266.878906 96.624435 -234.146255 -250.521088 13.365666 1.000000e+37
424789 69501.085938 2787.454102 45283.960938 -147.461029 -212.967987 -364.818359 11.933611 1.000000e+37
424790 69312.343750 2798.584473 45357.890625 190.585098 -206.845825 -82.549362 14.791738 -8.527397e+00
424791 69275.156250 2830.026611 45282.605469 -14.597522 -212.747467 -8.830361 13.803737 1.000000e+37
424792 69389.617188 2842.949219 45519.945312 81.067085 -76.393959 -320.248810 11.726739 1.000000e+37
424793 69125.312500 2989.666748 45234.511719 112.826355 -171.655807 -171.991608 13.068898 1.000000e+37
424794 69358.109375 2661.429199 45271.574219 -142.350372 -256.784760 -401.255859 10.954634 1.000000e+37
424795 69578.476562 2945.848389 45264.781250 -30.751522 -265.647736 -216.039291 13.471070 1.000000e+37
424796 69205.820312 2947.362305 45212.800781 148.941483 -127.390434 -270.013794 10.595535 1.000000e+37
424797 69197.289062 2802.929199 45252.078125 176.384796 -165.737122 -228.817902 11.767173 1.000000e+37
424798 69412.953125 2813.248779 45475.164062 -54.663177 -239.878067 -421.495178 12.181496 1.000000e+37
424799 69263.320312 2909.211182 45349.074219 134.457153 -240.509476 -372.076691 11.053816 1.000000e+37
424800 69216.414062 2918.033691 45447.648438 57.852261 -308.970184 -417.030487 9.862937 1.000000e+37
424801 69250.390625 2745.812988 45306.066406 81.754852 -58.336117 -372.113739 12.659604 1.000000e+37
424802 69261.406250 2845.312988 45162.226562 -49.779049 -114.166702 -309.639709 13.088288 1.000000e+37
424803 69455.320312 2745.202637 45454.097656 -56.347179 -255.698944 -284.596771 9.757445 1.000000e+37
424804 69652.703125 2926.041748 45303.160156 -6.937813 -213.264145 -353.533203 11.325501 1.000000e+37
424805 69411.093750 2782.003174 45387.070312 139.336212 -358.694397 -333.946838 12.473939 1.000000e+37
424806 69030.085938 2847.615479 45262.398438 -68.734779 -208.550430 -284.278778 11.478431 1.000000e+37
424807 69439.554688 2823.849121 45257.101562 110.353485 -109.483841 -133.969055 10.311653 1.000000e+37
424808 69220.585938 2868.086426 45336.441406 100.129486 -202.709000 -359.744568 11.549487 1.000000e+37
424809 69196.851562 2902.921631 45408.437500 139.435440 -220.184540 -240.632874 11.701544 1.000000e+37
424810 69352.390625 2840.273682 45270.839844 -19.909294 -348.311737 -182.649933 10.975935 1.000000e+37
424811 69302.945312 2821.112549 45154.156250 -65.306541 -215.288116 -454.993805 7.576763 1.000000e+37
424812 69325.226562 2636.162109 45314.117188 6.141785 -47.830532 -453.799774 8.301084 1.000000e+37
424813 69300.851562 2765.547852 45272.839844 239.645111 -242.768158 -435.719879 11.645460 1.000000e+37
424814 69359.968750 2872.633789 45427.890625 115.455399 -52.738266 -383.123535 8.468021 1.000000e+37
424815 69332.015625 2947.825195 45218.925781 27.982885 -238.830704 -287.905945 5.718706 1.000000e+37
424816 69264.843750 2952.771729 45223.167969 66.064941 -221.052643 -461.801758 8.867303 1.000000e+37
452132 69978.125000 2920.627686 45446.500000 -61.498081 -184.210617 -342.387421 180.289688 -2.112026e+01
452133 70068.671875 2896.733398 45377.480469 -74.223907 -273.889709 -184.122833 27.633385 1.000000e+37
452134 69894.375000 2968.750977 45614.738281 -174.768768 -211.885239 -333.287415 23.005468 1.000000e+37
452135 69977.554688 2914.021973 45453.496094 68.503555 -262.173096 -463.686188 31.708168 -1.736155e+01
452136 70068.289062 2958.543213 45259.625000 -124.345810 -222.411423 -305.095062 25.074286 1.000000e+37
452137 69742.812500 2867.674316 45399.492188 58.713657 -152.561523 -355.721436 21.788996 1.000000e+37
452138 69921.976562 2895.934570 45489.726562 -38.103603 -317.669495 -237.373627 23.188898 -9.033864e+00
452139 70043.468750 2911.292236 45624.261719 -40.641186 -77.941185 -302.270721 15.355975 1.000000e+37
452140 69852.445312 2880.845947 45383.660156 -25.287718 -63.898014 -356.553528 15.284892 1.000000e+37
452141 70087.804688 2951.324219 45264.453125 -63.003807 -271.919769 -227.474716 11.439642 1.000000e+37
452142 70002.203125 2873.461670 45596.625000 -62.190685 -83.775398 -246.540710 7.511117 1.000000e+37
452143 70043.617188 2939.522949 45406.460938 -102.979210 -132.658783 -165.407013 11.559997 1.000000e+37
452144 69841.671875 2906.032471 45368.097656 -137.660507 -209.051102 -429.729218 7.794815 1.000000e+37
452145 69756.851562 2840.124756 45403.570312 -120.987411 -261.559967 -346.317139 6.789331 1.000000e+37
452146 69778.007812 2815.096436 45424.046875 -93.914734 -242.216919 -341.721924 6.376128 1.000000e+37
484249 69264.859375 2748.047119 43345.859375 -172.339630 -9.057431 -243.837158 15.542688 1.000000e+37
519978 68404.125000 2589.531006 44659.359375 -8.496992 -184.847305 -254.787384 112.385185 -1.962429e+01
519979 68417.867188 2559.231689 44740.832031 83.985840 -193.786942 -270.911682 42.550228 -1.370210e+01
519980 68448.281250 2614.584229 44656.644531 -69.603752 -153.470459 -158.497635 35.424297 -1.163359e+01
519981 68416.898438 2612.268311 44648.765625 -56.685226 -195.353119 -217.679092 16.054483 1.000000e+37
519982 68399.921875 2577.057129 44740.347656 -42.059010 -209.335617 -171.488998 14.306801 1.000000e+37
519983 68278.023438 2603.010742 44612.398438 61.824039 -150.421127 -217.444580 14.738068 1.000000e+37
519984 68462.562500 2554.721680 44697.292969 35.201660 -268.261292 -210.162109 10.546864 1.000000e+37
519985 68425.921875 2640.535156 44711.238281 -37.408493 -149.891632 -337.188416 14.952613 1.000000e+37
519986 68365.265625 2683.998291 44563.777344 34.670357 -192.072113 -265.879822 12.916532 1.000000e+37
519987 68359.687500 2591.929199 44719.933594 25.636787 -178.441727 -342.800446 10.491026 1.000000e+37
519988 68409.429688 2539.695068 44788.218750 9.029867 -139.121140 -249.813858 11.360388 1.000000e+37
519989 68458.593750 2554.521484 44739.843750 70.477486 -230.537201 -262.298889 9.316509 1.000000e+37
519990 68313.750000 2570.276123 44613.925781 91.863297 -180.224731 -325.160339 7.321840 1.000000e+37
519991 68413.601562 2592.446289 44621.222656 24.973486 -38.627953 -267.956879 9.576901 1.000000e+37
519992 68427.328125 2578.390381 44587.332031 23.407722 -129.788513 -200.538177 10.892768 1.000000e+37
542219 70912.187500 4374.441406 45026.746094 -43.917244 -206.166107 -281.599518 100.176346 -1.838103e+01
542220 70928.101562 4332.136230 45022.363281 33.431721 -182.618591 -339.019073 58.792042 -1.646253e+01
542221 71001.882812 4314.213867 45009.476562 -19.226433 -311.135345 -317.703430 21.227913 1.000000e+37
542222 70892.859375 4409.206055 45099.457031 12.055564 -159.296722 -248.061005 14.450726 1.000000e+37
542223 70857.531250 4398.733398 45090.332031 -28.023296 -109.971191 -306.556946 12.918092 1.000000e+37
542224 70935.414062 4361.476562 45000.375000 -98.027832 -274.276367 -199.243301 12.046714 1.000000e+37
542225 71005.648438 4368.143066 44966.578125 -105.456406 -231.550903 -240.784119 7.239951 1.000000e+37
544861 70901.523438 4065.619385 45083.632812 20.354679 -181.466400 -304.947937 82.890282 -1.782062e+01
544862 70919.250000 3947.554443 45127.960938 -27.592411 -187.528397 -283.262787 79.752495 -1.779005e+01
544863 70826.164062 4096.698730 45126.945312 19.235413 -179.198700 -377.653625 24.734827 1.000000e+37
544864 70869.968750 4105.763184 45096.230469 53.550663 -155.899765 -244.834351 24.992678 -8.006669e+00
544865 70905.031250 4071.625488 45067.000000 -72.234428 -154.554749 -293.094666 29.073004 1.000000e+37
544866 70800.726562 4124.370117 45087.460938 31.639996 -130.772690 -276.285767 14.221704 1.000000e+37
544867 70810.281250 4054.772705 45074.664062 -26.558640 -224.315979 -240.414810 14.713299 1.000000e+37
544868 70880.335938 4023.569824 45111.671875 17.038773 -144.466141 -337.223511 11.275862 1.000000e+37
544869 70803.734375 4033.868408 45108.710938 16.215002 -202.810944 -307.675690 11.554728 1.000000e+37
544870 70921.515625 3929.211914 45143.078125 -94.583534 -228.560425 -335.484985 12.001546 1.000000e+37
544871 70923.718750 3899.450684 45140.304688 -61.669502 -166.646515 -277.875122 10.716791 1.000000e+37
544872 70902.976562 3907.462891 45142.484375 -68.408127 -183.052567 -288.204468 12.441902 1.000000e+37
587420 68365.554688 2811.233154 45815.222656 19.958601 -214.665314 -336.665161 85.546173 -1.745754e+01
587421 68351.210938 2848.686035 45779.074219 -12.015035 -198.370224 -325.862976 34.513443 -1.127854e+01
587422 68330.234375 2829.565430 45870.929688 -6.271261 -224.560074 -427.424744 13.919002 1.000000e+37
587423 68358.804688 2890.563232 45842.207031 -37.964993 -181.789810 -351.824554 8.357374 1.000000e+37
587424 68410.421875 2822.938965 45725.125000 21.462669 -167.009064 -410.453033 6.476425 1.000000e+37
631716 70184.820312 2432.901367 43643.816406 3.088319 -128.755692 -262.758667 70.262207 -1.653022e+01
631717 70158.851562 2448.068848 43646.382812 68.515633 -147.159256 -236.457748 12.314966 1.000000e+37
658534 69929.664062 1022.657410 44892.710938 -44.286301 21.802286 -132.608093 63.872993 -1.549955e+01
670519 71203.375000 2146.115723 45079.175781 44.610481 -147.858536 -336.765900 59.893730 -1.503484e+01
670520 71247.960938 2163.803223 45050.621094 5.886789 -116.473633 -337.311554 24.367298 1.000000e+37
674855 70768.140625 1770.169678 46112.023438 -26.556984 -159.078293 -335.532928 55.886795 -1.455054e+01
674856 70767.609375 1835.062866 46101.714844 -20.500898 -139.544083 -328.883728 13.501273 1.000000e+37
674857 70777.609375 1783.188599 46090.707031 -34.712460 -214.626190 -280.552185 11.396393 1.000000e+37
678795 67942.476562 2582.190918 44356.257812 7.549133 -186.713486 -290.537231 57.630276 -1.557544e+01
683514 70284.257812 3137.789062 45256.699219 -79.407257 -247.539688 -307.841919 61.267982 -1.520049e+01
683515 70324.773438 3104.170410 45285.187500 -98.243484 -221.091263 -306.171783 12.358520 1.000000e+37
690729 70554.820312 1077.002075 45979.464844 12.938078 -125.439697 -257.774048 61.026005 -1.504297e+01
690730 70548.796875 1136.098022 45959.246094 -9.623358 -133.132706 -222.302826 10.052114 1.000000e+37
700635 70486.609375 1554.604980 46267.687500 -10.837772 -145.646179 -306.131470 49.853943 -1.389763e+01
700636 70496.601562 1567.582886 46248.292969 -16.151501 -157.928802 -276.827484 15.789297 1.000000e+37
715230 69421.148438 1258.330933 44187.699219 -34.142231 -19.921181 -210.924210 51.285919 -1.407603e+01
715231 69432.734375 1280.226074 44173.468750 -19.211153 -54.184399 -198.473129 20.205408 1.000000e+37
728105 70206.843750 3171.552490 45347.835938 -4.105844 -284.282654 -261.087250 49.724476 -1.322375e+01
739591 69207.414062 2776.051514 45056.585938 -27.823824 -153.706482 -146.606552 46.797340 -1.272325e+01
739592 69243.726562 2760.686523 45078.449219 -0.834220 -157.105972 -158.425812 11.337707 1.000000e+37
741290 68999.187500 2854.444580 44849.953125 -8.035706 -128.679428 -205.889496 47.464569 -1.314243e+01
748455 69094.210938 2821.386475 44547.257812 -17.706516 -105.983757 -227.623764 43.136238 -9.117251e+00
748456 69067.070312 2792.766846 44529.281250 -26.945116 -73.291763 -238.499283 13.526538 1.000000e+37
759805 71350.882812 2308.333740 45104.839844 48.131893 -166.857971 2.558364 45.884155 -1.292554e+01
759806 71330.500000 2285.645996 45130.386719 39.242329 -141.075531 27.353199 17.274082 1.000000e+37
761304 68203.507812 2690.234619 44944.472656 15.318682 -124.707054 -307.688782 43.589928 -1.218787e+01
761305 68225.171875 2712.004395 44951.109375 3.070333 -150.020264 -300.284058 15.501781 1.000000e+37
764089 69562.148438 2991.018555 43399.707031 -132.824631 -67.782730 -128.083237 47.514793 -1.316944e+01
780540 69449.757812 2548.187500 44199.011719 -25.307821 -125.820198 -248.736557 38.612648 -1.109527e+01
780541 69475.859375 2603.837646 44200.351562 -0.427386 -102.879532 -245.858459 11.641179 1.000000e+37
780542 69457.296875 2601.802246 44183.332031 6.618536 -115.069649 -265.461273 12.934649 1.000000e+37
780543 69499.273438 2550.364746 44189.281250 -26.426931 -125.159691 -259.860565 10.590573 1.000000e+37
784611 70535.906250 3637.019287 45341.484375 8.866857 -207.361176 -241.945877 38.705181 -8.987951e+00
784612 70491.625000 3636.336914 45319.031250 20.295980 -187.174377 -215.440765 14.174809 1.000000e+37
784613 70543.671875 3681.996338 45362.511719 27.900984 -201.478577 -225.803192 12.780280 1.000000e+37
786766 69184.898438 2401.980225 44273.773438 -18.012449 -68.662727 -255.418640 42.243706 -1.048051e+01
794611 68929.351562 2619.259766 45338.578125 61.517090 -147.349060 -229.807556 39.797916 -1.175954e+01
794612 68974.390625 2634.400635 45304.078125 81.137558 -214.415894 -385.911194 13.224173 1.000000e+37
797266 70671.757812 2506.613770 45517.714844 -16.529280 -124.972488 -332.822754 39.310238 -1.098071e+01
801045 68376.539062 2723.608154 45391.968750 41.961308 -191.519928 -323.688202 38.058517 -9.448911e+00
801046 68337.773438 2710.084961 45379.007812 47.699184 -221.503281 -315.631348 8.392200 1.000000e+37
815564 69645.109375 2509.652344 43568.097656 -191.895889 -94.359787 -102.555946 36.848553 -1.125468e+01
819966 69005.414062 2888.759277 45348.890625 104.771133 -105.347572 -325.948059 33.420872 -1.009444e+01
819967 69041.601562 2925.686279 45316.464844 109.249313 -208.241272 -233.881683 19.778034 1.000000e+37
819968 69030.804688 2891.000977 45352.859375 104.355896 -116.684731 -311.084991 18.490377 -8.709699e+00
821003 69547.718750 2020.338989 43981.625000 -11.367873 -54.574505 -252.145462 34.060875 -1.045213e+01
827834 68231.515625 2558.544434 44674.625000 32.940750 -229.782150 -216.406265 32.602386 -9.349285e+00
827835 68201.578125 2544.911133 44658.753906 -4.385958 -201.720078 -168.412216 9.530902 1.000000e+37
832826 68773.468750 4092.858887 46381.515625 -9.061748 -213.007187 -331.140900 27.146605 1.000000e+37
832827 68781.773438 4109.997559 46387.277344 -4.403031 -215.077316 -338.369080 21.083721 1.000000e+37
854369 70348.585938 2809.617432 43674.859375 -100.261276 -33.822689 -80.453217 35.403435 -1.090592e+01
854370 70377.062500 2832.617920 43677.789062 -74.725426 -103.316940 -116.837845 13.055210 1.000000e+37
857069 68568.945312 2878.442627 44836.722656 27.183186 -143.397324 -308.996918 33.528358 1.000000e+37
862959 70911.898438 1908.451416 44272.167969 64.880547 -13.449418 -202.449875 34.685211 -1.051499e+01
864825 70002.218750 2544.795166 43646.351562 -171.048798 -111.393806 -55.722713 31.365372 -1.072243e+01
864826 69998.640625 2572.889893 43616.636719 -170.824936 -98.031586 -44.694527 17.899654 1.000000e+37
871890 69681.328125 1115.003662 44734.269531 -48.030113 27.093290 -126.714798 33.426315 -1.072398e+01
875307 68988.500000 2325.830322 46013.144531 -8.054900 -129.991638 -315.364563 25.914749 1.000000e+37
875308 69014.117188 2319.040039 46008.605469 4.669749 -114.051071 -307.025482 17.042963 1.000000e+37
875309 68995.351562 2334.199707 46040.367188 17.164816 -149.555283 -326.543762 11.541551 1.000000e+37
875310 69012.117188 2333.344727 46022.535156 9.808151 -132.308960 -273.680786 10.492677 1.000000e+37
891939 68862.273438 2624.115234 45625.195312 33.398117 -92.082893 -321.163544 32.924809 -9.658381e+00
895507 69725.195312 2709.859619 45559.105469 -10.679752 -242.664139 -271.362000 20.455078 1.000000e+37
895508 69655.960938 2717.093750 45534.343750 -30.373617 -232.249924 -306.464905 12.986109 1.000000e+37
920990 69720.398438 2902.525146 45532.925781 -12.721518 -214.288147 -364.870148 25.460789 -9.180202e+00
920991 69701.953125 2889.483643 45505.621094 -119.563309 -157.101593 -408.124847 19.490252 1.000000e+37
921566 68496.250000 2673.986328 45367.886719 38.147251 -181.878372 -316.954468 27.081484 1.000000e+37
921567 68465.960938 2659.816406 45363.093750 28.037277 -177.676193 -298.628845 14.601345 1.000000e+37
926257 70287.484375 2105.284424 43902.152344 19.561428 -45.018387 -232.409485 28.845634 1.000000e+37
926441 69380.742188 2641.638184 45122.867188 -10.152789 -209.768250 -265.632935 32.534740 -1.204939e+01
938177 71340.375000 3476.088379 44680.367188 -28.240782 -231.973190 -271.188232 25.230711 -9.155267e+00
941744 70329.179688 2864.521240 45533.039062 -85.149879 -99.998199 -335.104980 29.980951 1.000000e+37
948099 70753.562500 3130.943604 46577.808594 -36.519272 -198.268219 -344.038574 26.630629 1.000000e+37
948864 69286.812500 2642.568115 44372.062500 -25.386274 -132.921188 -235.683487 28.276176 1.000000e+37
974221 69735.781250 2772.393311 45347.472656 -95.815201 -164.431870 -398.200775 21.016451 1.000000e+37
974222 69733.281250 2784.830566 45332.367188 -8.800147 -117.790428 -315.978119 20.493921 1.000000e+37
979306 68842.476562 2945.482178 45295.539062 57.060780 -168.311127 -222.911987 22.116131 1.000000e+37
979307 68839.156250 2979.844238 45285.921875 32.148994 -162.632385 -191.309937 17.361994 1.000000e+37
979308 68881.367188 2917.537598 45312.496094 53.360764 -185.387009 -210.048065 11.080614 1.000000e+37
979309 68869.132812 2986.201904 45257.445312 48.043961 -197.476608 -207.165115 8.469124 1.000000e+37
980369 68701.945312 4030.292969 46367.449219 15.857059 -219.235275 -315.235962 23.955849 1.000000e+37
980370 68717.976562 3999.913086 46350.886719 -13.128636 -191.815567 -338.764404 13.518036 1.000000e+37
994888 70864.195312 3931.696045 45290.039062 62.493214 -197.515900 -258.265228 24.295067 1.000000e+37
995721 69163.898438 2482.831787 44260.847656 -23.103132 -92.422852 -253.738190 23.153324 1.000000e+37
995722 69178.054688 2517.843262 44274.003906 -19.404730 -102.207977 -263.844604 16.404984 1.000000e+37
1010892 69996.070312 2443.729980 44074.875000 -117.988167 -66.049149 -84.712883 30.319910 -1.018247e+01
1021917 68882.156250 2810.217773 45445.578125 59.369461 -91.514496 -330.718506 24.021145 -8.422877e+00
1026206 70863.164062 2296.980713 45296.488281 5.331978 -151.419403 -322.200165 26.297886 1.000000e+37
1026738 70344.359375 1715.675537 44273.343750 17.272644 -21.463760 -200.759140 22.791134 1.000000e+37
1033831 70847.742188 3887.248047 45223.890625 30.527245 -155.698883 -313.800781 19.911488 1.000000e+37
1033832 70853.367188 3900.739258 45218.476562 14.557236 -153.068832 -308.299774 15.089276 1.000000e+37
1043217 69199.437500 4698.090820 46008.222656 -3.706085 -181.618896 -333.185333 19.775375 1.000000e+37
1043218 69211.734375 4687.654297 46028.402344 -13.033545 -194.035538 -322.766571 13.737896 1.000000e+37
1044884 71259.679688 2051.686768 44710.394531 30.993282 88.466072 -1.979486 21.099051 1.000000e+37
1044885 71248.617188 2041.155273 44703.890625 35.592350 76.363075 2.600085 15.343257 1.000000e+37
1046491 71219.835938 2313.214111 44914.738281 93.832359 -105.241173 -79.786873 26.284571 -9.025451e+00
1059648 69318.523438 1995.939819 43502.792969 -82.125282 9.255206 -204.981064 20.946135 1.000000e+37
1061474 70342.046875 1388.286011 46352.207031 -12.341617 -140.481766 -302.965424 22.177441 1.000000e+37
1090788 70630.117188 3638.817871 45324.593750 4.313821 -209.351257 -285.902069 20.128969 1.000000e+37
1090789 70629.609375 3647.756348 45313.390625 17.127262 -209.803513 -267.362854 12.704625 1.000000e+37
1097139 70538.601562 3165.748535 45338.062500 -66.346283 -200.665527 -272.562195 20.657295 1.000000e+37
1097140 70555.062500 3174.587158 45354.281250 -50.852825 -189.890488 -277.332153 11.620972 1.000000e+37
1097141 70525.375000 3171.420898 45328.574219 -68.322327 -186.429520 -259.504791 11.181384 1.000000e+37
1104485 69061.609375 2804.340576 44858.523438 -5.623970 -250.727173 -196.025772 23.643705 1.000000e+37
1106751 69546.367188 2675.761963 45465.023438 62.843742 -170.177917 -346.697296 25.370230 -8.682508e+00
1106752 69509.953125 2666.955322 45476.542969 -84.133293 -233.063004 -305.230804 13.223305 1.000000e+37
1109887 69894.328125 2071.473389 43905.019531 -2.050911 -51.566158 -244.560837 19.814392 1.000000e+37
1110721 69640.171875 3107.709473 43484.898438 -139.038803 -49.223301 -98.202492 29.393457 -1.016170e+01
1112324 69429.093750 2325.200684 43968.277344 -127.396011 77.197983 -82.922256 25.284861 -8.480855e+00
1118747 70714.726562 1850.060059 44718.042969 22.778376 33.965855 -139.317108 24.328129 1.000000e+37
1123665 70638.171875 3603.786621 45154.937500 45.908535 -246.482239 -275.392822 23.320091 1.000000e+37
1128682 68978.210938 2410.197510 46081.292969 3.353694 -107.322128 -293.759491 11.936578 1.000000e+37
1128683 68980.945312 2375.419189 46081.988281 -1.800227 -114.672295 -301.598602 8.200880 1.000000e+37
1134668 68975.968750 2842.079102 45592.253906 31.189613 -84.515778 -338.286652 23.918608 1.000000e+37
1140076 71357.773438 2441.566650 44562.480469 38.036770 -216.134308 -347.297577 20.775921 1.000000e+37
1148254 69588.101562 2557.401123 44120.390625 -25.584862 -125.847786 -243.546921 21.225702 1.000000e+37
1150242 71000.687500 2412.711670 45380.347656 8.412836 -149.987778 -329.368652 22.842682 1.000000e+37
1153067 69583.539062 1517.935669 44155.500000 -43.579685 -19.346043 -204.711151 17.594604 1.000000e+37
1167634 69621.625000 2760.067871 45605.695312 46.438175 -226.118073 -353.015076 27.051939 1.000000e+37
1171827 69166.710938 2621.325928 45275.609375 50.839672 -91.316216 -261.855377 7.087920 1.000000e+37
1171828 69387.171875 2624.503174 45034.195312 10.325439 -243.533447 -309.269684 24.967733 1.000000e+37
1174045 69191.703125 2733.205322 44904.574219 5.923190 -254.687408 -193.152802 21.856916 1.000000e+37
1177284 69574.460938 1194.356201 44246.929688 -66.822968 30.134724 -143.607773 21.375187 1.000000e+37
1180513 68964.187500 2309.860840 45942.863281 -10.529113 -116.244545 -333.384979 18.961596 1.000000e+37
1196071 71354.218750 2816.239746 44767.765625 51.518200 -128.740250 -88.965317 21.279455 1.000000e+37
1197246 69024.140625 2743.900879 45338.703125 -64.077728 -128.173416 -357.777527 14.234184 1.000000e+37
1197247 69052.226562 2771.201660 45352.683594 -87.838303 -173.194824 -323.909515 6.359373 1.000000e+37
1212844 68170.500000 2620.907959 44653.699219 -26.211979 -237.067551 -191.269653 19.242817 1.000000e+37
1216641 70056.562500 3144.598389 45472.894531 -15.080988 -284.574829 -229.602768 22.033445 1.000000e+37
1217926 69245.437500 3063.002930 45199.667969 126.581787 -187.837570 -291.452820 14.361493 1.000000e+37
1217927 69217.781250 3102.168213 45189.363281 111.199135 -189.726349 -280.729645 12.459591 1.000000e+37
1224241 71010.609375 3205.573486 43958.437500 11.826061 -45.145363 -110.337166 21.705795 1.000000e+37
1224244 70561.953125 1530.548340 46603.441406 -44.414516 -162.506760 -324.862244 20.976053 1.000000e+37
1228258 70927.656250 2299.067871 45173.328125 7.561206 -168.068680 -313.014587 23.314922 1.000000e+37
1235118 69562.351562 2923.772461 45234.074219 -59.537437 -209.195496 -279.993927 25.787352 -8.651978e+00
1240574 70584.742188 2554.514893 45389.414062 -36.771782 -144.571625 -307.859985 19.996498 1.000000e+37
1246219 67837.812500 2492.726318 44465.046875 4.011374 -167.809204 -267.732239 22.025042 1.000000e+37
1249110 71088.523438 2241.969482 44986.492188 30.255611 -124.491951 -7.426821 22.534037 1.000000e+37
1265309 70650.710938 3575.592529 45033.105469 27.408344 -228.776779 -273.018799 19.608686 1.000000e+37
1271522 68320.742188 1611.015747 44545.863281 -45.341320 -76.161438 -262.799774 20.799864 1.000000e+37
1277888 68905.195312 2053.352295 43653.289062 -127.068237 25.521032 -175.441071 17.198420 1.000000e+37
1277892 69206.367188 2619.023193 44779.507812 -35.521156 -158.582611 -195.902191 19.011747 1.000000e+37
1279391 70116.273438 1411.621582 44796.011719 -30.666918 17.513817 -137.655167 22.012306 -8.294963e+00
1286034 70464.656250 2288.072510 44501.503906 -45.119736 -97.179466 -54.602348 15.984160 1.000000e+37
1286035 70463.390625 2281.815674 44512.324219 -47.350586 -108.571884 -61.454620 15.485772 1.000000e+37
1314264 70581.523438 2832.308594 45146.832031 -60.894421 -184.280914 -299.376709 18.120031 1.000000e+37
1321767 69219.218750 2344.636230 45932.976562 -14.273354 -177.453110 -379.914276 17.923782 1.000000e+37
1323687 70503.296875 2990.592773 43822.398438 -122.452286 -115.389069 -40.775009 17.747458 1.000000e+37
1323690 69255.726562 3121.010254 45232.957031 104.404289 -204.751877 -260.789062 21.584196 1.000000e+37
1333380 69518.734375 2546.615967 43482.824219 -167.827484 -109.375938 -141.887939 24.357143 1.000000e+37
1343520 69833.937500 2782.634766 45422.078125 -88.533897 -108.104324 -389.063995 23.096373 1.000000e+37
1345587 71000.078125 1952.030762 45529.878906 14.168978 -137.222168 -335.307373 16.966944 1.000000e+37
1345588 71002.906250 1926.214722 45516.082031 10.363758 -125.551575 -330.071167 10.308017 1.000000e+37
1347595 71133.148438 4265.390625 45047.203125 3.081639 -231.649170 -321.895020 15.740578 1.000000e+37
1347596 71145.406250 4265.265137 45045.226562 -41.130936 -236.519821 -258.603577 10.930448 1.000000e+37
1351758 71412.046875 3334.408691 44595.578125 -20.821924 -240.708725 -263.750305 17.974726 1.000000e+37
1353879 70207.320312 2943.959961 45380.406250 -126.716713 -195.171631 -430.343933 18.905815 1.000000e+37
1366727 68889.617188 2653.489258 45766.796875 1.198683 -87.608620 -315.981537 18.292273 1.000000e+37
1373503 71406.304688 2477.492188 44692.929688 92.433273 -190.960648 -297.996338 17.951374 1.000000e+37
1373504 71385.796875 2468.875488 44679.296875 99.557358 -183.552094 -291.472961 9.363868 1.000000e+37
1373516 70422.296875 3052.749756 45998.238281 -64.378654 -222.937653 -368.383759 18.101807 1.000000e+37
1378083 70859.437500 3349.331787 44861.175781 -32.372017 -203.598068 -277.113800 19.232908 1.000000e+37
1380304 70976.796875 2805.343018 44873.949219 -25.584641 -121.899849 1.646496 17.583132 1.000000e+37
1380309 68130.796875 2879.308838 46222.457031 -12.558558 -208.926743 -354.788757 16.693775 1.000000e+37
1380310 68111.367188 2881.284668 46227.082031 -1.453414 -205.791733 -346.325012 13.129086 1.000000e+37
1380311 68108.929688 2889.175781 46238.277344 -8.230358 -210.285889 -365.200684 9.733103 1.000000e+37
1387152 69059.453125 2628.236816 45258.933594 -99.180847 -181.870148 -313.328918 13.401282 1.000000e+37
1389504 69158.937500 2004.444702 43633.402344 -113.758232 42.927505 -173.800430 20.910370 1.000000e+37
1406479 69420.492188 1568.737671 43908.664062 -51.581985 -7.331831 -205.078964 17.659494 1.000000e+37
1411479 70558.687500 3885.747314 45092.253906 26.692026 -210.210815 -223.120544 16.700760 1.000000e+37
1411480 70545.437500 3884.618408 45079.191406 33.001362 -205.168671 -213.698898 9.238678 1.000000e+37
1419246 69300.273438 2832.779053 45099.843750 -69.128571 -183.339157 -128.981445 14.668204 1.000000e+37
1419247 69289.523438 2811.562012 45084.371094 -49.607410 -136.172684 -469.383148 9.025229 1.000000e+37
1421838 70849.945312 3959.576660 44300.746094 -20.187847 -195.836395 -215.631866 19.849277 1.000000e+37
1421843 71401.421875 2755.261475 44403.492188 28.747704 -262.810242 -283.293640 18.073109 1.000000e+37
1427161 68972.492188 3009.163330 45047.023438 79.916885 -140.066208 -237.853195 20.815937 1.000000e+37
1429835 69248.367188 2271.478760 46132.664062 -36.358486 -117.645294 -312.896851 18.126846 1.000000e+37
1435183 69714.906250 3017.538330 45535.882812 -58.372677 -211.401230 -326.951050 23.188826 1.000000e+37
1437850 69221.992188 2633.923340 45298.277344 14.429947 -224.242355 -193.815460 12.441675 1.000000e+37
1440597 70659.289062 3834.686279 45267.503906 -39.161533 -155.205795 -301.820953 14.741629 1.000000e+37
1440603 69432.718750 3327.539795 45536.089844 16.398806 -282.493439 -328.973633 17.800779 1.000000e+37
1443423 71008.140625 3668.119629 46509.976562 -32.918678 -203.832565 -337.206726 17.428072 1.000000e+37
1451857 71011.281250 4315.180664 45999.398438 -35.352341 -183.453400 -341.437866 18.526209 1.000000e+37
1454692 69230.921875 2566.766602 44513.015625 -38.554134 -135.858765 -238.337936 18.619123 1.000000e+37
1457595 71103.140625 3648.956787 44309.062500 -19.035608 -213.455124 -195.824158 18.078869 1.000000e+37
1460488 71160.343750 2356.770752 44264.660156 -41.748737 -123.935692 20.195246 19.590837 1.000000e+37
1466409 69189.945312 2419.129883 43845.949219 -134.708878 67.556221 -93.708809 11.931437 1.000000e+37
1466410 69171.132812 2393.670654 43854.453125 -130.474884 73.592827 -101.740372 12.551428 1.000000e+37
1475378 69103.843750 1948.565674 43886.875000 -152.778320 82.491623 -79.150177 14.060357 1.000000e+37
1497560 70473.343750 1910.043701 43771.484375 -30.415508 -143.138321 -142.790100 18.751188 1.000000e+37
1527965 70434.796875 1420.083130 46680.222656 -29.745275 -160.487274 -310.772583 16.410492 1.000000e+37
1531507 70850.835938 2528.562500 44742.191406 23.608404 -47.788071 -62.634560 18.904316 1.000000e+37
1534986 70825.578125 3828.073975 45249.238281 16.117525 -166.973099 -302.583252 14.803269 1.000000e+37
1534987 70875.929688 2000.968628 44226.664062 68.642807 -21.011782 -190.971649 16.588163 1.000000e+37
1538660 70681.226562 2280.480469 44677.367188 -3.879543 -37.221611 -52.575932 18.910370 1.000000e+37
1538663 70877.093750 2700.824951 44916.320312 -18.174650 -197.907059 -309.409180 20.817595 1.000000e+37
1545935 71050.625000 3009.167480 44985.507812 -2.784041 -205.466614 -291.772644 17.759848 1.000000e+37
1545942 68784.382812 1682.635742 46223.148438 -20.195837 -189.733063 -314.870728 16.375883 1.000000e+37
1549631 70537.171875 3090.828613 46108.039062 -58.083771 -217.197250 -363.192749 16.433058 1.000000e+37
1553403 71216.921875 2216.660156 45200.855469 76.800179 -129.971344 -334.563843 18.145300 1.000000e+37
1557299 70766.289062 3073.193848 46524.984375 -45.805759 -189.410965 -344.072235 18.059277 1.000000e+37
1572980 69349.531250 3016.250488 45502.535156 68.196846 -216.771576 -259.462555 15.121706 1.000000e+37
1581031 68251.085938 2636.919434 45068.839844 32.506187 -235.461197 -318.964020 17.017195 1.000000e+37
1589007 71079.585938 3077.225586 44876.941406 -6.018535 -219.860764 -282.258484 18.388700 1.000000e+37
1593089 70653.070312 2992.166992 46769.160156 -7.926874 -210.257568 -349.139435 15.305573 1.000000e+37
1597447 68405.414062 3621.994141 46276.078125 -1.778491 -217.419647 -329.158844 14.294332 1.000000e+37
1601759 69801.921875 1761.922974 44048.757812 -55.300827 30.361250 -160.128708 15.410467 1.000000e+37
1601775 70956.679688 1836.821411 45627.792969 4.239956 -131.351913 -331.347900 16.577618 1.000000e+37
1614841 69952.750000 2133.961182 43843.019531 -5.012902 -45.109272 -241.967682 17.354586 1.000000e+37
1623939 71275.859375 2651.598633 44520.187500 36.605892 -224.307785 -316.124878 15.706169 1.000000e+37
1623952 70793.562500 2392.640869 45541.890625 -12.046046 -118.599525 -335.528351 14.610841 1.000000e+37
1633172 69525.890625 1707.769409 44023.312500 -59.214832 5.193152 -195.103531 16.207411 1.000000e+37
1633173 68814.601562 2815.562988 45553.957031 33.334072 -105.002754 -334.436554 16.788424 1.000000e+37
1652040 71367.851562 2638.761719 44455.687500 45.186440 -239.699234 -303.929138 14.285632 1.000000e+37
1661767 70676.921875 1620.645508 46415.664062 -33.140366 -157.118607 -335.797638 17.072811 1.000000e+37
1682041 71151.226562 3627.306641 44753.140625 -41.826588 -216.897385 -272.558533 16.957130 1.000000e+37
1682047 70176.007812 3140.228516 45179.160156 -27.431992 -256.290802 -266.986053 12.594367 1.000000e+37
1692558 70742.007812 2893.798340 44586.683594 -17.829924 42.364307 -46.262539 14.461544 1.000000e+37
1697810 69153.023438 2903.569336 45132.621094 78.835938 -158.258469 -290.477020 18.612705 1.000000e+37
1703161 69494.835938 1382.134766 44396.804688 -46.052402 -0.573060 -198.592773 16.527065 1.000000e+37
1708695 70849.953125 4207.214844 45112.894531 -62.586388 -185.026810 -268.462799 16.271286 1.000000e+37
1714264 69286.523438 2505.006104 44260.226562 -10.368365 -141.957870 -223.688980 15.698480 1.000000e+37
1719811 68775.804688 2258.081299 46096.339844 12.309180 -121.902168 -292.946472 14.897199 1.000000e+37
1731419 68884.460938 3152.902832 45160.734375 39.927113 -112.964767 -231.252899 14.674128 1.000000e+37
1731420 69922.406250 3735.162354 44959.996094 17.717937 -240.121933 -259.221039 15.968957 1.000000e+37
1737319 69027.609375 2316.427979 43863.593750 -141.202698 66.975746 -96.961334 15.930688 1.000000e+37
1737333 68067.867188 2887.991455 44262.390625 -22.312475 -173.964966 -240.264587 16.513113 1.000000e+37
1749280 69712.937500 3046.416992 45684.484375 -2.323832 -217.059479 -346.924530 15.226974 1.000000e+37
1755169 70921.218750 3110.224609 44394.273438 7.041017 -227.187988 -215.740814 16.879307 1.000000e+37
1755174 70959.140625 4037.751221 45229.718750 -12.504428 -162.665283 -350.447845 15.810652 1.000000e+37
1755175 69725.289062 2886.383789 45280.003906 -66.628136 -179.667038 -294.374023 12.932640 1.000000e+37
1755179 69825.187500 2007.440918 43904.042969 -0.662969 -57.821705 -252.986847 15.956941 1.000000e+37
1755181 69087.476562 2682.454834 45075.628906 26.896032 -241.812012 -178.857498 13.470960 1.000000e+37
1767425 71438.257812 2450.268555 44534.304688 23.092274 51.316322 58.050243 13.238010 1.000000e+37
1767426 71186.132812 2894.073730 44229.546875 26.801390 -69.022270 -60.407974 17.903158 1.000000e+37
1773652 69819.531250 2662.039551 43720.640625 -91.381042 -89.268379 -166.632477 17.363728 1.000000e+37
1773656 69221.867188 2999.024902 45364.785156 18.937708 -189.525848 -461.777100 13.979246 1.000000e+37
1773657 69781.679688 2749.315674 45275.082031 -70.505516 -203.108444 -364.512543 12.405551 1.000000e+37
1773662 68991.351562 4458.165039 46279.746094 13.373333 -211.002441 -316.514374 15.545365 1.000000e+37
1786606 69854.632812 2896.314209 43289.949219 -156.062653 -82.598289 -137.629227 19.415989 1.000000e+37
1786607 69828.320312 2992.532715 43481.000000 -57.817154 10.200318 -215.351746 17.845856 1.000000e+37
1786613 71040.226562 3307.645508 45221.964844 -18.534178 -209.213684 -258.295959 16.617664 1.000000e+37
1793017 69442.359375 2930.794678 45501.972656 53.363411 -98.416679 -351.908966 12.718182 1.000000e+37
1793018 70781.828125 1333.008179 44761.285156 49.560387 -28.566139 -205.520798 10.244054 1.000000e+37
1793019 70784.070312 1344.714233 44747.972656 50.061962 -35.554798 -197.750488 8.679029 1.000000e+37
1799713 71523.570312 3205.360107 44588.367188 -3.893929 -254.554825 -264.325592 15.208396 1.000000e+37
1799719 68801.593750 2165.388916 44259.957031 -26.755718 -68.461807 -264.732666 14.879706 1.000000e+37
1813011 69030.132812 2976.679688 44855.093750 -9.877555 -259.762939 -210.268982 13.772826 1.000000e+37
1813012 69542.968750 2672.426514 45141.636719 30.483768 -217.554886 -283.321106 12.154892 1.000000e+37
1813015 68855.820312 3843.053711 46219.921875 -7.794137 -213.144241 -324.739716 15.152181 1.000000e+37
1819859 70876.007812 3193.966064 43913.296875 10.268095 -43.102306 -131.467422 15.895640 1.000000e+37
1826905 69488.726562 1635.130615 44101.839844 -50.904716 5.533232 -192.895508 16.001547 1.000000e+37
1841029 70436.625000 2881.135742 45272.972656 -35.724968 -177.440826 -223.644257 13.726305 1.000000e+37
1841038 69782.320312 2661.534668 45519.136719 -9.945987 -219.367676 -287.889587 14.871311 1.000000e+37
1848366 69547.414062 2793.377197 45536.027344 70.016304 -170.814392 -301.625885 9.699940 1.000000e+37
1848372 69564.570312 1286.977661 44501.957031 -34.460804 0.349822 -191.575851 14.276343 1.000000e+37
1855745 70448.828125 3246.498291 45948.714844 -61.257050 -226.853531 -362.799896 15.178123 1.000000e+37
1863083 68331.062500 2463.922607 44724.863281 29.630714 -184.309341 -308.437347 15.130296 1.000000e+37
1863085 68149.804688 2789.809082 46685.601562 -15.238894 -209.220001 -333.128021 11.801326 1.000000e+37
1870741 69846.789062 2164.534912 44212.082031 -53.773800 34.901516 -158.404984 17.290739 1.000000e+37
1870742 70810.710938 2226.495117 44427.832031 -33.954231 75.897766 -1.091887 11.112060 1.000000e+37
1870743 70792.992188 2213.304443 44404.566406 -27.754211 81.773293 -4.596121 9.459565 1.000000e+37
1870747 71501.054688 2881.143555 44600.105469 -2.498142 -287.041260 -277.377747 9.356401 1.000000e+37
1870748 71510.695312 2891.446289 44590.929688 -6.987785 -289.336914 -281.874512 8.505584 1.000000e+37
1878474 68058.203125 2873.596680 46016.531250 12.747356 -210.500336 -356.739227 13.757291 1.000000e+37
1886104 70269.031250 1311.574341 44663.066406 20.496664 -62.742458 -228.688950 13.184937 1.000000e+37
1886105 68218.492188 3721.660400 46345.816406 -2.291501 -224.204803 -318.229797 14.711232 1.000000e+37
1893956 69629.867188 1235.943359 44550.746094 -25.309141 -34.137943 -212.792282 13.434492 1.000000e+37
1893958 70309.578125 1701.625610 44356.535156 -13.543193 30.709532 -145.842148 13.873720 1.000000e+37
1893973 70481.617188 1451.765869 46667.125000 -35.014545 -153.848679 -306.011871 12.745991 1.000000e+37
1901964 69367.531250 1952.609985 43538.761719 -89.534782 20.823977 -195.497986 13.513408 1.000000e+37
1910116 69752.742188 3005.959229 45290.929688 -31.357473 -266.178802 -176.809952 11.205441 1.000000e+37
1910124 69184.765625 4101.008789 45782.105469 22.280273 -220.642273 -312.992340 14.022197 1.000000e+37
1918332 70900.242188 3507.940186 45321.972656 -36.950394 -196.467133 -260.536224 14.732975 1.000000e+37
1918339 68735.414062 2710.100830 44413.175781 -43.085861 -191.000580 -216.530624 15.298707 1.000000e+37
1926657 70009.820312 3164.679688 43390.441406 -90.156342 -16.857143 -180.871490 13.643709 1.000000e+37
1926674 68725.921875 1946.242920 46450.535156 2.362169 -143.381073 -266.761932 14.200294 1.000000e+37
1926684 70805.078125 3905.240967 45861.687500 -43.323242 -200.830856 -345.809265 14.687583 1.000000e+37
1935237 68948.945312 4463.444824 46288.117188 -0.423822 -204.985718 -334.008270 13.359245 1.000000e+37
1943994 70112.343750 3169.754883 43475.050781 -81.094589 -19.310562 -172.967926 11.627651 1.000000e+37
1944012 68842.851562 2583.759521 45670.917969 21.082794 -76.738892 -324.325043 16.816971 1.000000e+37
1952636 68476.460938 2583.859131 45123.378906 40.890026 -237.716827 -311.438843 13.567927 1.000000e+37
1952639 68732.585938 3683.295898 46487.453125 -10.750530 -210.223282 -338.673889 12.931102 1.000000e+37
1961645 69603.742188 1585.330566 44115.050781 -50.406689 -23.070391 -197.740311 13.399046 1.000000e+37
1961651 68030.296875 2568.374512 44338.906250 -43.480145 -89.853752 -253.149490 13.544173 1.000000e+37
1961655 67804.320312 2872.501953 46212.250000 5.049746 -197.959229 -330.154144 15.133129 1.000000e+37
1961656 69256.460938 4231.645996 45793.585938 22.235924 -215.759003 -311.174957 13.616859 1.000000e+37
1970721 69900.132812 2133.520996 43893.656250 -0.390008 -74.527351 -257.178864 14.750310 1.000000e+37
1980066 68824.960938 3220.029297 43726.003906 -41.077843 -204.059677 -267.981995 14.745600 1.000000e+37
1989415 70107.656250 3211.621826 44263.089844 -116.464691 -68.776680 -47.046112 14.475543 1.000000e+37
1989428 69429.000000 2947.514893 45519.363281 67.142303 -240.625900 -285.441315 16.312304 1.000000e+37
1998763 69168.968750 2650.103271 45083.363281 70.455376 -196.034088 -295.819672 10.338585 1.000000e+37
1998764 69271.062500 2585.668213 45214.121094 13.696764 -199.855270 -233.827118 10.101540 1.000000e+37
2008419 68609.453125 2103.923340 44302.636719 -30.903206 -76.233833 -266.191040 14.669976 1.000000e+37
2008423 67941.640625 2488.743164 45058.125000 -11.044065 -124.534821 -287.864136 15.521998 1.000000e+37
2018350 70639.281250 4512.647949 44718.046875 10.560724 -185.950516 -232.391266 13.081520 1.000000e+37
2018364 68934.867188 2493.048828 45946.507812 8.557901 -120.470657 -310.362183 12.138577 1.000000e+37
2028278 69582.507812 2897.119141 45377.386719 -68.131233 -263.527771 -184.643723 6.858920 1.000000e+37
2028279 69610.789062 2883.855713 45394.269531 -60.703632 -257.056183 -177.331818 5.860166 1.000000e+37
2028298 70226.882812 1259.743408 46397.804688 -7.819181 -151.505310 -284.676483 13.808356 1.000000e+37
2038279 68480.750000 2696.557373 44639.656250 11.732288 -188.605881 -215.400284 10.189557 1.000000e+37
2038281 68336.796875 3893.342041 46408.355469 3.553538 -224.999222 -314.994049 12.572011 1.000000e+37
2048811 70019.734375 3129.507812 45286.144531 -40.615059 -222.091003 -290.473724 17.579027 1.000000e+37
2048812 69780.304688 2800.745117 45247.550781 -67.018196 -176.942139 -339.946350 8.457643 1.000000e+37
2048816 69505.117188 1403.635864 44228.238281 -44.127636 -30.295769 -218.291473 13.092316 1.000000e+37
2048825 69709.921875 3031.206543 45273.453125 -48.110840 -207.095032 -326.200806 19.348904 1.000000e+37
2059245 71091.828125 3035.517822 44014.320312 -14.426795 -72.657173 -48.542507 16.345100 1.000000e+37
2059270 69072.898438 3021.343994 45243.320312 105.796867 -177.954132 -213.097870 16.463327 1.000000e+37
2059271 69169.296875 3120.987061 44600.523438 -8.377089 -247.196091 -231.594894 14.797604 1.000000e+37
2070005 69744.820312 2488.983398 43566.816406 -206.458389 -95.435318 -88.817276 13.573716 1.000000e+37
2080779 70572.796875 3610.985107 45283.441406 3.518916 -192.178284 -259.538483 14.232156 1.000000e+37
2091846 68985.046875 2436.403564 45947.371094 -15.842677 -141.951157 -343.531921 17.053953 1.000000e+37
2091849 68070.429688 2606.972412 44087.812500 -33.934620 -201.445938 -242.749664 15.910235 1.000000e+37
2114839 69177.500000 2028.788940 43899.632812 -150.230865 78.222816 -79.261536 14.592842 1.000000e+37
2114845 69372.367188 2929.461914 45538.453125 67.405930 -235.954193 -294.203369 16.797432 1.000000e+37
2126488 70486.289062 3190.670654 45387.488281 -63.979038 -189.333527 -278.395477 13.496221 1.000000e+37
2126494 68865.867188 3927.288574 46263.406250 -3.801139 -210.582947 -325.946136 13.277620 1.000000e+37
2138529 69843.507812 1020.714294 44856.683594 3.410887 -41.963734 -202.391357 15.064233 1.000000e+37
2138543 69066.718750 2477.514648 44334.558594 -4.822279 -83.824959 -254.660187 12.951332 1.000000e+37
2150665 69502.664062 1738.409302 43977.113281 -61.994255 -0.012111 -192.104813 13.048475 1.000000e+37
2188419 70238.656250 3035.725098 44410.410156 -97.019798 -87.457939 -47.378265 12.432904 1.000000e+37
2188426 70113.546875 2995.980225 45301.113281 12.050071 -151.605515 -346.101196 13.730186 1.000000e+37
2201573 71584.179688 2652.849609 44730.019531 -11.655589 -181.109634 42.455696 14.675899 1.000000e+37
2201580 70165.304688 2858.802734 45547.339844 -112.587708 -172.223373 -451.297638 12.575899 1.000000e+37
2201581 69568.218750 2870.147217 45422.843750 -82.967529 -252.272369 -198.643753 9.386435 1.000000e+37
2201589 69190.921875 2693.312500 44733.886719 -43.227013 -137.706512 -203.723694 14.470428 1.000000e+37
2215039 68892.250000 1371.825439 44228.109375 -114.170753 52.458923 -146.302933 13.601767 1.000000e+37
2215048 70243.164062 2853.982422 45479.800781 -34.016933 -222.698273 -426.877258 14.188936 1.000000e+37
2215049 70126.695312 2981.670654 45321.480469 -52.545990 -288.630798 -235.111511 8.344403 1.000000e+37
2215052 69632.000000 1172.530396 44307.773438 -63.148155 33.809322 -145.346085 14.376374 1.000000e+37
2215055 68129.437500 2860.461914 45886.648438 31.838215 -208.952682 -360.632629 14.709507 1.000000e+37
2215056 68909.843750 2039.986572 46192.351562 -16.438803 -153.297775 -311.105469 14.153132 1.000000e+37
2228881 70600.179688 4234.854492 44197.207031 -20.788544 -184.239182 -223.958588 12.088370 1.000000e+37
2228882 69654.773438 2931.395264 45577.230469 -60.378269 -180.239685 -313.146332 14.825352 1.000000e+37
2228894 68453.648438 2576.129883 45068.546875 39.341705 -178.757523 -321.893494 7.669674 1.000000e+37
2243143 69618.937500 1353.511230 44136.945312 -44.246979 -22.866976 -198.989105 10.983237 1.000000e+37
2243149 69017.648438 2643.286865 45122.390625 -18.230434 -180.794647 -293.167114 15.801055 1.000000e+37
2243151 70388.054688 3221.770752 45118.398438 -20.853590 -250.086304 -292.597198 11.286416 1.000000e+37
2243152 68686.390625 2028.503784 46405.164062 -33.299435 -162.805756 -297.082428 14.453275 1.000000e+37
2257196 71250.726562 3386.310791 44692.746094 -31.512327 -225.677368 -274.176178 13.887095 1.000000e+37
2257206 70799.765625 3828.540771 45370.191406 14.710135 -178.575211 -291.907745 12.223873 1.000000e+37
2257232 68735.718750 3234.116455 46250.050781 -6.923564 -220.259171 -350.588684 14.560651 1.000000e+37
2271768 70541.304688 3438.779785 45639.000000 -59.391247 -224.718964 -357.945953 10.787590 1.000000e+37
2286486 70828.468750 3444.378174 45096.550781 -33.349987 -189.143723 -278.932800 11.890874 1.000000e+37
2301456 71508.351562 2523.055176 45144.808594 25.613405 -192.898392 11.202628 10.057904 1.000000e+37
2301487 69229.257812 2400.332520 45610.894531 5.810149 -107.707436 -365.469635 10.056471 1.000000e+37
2316858 71325.984375 2600.980957 45942.843750 -39.322235 -199.276672 -356.774963 13.037576 1.000000e+37
2332876 69824.859375 3086.524658 45476.863281 -44.401039 -127.802490 -382.773468 14.857148 1.000000e+37
2332890 68062.179688 2614.886963 44365.539062 -28.850248 -198.972717 -216.386063 14.289436 1.000000e+37
2332896 68642.875000 3879.562744 46344.300781 2.976162 -213.921844 -319.689636 11.476020 1.000000e+37
2332919 69842.507812 2296.942383 45951.820312 -21.486673 -106.291542 -313.078766 13.636119 1.000000e+37
2349102 69088.179688 3027.329590 45030.949219 78.652016 -165.357376 -222.411484 14.395491 1.000000e+37
2349103 68790.132812 3121.668701 45010.246094 50.807858 -148.479691 -274.733765 12.492811 1.000000e+37
2349110 70075.164062 4652.462402 45927.105469 -3.126550 -194.801865 -336.276459 12.733981 1.000000e+37
2365583 68847.812500 1768.497925 43985.289062 -119.363945 37.657024 -182.858353 13.284831 1.000000e+37
2365595 69140.882812 2647.817139 45110.011719 68.706329 -235.470505 -318.347321 10.385791 1.000000e+37
2365606 68810.671875 1979.561035 46493.375000 -35.952049 -164.425873 -295.366943 13.525582 1.000000e+37
2365632 71084.593750 1662.878662 45942.171875 -18.780106 -144.873108 -340.837280 11.749763 1.000000e+37
2382638 70163.109375 2583.764160 43704.351562 -165.493225 -95.092209 -44.726208 10.485345 1.000000e+37
2382643 70221.757812 2422.097656 44326.460938 -84.981247 -80.853470 -63.966827 14.120061 1.000000e+37
2382661 70065.687500 2129.701660 43555.785156 -13.147703 -11.434727 -215.248230 13.840224 1.000000e+37
2382665 69000.148438 2905.337646 44626.382812 -9.374043 -96.417023 -238.728317 13.036674 1.000000e+37
2382674 69431.562500 3016.343262 45292.984375 93.354584 -254.135666 -296.460968 9.666856 1.000000e+37
2382683 69120.632812 4651.983887 46203.074219 4.054183 -196.790222 -335.408386 10.191808 1.000000e+37
2382684 68951.570312 3539.987061 45925.535156 3.517602 -233.516190 -341.055695 9.783875 1.000000e+37
2399943 69745.992188 1070.768921 44462.125000 -47.167179 35.826252 -131.519196 10.962773 1.000000e+37
2399944 69384.093750 2052.104004 43728.027344 -100.442726 44.313652 -167.469421 11.112830 1.000000e+37
2399945 69088.804688 2954.788330 45166.894531 76.524178 -172.300415 -222.332916 17.945183 1.000000e+37
2399950 69296.445312 2703.252441 44456.582031 -39.056412 -133.704803 -235.080078 12.943439 1.000000e+37
2399952 68457.570312 2784.234863 44814.164062 9.018316 -115.548615 -319.933563 11.590794 1.000000e+37
2399953 68440.507812 2747.969238 44277.820312 -41.110947 -222.621536 -230.442596 12.874731 1.000000e+37
2417736 69193.937500 2622.245850 43349.417969 -99.030945 47.532330 -81.341560 10.083995 1.000000e+37
2417737 68986.093750 2119.382324 43662.910156 -126.221252 27.611090 -166.903534 13.851730 1.000000e+37
2417740 68835.843750 2757.857666 43612.722656 -127.464508 55.235714 -145.626968 12.435987 1.000000e+37
2417768 69317.687500 2451.208496 43768.953125 -16.949644 -136.512024 -256.359802 15.528135 1.000000e+37
2417796 71134.367188 1738.114380 45561.792969 23.749508 -126.185150 -334.605011 12.045527 1.000000e+37
2417805 70196.031250 2601.510986 46566.511719 -11.854323 -176.514420 -350.753174 14.051105 1.000000e+37
2417806 69812.492188 2651.111084 45679.335938 -27.644495 -83.239098 -375.378082 12.534386 1.000000e+37
2435863 69222.210938 2373.700195 43811.839844 -94.549164 26.981867 -182.839935 8.500994 1.000000e+37
2435864 71447.898438 2563.373291 44474.917969 50.414131 -261.733978 -291.985992 13.394218 1.000000e+37
2435881 71548.109375 3298.651123 44802.484375 -24.914894 -250.155380 -280.924347 13.135792 1.000000e+37
2435896 69200.226562 2658.365234 44336.800781 -31.479626 -150.107040 -246.800873 13.384342 1.000000e+37
2435900 70202.945312 3173.230225 45178.671875 -27.617048 -270.003876 -268.234985 11.124248 1.000000e+37
2454635 70101.125000 3142.661621 43437.964844 -67.704247 0.308198 -193.195786 8.855260 1.000000e+37
2454645 70986.210938 2234.521240 43984.839844 49.958282 -138.103210 -131.178986 14.207472 1.000000e+37
2454662 69061.242188 2053.312256 46238.929688 -29.733067 -113.546501 -269.201385 10.952034 1.000000e+37
2473638 69129.335938 1480.751831 46677.281250 -37.831150 -143.385422 -246.002563 12.688176 1.000000e+37
2473644 68764.835938 3068.046143 45076.402344 57.567287 -157.083893 -257.950195 11.895053 1.000000e+37
2473650 68424.632812 3690.071045 46285.570312 -3.177807 -222.552307 -329.644775 12.490553 1.000000e+37
2473652 69119.406250 2254.198975 45965.656250 12.327476 -126.534470 -303.946594 14.000398 1.000000e+37
2493061 69490.007812 2589.623535 43324.582031 -93.786903 -33.229019 -93.819870 8.653787 1.000000e+37
2493077 70672.445312 3669.760986 45200.500000 13.628574 -211.979691 -287.490143 11.653475 1.000000e+37
2493089 69015.585938 2711.708008 45260.839844 18.950405 -181.995773 -241.236374 8.800367 1.000000e+37
2493096 68140.921875 2632.651611 44421.417969 -25.037462 -208.122772 -207.536072 12.343116 1.000000e+37
2493098 68498.703125 2918.411133 44870.816406 26.566734 -269.205750 -290.253540 12.138437 1.000000e+37
2493107 69219.085938 4706.312500 46175.542969 15.043993 -197.483871 -332.721313 10.023458 1.000000e+37
2493128 70559.554688 2176.917480 46824.765625 -35.339367 -177.024567 -334.252716 11.911454 1.000000e+37
2513234 69090.000000 2005.632202 46255.632812 -32.379589 -112.051826 -268.454773 12.662930 1.000000e+37
2513235 69599.835938 2092.507568 43998.363281 -12.162504 -80.453857 -259.490662 12.281363 1.000000e+37
2513242 69041.148438 2904.574951 44905.101562 -1.158429 -134.369949 -223.631470 10.640114 1.000000e+37
2513245 68772.695312 3292.601562 43824.816406 -27.939865 -218.468460 -274.064880 10.178458 1.000000e+37
2533422 68749.125000 4202.790527 46468.316406 -6.551903 -221.027695 -339.220001 10.814525 1.000000e+37
2533424 69155.375000 2277.453125 45692.796875 7.592389 -126.399109 -350.913666 12.266276 1.000000e+37
2554308 68965.734375 2204.749756 43694.000000 -109.101128 15.063349 -184.317093 10.014837 1.000000e+37
2554315 71302.656250 2342.883057 45207.382812 70.560806 -95.522423 -27.404224 13.520238 1.000000e+37
2554343 68549.515625 2861.800537 44162.777344 -37.840088 -216.376648 -241.538879 12.491068 1.000000e+37
2554346 70032.765625 3110.376709 45414.144531 -21.444262 -277.861206 -192.259964 10.581868 1.000000e+37
2554347 67872.351562 2744.739746 44699.500000 7.104469 -248.291840 -304.447144 14.142415 1.000000e+37
2554370 70276.390625 2342.887451 47048.093750 -33.629944 -179.669434 -330.190948 11.325604 1.000000e+37
2554375 70920.585938 3067.147217 46771.566406 -35.680580 -213.807449 -329.384583 10.302812 1.000000e+37
2575826 71477.531250 2723.183838 45078.667969 1.326354 -165.676254 21.289999 12.418317 1.000000e+37
2575853 70275.593750 2187.960449 43593.996094 -16.276751 -163.991501 -232.533081 14.084646 1.000000e+37
2575857 68571.804688 2801.495605 46097.875000 -11.336058 -208.934387 -366.225159 11.846667 1.000000e+37
2598151 71051.554688 2187.639648 44928.578125 60.110096 -90.466255 -57.381031 13.531165 1.000000e+37
2598154 70405.578125 2539.009277 43479.085938 -109.044228 -200.586945 -126.374153 11.209058 1.000000e+37
2598159 70983.968750 4141.762695 45129.066406 -37.199772 -198.307739 -249.018799 12.245245 1.000000e+37
2598161 70906.093750 2120.839844 43925.906250 54.056259 -116.597382 -162.061157 13.531351 1.000000e+37
2598179 67779.304688 2412.155518 45182.378906 1.928273 -223.165985 -320.805939 13.417193 1.000000e+37
2598187 68957.421875 2145.050537 46000.796875 -34.787846 -155.725174 -356.098877 9.958917 1.000000e+37
2598207 70609.781250 3030.909668 46924.101562 -6.121746 -207.118042 -345.739319 13.287898 1.000000e+37
2620924 68124.328125 2617.696777 44638.074219 5.046187 -240.762726 -224.324585 14.794383 1.000000e+37
2620925 69084.875000 2712.840332 44964.878906 5.764214 -257.215057 -193.518234 12.748155 1.000000e+37
2620926 69999.648438 3981.064941 44613.234375 5.706639 -214.562454 -251.516159 10.415421 1.000000e+37
2620927 70307.398438 3786.041504 44965.031250 11.060546 -211.196686 -228.252151 10.463233 1.000000e+37
2620933 69346.882812 4283.645020 45772.742188 12.389934 -213.641266 -308.480438 11.902444 1.000000e+37
2620934 68618.250000 3838.943604 46307.464844 6.602390 -213.089951 -323.956818 13.540359 1.000000e+37
2620935 68116.421875 2315.402588 45235.718750 -8.889165 -116.478050 -307.814240 11.582391 1.000000e+37
2644326 70267.078125 2769.390625 43713.152344 -94.608902 -32.639668 -94.581612 13.764524 1.000000e+37
2644332 70580.546875 3035.870850 44571.558594 -76.986946 -90.177681 -16.931259 9.931139 1.000000e+37
2644335 69721.515625 2534.192139 43557.296875 -197.038635 -71.805939 -108.671318 14.645895 1.000000e+37
2644347 70807.414062 1219.690063 45729.378906 24.289791 -120.787941 -267.072479 14.246159 1.000000e+37
2644349 69522.703125 1238.721680 44262.644531 -43.707066 -15.382885 -225.527100 8.881086 1.000000e+37
2644351 69607.210938 1205.143433 44219.597656 -47.786850 -19.862049 -205.283905 10.513782 1.000000e+37
2644388 70258.710938 2522.953857 46884.347656 -20.871492 -186.529190 -344.259552 9.249875 1.000000e+37
2668205 71284.109375 2694.759521 44418.054688 12.495629 -255.165085 -307.296417 8.846214 1.000000e+37
2668207 70647.296875 2844.138428 43648.914062 -62.274040 -73.796570 -85.068703 14.466375 1.000000e+37
2668208 69031.296875 2121.158203 43686.707031 -116.436729 22.199350 -175.674408 8.063882 1.000000e+37
2668209 69984.226562 3149.642578 44011.035156 -74.178185 31.367973 -130.795425 9.927752 1.000000e+37
2668210 69522.398438 2693.813965 43996.632812 -118.918510 -109.953644 -134.766373 12.039685 1.000000e+37
2668223 70917.085938 4201.583496 44998.089844 5.385852 -184.177490 -249.746582 13.974654 1.000000e+37
2668239 69517.695312 2614.747803 45383.285156 80.707855 -330.027313 -267.595001 5.890045 1.000000e+37
2668240 68290.671875 2528.923340 44492.429688 28.334833 -147.451462 -227.034882 11.340871 1.000000e+37
2668246 68130.656250 2843.541260 46064.714844 -0.516270 -209.028809 -361.396881 10.812797 1.000000e+37
2668247 69262.093750 4354.913574 45794.929688 9.793826 -207.505341 -323.761536 11.095697 1.000000e+37
2668275 70897.281250 1696.333130 46190.128906 -49.241741 -166.931671 -351.742371 10.184010 1.000000e+37
2692755 69296.304688 2985.251953 45435.093750 68.040031 -212.114883 -250.854813 8.093692 1.000000e+37
2692764 68067.398438 2494.225586 44601.804688 27.355619 -176.754990 -321.105072 14.050472 1.000000e+37
2692771 69375.898438 3622.658691 45612.246094 11.268649 -255.831650 -320.785004 9.150208 1.000000e+37
2717870 69356.500000 2689.430420 43496.523438 -96.020340 -105.852974 -207.113785 12.920404 1.000000e+37
2717872 71181.632812 2714.146240 45029.546875 -10.657229 -139.981293 14.845150 13.136945 1.000000e+37
2717880 69667.421875 2851.873535 45569.078125 -96.653084 -204.659882 -388.959900 10.374013 1.000000e+37
2717899 68741.203125 2997.016602 45120.562500 5.326866 -147.493500 -208.867188 10.617885 1.000000e+37
2717900 69389.898438 2715.171387 44456.328125 -26.314228 -142.998962 -231.381714 12.726581 1.000000e+37
2717907 68747.320312 2021.027710 46229.367188 14.416771 -186.271790 -318.690277 10.738794 1.000000e+37
2744026 70649.750000 3016.610596 44703.335938 5.242878 -212.221451 -226.937500 12.055695 1.000000e+37
2744037 68240.054688 1462.875977 44729.730469 -47.608002 -82.450592 -259.635315 8.172481 1.000000e+37
2744048 69004.007812 4219.863281 45027.667969 12.657381 -221.552002 -284.211639 11.508326 1.000000e+37
2744055 69263.156250 2500.994629 45550.960938 10.900242 -91.823700 -377.337952 14.600701 1.000000e+37
2770760 71234.617188 2715.083740 44615.031250 56.214214 -66.893600 -26.394838 12.787686 1.000000e+37
2770762 70177.343750 2605.434814 44333.054688 -30.902584 36.391373 -147.627975 12.642282 1.000000e+37
2770763 70082.656250 2842.968262 43720.281250 -147.921326 -130.055969 -65.140083 11.973495 1.000000e+37
2770772 70568.265625 3718.432617 44347.187500 -10.744851 -199.238098 -223.600708 11.553297 1.000000e+37
2770790 68397.875000 2708.742676 44979.652344 12.836981 -117.353874 -294.478668 11.250932 1.000000e+37
2770791 68385.039062 2766.031982 44938.835938 10.310965 -118.632797 -324.473602 9.877174 1.000000e+37
2770792 69419.398438 3004.376709 45352.183594 77.647881 -273.595123 -285.037201 9.290857 1.000000e+37
2770803 68766.218750 3989.332520 46347.503906 -15.458209 -204.507706 -316.555267 10.944119 1.000000e+37
2798419 69741.375000 2923.960938 43355.273438 -86.856689 18.392626 -229.020966 10.766873 1.000000e+37
2798455 69710.875000 2976.718994 45277.257812 -9.101761 -310.413025 -207.051224 8.010036 1.000000e+37
2798457 69379.382812 3523.504150 44455.535156 -4.282104 -235.031021 -257.878662 9.987517 1.000000e+37
2855770 69428.781250 2676.800537 43887.718750 -120.599586 -110.471008 -150.988495 11.547030 1.000000e+37
2855773 71155.812500 2850.193848 45006.785156 -22.936625 -133.163834 14.795523 11.783717 1.000000e+37
2855811 68841.968750 3166.341553 45064.621094 53.476875 -145.344727 -268.428436 11.891108 1.000000e+37
2855812 70027.234375 4031.922607 44928.910156 22.093735 -227.515350 -265.874573 11.296588 1.000000e+37
2886153 71009.351562 2696.857910 44448.371094 38.653023 -90.466934 -71.074348 13.442959 1.000000e+37
2886162 69940.867188 3367.301270 44065.574219 -80.021362 -54.876518 -130.218994 11.059571 1.000000e+37
2886192 68979.343750 2764.553467 44509.781250 0.390301 -96.996513 -218.262344 9.110729 1.000000e+37
2886202 68286.359375 2534.071533 44944.593750 28.097128 -177.969666 -338.105164 9.972403 1.000000e+37
2886204 69146.031250 2768.074219 45528.441406 30.096529 -112.733574 -427.062103 13.784354 1.000000e+37
2886234 70328.437500 2790.885498 46077.222656 -50.893337 -154.282318 -377.911591 11.515181 1.000000e+37
2917418 69854.562500 2808.306641 44858.746094 -33.616570 -189.116989 -201.014648 11.700345 1.000000e+37
2917432 69320.101562 2276.223389 44210.511719 -22.468046 -65.553375 -252.623352 10.044482 1.000000e+37
2917443 68349.921875 2667.067383 44394.003906 -42.609077 -223.796860 -209.381744 8.457191 1.000000e+37
2917445 68176.843750 2785.217773 44394.164062 -22.066547 -207.221741 -218.206604 10.671343 1.000000e+37
2917446 69443.023438 3700.951416 44327.164062 -12.172276 -217.782059 -252.933304 10.495248 1.000000e+37
2949696 71087.554688 3165.364258 43978.773438 9.814802 -44.243172 -89.822792 9.214610 1.000000e+37
2949703 70747.632812 2925.214844 44598.554688 10.690187 -212.667786 -226.540146 7.567466 1.000000e+37
2949704 71312.437500 2189.798584 44966.269531 32.567654 -123.791672 27.197466 14.876291 1.000000e+37
2949713 70039.757812 2120.312500 43457.234375 -97.227020 -129.628250 -176.871506 13.306155 1.000000e+37
2949732 70214.187500 2227.640137 43820.992188 14.756525 -67.035194 -258.003906 11.572706 1.000000e+37
2949733 69062.976562 1742.337280 44293.171875 -26.979719 -62.056705 -259.533691 10.113291 1.000000e+37
2949749 68814.468750 2943.615723 45154.328125 25.834002 -131.520325 -200.638992 8.958017 1.000000e+37
2949750 68870.226562 2529.827148 45822.382812 18.270664 -184.212814 -376.952423 10.443026 1.000000e+37
2949751 69602.281250 3431.773193 44826.796875 -8.906575 -240.786133 -235.341507 10.404010 1.000000e+37
2949781 70354.195312 1674.131348 46156.683594 8.262152 -149.322968 -296.783722 10.473872 1.000000e+37
2954367 69661.703125 885.013184 44991.785156 -42.608547 26.755493 -137.166977 11.417197 1.000000e+37
2982938 71373.593750 2660.808594 44414.296875 67.138451 -155.159866 -58.115704 11.867205 1.000000e+37
2982939 68775.171875 2751.386963 43575.890625 -127.853378 53.360554 -144.160980 9.311038 1.000000e+37
2982961 71492.453125 3612.639404 44800.839844 -50.009743 -235.529160 -253.131683 7.446342 1.000000e+37
2982964 71525.445312 3400.224365 44867.718750 -31.064892 -244.105759 -284.902344 10.385958 1.000000e+37
2982969 70095.539062 2818.647217 45242.812500 -112.149475 -167.594162 -370.974121 11.503352 1.000000e+37
2982970 69591.218750 2668.067383 44683.859375 -42.733311 -156.251648 -215.622955 9.607573 1.000000e+37
2982985 69423.867188 2600.267090 44202.265625 -50.323090 -89.699181 -241.030014 10.230405 1.000000e+37
2982986 68857.265625 2196.083740 44264.042969 -23.888237 -76.205078 -263.214691 11.264903 1.000000e+37
2982997 69811.992188 2653.745850 45539.078125 -3.082497 -225.115417 -294.647705 10.750748 1.000000e+37
2983009 70557.375000 3514.413818 44999.132812 -1.895317 -218.485657 -314.798279 8.630936 1.000000e+37
3017450 69669.281250 2872.591553 43409.023438 -153.756424 -66.871597 -98.897369 9.094868 1.000000e+37
3017454 69562.523438 2660.566162 43980.316406 -33.714184 -122.420059 -268.199219 8.160115 1.000000e+37
3017456 69885.687500 2519.267822 43958.097656 -106.565163 -54.261711 -102.263153 12.412461 1.000000e+37
3017468 71195.382812 3093.281494 45079.816406 -2.851099 -219.189987 -283.786865 9.086277 1.000000e+37
3017471 70541.953125 2126.315918 45627.308594 12.181978 -110.565300 -293.807190 11.715621 1.000000e+37
3017475 69743.195312 1418.048828 44426.933594 -30.979124 -14.972909 -201.083359 9.505609 1.000000e+37
3017485 68862.195312 2471.956543 44400.507812 -17.181046 -77.787796 -254.363480 8.685007 1.000000e+37
3017496 68695.937500 2878.728516 44851.582031 34.541088 -160.366165 -278.457977 11.003301 1.000000e+37
3017497 68521.851562 2926.250000 44887.695312 33.323196 -163.410202 -308.740082 10.344424 1.000000e+37
3017498 70339.937500 4608.085938 45219.574219 30.600723 -204.492279 -292.263397 9.408988 1.000000e+37
3017499 69551.156250 3358.624268 44829.648438 -8.631639 -242.340088 -231.887039 13.098801 1.000000e+37
3017500 69185.062500 2729.493164 45496.890625 109.187187 -138.996735 -308.370117 12.013555 1.000000e+37
3053303 71098.632812 2841.609131 44977.929688 -9.497386 -125.448235 -1.972521 12.257647 1.000000e+37
3053317 70988.140625 4261.781250 44915.398438 -66.964012 -240.146179 -334.583160 12.834127 1.000000e+37
3053318 71576.992188 3276.156494 44788.230469 -27.902819 -254.338425 -284.711365 11.877110 1.000000e+37
3053320 69630.734375 2875.185059 45563.480469 -49.340847 -196.441315 -368.784821 10.812284 1.000000e+37
3053339 68047.992188 2636.710693 44645.035156 24.860743 -250.018265 -305.854492 11.411467 1.000000e+37
3053340 68455.937500 2804.767822 44980.796875 12.244657 -115.172569 -319.493408 11.040943 1.000000e+37
3089992 70711.132812 3002.589844 44190.664062 -89.689728 -115.375069 -22.242235 12.109523 1.000000e+37
3089996 69532.359375 2328.953857 44100.652344 -18.178436 -76.955711 -260.333282 9.152304 1.000000e+37
3090017 70479.031250 2774.054199 45625.519531 -46.622589 -172.928391 -412.341400 12.542963 1.000000e+37
3090045 68030.789062 2674.773682 45714.050781 16.805323 -169.045959 -327.738068 10.101565 1.000000e+37
3090051 68145.359375 2832.576904 46172.160156 -0.553482 -208.192413 -353.335144 10.640743 1.000000e+37
3090052 69229.593750 2539.893311 45918.937500 -33.591412 -106.407417 -341.217987 10.079980 1.000000e+37
3128272 70796.046875 2613.607666 43907.988281 -30.787655 -103.496758 -84.102386 12.207736 1.000000e+37
3128280 71620.867188 2850.776855 44898.140625 -13.460210 -147.719757 40.947887 10.167829 1.000000e+37
3128281 70381.023438 2794.827148 44591.128906 -73.119301 -112.141190 -46.057793 9.441231 1.000000e+37
3128301 70327.039062 2285.315186 43867.105469 -3.889333 -182.889603 -250.693283 12.398445 1.000000e+37
3128324 69652.015625 2521.057861 44294.644531 -29.817368 -176.968445 -235.011032 9.102010 1.000000e+37
3128325 69183.937500 2883.080322 44798.316406 9.341721 -269.814911 -212.989899 9.755032 1.000000e+37
3128337 69284.046875 4511.140137 45781.121094 2.783088 -201.604294 -311.378876 7.409265 1.000000e+37
3128338 69285.679688 4214.310547 45725.144531 0.107509 -214.893143 -310.793304 7.079287 1.000000e+37
3128375 70804.914062 2423.423584 45469.316406 -15.003543 -131.022507 -326.840851 12.019365 1.000000e+37
3167628 69926.054688 2835.475098 43450.839844 -155.895813 -44.018143 -101.641533 12.507693 1.000000e+37
3167663 69672.765625 2027.604248 43946.277344 -14.556506 -73.946693 -251.725266 8.803615 1.000000e+37
3167664 68902.718750 2227.401123 44220.820312 -26.108017 -71.934280 -259.932098 10.244882 1.000000e+37
3167665 69190.218750 1037.957764 45141.828125 -18.089121 -87.498581 -232.916595 11.971996 1.000000e+37
3167677 68665.523438 3051.049072 43961.675781 -39.212132 -210.958817 -255.121094 11.535196 1.000000e+37
3167679 68249.195312 2463.863770 44881.242188 6.906524 -99.561333 -317.196625 10.981558 1.000000e+37
3167696 69064.648438 3810.879395 45777.148438 19.676764 -232.909042 -313.850708 10.902254 1.000000e+37
3208110 70838.039062 4209.587402 45070.671875 19.160454 -185.764709 -243.341141 11.705275 1.000000e+37
3208112 70966.000000 4214.190918 44858.230469 -58.658550 -181.235184 -281.871582 13.239595 1.000000e+37
3208117 70897.953125 2750.303467 45039.757812 20.845221 -160.250717 -274.195374 10.888520 1.000000e+37
3208119 70494.046875 1738.651367 44571.343750 0.673012 34.491039 -130.640213 10.514294 1.000000e+37
3208137 68918.007812 1724.082520 46965.562500 -39.995846 -213.599869 -305.222504 10.272873 1.000000e+37
3250590 70787.445312 2256.165771 44505.625000 -45.962940 -119.099602 -14.147774 8.592306 1.000000e+37
3250626 68951.656250 2990.222412 45382.289062 76.538269 -131.780640 -330.688446 12.084394 1.000000e+37
3250641 69265.078125 2488.062988 44040.250000 -13.398129 -141.756821 -236.333359 12.129480 1.000000e+37
3250642 68457.648438 2789.689697 45046.691406 19.007753 -121.041962 -320.512848 8.599452 1.000000e+37
3250644 67724.218750 2793.573730 44803.035156 0.470748 -242.365204 -316.543427 10.943582 1.000000e+37
3250654 69189.671875 1914.113403 47128.871094 -34.022549 -209.226959 -315.175293 10.873635 1.000000e+37
3294616 70641.984375 3031.656250 43710.402344 -58.437149 -58.786613 -86.396049 11.745332 1.000000e+37
3294625 71592.070312 2640.010498 44653.855469 134.919373 -119.344452 -88.439003 9.423356 1.000000e+37
3294644 69876.687500 2992.275391 45200.421875 -37.574059 -222.967255 -173.282776 9.186823 1.000000e+37
3294645 70151.000000 3223.862305 45351.125000 12.900624 -284.242767 -288.646942 10.699311 1.000000e+37
3294685 69005.843750 2666.770508 44534.765625 -21.248404 -180.948441 -201.002960 7.017654 1.000000e+37
3294687 69590.210938 2669.234131 45443.179688 38.235611 -156.488602 -348.238861 11.155441 1.000000e+37
3294689 70291.648438 4435.408203 45163.316406 34.206070 -211.536179 -298.154968 10.403418 1.000000e+37
3294691 67971.820312 2489.025146 44416.945312 -6.409731 -155.827911 -269.482666 7.821500 1.000000e+37
3294708 69673.054688 2191.573242 47338.480469 -21.495472 -204.994202 -315.254120 10.147061 1.000000e+37
3340562 69738.070312 2898.311279 43443.871094 -78.754997 49.905716 -213.087997 10.726050 1.000000e+37
3340607 70394.898438 2053.442139 43903.167969 19.234440 -34.769054 -239.031052 8.346985 1.000000e+37
3340608 70231.976562 2349.074951 43551.195312 -15.149447 -90.925674 -252.096039 9.572393 1.000000e+37
3340609 68494.992188 1914.655151 46318.914062 -2.932785 -138.659348 -267.600830 10.977810 1.000000e+37
3340634 68283.617188 2878.674805 45805.125000 14.903285 -226.337738 -286.003693 11.345407 1.000000e+37
3340695 70849.187500 1796.218140 45999.167969 -32.910301 -140.719040 -311.094269 10.755096 1.000000e+37
3340696 69844.109375 3118.229492 45413.734375 -17.773811 -182.584167 -383.163208 10.806974 1.000000e+37
3388248 70432.906250 3208.042969 43638.132812 -44.571899 -12.504281 -155.996567 10.618526 1.000000e+37
3388277 71568.546875 3139.833740 44682.054688 -25.022133 -276.403412 -250.922272 7.761973 1.000000e+37
3388309 68760.453125 2675.482178 44685.324219 -40.968525 -190.680161 -205.205841 9.064698 1.000000e+37
3388317 67874.093750 3352.827148 46208.671875 -15.840902 -228.857025 -323.644165 9.562303 1.000000e+37
3388318 69058.812500 3316.383789 45754.839844 12.952113 -250.076767 -356.665131 6.923524 1.000000e+37
3388319 70327.515625 2707.416992 46638.628906 -7.328467 -206.392700 -357.166443 9.950573 1.000000e+37
3437669 70874.140625 2764.710449 44340.457031 42.035133 22.251562 -146.855621 10.809473 1.000000e+37
3437695 69745.320312 2755.380127 45592.699219 -7.665545 -147.970444 -376.858734 11.861208 1.000000e+37
3437700 70164.257812 2819.125732 45389.191406 -148.107956 -206.402237 -280.657196 10.957415 1.000000e+37
3437712 69732.750000 1367.083008 44134.222656 -40.732300 -26.902502 -196.617874 9.367528 1.000000e+37
3437721 70137.804688 2335.468506 43865.093750 -4.323168 -187.384918 -261.061096 10.934407 1.000000e+37
3437746 69163.976562 2729.376953 44858.972656 9.883986 -267.582031 -200.745285 11.273239 1.000000e+37
3489220 70056.460938 2316.593506 43856.964844 -114.750221 91.155563 -23.142908 7.452255 1.000000e+37
3489223 71410.453125 2457.630859 44740.890625 97.503304 -183.422134 -298.140961 7.203691 1.000000e+37
3489241 70462.671875 2275.794922 43898.386719 8.458564 -190.015778 -243.285294 8.543079 1.000000e+37
3489261 69372.109375 2997.059326 45513.332031 64.700806 -208.057022 -256.613373 7.235758 1.000000e+37
3489262 70360.648438 1203.907471 44805.253906 23.426203 -61.951542 -225.222092 8.706678 1.000000e+37
3489264 68197.804688 2871.395996 45006.988281 4.094176 -130.977219 -284.597839 9.538079 1.000000e+37
3489280 69164.046875 3407.500732 44427.781250 -9.693476 -233.582748 -247.321304 10.681508 1.000000e+37
3489289 70155.437500 2858.616455 45746.031250 -99.134552 -214.330795 -412.767822 9.183955 1.000000e+37
3497185 68793.351562 1731.965820 43851.144531 -178.350433 83.884735 -76.504105 9.498210 1.000000e+37
3542700 70314.796875 2449.003906 44376.449219 -69.368996 -83.253632 -65.569572 10.341602 1.000000e+37
3542719 71378.820312 3928.826172 44921.019531 -74.146408 -196.512878 -323.454956 9.214827 1.000000e+37
3542720 70849.429688 2643.248291 44375.609375 30.472225 -220.171722 -223.518723 10.645379 1.000000e+37
3542732 70334.945312 1504.898560 44383.148438 25.144258 -39.819714 -217.525604 9.060665 1.000000e+37
3542733 67907.601562 2462.185059 44331.078125 -44.102966 -84.195312 -267.998657 9.300769 1.000000e+37
3542752 69192.945312 3029.948730 44706.378906 8.751009 -269.115387 -241.669235 8.464778 1.000000e+37
3542753 68040.843750 2468.809082 44227.515625 -1.692434 -161.145218 -295.363708 8.102483 1.000000e+37
3542760 67785.734375 3027.760254 46204.101562 -0.982155 -222.773453 -295.694244 7.531191 1.000000e+37
3542762 68361.429688 3687.033447 46344.554688 -0.546892 -217.069336 -335.525421 6.950294 1.000000e+37
3542763 68615.531250 4100.713379 46676.683594 1.129518 -208.916321 -325.582184 10.663351 1.000000e+37
3542806 70587.296875 2800.611816 45677.191406 -89.692039 -184.098572 -358.056793 10.302614 1.000000e+37
3542809 70631.445312 1656.732178 46500.515625 -16.735760 -175.372803 -332.737793 8.195550 1.000000e+37
3542810 70900.460938 3368.878174 44867.203125 -27.284735 -204.470840 -268.940674 10.365980 1.000000e+37
3542822 70804.687500 3000.787109 46469.628906 -37.015137 -186.690201 -340.950409 8.140633 1.000000e+37
3598356 69682.117188 3022.967529 43628.617188 -112.474976 -43.827221 -92.242294 12.368841 1.000000e+37
3598365 70488.953125 3026.162354 44080.023438 -107.282776 -112.198181 -39.199913 9.842519 1.000000e+37
3598372 69413.062500 2289.707031 43711.839844 -145.151367 92.574966 -53.867970 10.955193 1.000000e+37
3598395 71007.265625 3925.477783 45170.730469 42.344845 -214.285812 -342.894806 10.127820 1.000000e+37
3598402 70335.914062 2766.286133 45559.160156 -32.691277 -185.152344 -373.097717 9.106676 1.000000e+37
3598403 69653.179688 2851.571289 45662.898438 -22.096121 -221.895432 -307.493530 10.039876 1.000000e+37
3598432 69064.984375 1719.833740 46522.406250 -32.065254 -134.716125 -254.280518 9.164205 1.000000e+37
3598474 69051.210938 4736.256836 45859.937500 33.909595 -202.695892 -310.619690 9.127751 1.000000e+37
3598476 70086.210938 4387.795898 45767.992188 -3.371089 -205.625290 -338.710663 9.483021 1.000000e+37
3598477 69132.835938 2367.421387 45806.617188 27.353834 -119.608200 -322.428253 8.623421 1.000000e+37
3598478 68526.773438 1982.267456 46355.191406 7.685239 -191.308990 -309.886780 9.795458 1.000000e+37
3598538 70703.414062 1875.484741 45919.070312 -2.992081 -147.344986 -318.180481 9.493638 1.000000e+37
3656902 71125.296875 4186.011230 44801.070312 -61.259708 -183.638718 -242.456360 8.870232 1.000000e+37
3656915 69508.500000 1369.743530 44374.566406 -33.062672 5.097640 -199.824966 8.457925 1.000000e+37
3656957 68377.320312 2754.133789 45007.675781 16.098930 -121.979439 -324.846802 8.505879 1.000000e+37
3656958 68826.476562 2810.236572 45432.445312 67.749718 -107.462418 -319.076141 9.908792 1.000000e+37
3656959 69797.414062 2963.256348 45442.679688 11.053475 -311.220673 -215.706238 7.195820 1.000000e+37
3656960 69243.109375 3358.016846 44553.906250 -20.537045 -229.171112 -238.514420 10.841341 1.000000e+37
3656961 67704.617188 2823.747803 44753.425781 -3.782976 -247.517441 -304.111908 8.441445 1.000000e+37
3656968 69059.703125 4591.537109 46260.183594 1.036568 -198.144516 -334.878113 7.181612 1.000000e+37
3656969 69728.093750 2762.938477 45285.640625 -71.213661 -167.431992 -346.063141 11.794605 1.000000e+37
3657031 70649.140625 1774.448853 46079.449219 10.986945 -144.077591 -302.565552 7.593407 1.000000e+37
3717885 68711.664062 2413.889404 43641.710938 -158.247726 59.246555 -114.057373 9.150011 1.000000e+37
3717919 70919.812500 4013.813477 44939.742188 -75.454468 -175.695251 -234.861145 10.123439 1.000000e+37
3717922 70706.203125 2940.804688 44625.636719 11.022861 -216.165161 -223.774445 11.982631 1.000000e+37
3717942 70560.023438 2377.466309 44211.800781 39.034492 -108.620705 -264.878662 9.664241 1.000000e+37
3717943 68466.648438 1774.151001 44428.781250 -42.000675 -77.662666 -267.450806 6.491459 1.000000e+37
3717959 68099.960938 2644.686035 44076.320312 -35.202766 -201.587402 -241.906921 8.643629 1.000000e+37
3717960 69079.828125 2683.178955 44949.300781 -18.173223 -155.883804 -173.077637 9.091467 1.000000e+37
3717961 68533.257812 2729.723633 44880.675781 -52.493908 -197.206528 -227.329056 11.323421 1.000000e+37
3717962 70131.078125 3269.931396 45355.394531 10.382832 -275.684387 -279.837341 6.236114 1.000000e+37
3717963 69996.820312 3960.484863 44936.949219 23.012419 -228.509689 -264.295502 9.650661 1.000000e+37
3717987 68554.468750 3149.443604 46577.972656 -11.081016 -214.312439 -339.662354 7.887830 1.000000e+37
3717988 69770.078125 4123.527832 45782.925781 -3.413688 -217.863174 -337.780212 9.341362 1.000000e+37
3718030 70295.906250 1238.156494 46444.980469 -13.176405 -145.857330 -297.546143 10.425193 1.000000e+37
3781854 70991.171875 2594.257568 44481.144531 3.292118 -118.945816 -41.871399 10.250554 1.000000e+37
3781866 71248.320312 2813.140625 44829.324219 48.327259 -117.252434 -89.218742 12.466005 1.000000e+37
3781908 68883.257812 2120.680176 46398.187500 -26.619846 -156.158661 -300.757843 7.895234 1.000000e+37
3781909 70290.960938 1045.842651 44805.859375 16.699915 -54.634644 -208.206467 10.329599 1.000000e+37
3781926 68487.562500 2788.751221 44588.437500 38.007801 -214.227554 -298.064240 7.519205 1.000000e+37
3781930 69081.203125 2718.336670 45035.402344 16.668539 -254.691986 -185.538971 11.864764 1.000000e+37
3781931 68878.937500 2513.301514 45099.109375 81.576637 -195.685318 -295.690704 10.347302 1.000000e+37
3781944 70883.398438 3782.824951 44927.953125 43.074024 -198.964188 -312.341400 11.763945 1.000000e+37
3781945 68877.945312 2068.027588 46121.902344 -16.735931 -157.037109 -321.350342 8.983068 1.000000e+37
3781948 68903.140625 2245.842041 45873.152344 -39.319588 -139.563629 -347.257812 7.968533 1.000000e+37
3782002 70917.781250 1720.446533 46082.367188 -43.766544 -141.299469 -331.704071 11.129694 1.000000e+37
3782014 70310.867188 3051.464600 45861.828125 -55.546860 -188.908615 -405.382996 8.895578 1.000000e+37
3848803 69492.093750 2658.815430 43361.460938 -123.194656 20.512678 -105.925049 12.376589 1.000000e+37
3848806 69610.500000 2507.821045 43720.617188 -150.441528 -54.375484 -126.439613 12.902294 1.000000e+37
3848808 70830.992188 2367.846191 44821.257812 18.948099 -40.486988 -68.415329 9.712553 1.000000e+37
3848835 71091.882812 3857.772705 44364.347656 -28.243422 -206.044098 -199.354492 9.812716 1.000000e+37
3848847 69741.507812 925.265259 44945.902344 -14.820707 -16.367636 -183.582504 7.415502 1.000000e+37
3848848 70856.109375 1897.702271 44713.468750 33.693184 32.022751 -141.916748 10.315229 1.000000e+37
3848868 68603.296875 3014.657959 44044.406250 -38.335518 -213.989059 -252.016495 9.849372 1.000000e+37
3848873 68946.953125 4248.277832 45057.625000 16.546303 -223.064163 -287.326050 9.316545 1.000000e+37
3848886 68085.125000 2854.684326 45896.246094 37.330067 -232.664917 -328.913635 11.722659 1.000000e+37
3848896 70515.148438 2703.406006 45841.878906 -40.639133 -192.391159 -397.082123 12.205734 1.000000e+37
3848945 69536.734375 1164.218018 46556.539062 -28.456284 -167.290680 -261.831757 8.895994 1.000000e+37
3848956 71671.476562 3010.350098 45724.269531 -43.005680 -221.440994 -356.745056 10.001317 1.000000e+37
3859426 70579.898438 1488.790771 44517.421875 -48.207008 78.802643 -20.464926 9.011889 1.000000e+37
3919140 68828.429688 2194.767090 43634.289062 -118.274559 12.662715 -186.216476 6.422767 1.000000e+37
3919146 69819.023438 2837.016846 43567.414062 -173.015228 -137.689926 -83.525581 8.936107 1.000000e+37
3919150 70537.023438 2799.445312 44358.730469 -63.030937 47.393082 -19.410948 8.709163 1.000000e+37
3919170 71483.117188 2786.121094 44605.062500 53.852543 -137.536392 -6.517184 11.932108 1.000000e+37
3919191 69500.125000 1614.368530 44172.757812 -42.054405 8.108332 -194.594315 6.540934 1.000000e+37
3919195 70727.515625 1988.242065 44737.968750 28.278048 25.253492 -147.838394 11.653797 1.000000e+37
3919206 69632.492188 1121.502075 44918.578125 -2.989899 -79.312057 -234.526932 8.228393 1.000000e+37
3919225 68272.164062 2422.941162 44672.925781 -57.049431 -181.677170 -273.644775 9.950006 1.000000e+37
3919227 70125.859375 3846.755859 44751.390625 -1.330442 -207.249969 -232.777588 7.215122 1.000000e+37
3919240 69469.601562 3216.230225 45519.687500 16.620394 -292.248077 -333.959991 10.516504 1.000000e+37
3919243 69974.015625 2599.112305 47393.316406 -17.977228 -206.029068 -318.248840 8.609121 1.000000e+37
3919299 71235.351562 1598.543945 45828.234375 -0.489054 -146.182480 -347.407166 10.178613 1.000000e+37
3919307 70768.242188 2754.279785 44951.671875 -28.906557 -198.198410 -302.923431 9.221992 1.000000e+37
3919308 70841.687500 2421.942383 45490.984375 -15.872712 -139.485550 -331.939148 9.132871 1.000000e+37
3919311 70297.976562 2603.299805 46672.148438 -21.751364 -181.125565 -353.586456 7.749028 1.000000e+37
3930223 69680.976562 1174.552979 44666.906250 -44.075130 22.907709 -120.266327 12.563267 1.000000e+37
3993198 71217.085938 2549.318848 44476.070312 82.429520 -59.391697 -74.097031 11.532213 1.000000e+37
3993200 70011.820312 2526.420654 44294.101562 -43.005493 34.648136 -149.980560 10.296829 1.000000e+37
3993209 71571.570312 2297.710205 45150.183594 58.152267 -212.967148 8.209431 6.397657 1.000000e+37
3993284 68162.632812 2658.507080 44629.925781 -23.922405 -227.775543 -183.385406 8.248267 1.000000e+37
3993288 69560.187500 2635.082520 44746.609375 -42.337299 -168.240875 -207.046265 6.880474 1.000000e+37
3993290 70269.843750 3315.206787 45375.023438 -17.651011 -246.535461 -221.636658 10.525311 1.000000e+37
3993304 67943.062500 3019.569336 46088.054688 7.324924 -231.281723 -319.463898 9.169589 1.000000e+37
3993309 69515.062500 4223.545410 46427.726562 -10.971551 -203.864136 -336.873169 10.202082 1.000000e+37
3993311 68904.976562 2289.209229 46052.835938 -10.565435 -142.070236 -338.047455 10.182179 1.000000e+37
3993312 68924.460938 2461.422363 45528.960938 30.688057 -98.234818 -323.808167 10.446238 1.000000e+37
3993315 68723.445312 1481.865601 46597.125000 -35.801289 -208.148148 -255.146393 11.164949 1.000000e+37
3993384 69752.273438 3057.695557 45512.671875 -31.722424 -258.045074 -350.724426 14.048903 1.000000e+37
4070971 70238.546875 1745.549194 44690.156250 -17.698679 23.231619 -145.684326 8.118950 1.000000e+37
4070982 71206.882812 2905.063965 44778.859375 12.204270 -233.724823 -288.702545 6.518672 1.000000e+37
4070986 70479.578125 2243.936523 44497.500000 -52.339264 -96.965492 -58.838463 9.053322 1.000000e+37
4071016 70206.046875 2909.154541 45536.964844 -157.954391 -174.884750 -380.473938 8.679168 1.000000e+37
4071029 69598.796875 1200.724609 44442.433594 -24.610760 -27.179373 -219.421387 7.335270 1.000000e+37
4071038 69464.382812 1146.121460 44391.136719 -26.526134 -20.952438 -221.623154 10.672905 1.000000e+37
4071065 68959.414062 3369.923828 43546.648438 -44.095192 -203.388107 -274.411621 8.557610 1.000000e+37
4071072 68156.687500 2666.511230 45060.558594 33.381008 -242.642517 -318.520935 8.216285 1.000000e+37
4071073 70124.289062 3424.331299 45282.785156 15.293303 -268.235199 -246.752457 9.145264 1.000000e+37
4071092 69290.210938 4784.433594 46105.992188 15.079504 -190.278397 -337.980103 7.107705 1.000000e+37
4152588 69308.500000 1392.970093 44342.792969 -62.478291 49.901943 -149.690323 7.514698 1.000000e+37
4152605 70338.882812 3419.558594 44266.238281 -49.989296 -27.249508 -100.993782 7.650627 1.000000e+37
4152607 71251.023438 2243.975098 45158.996094 62.730450 -101.171928 -20.994751 11.087234 1.000000e+37
4152645 70623.085938 2244.453369 43663.140625 -11.457849 -120.709145 -151.511703 13.710856 1.000000e+37
4152646 70869.234375 2155.511963 43879.078125 50.854557 -117.275192 -165.111710 8.675838 1.000000e+37
4152653 70502.265625 1134.664551 46048.375000 22.340590 -118.116272 -282.127563 9.846844 1.000000e+37
4152698 69484.968750 2528.132080 44414.101562 -31.861948 -174.075211 -229.395126 8.188009 1.000000e+37
4152711 67868.156250 3279.377930 46150.960938 -12.310555 -227.248398 -326.811584 9.521410 1.000000e+37
4152714 69313.992188 3546.083008 45532.500000 12.041558 -261.097321 -331.825867 11.239258 1.000000e+37
4152716 68748.914062 3396.931152 46844.269531 -15.894324 -210.926987 -333.370514 8.036301 1.000000e+37
4152717 68974.476562 3658.952393 47098.164062 -18.503426 -205.161850 -324.215454 8.958334 1.000000e+37
4152718 69001.742188 3292.989014 45703.093750 9.268161 -249.676270 -355.657318 8.497435 1.000000e+37
4152721 69019.937500 2580.735352 45784.554688 -3.741290 -128.679123 -367.875671 5.743276 1.000000e+37
4152722 68164.640625 2243.371094 45347.238281 -7.752176 -120.764305 -307.841705 7.759974 1.000000e+37
4152797 69781.507812 1285.165283 46400.750000 -22.795290 -159.311554 -275.904663 9.799109 1.000000e+37
4237067 68986.226562 2093.378174 43618.128906 -117.927010 22.879049 -178.230392 8.086030 1.000000e+37
4237068 69893.804688 2463.982666 43994.765625 -2.373711 -88.068756 -267.747467 9.471680 1.000000e+37
4237074 71254.382812 2290.424316 45043.878906 50.570927 -174.725098 -7.125015 10.435448 1.000000e+37
4237111 70701.671875 2193.147217 43872.628906 28.657850 -192.358902 -228.698639 6.879624 1.000000e+37
4237114 70295.453125 2422.355957 43591.191406 -22.168636 -122.280998 -225.612564 10.695224 1.000000e+37
4237123 69683.820312 1006.554199 44808.644531 -18.348104 -12.682524 -187.243591 9.894716 1.000000e+37
4237130 69865.148438 1305.298218 44201.175781 -27.928421 -22.055643 -200.419937 9.267580 1.000000e+37
4237143 68990.476562 2261.402588 46113.996094 -27.773657 -93.831261 -283.701904 5.487759 1.000000e+37
4237182 69576.710938 2667.225830 44390.527344 -22.372351 -137.109940 -233.515533 9.848749 1.000000e+37
4237184 69047.257812 2389.127930 45969.718750 -6.974678 -139.345810 -320.250305 8.580209 1.000000e+37
4237185 69649.078125 3704.553711 44487.785156 -14.309369 -212.688858 -243.407913 9.111378 1.000000e+37
4237186 69150.703125 2618.864014 45426.414062 54.021347 -129.555023 -164.831497 10.444030 1.000000e+37
4237196 68051.726562 2923.309814 46042.636719 18.138725 -183.207291 -348.743835 7.860342 1.000000e+37
4237203 68405.617188 2676.737793 45711.851562 -19.411840 -196.929138 -331.461609 11.959762 1.000000e+37
4237204 69331.929688 3476.912598 45514.707031 15.422650 -264.338104 -331.364899 8.163877 1.000000e+37
4237207 68894.960938 2988.433594 45720.312500 19.280512 -242.092270 -374.172424 7.848202 1.000000e+37
4237208 70171.781250 3049.167480 45687.945312 -95.322723 -250.625793 -394.581482 9.602008 1.000000e+37
4237210 69349.843750 3764.218262 45700.652344 -4.183797 -235.296555 -344.389740 9.894811 1.000000e+37
4237270 70837.890625 1806.887451 45977.542969 -15.994143 -134.226868 -306.778137 10.475614 1.000000e+37
4237273 70762.039062 1827.990601 45989.976562 -5.038064 -135.806595 -301.430481 8.938464 1.000000e+37
4237288 70710.492188 1791.921875 46038.488281 -39.617264 -163.481842 -373.350555 7.444759 1.000000e+37
4237289 70374.117188 3014.814697 46031.292969 -57.371487 -202.096802 -384.648743 7.251151 1.000000e+37
4237301 70299.968750 3248.943359 45742.746094 -83.584381 -231.633102 -364.475464 8.983066 1.000000e+37
4325539 71427.039062 2742.496094 44694.035156 64.747437 -100.654144 -2.125853 11.014338 1.000000e+37
4325541 69936.875000 2873.825439 43647.269531 -89.436333 -37.463814 -164.189972 11.894032 1.000000e+37
4325542 69496.085938 2637.011230 43408.859375 -204.585617 -54.815994 -143.603104 10.237208 1.000000e+37
4325545 68745.664062 2639.596924 43591.203125 -141.352142 61.324871 -131.534317 8.227515 1.000000e+37
4325568 71325.609375 2646.701660 44928.402344 99.260429 -70.009216 -86.321495 10.803404 1.000000e+37
4325590 70715.718750 1177.328979 44888.097656 41.121109 -36.362476 -203.581329 7.080440 1.000000e+37
4325593 71400.671875 2993.335938 44319.914062 85.122147 -10.299976 -108.217209 8.275906 1.000000e+37
4325595 70209.320312 1666.123535 44261.003906 21.997499 -44.576382 -227.833496 8.168493 1.000000e+37
4325610 68813.226562 2896.560547 44941.632812 -17.298393 -145.181412 -218.037216 10.891622 1.000000e+37
4325611 68380.507812 2427.749268 44390.976562 -32.293903 -75.036530 -252.598724 5.873230 1.000000e+37
4325641 68984.140625 2851.765381 44784.519531 -27.204367 -102.649742 -194.380371 10.290120 1.000000e+37
4325642 68271.460938 2868.183105 44621.527344 26.840509 -158.674789 -228.207413 11.904405 1.000000e+37
4325644 67954.750000 2829.092285 44233.058594 -25.166901 -170.660233 -245.394363 5.955689 1.000000e+37
4325645 68106.882812 2517.446533 44546.914062 32.018749 -171.396240 -316.414764 4.988907 1.000000e+37
4325661 68939.640625 4438.407715 46562.464844 -3.478886 -207.799072 -327.809631 8.624846 1.000000e+37
4325664 69169.390625 4530.252930 45967.718750 -3.370479 -192.133484 -326.493835 8.556215 1.000000e+37
4325666 68986.992188 2484.467041 45577.550781 -4.838731 -106.098129 -367.758545 9.916543 1.000000e+37
4325717 70985.062500 1770.709717 46010.320312 -23.208326 -136.228531 -329.266968 8.531909 1.000000e+37
4325730 70680.671875 2152.514648 45728.386719 -0.041509 -128.723938 -324.377838 8.389558 1.000000e+37
