#subID	 x	 y	 z	 vx	 yv	 yz	 vmax	 B_MAG
#subID	 kpc/h	 kpc/h	 kpc/h	 km/s	 km/s	 km/s	 km/s	 mags
432874 17892.660156 56341.597656 4117.939941 -81.668755 159.745895 -286.518799 186.182205 -2.062550e+01
432875 18003.259766 56221.464844 4294.405762 -76.601318 128.944748 -357.753815 70.552277 -1.709673e+01
432876 17865.181641 56311.878906 4200.508789 11.396031 89.062599 -321.585083 75.046448 -1.692069e+01
432877 17861.822266 56384.839844 4102.079102 -10.054641 -25.222092 -139.993011 52.064003 -1.435695e+01
432878 17782.201172 56435.453125 4215.220215 -30.089460 313.447876 -252.482391 29.754910 1.000000e+37
432879 18020.146484 56324.535156 4348.036621 -4.231861 78.735687 -359.461639 25.184153 1.000000e+37
432880 17993.142578 56448.593750 4120.507324 -117.848152 274.490234 -403.633270 21.452751 1.000000e+37
432881 17995.542969 56477.769531 3986.939209 -126.402306 210.062500 -390.632446 20.369646 1.000000e+37
432882 17909.861328 56307.269531 4154.183594 -261.110931 68.254234 -325.077789 31.158497 -1.095578e+01
432883 18038.546875 56454.707031 3995.903320 -97.459442 264.285034 -373.889893 17.431965 1.000000e+37
432884 17943.730469 56261.101562 4386.349609 -123.832535 212.248703 -200.708328 18.111267 1.000000e+37
432885 17964.826172 56387.562500 4271.509766 -253.482971 60.363270 -327.553680 14.808087 1.000000e+37
432886 17931.892578 56419.292969 4270.149414 19.934313 191.857986 -152.028641 16.180506 1.000000e+37
432887 18014.265625 56391.539062 4132.056152 -198.921661 146.122910 -404.155304 15.822244 1.000000e+37
432888 18003.210938 56201.027344 4136.184570 -139.644974 18.014915 -240.400391 12.553086 1.000000e+37
432889 17966.347656 56501.523438 4029.493164 -79.534042 186.002380 -414.624725 12.385507 1.000000e+37
432890 17940.455078 56245.914062 4251.923828 82.194771 254.414185 -358.152161 12.272717 1.000000e+37
432891 17998.513672 56314.824219 4261.457520 -27.834768 118.715446 -198.780533 9.708419 1.000000e+37
432892 17921.351562 56312.804688 4131.466797 17.696707 321.592255 -443.649597 20.891970 1.000000e+37
432893 17761.353516 56244.925781 4183.442871 -156.603561 316.971710 -228.644791 14.782626 1.000000e+37
432894 17964.376953 56203.160156 4244.742188 43.049480 94.768684 -364.527893 13.994280 1.000000e+37
432895 18061.144531 56365.218750 4033.604980 -88.381355 228.793716 -426.978790 12.148505 1.000000e+37
432896 17884.837891 56296.945312 4167.252441 -184.224670 131.470734 -139.472015 15.206242 1.000000e+37
432897 17937.876953 56272.050781 3980.543945 -72.094383 160.046097 -177.237518 17.007355 1.000000e+37
432898 17929.839844 56304.675781 4270.642578 -96.534775 255.718552 -319.642670 16.170084 1.000000e+37
432899 17978.505859 56360.773438 4122.632812 -247.653015 90.792526 -401.878143 14.679492 1.000000e+37
432900 17872.626953 56252.832031 4247.217773 60.145035 165.038284 -331.501343 14.507468 1.000000e+37
432901 17876.298828 56217.488281 4203.974609 -79.132401 18.288210 -301.327942 13.118265 1.000000e+37
432902 17922.701172 56438.898438 4047.358398 -19.859571 271.019592 -366.123291 10.226365 1.000000e+37
432903 17977.294922 56446.863281 4017.462646 -164.661163 70.256165 -343.677429 13.362486 1.000000e+37
432904 17764.917969 56435.410156 4250.073730 38.376667 86.721848 -249.248520 10.935275 1.000000e+37
432905 17840.476562 56387.449219 4014.432129 77.640457 203.156403 -148.388107 10.429792 1.000000e+37
432906 17906.873047 56201.679688 4235.703125 22.235636 314.990845 -263.905548 7.762602 1.000000e+37
432907 17967.152344 56363.097656 4124.307617 -242.923157 37.745152 -277.600433 13.642529 1.000000e+37
432908 17987.732422 56335.554688 4370.071289 -77.881950 110.245773 -150.922318 8.349032 1.000000e+37
432909 17703.630859 56287.730469 4196.429688 -3.701107 122.134354 -247.123047 10.844685 1.000000e+37
432910 17691.697266 56291.851562 4154.648926 -118.650146 154.598816 -213.751343 10.596825 1.000000e+37
432911 17930.630859 56452.101562 4122.720703 -189.466461 16.292521 -338.078766 11.331641 1.000000e+37
432912 17946.992188 56241.246094 4285.376953 22.130873 302.104645 -301.832092 12.089616 1.000000e+37
432913 17951.955078 56347.945312 4431.695312 28.270588 122.995369 -313.572479 11.043649 1.000000e+37
432914 18011.748047 56304.265625 4081.689209 -44.151497 5.269958 -182.082870 10.312378 1.000000e+37
432915 17837.541016 56405.703125 4162.394043 -148.442230 333.132446 -400.265717 12.716477 1.000000e+37
432916 17756.837891 56255.609375 4160.555664 -188.069763 132.646240 -435.586060 9.843285 1.000000e+37
432917 18033.537109 56219.023438 4382.991211 -43.079830 232.344833 -252.915649 9.004274 1.000000e+37
432918 17789.056641 56399.457031 4178.644531 -56.453674 351.771881 -219.971848 8.436502 1.000000e+37
432919 17726.261719 56322.761719 4211.270996 -32.152340 106.007782 -231.636169 12.062283 1.000000e+37
432920 17873.177734 56271.054688 4305.181152 -108.124329 180.627380 -324.079742 9.379239 1.000000e+37
432921 18010.509766 56412.765625 4061.630127 -181.731720 139.679337 -307.261383 8.517246 1.000000e+37
432922 17856.246094 56366.054688 4156.845215 -64.283218 140.629425 -504.494019 10.205796 1.000000e+37
432923 17871.507812 56306.890625 4243.563477 -34.821243 -16.549679 -312.982208 10.455317 1.000000e+37
470166 17789.437500 56714.003906 3643.347656 -91.920029 132.889435 -217.204819 151.104431 -1.975987e+01
470167 17804.697266 56769.074219 3636.925537 -200.984726 41.148643 -277.203430 70.943367 -1.737270e+01
470168 17831.664062 56643.164062 3699.057373 -174.381668 219.681900 -225.315903 32.982014 -1.323502e+01
470169 17756.267578 56881.414062 3524.772461 -89.449722 38.651260 -185.613998 19.170801 1.000000e+37
470170 17800.951172 56764.421875 3764.368164 -44.870384 179.507263 -326.788544 24.244064 1.000000e+37
470171 17706.974609 56692.941406 3570.586914 -98.441086 70.512413 -140.389404 26.899004 -1.006356e+01
470172 17694.552734 56666.531250 3590.642090 -82.811508 122.605247 -219.744019 19.104836 -1.168178e+01
470173 17829.580078 56801.531250 3684.871338 46.752438 230.428162 -183.844925 14.710779 1.000000e+37
470174 17728.052734 56856.292969 3590.516357 -181.168457 155.686768 -263.700287 16.103214 1.000000e+37
470175 17772.351562 56669.968750 3667.581543 9.818751 211.589127 -279.081329 15.832989 -1.105476e+01
470176 17753.324219 56729.917969 3636.404297 -44.349689 303.552856 -33.803497 16.022676 1.000000e+37
470177 17841.914062 56803.750000 3772.730713 -137.181458 215.129745 -268.738281 13.779864 1.000000e+37
470178 17772.949219 56833.500000 3683.666748 -52.295799 99.259018 -320.522430 13.263439 1.000000e+37
470179 17856.250000 56654.441406 3686.496094 -180.548080 131.849152 -350.275391 13.562634 1.000000e+37
470180 17761.843750 56822.113281 3661.022949 -115.526382 230.020996 -342.059052 10.940633 1.000000e+37
470181 17760.101562 56655.765625 3658.317627 -121.005852 275.264038 -370.175903 12.680804 1.000000e+37
470182 17655.380859 56802.214844 3600.878174 -60.370209 28.803663 -171.074127 10.081060 1.000000e+37
470183 17810.062500 56689.429688 3602.865967 -251.928070 114.141869 -352.889526 10.393181 1.000000e+37
470184 17776.341797 56670.832031 3706.645264 -112.037598 132.552368 -50.703434 10.749770 1.000000e+37
470185 17855.142578 56705.824219 3696.543701 -152.326660 22.271042 -405.695099 9.494273 1.000000e+37
470186 17687.123047 56715.937500 3492.102539 -101.005417 200.685287 -343.014008 8.488534 1.000000e+37
470187 17846.437500 56689.652344 3701.882568 -130.104752 179.914001 -289.020142 12.059628 -9.145052e+00
470188 17860.968750 56671.472656 3733.605713 -99.462273 159.443497 -253.007294 8.851910 1.000000e+37
553972 18246.462891 55620.359375 5689.285645 -52.556805 119.557114 -289.237854 66.017311 -1.668995e+01
553973 18262.306641 55591.855469 5658.172363 -36.429207 139.492950 -214.069672 68.757050 -1.684655e+01
553975 18301.923828 55637.542969 5705.456055 -73.178856 74.596916 -204.332916 43.286663 -1.355354e+01
553976 18273.414062 55612.777344 5711.989258 -64.470375 60.476475 -240.390533 37.558365 -1.252036e+01
553978 18300.652344 55692.597656 5658.840332 -74.752930 147.336075 -199.524826 16.807062 1.000000e+37
553980 18270.851562 55687.476562 5653.499023 -100.110550 104.044617 -237.408173 12.449144 1.000000e+37
553981 18228.644531 55647.679688 5693.513672 -94.629181 70.970764 -264.735443 14.274709 1.000000e+37
553982 18289.900391 55562.128906 5672.996582 -76.265327 119.926064 -148.997864 9.690883 1.000000e+37
553983 18246.279297 55554.289062 5657.400879 -32.081566 190.686600 -257.566162 14.609847 1.000000e+37
573624 18230.390625 57779.835938 2246.798584 -140.101578 164.322281 -257.503632 90.283791 -1.840130e+01
573625 18223.029297 57746.628906 2295.217529 -136.994202 216.746567 -248.588226 18.499470 1.000000e+37
580738 18543.066406 55796.886719 5613.402344 -47.616001 121.539833 -226.369568 88.359863 -1.786542e+01
607033 17459.996094 58296.277344 3112.896484 -77.020554 139.401291 -316.441101 75.552704 -1.720291e+01
607034 17438.683594 58273.417969 3109.743408 -32.013508 76.004082 -330.791809 17.208845 1.000000e+37
607035 17405.447266 58319.804688 3094.525635 -51.851742 94.878418 -289.899780 16.417696 1.000000e+37
607036 17365.396484 58258.406250 3129.242920 -13.743603 150.500793 -313.237305 10.910303 1.000000e+37
637378 17666.394531 57205.164062 3096.132080 -147.642776 108.807816 -252.666458 65.963585 -1.691479e+01
637379 17729.578125 57222.832031 3083.506104 -165.088165 104.931557 -267.686310 23.496605 -8.936176e+00
651233 16043.833984 56334.000000 3225.906250 -10.059204 177.222641 -308.333344 62.809906 -1.629326e+01
651234 15980.852539 56368.589844 3266.304199 -29.032896 179.123337 -328.580994 9.215484 1.000000e+37
677705 18427.660156 55009.292969 5053.897949 -89.239677 149.131714 -216.501953 55.642803 -1.497347e+01
677706 18432.972656 54971.285156 5083.164551 -105.520622 148.163361 -196.561417 21.301643 1.000000e+37
679538 17536.287109 58017.652344 2775.823242 -96.537567 134.069824 -270.883362 54.920956 -1.515980e+01
679539 17556.212891 58070.562500 2736.700928 -100.056877 100.176025 -271.386688 10.833709 1.000000e+37
679540 17561.966797 58086.230469 2793.415283 -110.068771 117.671204 -260.381500 9.347887 1.000000e+37
679541 17505.144531 58069.328125 2788.385010 -129.515182 109.308655 -291.199524 10.765799 1.000000e+37
690242 17635.414062 57555.605469 2990.333008 -87.382088 133.731766 -251.485229 52.548199 -1.461654e+01
690243 17611.630859 57542.527344 3006.444336 -140.666718 132.294937 -291.224701 16.412123 1.000000e+37
690244 17653.906250 57564.148438 2948.884033 -81.176765 144.327606 -241.375214 15.264974 1.000000e+37
690245 17608.113281 57593.718750 2986.023438 -108.600479 92.523117 -272.582214 11.481853 1.000000e+37
693959 18526.375000 56693.496094 2690.571777 -164.099945 156.442215 -244.497467 52.992062 -1.381968e+01
701549 18125.951172 55999.425781 3580.579346 -127.518433 192.009186 -210.630356 53.921833 -1.397584e+01
701550 18163.167969 55989.882812 3597.129150 -98.802887 176.517319 -247.356659 10.155700 1.000000e+37
711912 18568.259766 57139.957031 3038.434814 -180.364532 141.895523 -266.659821 53.018066 -1.351653e+01
724715 17806.634766 56954.656250 3345.197998 -64.340294 49.699108 -280.549438 43.377728 -1.316564e+01
724716 17860.189453 56963.492188 3360.742676 -99.651161 42.675362 -284.279999 24.399544 1.000000e+37
724717 17861.107422 56890.003906 3396.348145 -42.487019 47.769917 -277.973816 20.132744 1.000000e+37
724718 17854.921875 56896.808594 3382.619141 -36.358322 66.129494 -255.625183 13.348265 1.000000e+37
739408 18212.007812 55666.984375 3493.053955 -123.662117 184.927002 -230.859390 44.929798 -1.282974e+01
739409 18211.021484 55645.515625 3515.428467 -147.011292 196.693344 -224.771118 17.556362 1.000000e+37
755219 18572.535156 55363.683594 2410.579590 -122.539291 149.059753 -263.173035 39.554359 -1.261965e+01
755220 18589.873047 55403.769531 2382.220947 -100.114326 134.943787 -268.967560 14.085859 1.000000e+37
755221 18588.074219 55326.414062 2391.308350 -116.659256 148.449844 -244.343826 13.073013 1.000000e+37
755222 18630.406250 55329.195312 2422.585205 -109.150261 167.473694 -265.715973 9.687662 1.000000e+37
774346 17639.738281 57834.902344 2949.469971 -82.500336 145.869659 -256.290558 42.654907 -1.236748e+01
776131 18720.695312 54790.132812 3174.519775 -128.290710 134.867569 -242.042816 29.356884 1.000000e+37
776132 18675.941406 54791.097656 3181.796631 -113.195953 159.008987 -235.614838 27.854376 1.000000e+37
776133 18654.644531 54764.429688 3172.851074 -95.096222 132.274551 -218.505127 11.403270 1.000000e+37
776134 18714.031250 54793.722656 3169.820068 -123.858208 131.929214 -247.867432 15.906215 1.000000e+37
776135 18734.619141 54772.640625 3176.553467 -124.717705 170.790924 -251.687500 10.420670 1.000000e+37
798548 18396.910156 56061.839844 4799.647461 -69.472755 143.643372 -300.578949 36.291172 -1.149967e+01
798549 18370.496094 56066.968750 4772.243164 -40.518894 137.352783 -296.501068 26.135265 1.000000e+37
799736 17966.353516 56157.152344 4898.729492 -87.155693 123.093979 -304.553436 41.933010 -1.211868e+01
799737 17991.228516 56153.386719 4873.257324 -81.149529 126.062119 -276.446655 9.776839 1.000000e+37
801442 18337.251953 55453.734375 3392.054688 -131.741623 179.921860 -231.448532 38.157124 -1.173654e+01
801443 18326.298828 55465.656250 3384.605957 -132.731689 158.057999 -206.652649 13.461822 1.000000e+37
804662 18599.246094 56432.480469 2708.609131 -160.843781 171.963852 -247.283478 38.173943 -8.991204e+00
805228 16705.273438 57170.000000 3408.615479 -40.611908 163.292267 -332.276337 37.368660 -8.709195e+00
805229 16709.832031 57115.574219 3433.199219 -54.421131 171.098495 -318.107758 14.492637 1.000000e+37
805230 16685.248047 57103.539062 3416.858643 -38.057495 122.490311 -343.209686 8.579592 1.000000e+37
812457 17871.121094 56082.367188 4310.152344 6.543050 266.063751 -283.334351 29.301479 1.000000e+37
812458 17849.416016 56093.226562 4341.770508 37.706196 244.204086 -278.174988 22.994202 1.000000e+37
821232 16006.861328 56833.949219 3530.600830 22.292425 129.371857 -346.325073 30.838736 1.000000e+37
821233 16019.742188 56848.230469 3522.027344 -2.546760 153.243820 -336.184235 15.341317 1.000000e+37
838614 17513.357422 57615.730469 2777.953613 -60.445984 165.909988 -250.145187 35.943974 -1.084626e+01
838615 17495.587891 57594.464844 2781.196533 -26.706139 162.916428 -244.926193 9.248027 1.000000e+37
841146 16462.990234 57299.359375 2938.200439 23.711554 197.152985 -377.936646 33.150299 -1.055020e+01
842371 18287.826172 56161.628906 4638.121582 -72.571724 164.911423 -309.073975 38.059811 -1.109112e+01
850075 16181.215820 55797.695312 4656.042480 -14.423864 144.564468 -281.524139 25.847534 1.000000e+37
850076 16182.570312 55808.250000 4660.697754 -24.018330 129.560501 -281.805115 13.668798 1.000000e+37
850077 16157.122070 55833.375000 4633.623535 -8.912351 157.078613 -277.328522 11.085208 1.000000e+37
857600 18468.808594 57329.906250 2119.634521 -166.000793 170.674469 -263.343262 30.707222 1.000000e+37
857601 18453.224609 57369.050781 2142.970703 -149.503204 158.772781 -270.028931 11.805438 1.000000e+37
871003 18575.894531 56882.589844 2958.083252 -184.649673 155.878983 -255.724884 32.837227 -8.948174e+00
896916 16737.289062 55882.437500 4761.186523 -7.863608 133.939789 -291.481232 27.862677 1.000000e+37
896917 16591.195312 57825.742188 2804.803711 -42.586037 81.665504 -430.723297 30.828913 -9.265233e+00
918754 18349.724609 56577.777344 2978.945557 -171.245987 165.664886 -248.742401 28.953775 1.000000e+37
933962 17342.380859 57889.804688 2616.781982 -76.963753 162.807861 -255.859131 25.651724 1.000000e+37
957093 16344.149414 55958.867188 4038.223877 -16.952507 166.395462 -286.449097 24.063145 1.000000e+37
957094 16331.488281 55974.582031 4049.627441 -27.537840 154.168808 -285.237305 11.654912 1.000000e+37
959750 15960.713867 56260.191406 3071.878662 -12.129713 181.897797 -286.944397 21.157425 1.000000e+37
959751 15944.860352 56252.238281 3033.695312 -0.967870 206.434143 -292.435394 12.182282 1.000000e+37
959752 15932.132812 56256.503906 3090.964600 -6.457540 192.059921 -292.536713 14.805662 1.000000e+37
965987 15881.749023 56301.945312 3375.200684 23.730326 176.622025 -314.680511 23.732656 1.000000e+37
965988 15874.235352 56307.902344 3347.524658 37.388279 177.868576 -292.112427 9.832312 1.000000e+37
969112 17882.693359 57469.234375 2944.930420 -142.816528 124.926445 -234.923508 27.710125 1.000000e+37
984541 18063.876953 56719.851562 3078.112793 -170.179855 159.857819 -223.703400 25.680252 1.000000e+37
1008049 18338.796875 57421.910156 2473.656250 -170.153229 163.516815 -270.260406 24.390560 1.000000e+37
1017056 16101.527344 57206.308594 3226.155029 32.584599 164.734406 -370.615417 25.399029 1.000000e+37
1017499 17340.550781 56812.492188 3618.922607 -5.482863 112.071594 -298.503906 26.044725 1.000000e+37
1021254 18177.650391 55824.140625 4113.474121 -182.211349 173.644211 -238.861908 23.701056 1.000000e+37
1041865 17883.398438 56477.023438 4275.013672 -102.272446 240.462677 -320.776611 23.800911 1.000000e+37
1054869 17629.617188 57343.007812 3201.437744 -165.823074 136.834702 -251.010803 22.009779 1.000000e+37
1054870 17652.871094 57363.703125 3210.734863 -162.495667 169.628494 -246.751450 9.352095 1.000000e+37
1060599 17461.769531 56674.570312 3725.549316 24.561287 132.330170 -300.165527 17.654245 1.000000e+37
1060600 17437.441406 56676.789062 3727.474854 20.582453 136.173752 -300.432373 15.398495 1.000000e+37
1062953 18219.890625 55908.828125 5790.336426 -84.574440 97.360565 -237.378998 24.092361 1.000000e+37
1063669 19032.017578 56611.757812 3872.401123 -168.957626 133.856461 -244.629150 23.587303 1.000000e+37
1069057 17406.964844 58130.683594 3142.820312 -41.953228 165.599182 -318.469086 24.590908 1.000000e+37
1069114 18218.005859 55414.000000 5169.971680 -84.359177 165.216095 -227.707901 23.423428 1.000000e+37
1069675 17448.869141 55247.917969 5318.390137 -10.780116 141.891022 -251.221710 22.721933 1.000000e+37
1077158 17262.794922 56213.550781 5130.627441 5.084876 111.550995 -295.410248 21.757795 1.000000e+37
1085147 18442.386719 56402.242188 3298.363525 -182.908615 154.668152 -251.323608 14.186662 1.000000e+37
1085148 18416.023438 56436.859375 3286.352539 -179.416718 155.022629 -237.075699 15.152115 1.000000e+37
1085149 18450.931641 56403.824219 3308.284424 -188.595993 153.870270 -253.391876 9.383445 1.000000e+37
1087714 16137.129883 57338.480469 3073.072998 58.681507 199.603867 -356.203979 24.583948 1.000000e+37
1093354 17263.322266 56002.621094 4397.095703 11.666000 165.854919 -287.770386 20.281773 1.000000e+37
1095407 17184.781250 56647.222656 3679.380371 1.695223 175.545959 -272.825897 24.351915 1.000000e+37
1112747 17311.132812 55726.050781 3466.876953 -34.921974 192.292450 -259.940399 19.288546 1.000000e+37
1130074 17936.675781 55564.964844 5641.635742 -34.029453 100.574074 -226.628387 23.214720 1.000000e+37
1130808 16713.638672 58222.777344 3781.264893 26.682417 115.941353 -355.411926 20.263481 1.000000e+37
1130811 17743.332031 56170.144531 3923.211670 -107.309700 107.676636 -381.334747 14.277585 1.000000e+37
1130812 17733.035156 56171.625000 3903.097168 -93.495377 128.706757 -358.865112 11.205876 1.000000e+37
1137004 17102.392578 56310.500000 4495.060059 3.795219 121.806999 -316.655701 20.275894 1.000000e+37
1145213 18706.048828 57023.664062 2043.697754 -172.655991 146.027710 -262.192749 17.940063 1.000000e+37
1145214 18707.347656 57019.113281 2034.358154 -157.036240 152.670120 -258.611450 11.825156 1.000000e+37
1158447 19203.652344 56358.613281 4071.303223 -162.791992 132.599136 -246.108902 19.651514 1.000000e+37
1171366 16563.556641 57721.445312 2747.424561 -73.641487 79.881241 -415.379089 21.909796 1.000000e+37
1213608 18435.962891 56926.832031 5765.305664 -77.182823 95.252647 -242.776291 19.274998 1.000000e+37
1216118 17024.832031 57550.363281 4599.693848 -13.941516 123.019058 -318.659760 18.698782 1.000000e+37
1217398 17406.914062 56269.777344 2567.372070 -80.290787 184.833771 -256.197540 18.646730 1.000000e+37
1221113 16084.074219 56736.199219 3240.627930 -9.517125 182.289047 -321.381073 22.003830 1.000000e+37
1222512 18958.958984 55158.726562 4042.678467 -138.110489 131.718552 -229.919388 18.539284 1.000000e+37
1231881 18100.343750 58082.230469 4156.115234 -121.447800 142.147736 -290.993286 21.078405 1.000000e+37
1237307 17974.271484 55634.425781 4905.893555 -24.521908 184.610535 -256.791870 18.973528 1.000000e+37
1240008 17962.431641 56263.027344 3874.089600 -56.200184 144.329987 -250.896561 23.326069 1.000000e+37
1248505 18067.910156 55963.949219 4236.045410 -148.114700 178.079987 -281.140289 22.409815 1.000000e+37
1252832 16227.447266 56017.664062 3897.565674 -17.164436 165.113937 -287.554199 19.226799 1.000000e+37
1254254 16815.646484 56923.324219 3563.534180 -6.235207 160.300827 -343.708832 19.717272 1.000000e+37
1255639 18153.736328 55239.105469 5359.502930 -26.980865 164.549652 -232.415512 20.924086 1.000000e+37
1283670 16697.425781 57930.667969 3107.678223 0.482731 95.157448 -402.441223 21.315296 1.000000e+37
1290600 17677.888672 56963.878906 3312.262939 -149.099594 54.374889 -310.894714 13.163278 1.000000e+37
1290601 17673.068359 56969.804688 3339.711670 -77.709084 56.934299 -256.278961 8.422726 1.000000e+37
1299090 16765.914062 58049.960938 3154.540039 9.617590 85.697144 -384.497284 21.715250 1.000000e+37
1299291 18539.830078 55100.339844 4551.553711 -101.273308 160.808029 -218.260071 18.202612 1.000000e+37
1301028 18391.861328 56185.960938 5613.104492 -140.818756 87.455040 -228.441528 18.663952 1.000000e+37
1304489 18787.150391 55378.320312 4427.201660 -146.141586 131.182602 -232.326416 16.221649 1.000000e+37
1304490 18792.203125 55386.464844 4437.469727 -140.257294 137.147003 -242.961502 13.599567 1.000000e+37
1317480 17834.976562 56325.488281 4493.885254 -22.418600 146.440033 -218.738525 18.996737 1.000000e+37
1326818 17328.636719 56164.093750 5172.799805 -7.412432 110.791870 -296.680298 18.054876 1.000000e+37
1336650 17114.591797 56882.320312 3826.996582 -9.741100 138.968842 -307.403961 19.742279 1.000000e+37
1344719 16180.593750 56151.312500 3599.378662 -13.996277 178.145477 -302.029877 16.860905 1.000000e+37
1353201 19331.109375 56012.710938 4138.261719 -156.169388 127.788834 -238.740616 12.892745 1.000000e+37
1353202 19316.527344 56021.695312 4115.682617 -153.477448 121.742241 -235.437088 11.860302 1.000000e+37
1370283 16733.517578 58078.984375 3320.395508 14.637275 101.490799 -383.683380 18.601894 1.000000e+37
1379627 18026.839844 57438.343750 2962.011719 -147.462112 165.705002 -220.712418 19.264719 1.000000e+37
1379630 18120.013672 55953.437500 5517.865234 -73.411240 101.183754 -232.658401 11.818298 1.000000e+37
1379631 18100.736328 55973.390625 5534.041504 -69.300964 100.083702 -222.671173 10.649292 1.000000e+37
1381892 17850.369141 56929.632812 3898.307129 -97.991676 48.800186 -337.200653 18.573568 1.000000e+37
1386456 19184.873047 57623.507812 3855.672607 -151.668762 145.296738 -260.900635 18.409660 1.000000e+37
1395904 18240.423828 56726.289062 3039.727295 -168.723938 153.217667 -232.996948 20.222912 1.000000e+37
1397973 16575.683594 57258.316406 3287.864502 -37.756733 171.333710 -338.185883 19.484768 1.000000e+37
1408156 18583.578125 57011.882812 2961.140381 -184.861221 156.857529 -262.034424 20.330063 1.000000e+37
1418445 18782.824219 56393.195312 2326.487793 -162.969437 158.717667 -253.889877 16.461420 1.000000e+37
1418447 17448.107422 57441.613281 3211.023193 -71.352867 107.788055 -313.316681 19.928986 1.000000e+37
1421069 19128.669922 56659.917969 4045.745850 -163.692169 128.788116 -249.882278 17.497841 1.000000e+37
1426103 17230.546875 56688.511719 3886.642822 19.772606 158.738953 -311.618927 18.173140 1.000000e+37
1431708 18192.257812 55508.335938 5662.023438 9.345138 122.584450 -216.922455 19.846931 1.000000e+37
1436775 17831.714844 56234.863281 4405.250977 -135.854523 170.313522 -329.517670 23.399595 1.000000e+37
1437033 18290.175781 55890.675781 3538.123291 -139.383148 189.774918 -237.855927 16.817026 1.000000e+37
1448149 17788.230469 57217.242188 3037.536621 -194.328613 92.085060 -267.845276 20.829302 1.000000e+37
1453500 17800.365234 57436.042969 3317.836426 -49.534481 103.917000 -314.402496 17.166058 1.000000e+37
1477211 17436.400391 58391.199219 3061.221191 -102.667534 146.555466 -320.119537 15.458497 1.000000e+37
1480741 18288.257812 56157.078125 5618.490723 -84.567802 62.027161 -247.259476 16.065273 1.000000e+37
1487058 18753.738281 55245.011719 4558.609863 -138.290619 135.088654 -234.387283 17.285770 1.000000e+37
1490212 18486.966797 57380.910156 2981.937500 -170.003052 134.731308 -269.227936 16.888083 1.000000e+37
1506485 18619.046875 56639.027344 4293.376465 -171.050217 118.620720 -263.153290 18.286013 1.000000e+37
1509754 18644.289062 54971.000000 3951.489746 -105.465332 155.657288 -231.236847 18.349932 1.000000e+37
1513116 17260.302734 56039.628906 2331.518066 -93.050522 187.957199 -271.008209 16.676119 1.000000e+37
1516519 17795.890625 56952.656250 3436.312988 -36.751919 38.246490 -303.937073 16.213161 1.000000e+37
1523354 19170.791016 55218.167969 4576.767578 -137.107971 115.696571 -238.139465 15.776397 1.000000e+37
1523355 18189.472656 55099.972656 4703.897949 -101.990883 158.707047 -217.935410 16.907364 1.000000e+37
1526942 18430.658203 57332.984375 2794.007568 -170.856842 147.958740 -260.106262 19.326210 1.000000e+37
1555706 17166.080078 56066.121094 3099.084961 -34.137493 186.944702 -272.489441 16.323328 1.000000e+37
1556129 17914.068359 55896.074219 4575.254883 -150.235962 195.161865 -273.230103 15.616341 1.000000e+37
1559517 16805.003906 57251.484375 3376.466064 -36.113148 151.197845 -340.945190 17.371851 1.000000e+37
1563450 16570.048828 55520.593750 5120.983887 -12.026723 126.610725 -275.888214 16.261490 1.000000e+37
1571368 16227.783203 56083.332031 3697.447266 -11.107092 175.850998 -300.172852 14.715530 1.000000e+37
1571369 18150.720703 55963.488281 4971.159180 3.384523 160.965652 -287.542694 18.093908 1.000000e+37
1575372 17199.646484 56961.003906 3792.275879 -8.982229 149.901596 -294.623230 13.635894 1.000000e+37
1595663 18377.685547 56349.890625 4705.204102 -47.359562 164.490356 -304.806976 15.540837 1.000000e+37
1600423 17856.566406 54768.136719 4461.911621 -53.026478 158.318314 -231.135117 16.387491 1.000000e+37
1604774 18551.947266 55526.332031 4296.825684 -154.070755 142.798050 -241.213120 16.044144 1.000000e+37
1613010 17281.615234 57858.550781 2502.123047 -68.529633 168.315079 -261.372589 14.547072 1.000000e+37
1617528 16082.402344 57273.121094 3151.185791 64.465729 190.548141 -355.305206 18.281883 1.000000e+37
1617532 17704.718750 56994.695312 3408.945312 -98.978790 179.767639 -219.469666 18.720615 1.000000e+37
1622575 18230.765625 56241.476562 5045.577637 -157.291962 99.330437 -259.681824 19.019213 1.000000e+37
1626613 17910.765625 56399.890625 3869.281250 -34.426952 136.694656 -236.232315 19.568478 1.000000e+37
1627089 17454.091797 57394.132812 3177.428223 -66.001709 104.989418 -309.403107 16.078602 1.000000e+37
1641061 18561.402344 55284.042969 4012.677246 -99.710075 172.512634 -225.524231 16.206444 1.000000e+37
1645372 18207.498047 55739.378906 5665.152344 -44.180660 164.437241 -168.631836 13.662718 1.000000e+37
1645378 16585.095703 57395.316406 3521.356934 -33.080814 170.510468 -330.970276 16.973640 1.000000e+37
1645879 18273.210938 56575.628906 3084.736328 -169.306076 165.169922 -249.173630 17.093838 1.000000e+37
1650607 17607.388672 57055.468750 3084.443115 -125.675560 130.226242 -241.768768 18.485909 1.000000e+37
1654842 16529.355469 56088.304688 3978.730957 -21.804893 169.072006 -281.054413 15.181867 1.000000e+37
1655366 18094.816406 57972.855469 2474.983887 -119.238838 139.873962 -273.009521 12.855993 1.000000e+37
1655367 18103.818359 57985.277344 2502.909424 -127.102165 143.310898 -270.502045 11.563945 1.000000e+37
1660286 17945.669922 57738.437500 2952.037598 -147.254578 117.078232 -290.832336 12.147614 1.000000e+37
1669770 17832.056641 55826.980469 4432.800781 -7.939336 223.410080 -276.181549 16.216967 1.000000e+37
1669771 18022.666016 55431.906250 5088.933594 -25.773870 173.958679 -245.007355 18.700916 1.000000e+37
1669780 17844.406250 57467.593750 3374.605957 -139.425201 96.378990 -306.284088 14.256416 1.000000e+37
1680486 17780.257812 56480.683594 4470.010254 -34.855705 124.720802 -196.875061 19.848158 1.000000e+37
1685084 17553.638672 57581.332031 3179.027100 -43.426174 135.310028 -285.942535 14.044944 1.000000e+37
1685085 17543.759766 57571.902344 3169.882080 -44.009510 133.533051 -278.116028 9.640029 1.000000e+37
1695654 15981.065430 56498.957031 3103.007568 -10.432951 166.634766 -293.622467 15.245486 1.000000e+37
1696248 17766.902344 56548.136719 3514.445312 -133.962006 243.023209 -145.882675 14.259632 1.000000e+37
1701548 17851.259766 56365.000000 3604.578857 -120.310547 229.121979 -176.039810 17.935627 1.000000e+37
1717486 18044.265625 56079.753906 4219.038086 -56.569599 95.884064 -347.778900 16.697748 1.000000e+37
1723244 17527.511719 57914.410156 3205.740967 -55.144512 144.677124 -319.599152 15.929867 1.000000e+37
1729619 17726.095703 57504.851562 2894.086182 -160.354691 136.061188 -228.937210 15.419725 1.000000e+37
1735518 18714.681641 56390.343750 3490.398682 -179.133224 143.869766 -251.371780 15.048920 1.000000e+37
1735519 18377.310547 57588.996094 2950.262695 -173.075394 139.521378 -274.374664 13.581396 1.000000e+37
1735520 18378.208984 57608.332031 2942.601074 -169.393860 137.572021 -274.030884 11.438601 1.000000e+37
1740790 18077.220703 55896.554688 4945.832520 7.102521 112.815086 -307.406464 15.450498 1.000000e+37
1752779 16193.481445 57282.792969 3192.966553 -2.306948 218.105789 -337.117035 13.905646 1.000000e+37
1759443 18293.169922 55485.570312 3338.217285 -116.461296 165.354568 -209.382477 14.168376 1.000000e+37
1777460 17416.974609 56109.070312 3447.687744 -16.756186 196.541382 -256.077362 13.564126 1.000000e+37
1790327 17893.453125 56596.496094 3992.200928 40.871769 76.790733 -300.565613 10.758314 1.000000e+37
1804211 17558.263672 57811.621094 2879.409180 -72.289932 138.227585 -299.797089 14.916718 1.000000e+37
1810931 17902.636719 57382.187500 2836.981445 -174.653152 161.929260 -243.674225 15.152987 1.000000e+37
1816998 16061.804688 56203.632812 4350.304199 -16.323048 145.047241 -292.491699 12.443242 1.000000e+37
1817738 17226.009766 55375.789062 2654.885986 -76.799309 176.441650 -277.036041 15.940760 1.000000e+37
1823926 18053.798828 56517.644531 3524.265137 -60.656548 164.622437 -289.943420 16.160421 1.000000e+37
1824707 18437.714844 55179.726562 2746.612305 -134.546249 153.129669 -253.031296 16.153875 1.000000e+37
1830984 16056.271484 55845.785156 4642.493652 -7.194693 140.034897 -280.412842 14.974461 1.000000e+37
1830990 17809.947266 55414.375000 4634.530762 -34.648991 187.327896 -246.632782 14.188191 1.000000e+37
1838853 18547.339844 55485.503906 2340.497314 -146.134964 123.793182 -258.850006 14.941023 1.000000e+37
1845349 17834.804688 57376.820312 3423.752441 -48.332157 103.194168 -293.574524 12.789281 1.000000e+37
1860835 19289.492188 55167.019531 4364.583008 -127.510971 117.475441 -242.553986 16.682724 1.000000e+37
1868312 18195.701172 55524.839844 5108.048828 -85.319038 165.282776 -225.478409 17.140427 1.000000e+37
1883772 18345.298828 55749.281250 4000.674805 -170.563034 161.384979 -228.509384 14.786088 1.000000e+37
1898630 16890.279297 56487.332031 4182.286621 5.863808 141.445312 -315.834229 11.275638 1.000000e+37
1907668 17423.257812 56490.179688 2847.157471 -71.601471 171.984573 -228.415665 11.637391 1.000000e+37
1923189 17717.259766 56573.777344 3831.145752 -85.185738 178.718216 -286.726074 12.607884 1.000000e+37
1931691 16092.235352 56112.132812 3477.594482 -15.225405 176.901352 -305.910187 15.797565 1.000000e+37
1931692 17852.888672 56360.640625 4336.487793 53.303288 103.492523 -286.416229 13.051201 1.000000e+37
1931706 17074.603516 56342.066406 3342.256104 -19.606133 180.302277 -269.514923 13.025093 1.000000e+37
1940364 17779.433594 56655.128906 3944.301758 -83.334770 140.613846 -234.945129 16.490038 1.000000e+37
1941338 16910.601562 56398.960938 2123.473145 -94.724060 147.249313 -277.408539 14.790358 1.000000e+37
1949078 18045.164062 56536.000000 5084.741699 -107.591125 79.500694 -278.057312 13.697581 1.000000e+37
1949089 16476.580078 56683.886719 2296.947266 -57.514996 176.341690 -295.868195 14.812059 1.000000e+37
1957882 16815.851562 58103.125000 2949.102783 7.975618 79.297913 -379.139435 15.397243 1.000000e+37
1967941 18019.099609 58286.820312 4063.112305 -81.005821 142.160095 -302.570129 13.858256 1.000000e+37
1976233 17795.138672 55840.394531 4845.787598 12.386811 159.249237 -292.409943 15.132622 1.000000e+37
1977210 18598.285156 55016.207031 5101.235352 -93.405128 144.189270 -234.805511 13.866859 1.000000e+37
1977211 18536.964844 55110.839844 3232.955811 -121.277550 160.072662 -245.242142 14.478482 1.000000e+37
1977217 18046.146484 58243.085938 4130.981934 -103.430466 144.942261 -294.182922 14.840047 1.000000e+37
1986469 19170.423828 56540.210938 4097.162598 -160.099960 134.137344 -252.965729 13.563375 1.000000e+37
1986471 17682.998047 57596.000000 3095.476807 -75.491890 108.792107 -314.034180 11.822533 1.000000e+37
1986472 17539.269531 58151.769531 3059.801025 -93.379234 167.182922 -306.400757 18.810415 1.000000e+37
1986473 17515.927734 56766.585938 3165.184570 -115.709061 98.607239 -226.440292 16.449537 1.000000e+37
1986478 17986.558594 58203.222656 4103.089355 -83.390785 143.365051 -305.653290 13.977222 1.000000e+37
1995883 17368.373047 55961.933594 2522.372314 -82.615448 193.704056 -271.111206 12.307907 1.000000e+37
1995885 18502.609375 57263.164062 2961.486084 -166.826889 139.218582 -251.942307 14.574249 1.000000e+37
2014200 16629.037109 57036.546875 3418.758301 -20.199299 197.333572 -307.219482 16.564180 1.000000e+37
2034079 15973.000000 55830.062500 3236.963867 -5.862351 180.457001 -304.677368 13.449089 1.000000e+37
2035143 18582.761719 54890.449219 3896.227539 -110.034042 157.244812 -230.625839 13.655409 1.000000e+37
2035145 18291.943359 55510.441406 3509.230957 -145.113922 168.540222 -230.203201 14.881651 1.000000e+37
2035146 17333.404297 55675.039062 2623.865723 -78.732491 182.770508 -272.607391 15.856167 1.000000e+37
2035149 17897.222656 57500.863281 3051.697510 -187.973358 129.068268 -278.724701 12.344416 1.000000e+37
2045597 19126.714844 54964.984375 4002.218994 -134.227203 125.523895 -224.404373 11.103988 1.000000e+37
2076290 16906.486328 57482.945312 2592.343506 -81.173050 179.946411 -270.119965 13.064808 1.000000e+37
2076293 17837.220703 56986.550781 3516.105225 -108.310303 57.122856 -226.740479 11.826339 1.000000e+37
2088522 18104.611328 55913.558594 2871.116943 -134.869568 158.927414 -225.773590 14.107372 1.000000e+37
2098495 15793.084961 56172.011719 3603.919189 18.345432 173.926727 -303.941620 12.791496 1.000000e+37
2121709 16965.166016 56394.648438 4358.133301 6.485661 127.614197 -319.162354 14.704719 1.000000e+37
2122936 18264.076172 55553.058594 4593.137207 -150.166031 160.075592 -243.833817 9.991489 1.000000e+37
2145577 17319.865234 56245.875000 5644.659668 -1.557266 102.929237 -277.524994 9.996974 1.000000e+37
2145578 17325.550781 56246.621094 5686.147461 -3.749013 100.734879 -280.311493 7.211336 1.000000e+37
2146861 17610.019531 57402.710938 3296.856445 -64.499802 99.803581 -313.483246 11.521567 1.000000e+37
2146862 18716.599609 57381.703125 2216.065674 -184.065292 156.059830 -278.199860 9.401016 1.000000e+37
2157839 17912.740234 56156.082031 4279.326660 3.206892 279.334869 -301.009949 9.354118 1.000000e+37
2170279 16031.587891 56617.125000 3860.385498 36.358414 118.761467 -312.061493 14.547641 1.000000e+37
2171675 18535.400391 57217.285156 3070.810791 -167.902893 123.280190 -292.080292 12.450703 1.000000e+37
2184489 19131.923828 56392.039062 2759.639404 -173.448944 143.944595 -257.345825 10.387186 1.000000e+37
2197547 18536.656250 56797.406250 2736.881348 -187.254013 132.797806 -254.087677 12.495701 1.000000e+37
2209460 17300.111328 58401.492188 3138.670166 -38.068825 130.076889 -308.994141 12.407986 1.000000e+37
2210810 18899.945312 56252.601562 2153.447998 -161.987228 153.624130 -257.984070 13.005892 1.000000e+37
2210811 17358.939453 56100.496094 2517.338867 -91.027000 194.207291 -265.738373 12.964431 1.000000e+37
2223031 15829.990234 56950.378906 3809.247559 31.262541 142.197891 -313.738129 14.230335 1.000000e+37
2224563 18557.662109 55271.746094 4041.107910 -101.124817 173.381042 -237.458008 14.481331 1.000000e+37
2237171 16394.273438 55593.070312 4541.088867 -13.476090 154.328049 -271.707275 13.509120 1.000000e+37
2237172 16448.541016 55714.402344 4349.831543 -14.249051 160.134460 -276.525391 11.190146 1.000000e+37
2237173 16476.828125 55882.058594 4170.484375 -23.748438 162.458008 -283.154724 13.392932 1.000000e+37
2237174 17933.539062 56492.937500 3859.801758 -16.220371 133.471527 -136.753098 18.490118 1.000000e+37
2265670 17861.507812 56690.246094 3215.465332 -43.805885 179.081589 -181.759018 13.991086 1.000000e+37
2267275 18235.001953 55701.574219 4104.143555 -128.516693 203.193893 -234.671082 14.581656 1.000000e+37
2267276 18249.335938 56955.429688 2438.680420 -136.647507 173.355942 -234.961884 10.682457 1.000000e+37
2267277 18249.820312 56949.070312 2460.128906 -136.212799 174.845871 -241.412796 11.718584 1.000000e+37
2267278 17668.396484 57895.351562 2913.756348 -69.158394 134.483627 -258.028564 16.183550 1.000000e+37
2267298 17837.189453 55873.492188 5383.840332 -122.419647 93.717110 -241.141663 12.273163 1.000000e+37
2280342 18459.699219 55628.890625 5492.220703 -38.720676 99.285660 -237.705902 15.541818 1.000000e+37
2281976 17034.529297 56058.960938 2119.168457 -94.560326 180.795700 -282.613739 14.331265 1.000000e+37
2295335 18032.755859 56552.003906 3718.075684 -131.894760 190.480835 -342.882599 12.998882 1.000000e+37
2310444 18121.857422 56348.945312 4464.967285 -11.070952 99.079796 -271.800995 16.868309 1.000000e+37
2342468 18205.314453 56262.507812 4635.494629 -33.135227 199.896851 -315.867645 11.836743 1.000000e+37
2342490 17726.400391 57117.398438 3151.415039 -131.838821 78.916138 -253.050156 6.247258 1.000000e+37
2358533 15980.344727 56971.597656 3097.343506 47.976521 189.628922 -322.160645 10.933165 1.000000e+37
2375433 17690.861328 56311.285156 4097.825684 -67.767197 169.779968 -190.324554 13.724932 1.000000e+37
2375434 17586.820312 56714.621094 3650.099365 35.190140 96.073204 -304.686432 13.356707 1.000000e+37
2377327 18177.943359 55680.378906 5761.017090 -32.906445 54.390163 -236.184113 11.207042 1.000000e+37
2392696 16955.570312 57012.191406 3603.357666 -14.358356 179.294479 -292.467957 11.156135 1.000000e+37
2392698 15938.127930 56060.101562 3298.983398 -16.605650 193.982910 -302.477997 11.886448 1.000000e+37
2410333 16155.561523 56569.167969 3957.743652 -14.705844 160.595963 -313.305298 13.548546 1.000000e+37
2412244 18444.494141 56372.480469 3157.675049 -173.130768 169.263931 -242.544800 13.984792 1.000000e+37
2412264 18489.316406 57312.343750 5681.725098 -76.481842 106.653671 -247.573212 12.176644 1.000000e+37
2412268 18111.677734 55906.664062 5069.739258 -54.531010 116.997719 -282.885101 14.085248 1.000000e+37
2428267 16885.365234 57066.457031 3504.574951 -46.875507 128.865067 -316.458252 13.893793 1.000000e+37
2430259 17836.625000 55125.367188 3517.469238 -68.187042 174.250992 -245.883148 12.572024 1.000000e+37
2430261 18282.806641 55039.375000 4907.276855 -91.066284 155.223312 -204.380875 13.386443 1.000000e+37
2430269 17756.978516 57528.640625 2889.265137 -147.015671 132.130173 -236.652451 12.904728 1.000000e+37
2430291 18081.796875 56030.234375 4755.941895 -58.835941 135.651917 -317.408600 12.697357 1.000000e+37
2465706 16236.344727 56799.597656 3356.718506 22.235769 135.272873 -352.517395 13.001902 1.000000e+37
2465708 17083.726562 55190.894531 5192.985352 -11.223847 135.044998 -255.742661 12.451262 1.000000e+37
2465727 17939.166016 54755.105469 4885.277344 -37.325871 152.035797 -229.431107 11.722892 1.000000e+37
2467733 18666.851562 55610.195312 4192.941406 -164.199890 132.729095 -237.550430 12.136962 1.000000e+37
2467739 18778.279297 57778.023438 2953.334473 -175.594345 154.723145 -275.961639 11.355501 1.000000e+37
2467757 18194.363281 55968.226562 5698.626465 -80.052612 87.580818 -228.303696 12.393894 1.000000e+37
2484952 15841.399414 56717.160156 3402.680176 60.991795 127.081573 -325.818024 14.706222 1.000000e+37
2487000 18448.474609 55381.882812 2410.675293 -118.558723 169.196350 -266.538849 13.203853 1.000000e+37
2504789 17947.539062 56001.117188 4295.480957 -92.598900 168.308960 -268.592499 13.695969 1.000000e+37
2504790 17400.960938 56196.453125 5212.143555 -11.543836 109.004189 -296.433533 11.806275 1.000000e+37
2504817 17597.640625 55925.312500 3984.910889 -21.255836 221.612289 -237.937866 11.155705 1.000000e+37
2525046 17398.902344 56724.925781 3877.203613 28.847301 155.658096 -311.576355 12.020101 1.000000e+37
2527200 18769.988281 55854.941406 2359.323242 -149.245407 147.039978 -256.068481 10.788768 1.000000e+37
2527204 18054.039062 57943.464844 3981.060303 -129.458237 134.507019 -291.982727 12.369330 1.000000e+37
2545686 17014.640625 56568.652344 2075.929932 -85.085152 153.014099 -277.579681 10.161527 1.000000e+37
2545687 18255.712891 55603.816406 4586.113770 -145.522507 160.641586 -244.502472 11.213008 1.000000e+37
2545688 17297.203125 56100.828125 3282.271973 -26.566240 191.260544 -262.663574 10.929084 1.000000e+37
2547883 18767.009766 58294.070312 3560.870117 -147.675400 162.726562 -282.271240 11.208342 1.000000e+37
2547898 18271.458984 55815.308594 5766.867676 -11.714380 163.932785 -250.747452 11.091041 1.000000e+37
2566792 15840.690430 56978.507812 3580.354980 22.409739 140.914276 -344.731537 12.815352 1.000000e+37
2566793 16458.718750 55924.863281 4213.262695 -14.534610 150.831024 -292.026062 12.100903 1.000000e+37
2569182 18377.201172 55480.023438 2526.526611 -126.399963 133.678909 -248.935333 10.402825 1.000000e+37
2569183 17863.292969 56029.773438 4486.937500 -13.040257 154.928207 -282.768829 13.414448 1.000000e+37
2569184 17209.441406 55963.687500 2473.208496 -95.102982 174.483841 -258.223114 10.184159 1.000000e+37
2588860 17003.662109 56879.003906 3587.300781 -8.849009 179.134171 -285.807190 12.292970 1.000000e+37
2591193 18522.359375 55415.082031 2906.613037 -126.220963 160.142136 -245.610077 13.594129 1.000000e+37
2591198 17690.128906 57179.328125 3181.199951 -150.971512 94.977776 -249.887497 13.569582 1.000000e+37
2591220 17764.738281 55495.148438 5627.419922 -63.350979 84.444824 -225.990723 14.279288 1.000000e+37
2611296 17691.388672 55315.695312 4711.294434 -17.996601 174.503555 -252.632004 11.692591 1.000000e+37
2611323 18016.001953 57049.062500 3258.343018 -72.457207 109.891731 -230.367340 11.983794 1.000000e+37
2611324 16982.437500 57462.097656 2733.983887 -75.081001 176.572327 -281.724121 11.434456 1.000000e+37
2613792 17787.724609 56810.667969 3259.167725 -58.691769 64.511848 -262.804901 12.074668 1.000000e+37
2634510 16060.027344 56192.019531 3607.530518 -14.403102 185.442245 -297.249542 11.817295 1.000000e+37
2636997 18101.230469 55972.554688 4706.104980 -128.974548 202.242325 -256.289429 12.390090 1.000000e+37
2636998 18128.349609 56000.609375 3358.445801 -120.798126 180.503052 -197.258514 12.129402 1.000000e+37
2658174 15818.394531 56807.875000 3681.873535 38.888611 158.161697 -302.279938 12.767948 1.000000e+37
2658184 17660.878906 57124.722656 3486.270508 -144.996826 103.822662 -201.827454 11.452590 1.000000e+37
2658207 17916.453125 57285.285156 3285.791748 -76.538422 103.252121 -248.846863 13.293501 1.000000e+37
2660826 18731.621094 56678.894531 4285.779297 -168.009720 120.752716 -258.347961 9.603272 1.000000e+37
2682446 15808.641602 56685.386719 3465.926270 32.063103 174.662857 -307.827057 12.848516 1.000000e+37
2707429 16149.211914 56785.085938 4458.608887 21.334795 82.519379 -318.710907 11.926397 1.000000e+37
2707453 17163.738281 56716.945312 2338.589355 -73.444908 161.638702 -269.281494 12.596454 1.000000e+37
2707454 16926.666016 55640.386719 2731.984131 -53.487770 183.522461 -291.257385 12.606464 1.000000e+37
2710168 17936.312500 55746.429688 4533.517090 -49.779694 216.509293 -252.083572 12.985828 1.000000e+37
2733164 18042.054688 56074.191406 4532.486328 -46.140125 180.570068 -304.644379 15.331791 1.000000e+37
2733165 17004.917969 57152.335938 3569.962891 -16.619165 162.976913 -329.246033 11.668856 1.000000e+37
2733166 17052.166016 55856.523438 4836.037109 -3.984045 137.570465 -289.266937 11.971100 1.000000e+37
2733197 17085.548828 56640.683594 2228.100342 -77.995857 159.936310 -272.840424 14.527867 1.000000e+37
2735946 17302.990234 55601.753906 2644.214111 -76.432129 183.029510 -273.805786 10.756630 1.000000e+37
2735950 19001.052734 56717.453125 4237.605469 -157.164932 125.720001 -254.994904 11.979141 1.000000e+37
2735953 17870.851562 57119.335938 3297.745605 -87.143410 108.044128 -225.434341 10.013612 1.000000e+37
2759594 18377.701172 56298.949219 4396.558594 -59.088634 159.510574 -345.179321 13.016938 1.000000e+37
2759628 17132.605469 55476.910156 2999.604004 -62.002903 178.768448 -273.212372 12.580556 1.000000e+37
2759629 17148.923828 56917.632812 3753.697021 -0.738534 169.001831 -285.996277 12.763037 1.000000e+37
2762472 19564.068359 55893.835938 4218.293945 -157.512711 116.023254 -230.423096 9.557095 1.000000e+37
2762497 18185.982422 55920.671875 5115.218262 -94.618256 132.289703 -260.337219 13.098144 1.000000e+37
2786793 16105.054688 57082.375000 3520.597900 21.196365 142.293747 -353.568848 14.143976 1.000000e+37
2789788 17728.910156 56620.011719 3078.064209 -69.896400 209.445389 -206.995605 10.503122 1.000000e+37
2789793 17581.921875 58014.738281 2868.821045 -84.181892 180.495575 -247.610016 9.030239 1.000000e+37
2814851 17908.687500 56071.972656 4535.417969 26.726665 172.408203 -334.922028 9.320621 1.000000e+37
2814852 16572.107422 57311.625000 3242.548096 -41.773811 178.704559 -339.992767 13.966094 1.000000e+37
2814863 16638.158203 58009.046875 4113.185547 32.686317 122.073776 -344.124603 14.421456 1.000000e+37
2814887 18074.664062 56511.445312 4032.072754 -186.511032 117.094101 -288.737000 14.896588 1.000000e+37
2843694 17647.222656 56352.566406 4067.048096 -137.373993 77.444000 -195.858505 8.871564 1.000000e+37
2843695 17954.464844 56293.929688 4495.375488 -111.801384 183.380417 -273.487732 12.627429 1.000000e+37
2846758 17759.142578 57119.507812 3424.425293 -144.238174 59.975014 -311.589386 9.982203 1.000000e+37
2846783 18258.642578 56506.328125 5716.412109 -95.953117 80.702339 -242.046951 10.413411 1.000000e+37
2873492 17992.560547 56447.253906 3874.913086 -140.409195 211.128021 -374.852386 10.340831 1.000000e+37
2873493 16805.492188 56378.699219 4410.851074 2.781260 124.754074 -318.822418 11.617088 1.000000e+37
2873502 17948.619141 57070.433594 3381.135986 -78.967232 62.354172 -288.583008 13.752817 1.000000e+37
2876812 17868.712891 57079.242188 3469.698975 -94.196968 63.312202 -225.457230 12.219702 1.000000e+37
2904342 17949.789062 56537.941406 3934.807861 -135.413513 187.329102 -374.428955 7.071096 1.000000e+37
2904343 18039.642578 56142.652344 4301.777344 -27.562000 85.247162 -310.060547 8.468819 1.000000e+37
2907683 19510.808594 56015.269531 2951.492676 -158.997345 132.791397 -255.415451 9.811484 1.000000e+37
2907684 17702.091797 56871.031250 3666.868408 -40.409607 243.582062 -192.025101 10.432507 1.000000e+37
2907714 18311.445312 55968.902344 5480.436523 -63.558350 106.290047 -223.031693 10.283725 1.000000e+37
2939690 17701.806641 58424.867188 3534.717529 -105.620605 147.269623 -313.806366 10.578568 1.000000e+37
2968967 16029.901367 56963.363281 3627.210205 -14.296312 163.584122 -346.176361 8.013120 1.000000e+37
2968970 17211.828125 55583.304688 4849.497070 -3.733344 152.430405 -268.166504 11.940660 1.000000e+37
2968971 18663.708984 55871.703125 5681.081055 -72.151756 142.416672 -223.733414 12.629634 1.000000e+37
2968977 15919.814453 56668.113281 3806.592041 2.540165 116.927582 -335.650604 9.181151 1.000000e+37
2972610 19187.980469 56774.246094 4234.999023 -156.766449 131.893509 -252.136826 9.289561 1.000000e+37
2972611 18442.898438 55360.093750 2318.674561 -93.072357 152.329895 -249.815567 9.486637 1.000000e+37
3003157 17769.863281 55647.128906 4527.847168 -10.395522 200.773651 -266.986816 8.415543 1.000000e+37
3003161 18242.480469 56179.367188 4759.481934 -66.102745 137.262939 -321.070892 10.442982 1.000000e+37
3003162 18483.966797 55641.468750 5412.917480 24.537716 96.216942 -239.184113 9.036445 1.000000e+37
3003202 16763.939453 57509.871094 2525.946045 -95.451988 189.543182 -269.554382 11.167678 1.000000e+37
3006789 17550.953125 54798.445312 2763.328613 -80.744141 155.810608 -267.461884 11.879407 1.000000e+37
3006792 18582.007812 56619.449219 2571.516113 -172.706879 169.610947 -231.170410 9.178345 1.000000e+37
3038364 18368.919922 56236.664062 5181.812012 -38.073116 171.214142 -258.282104 8.921076 1.000000e+37
3038365 18455.562500 56204.363281 4587.179199 -60.767834 142.045151 -311.177490 11.397756 1.000000e+37
3038366 17851.707031 56530.714844 3760.713379 -128.936432 260.863373 -181.216537 9.989565 1.000000e+37
3038418 16871.126953 56422.089844 2029.257202 -85.613548 141.916565 -276.400726 10.523285 1.000000e+37
3042269 18519.644531 55444.781250 2523.419922 -123.810638 161.442917 -270.173004 13.308995 1.000000e+37
3074600 16375.521484 55772.957031 4285.299805 -14.638056 161.314011 -277.010468 11.443808 1.000000e+37
3074601 17208.392578 55761.074219 4893.312500 -0.205863 139.155350 -285.765289 11.739303 1.000000e+37
3074615 16281.364258 57087.839844 3426.143555 34.789555 155.487000 -353.661652 10.634448 1.000000e+37
3074645 17983.277344 56485.609375 4273.490234 -1.889508 207.183212 -229.562393 8.729619 1.000000e+37
3074651 16914.312500 55772.335938 2662.024902 -53.783722 182.883911 -293.337067 9.381151 1.000000e+37
3078587 18763.105469 55122.554688 4753.943359 -133.160751 131.866241 -230.612625 14.177871 1.000000e+37
3078588 17430.097656 56355.566406 2680.318359 -83.800049 190.567398 -250.468292 8.802865 1.000000e+37
3078599 18287.886719 58072.019531 2871.542480 -162.873352 153.882599 -284.944672 12.466953 1.000000e+37
3112186 18409.802734 55807.480469 5677.708008 -88.957016 109.820145 -283.642487 10.637057 1.000000e+37
3112214 17495.732422 58335.921875 3043.727295 -38.730324 103.773399 -330.521545 8.650902 1.000000e+37
3112215 17473.677734 57982.113281 3184.891602 -52.319195 152.926468 -314.838776 13.760373 1.000000e+37
3112216 17607.925781 57637.316406 3314.769043 -39.745750 128.983826 -307.403687 9.631900 1.000000e+37
3112217 17508.867188 57662.703125 3190.637207 -41.476128 139.447601 -293.403168 8.118264 1.000000e+37
3112223 16527.044922 56252.425781 2722.286133 -39.767273 178.095993 -299.846497 10.776534 1.000000e+37
3112224 17785.767578 56284.882812 3902.880127 -87.900696 144.545624 -185.150314 8.097401 1.000000e+37
3112225 17561.757812 55875.253906 3939.642822 -30.316275 219.309509 -235.541840 7.362547 1.000000e+37
3116384 18643.138672 54663.328125 4254.605469 -103.399391 144.029633 -222.969589 10.090967 1.000000e+37
3116390 18379.414062 55624.855469 2535.732666 -137.141983 138.193085 -250.753525 9.910654 1.000000e+37
3116391 17193.941406 56256.382812 2495.106689 -104.761215 169.293228 -238.567291 9.673793 1.000000e+37
3116398 17502.115234 57325.054688 3263.749512 -86.422890 94.534668 -327.002075 9.987420 1.000000e+37
3151022 17882.033203 55806.605469 4400.469727 -5.565337 216.054626 -274.268066 13.268340 1.000000e+37
3151023 17045.457031 57064.699219 3511.093750 -10.139293 159.485962 -334.900299 10.347395 1.000000e+37
3151064 17744.818359 57297.968750 3245.696289 -152.381989 143.214325 -231.101700 10.289730 1.000000e+37
3151065 17881.195312 56985.433594 3270.097168 -90.671219 63.897732 -279.630341 10.090268 1.000000e+37
3155384 17565.705078 56714.343750 3751.155762 -132.330795 168.590698 -212.155365 8.521616 1.000000e+37
3191068 16894.851562 57493.187500 4188.056641 -17.139788 122.683533 -335.086212 9.408113 1.000000e+37
3191112 17096.083984 56724.484375 3573.236816 0.067989 178.943954 -277.453857 7.961615 1.000000e+37
3195448 17648.597656 57194.375000 3230.939209 -179.870468 87.715134 -238.431229 10.250003 1.000000e+37
3195449 18191.220703 55663.785156 4832.971191 -110.878006 179.240906 -240.571091 10.045750 1.000000e+37
3195458 17563.955078 56957.789062 3155.745850 -122.176765 113.457512 -236.011765 12.456430 1.000000e+37
3195459 18671.070312 58293.312500 3462.081299 -145.996811 161.072189 -284.166656 10.891356 1.000000e+37
3195461 17978.634766 57440.390625 3053.792969 -188.279785 135.916138 -278.598206 9.892810 1.000000e+37
3232796 17073.718750 56145.910156 5469.164062 2.018632 109.713455 -283.166351 8.802140 1.000000e+37
3232809 17521.794922 56143.554688 5402.393555 -2.948311 101.195724 -290.005585 10.077330 1.000000e+37
3232856 17369.820312 56409.332031 2548.922607 -62.922066 173.940277 -264.012878 9.247043 1.000000e+37
3232857 17170.708984 56884.742188 2445.463623 -61.713459 169.061188 -270.983459 11.500524 1.000000e+37
3232859 16827.042969 55845.781250 2525.972656 -48.127632 175.501953 -304.435852 8.030037 1.000000e+37
3232864 17288.554688 54892.316406 3762.653076 -42.587452 159.999329 -258.099487 10.562937 1.000000e+37
3237458 18426.117188 55199.015625 2673.934570 -130.182617 151.391434 -254.750259 10.748908 1.000000e+37
3237459 18157.923828 55800.437500 3489.620850 -110.932259 192.136200 -244.990448 8.536667 1.000000e+37
3237460 17421.490234 56239.253906 2617.951172 -93.736595 200.370987 -260.550873 11.548204 1.000000e+37
3237461 18157.605469 55827.808594 3147.446533 -92.804428 192.791351 -227.022461 10.081465 1.000000e+37
3237462 17732.734375 56945.542969 3303.297607 -93.949608 155.942078 -293.677979 9.945338 1.000000e+37
3237474 19087.369141 57803.714844 3454.047607 -163.772156 153.449783 -266.907684 9.502592 1.000000e+37
3276204 18333.927734 56305.832031 5095.255859 -55.333595 154.872498 -277.781158 11.104811 1.000000e+37
3276212 17663.865234 57584.542969 4012.442139 -49.400913 112.310623 -323.937042 9.282249 1.000000e+37
3276255 17024.212891 56031.867188 2723.480225 -55.052467 175.910980 -280.901520 8.386768 1.000000e+37
3276257 15880.335938 56506.183594 3192.448242 32.367062 176.148865 -309.750183 11.009854 1.000000e+37
3281063 18670.906250 56612.500000 3236.274170 -182.606842 150.080963 -254.221619 12.382248 1.000000e+37
3281067 18720.947266 55370.777344 4056.642578 -145.991409 138.991379 -235.514862 9.754566 1.000000e+37
3281068 17384.158203 55866.207031 2428.492432 -106.652008 175.249542 -255.256851 10.777662 1.000000e+37
3281069 18197.296875 55963.187500 3136.188232 -111.692299 183.186310 -216.730942 7.025376 1.000000e+37
3281070 17115.625000 56448.273438 2669.899414 -79.251007 165.705475 -249.501862 9.518788 1.000000e+37
3281077 18346.316406 57429.378906 2340.712646 -176.986343 164.916931 -266.602631 9.199128 1.000000e+37
3321277 18144.609375 55905.136719 4171.585938 -187.241989 175.606216 -241.519745 5.620323 1.000000e+37
3321278 17658.402344 55806.437500 5051.066406 -72.749298 124.928596 -278.557343 11.213344 1.000000e+37
3321336 17186.029297 56583.875000 2246.089600 -74.897705 161.950806 -274.232727 10.635618 1.000000e+37
3326177 17935.070312 55650.378906 4562.955566 -49.768112 209.278564 -250.001617 7.031773 1.000000e+37
3326180 19434.826172 55866.343750 4156.514160 -149.500183 125.439980 -235.092865 10.780194 1.000000e+37
3326183 18699.902344 55373.757812 3975.892822 -146.446945 141.553635 -227.181549 8.826440 1.000000e+37
3326184 18470.095703 57047.359375 3011.951660 -158.754776 153.610718 -256.900177 9.701318 1.000000e+37
3326185 17415.328125 56335.851562 2569.014648 -85.070763 177.030716 -253.915375 11.366561 1.000000e+37
3326197 19105.076172 58072.062500 3325.155762 -164.235214 162.562027 -270.770081 12.293563 1.000000e+37
3368167 17718.845703 55484.941406 4625.249512 -14.438164 185.715347 -258.194946 9.794239 1.000000e+37
3368173 16181.553711 57234.246094 3011.866943 49.326408 206.330048 -349.593079 12.089587 1.000000e+37
3368176 16409.351562 55680.238281 4421.196289 -14.373221 158.281357 -279.344635 8.719623 1.000000e+37
3368177 16392.996094 55718.886719 4361.970703 -10.565615 161.363846 -275.308746 9.783981 1.000000e+37
3368178 17930.029297 55819.519531 4815.100098 10.663541 155.996597 -297.531433 9.733302 1.000000e+37
3368189 17091.433594 57603.718750 4786.613770 -16.408318 124.856575 -316.848450 10.519470 1.000000e+37
3368192 16012.119141 56570.761719 4165.985840 2.604198 87.551224 -325.077148 8.034240 1.000000e+37
3368193 15982.614258 56572.074219 4278.154297 1.930980 82.352982 -323.871521 11.498036 1.000000e+37
3373380 19148.675781 55213.933594 4674.780273 -141.642975 110.061607 -238.147552 9.858908 1.000000e+37
3373438 17679.849609 55672.554688 5471.314941 -64.466896 100.148735 -248.578934 11.810182 1.000000e+37
3416936 17850.507812 55937.199219 4732.855957 16.556023 158.440933 -302.544403 9.402204 1.000000e+37
3416937 18139.156250 55868.566406 4845.679199 8.325347 159.456818 -293.190521 9.288218 1.000000e+37
3416938 17916.720703 56656.167969 3849.391846 -158.304352 194.563721 -203.200302 11.613887 1.000000e+37
3416951 17444.101562 58400.015625 3097.025391 -69.639000 85.095467 -317.939850 7.715830 1.000000e+37
3416953 16152.536133 56768.890625 4358.819824 20.961620 84.485847 -320.478241 8.683706 1.000000e+37
3422354 18535.378906 55424.089844 2556.244873 -132.267960 156.441650 -269.809113 9.227817 1.000000e+37
3422355 18781.628906 55323.476562 4056.930664 -144.715118 138.153351 -233.163025 11.097452 1.000000e+37
3422356 18342.462891 55604.554688 4370.034668 -156.436325 155.113373 -247.297592 10.576567 1.000000e+37
3467666 17250.248047 55670.777344 4987.698242 -0.598120 137.733643 -282.625488 11.954737 1.000000e+37
3467667 18071.525391 55929.417969 4969.625977 12.393991 166.017990 -289.919403 10.359662 1.000000e+37
3467668 17180.490234 56263.992188 4656.482910 4.484730 121.003532 -316.065918 11.136695 1.000000e+37
3467682 17887.115234 56128.921875 4430.235840 15.392897 172.913025 -271.757172 9.255287 1.000000e+37
3467736 16878.785156 56673.253906 2057.831787 -84.883942 152.916733 -272.414551 7.138381 1.000000e+37
3473240 17636.613281 57022.347656 3304.705078 -149.389313 66.214317 -273.893677 7.544812 1.000000e+37
3473241 17093.386719 56477.457031 2480.000244 -85.841103 177.020554 -256.746277 10.287703 1.000000e+37
3473242 17383.775391 55845.859375 2396.240234 -106.944351 177.556778 -252.357117 9.658445 1.000000e+37
3473258 19072.279297 57908.566406 3398.705811 -166.559570 155.831131 -267.284363 8.162889 1.000000e+37
3520204 15795.815430 56555.183594 4123.835449 -29.927935 108.476250 -326.057800 8.528997 1.000000e+37
3520205 15998.682617 55979.886719 4564.776367 -20.717295 133.204758 -294.324097 8.528026 1.000000e+37
3520221 15959.942383 56580.542969 4418.980957 2.772634 79.157982 -320.425201 9.309380 1.000000e+37
3520224 16282.355469 57008.199219 2947.665771 62.673420 172.627213 -342.359833 9.226213 1.000000e+37
3520269 16445.017578 56190.425781 2568.791016 -42.360950 174.811493 -305.204132 6.560998 1.000000e+37
3520271 16066.221680 56187.753906 3041.136963 -8.769491 199.298843 -298.790741 9.688930 1.000000e+37
3525922 18264.001953 54840.207031 2750.309082 -92.184120 157.414352 -256.254028 10.471528 1.000000e+37
3525929 19408.041016 56099.578125 2978.909668 -160.984299 133.990997 -253.535324 10.772813 1.000000e+37
3525941 17718.751953 57332.933594 3111.874756 -151.929367 115.558075 -198.242569 11.598371 1.000000e+37
3574868 16177.032227 57391.921875 3175.405762 -6.524112 214.267410 -363.831482 10.867125 1.000000e+37
3574870 18387.914062 56128.023438 5449.805664 -41.374432 124.594803 -232.715820 9.407056 1.000000e+37
3574871 17826.791016 56493.738281 3801.989990 -64.168671 127.825089 -183.953568 13.202523 1.000000e+37
3574872 16930.201172 56591.027344 3979.267578 6.336845 141.887650 -324.070587 13.339832 1.000000e+37
3574936 18073.755859 56481.718750 4150.915527 -100.803024 121.016251 -255.189560 12.597837 1.000000e+37
3574947 17081.066406 56764.039062 2202.644775 -74.912819 158.685486 -273.227539 11.261065 1.000000e+37
3574948 16967.164062 56473.054688 2010.440918 -87.993149 146.555267 -273.840546 6.399848 1.000000e+37
3580916 18342.968750 55512.226562 3501.058838 -118.516846 181.410522 -221.286087 10.695013 1.000000e+37
3580917 18332.914062 55753.402344 4143.868164 -174.175995 163.888977 -250.068970 9.531894 1.000000e+37
3580918 18242.119141 55839.066406 3964.840088 -141.021454 203.180618 -230.676041 11.659664 1.000000e+37
3580919 17953.273438 56365.062500 4937.712891 -81.578041 162.361938 -300.480408 11.465503 1.000000e+37
3580930 17824.562500 57199.398438 3460.500000 -76.027855 92.681580 -218.128799 11.404351 1.000000e+37
3580932 18090.484375 57961.988281 2933.398438 -163.785934 141.381165 -290.383606 7.805373 1.000000e+37
3580981 17847.855469 55808.921875 4929.857422 -78.753159 151.318375 -280.067444 13.575776 1.000000e+37
3632390 17966.994141 54889.859375 4885.516602 -40.031075 156.028320 -234.043701 7.825579 1.000000e+37
3632398 18344.615234 56127.589844 4632.196777 -54.137390 167.421997 -297.137482 11.563391 1.000000e+37
3632411 17918.537109 56318.554688 4481.775391 -83.013504 191.771072 -265.443878 9.035883 1.000000e+37
3632412 16463.992188 57306.625000 2879.732422 35.418781 203.944199 -367.878357 11.989115 1.000000e+37
3632481 15954.089844 56362.972656 3023.017334 -11.356214 167.258667 -286.682831 8.460534 1.000000e+37
3638738 17806.888672 54791.023438 4332.956055 -52.769375 160.153320 -230.855515 8.997682 1.000000e+37
3638742 19552.558594 56966.812500 4892.002441 -131.094818 135.671188 -236.791855 10.623016 1.000000e+37
3638747 18092.083984 55818.675781 4850.554688 -94.749901 190.854706 -251.518082 8.976142 1.000000e+37
3638753 17368.322266 56550.148438 2975.180664 -64.059822 172.102692 -226.169083 9.703259 1.000000e+37
3638763 18012.648438 58017.062500 2939.019287 -142.395370 134.852844 -295.895111 7.156787 1.000000e+37
3638764 17913.175781 57569.722656 2651.768311 -138.598969 151.491653 -248.015472 10.827702 1.000000e+37
3638811 18156.242188 56012.304688 5437.707520 -133.688370 80.613770 -234.304688 9.550983 1.000000e+37
3692039 15778.386719 56717.671875 3556.660889 33.398033 173.308411 -303.983307 8.531495 1.000000e+37
3692046 17818.886719 55864.101562 4805.537109 14.403815 156.902649 -291.447906 10.315611 1.000000e+37
3692047 18350.560547 56078.964844 5476.736328 -48.487759 119.139458 -232.107239 7.766907 1.000000e+37
3692048 17138.990234 57018.035156 3641.321289 -8.777893 150.656464 -315.106873 8.391460 1.000000e+37
3692049 16696.298828 57088.667969 3421.536133 -17.118750 162.452576 -330.337524 11.866556 1.000000e+37
3692129 17985.345703 57031.078125 3346.017822 -69.363762 59.279312 -282.424866 9.935274 1.000000e+37
3692144 15943.735352 56205.003906 3084.696777 -14.496271 183.216492 -274.378418 9.080245 1.000000e+37
3698708 19604.103516 55977.746094 4202.399902 -159.526825 116.572182 -229.898315 9.697568 1.000000e+37
3698721 18099.845703 57872.500000 2417.242676 -126.671349 138.404419 -286.362000 10.083060 1.000000e+37
3698724 18854.974609 57686.222656 3145.654541 -173.918457 151.360886 -272.815430 9.841057 1.000000e+37
3698769 17878.046875 55895.023438 4620.966797 -47.690464 157.062775 -277.485138 9.482093 1.000000e+37
3754762 17010.849609 57038.117188 3646.682373 -13.658471 171.323303 -295.167419 9.026533 1.000000e+37
3754828 17797.699219 57481.183594 3313.990479 -39.308781 105.578384 -307.796326 8.880954 1.000000e+37
3754835 17724.800781 56618.968750 3503.738770 -73.164101 -13.781715 -224.121246 7.434496 1.000000e+37
3754836 16852.142578 55921.566406 2551.381104 -52.410030 174.338577 -301.069366 8.638857 1.000000e+37
3761781 17595.277344 56643.695312 3513.098389 -120.858437 140.206406 -217.599213 8.306929 1.000000e+37
3761784 18415.183594 55493.828125 5162.476562 -93.892921 163.881683 -217.547440 10.034263 1.000000e+37
3761787 18147.826172 57594.765625 2744.312012 -141.286057 173.672485 -241.640060 4.842158 1.000000e+37
3761797 18082.292969 58342.941406 2890.257568 -136.876083 151.692337 -297.146637 8.881483 1.000000e+37
3820773 16158.607422 57225.640625 3259.668457 19.044962 162.053604 -379.080200 10.281210 1.000000e+37
3820774 18512.900391 55894.371094 5148.362793 -26.980228 124.362373 -258.723114 12.215493 1.000000e+37
3820792 17984.525391 56498.675781 4348.000488 -129.793961 109.887146 -326.977814 12.532054 1.000000e+37
3828130 17924.589844 55350.449219 3265.925293 -76.545296 181.835556 -244.507782 8.518198 1.000000e+37
3828136 19241.689453 56810.269531 4278.837402 -152.151413 131.799835 -253.625534 5.876061 1.000000e+37
3828138 18509.062500 56404.355469 3328.560303 -190.286469 147.050888 -251.433884 7.701653 1.000000e+37
3828139 18455.021484 55437.929688 2729.629150 -117.950508 155.718521 -250.937149 7.006382 1.000000e+37
3828140 18558.818359 54870.171875 3824.029785 -126.145332 144.894333 -233.973572 7.944870 1.000000e+37
3828141 18349.052734 55545.917969 3866.210205 -124.974388 186.402145 -236.189301 9.439652 1.000000e+37
3828142 17739.636719 56911.148438 3521.633057 -133.279816 17.965281 -316.447235 5.911510 1.000000e+37
3889343 17685.443359 56130.671875 4571.875000 25.649498 128.996033 -335.244141 9.210126 1.000000e+37
3889442 17309.769531 56842.390625 2549.862793 -61.545124 165.231750 -261.726166 9.291864 1.000000e+37
3889445 16934.308594 56591.066406 3487.523682 -20.309166 173.750717 -269.672241 9.648805 1.000000e+37
3889446 17651.160156 56013.769531 4043.692139 -5.040694 236.965332 -238.888947 8.862380 1.000000e+37
3889447 15961.734375 56289.687500 3317.996094 -4.832608 191.176468 -334.949615 10.820617 1.000000e+37
3896887 17998.417969 55070.355469 4861.455566 -46.273308 164.800858 -233.806152 9.796368 1.000000e+37
3896907 17990.587891 58029.078125 2738.841553 -142.927277 141.573715 -281.589142 10.004203 1.000000e+37
3896911 17966.896484 57757.679688 2950.720947 -176.809525 131.546585 -288.712921 8.748903 1.000000e+37
3896913 18509.078125 57028.050781 3356.219727 -180.327927 137.149948 -272.543640 11.205585 1.000000e+37
3896916 19531.179688 57169.128906 4403.841309 -139.533096 135.926376 -236.709091 8.907622 1.000000e+37
3896962 18098.232422 58372.378906 4322.994141 -88.351242 150.077118 -298.827393 10.479118 1.000000e+37
3961828 17921.417969 55294.574219 4982.041016 -29.613520 172.256119 -242.402542 5.796067 1.000000e+37
3961839 16081.845703 56991.402344 3541.378174 31.387486 133.084488 -351.584198 10.590277 1.000000e+37
3961841 16853.369141 55703.292969 4470.917969 -12.392502 164.910721 -269.329254 8.715249 1.000000e+37
3961842 17748.707031 56618.992188 3916.856934 45.070278 100.341736 -309.974579 8.455397 1.000000e+37
3961844 18403.439453 55647.132812 5689.960449 14.288011 122.561218 -270.108459 10.967048 1.000000e+37
3961865 17837.062500 56226.183594 4037.034180 -22.036640 205.433487 -142.537613 9.743183 1.000000e+37
3961866 17948.007812 56721.554688 3639.447998 -98.206505 219.984406 -224.043350 10.691095 1.000000e+37
3961928 16665.935547 57112.929688 3612.678223 -29.227581 148.057205 -332.767639 10.420969 1.000000e+37
3961930 17025.427734 57485.218750 2637.293945 -79.910172 177.846283 -275.257416 7.549887 1.000000e+37
3961944 16912.287109 55964.417969 2566.672607 -60.807697 171.863770 -289.348236 6.178944 1.000000e+37
3961945 17487.453125 56839.378906 3838.253906 16.253008 129.588089 -294.931030 12.226601 1.000000e+37
3961946 17397.029297 56083.175781 3410.896973 -10.111268 188.461411 -256.234283 10.752142 1.000000e+37
3961947 17739.556641 56105.789062 4146.024414 15.961143 261.490295 -243.244049 9.679440 1.000000e+37
3969877 18414.558594 55642.960938 5531.964844 -90.665047 187.968964 -196.275406 8.062648 1.000000e+37
3969878 17125.259766 55984.792969 2185.258789 -98.265930 187.085587 -277.087921 8.496242 1.000000e+37
3969893 18664.068359 57977.835938 3405.549316 -155.419281 152.607864 -281.830780 6.110164 1.000000e+37
3969894 18247.582031 57053.906250 3072.041016 -173.732147 143.753937 -255.084641 8.698181 1.000000e+37
3969985 18338.146484 55940.695312 5731.481934 -64.312454 134.570709 -278.028564 9.725778 1.000000e+37
3969989 18090.681641 55481.855469 5605.755371 -11.518683 98.658112 -232.460205 10.454135 1.000000e+37
4038344 16034.373047 56291.300781 3136.489014 -11.723450 215.075150 -289.570892 9.400685 1.000000e+37
4038345 18241.435547 55892.203125 4155.310059 -131.989655 140.200943 -267.817078 12.396786 1.000000e+37
4038346 16778.617188 56018.234375 4688.114746 -4.934683 127.167061 -289.013397 8.706839 1.000000e+37
4038436 16834.078125 55682.300781 2649.028564 -62.059174 181.435562 -289.807800 8.677995 1.000000e+37
4046752 18024.056641 56502.214844 3426.174072 -200.599121 176.594696 -218.468674 7.997628 1.000000e+37
4046753 18298.804688 56293.480469 3635.597900 -196.029572 149.494156 -242.047745 8.726150 1.000000e+37
4046765 18242.207031 57479.472656 2077.871826 -150.223831 174.665939 -248.110626 9.907763 1.000000e+37
4046778 17851.298828 57521.519531 3062.015137 -174.620331 106.417595 -282.015015 6.437327 1.000000e+37
4046781 18049.181641 57430.421875 2676.504639 -166.790237 159.025345 -259.502472 8.630056 1.000000e+37
4046782 18447.072266 57791.046875 2910.534668 -169.839355 147.762955 -277.159119 7.518991 1.000000e+37
4046845 17856.757812 56998.371094 3241.833740 -57.644375 75.470306 -263.322235 5.831454 1.000000e+37
4118166 15858.307617 56550.675781 4379.583008 -2.580819 76.930229 -321.432770 7.967576 1.000000e+37
4118243 16733.958984 57918.347656 2960.047363 -11.383904 75.417740 -391.068756 8.208326 1.000000e+37
4118254 17777.414062 56612.425781 3056.749512 -41.522045 187.453018 -216.601974 8.860572 1.000000e+37
4118255 17127.832031 56316.074219 2585.705322 -49.345333 171.469925 -282.304474 8.046218 1.000000e+37
4118258 18220.279297 56431.992188 4438.866699 -134.252808 117.206200 -304.137970 11.551826 1.000000e+37
4118259 17553.882812 56330.832031 3529.807129 -10.130224 205.746811 -234.478546 9.972843 1.000000e+37
4118260 17698.140625 56034.746094 4061.771973 -2.253732 243.130829 -237.723007 7.959879 1.000000e+37
4118261 16512.312500 56423.710938 3480.548340 -27.093744 181.179855 -290.647125 9.754382 1.000000e+37
4126994 18643.992188 56827.375000 2478.055176 -184.336304 149.579697 -255.493286 8.305349 1.000000e+37
4126995 17862.734375 56516.953125 4239.974121 -107.238106 163.227325 -357.938721 10.926746 1.000000e+37
4126996 18124.107422 56079.593750 3645.566406 -141.195572 168.215012 -208.468491 9.704902 1.000000e+37
4126997 18070.306641 56136.648438 3503.092041 -125.850464 183.189056 -206.097809 10.329138 1.000000e+37
4127012 17591.150391 56512.101562 3556.943848 -72.038864 163.917450 -288.408875 6.924222 1.000000e+37
4127016 18931.144531 57094.015625 2303.129395 -183.172607 154.922318 -270.878967 7.227845 1.000000e+37
4127078 18311.750000 56134.945312 5711.034668 -84.427666 59.964928 -249.330963 11.011189 1.000000e+37
4201607 16237.560547 55874.449219 4501.370605 -19.749289 147.276901 -277.551056 7.294864 1.000000e+37
4201608 17455.689453 55492.449219 5067.986816 -3.092939 151.161194 -259.428650 8.145020 1.000000e+37
4201637 17904.214844 56284.148438 4367.307617 -14.697614 34.404514 -329.396057 9.568272 1.000000e+37
4201725 16973.119141 56102.906250 2056.544678 -90.135498 175.762039 -291.714478 8.728608 1.000000e+37
4201727 17607.111328 56972.988281 2914.748047 -43.926472 162.737137 -230.814148 9.153931 1.000000e+37
4201728 16962.742188 56701.156250 1987.202393 -78.555466 155.498230 -279.656097 8.796375 1.000000e+37
4201729 16296.897461 57431.953125 3242.545166 -42.901203 215.187317 -337.664795 9.006446 1.000000e+37
4201730 16536.605469 56823.140625 3367.720459 -25.805923 190.589981 -298.376038 8.317801 1.000000e+37
4201731 17951.128906 55969.968750 4282.982422 -126.740501 256.112427 -247.360992 11.150082 1.000000e+37
4201732 17659.718750 56481.285156 3865.129883 -190.979660 107.087349 -257.254395 8.952527 1.000000e+37
4210670 18281.386719 55523.878906 3438.870605 -128.975128 175.165573 -231.000488 10.318130 1.000000e+37
4210671 17771.328125 56872.308594 3241.635498 -63.928493 68.396523 -288.371674 6.593288 1.000000e+37
4210672 17975.259766 55799.988281 3782.241699 -127.340073 209.529755 -234.111649 9.979977 1.000000e+37
4210673 17815.494141 56269.683594 4429.424805 15.204901 150.678436 -237.419998 8.340282 1.000000e+37
4210675 18053.250000 56175.675781 3642.114014 -146.565735 199.985260 -200.608490 11.128002 1.000000e+37
4210677 18398.046875 55549.125000 2739.384521 -116.519577 151.910034 -242.670212 9.365892 1.000000e+37
4210678 18016.824219 56773.964844 3841.153320 -209.902649 82.023735 -291.087311 8.538172 1.000000e+37
4210692 17913.984375 57236.968750 3170.826172 -119.848343 130.967148 -248.778595 11.082770 1.000000e+37
4288141 16140.575195 57037.773438 3258.625732 -4.218962 201.262222 -323.806030 4.899121 1.000000e+37
4288148 17693.160156 55869.398438 4650.025391 13.281179 175.046051 -291.147705 9.094021 1.000000e+37
4288149 16507.312500 57200.707031 3341.819336 -34.498260 156.944305 -348.589355 7.836833 1.000000e+37
4288150 16083.576172 56026.003906 4508.520996 -20.564140 132.092834 -295.919586 8.139382 1.000000e+37
4288151 17885.324219 55918.281250 5856.862305 10.756468 97.948982 -270.905640 8.769376 1.000000e+37
4288181 16928.410156 57498.777344 4292.374023 -15.257692 121.941650 -332.762451 8.506423 1.000000e+37
4288182 17933.517578 56112.976562 4688.240234 -36.324070 98.532310 -272.869934 13.542331 1.000000e+37
4288183 16400.273438 57354.164062 2743.768311 26.563391 147.907730 -382.558075 8.973512 1.000000e+37
4288184 16224.450195 57310.296875 3445.445801 22.471338 120.349022 -385.498779 7.020405 1.000000e+37
4288185 15956.584961 56681.503906 3600.866943 26.721220 107.057449 -348.389984 8.231124 1.000000e+37
4288264 16946.175781 56962.605469 3535.550537 -40.793987 129.239685 -306.232483 10.420524 1.000000e+37
4288265 17185.179688 58048.703125 3101.239258 -50.986050 150.858368 -315.272583 10.549170 1.000000e+37
4288266 17333.173828 57572.066406 2748.539551 -67.005463 173.934845 -243.518448 9.553585 1.000000e+37
4297707 17846.380859 56737.121094 4077.665771 -79.018578 192.972260 -326.210449 10.506701 1.000000e+37
4297709 17214.843750 56478.335938 2334.075195 -88.061073 168.478287 -258.221344 9.734747 1.000000e+37
4297710 17234.265625 56015.109375 2293.661621 -86.358727 189.167862 -265.544220 9.581417 1.000000e+37
4297711 18510.365234 55541.601562 2508.650391 -101.707664 153.315811 -249.066986 7.215982 1.000000e+37
4297841 18069.578125 55976.253906 5519.986816 -81.657379 104.540512 -239.229263 9.620157 1.000000e+37
