#subID	 x	 y	 z	 vx	 yv	 yz	 vmax	 B_MAG
#subID	 kpc/h	 kpc/h	 kpc/h	 km/s	 km/s	 km/s	 km/s	 mags
455440 66695.609375 61688.539062 21969.750000 -62.424564 -52.126118 183.385437 167.951447 -2.134028e+01
455441 66576.382812 61759.621094 21856.277344 33.364632 -43.174339 252.494888 53.848309 -1.449247e+01
455442 66735.421875 61719.867188 22056.675781 -180.561691 -62.978313 203.144714 43.887764 -1.396091e+01
455443 66691.664062 61692.613281 21964.658203 -94.411598 -154.247620 121.876129 42.433250 -1.824367e+01
455444 66877.546875 61762.363281 22060.066406 -28.371239 -33.838322 106.185760 32.351952 1.000000e+37
455445 66709.429688 61805.988281 22011.492188 -8.100405 -45.864773 307.201447 18.817921 1.000000e+37
455446 66800.250000 61666.449219 21946.216797 -62.491123 -82.321838 155.994949 17.730391 -1.073885e+01
455447 66791.273438 61778.941406 21873.644531 -129.112854 -56.958973 132.072144 15.236595 1.000000e+37
455448 66831.328125 61674.945312 22022.658203 -73.357101 -7.526555 248.324783 19.362833 1.000000e+37
455449 66625.664062 61737.414062 21931.281250 71.805435 -92.869217 262.956696 13.955187 1.000000e+37
455450 66640.710938 61773.605469 21974.580078 -108.253250 -194.552063 293.564301 11.941386 1.000000e+37
455451 66830.023438 61624.460938 21921.113281 -4.379856 -60.913673 233.615921 11.516122 1.000000e+37
455452 66724.804688 61710.566406 22023.617188 -187.577972 -1.208985 169.151245 19.591148 1.000000e+37
455453 66567.398438 61741.742188 21870.841797 34.823334 -56.509647 190.664963 12.735377 1.000000e+37
455454 66745.820312 61693.777344 22028.789062 -226.538361 -41.051502 131.013214 11.424999 1.000000e+37
455455 66754.570312 61597.113281 21965.109375 -33.729671 73.931015 274.268890 10.773528 1.000000e+37
455456 66837.687500 61674.484375 21944.308594 -107.742882 23.433208 222.977203 13.754073 1.000000e+37
455457 66602.890625 61711.281250 21889.000000 66.207771 31.389172 220.161804 11.413076 1.000000e+37
455458 66714.585938 61764.273438 22004.113281 -86.787697 -19.206224 73.362465 10.446359 1.000000e+37
455459 66664.187500 61694.972656 21848.128906 48.959366 11.137607 170.712524 9.709708 1.000000e+37
455460 66601.867188 61649.625000 21964.578125 16.874311 -186.093109 212.535736 9.510490 1.000000e+37
455461 66654.609375 61568.585938 21950.947266 -73.805099 -164.805344 99.584892 7.379729 1.000000e+37
455462 66838.375000 61742.832031 21926.041016 -173.117691 -104.955070 286.773407 8.504176 1.000000e+37
455463 66717.640625 61724.222656 21961.205078 -189.237930 -179.084854 63.333389 11.673452 1.000000e+37
455464 66750.164062 61727.628906 21973.650391 93.590225 -59.254559 121.122658 11.581670 1.000000e+37
455465 66717.140625 61796.417969 22050.423828 -88.272850 -73.773598 266.308655 7.120180 1.000000e+37
455466 66742.695312 61643.058594 21879.525391 -112.568947 101.814217 106.591049 8.972240 1.000000e+37
455467 66852.468750 61730.214844 21916.251953 -33.269787 -53.500278 91.378426 9.345811 1.000000e+37
462685 66426.890625 60520.613281 22319.769531 -153.843872 46.289810 116.077217 27.514563 -9.635112e+00
462690 66252.765625 60611.636719 22385.388672 -33.383900 -174.419128 177.187607 14.555676 1.000000e+37
462691 66309.679688 60609.593750 22347.570312 -59.094681 -143.031265 112.126228 22.033382 1.000000e+37
462701 66298.406250 60625.585938 22367.535156 35.911797 36.469982 258.503693 13.218243 1.000000e+37
462705 66349.703125 60652.726562 22269.076172 -111.931747 -21.456732 43.823307 11.268030 1.000000e+37
462707 66386.054688 60631.386719 22270.722656 -166.420166 24.595564 146.447113 9.266220 1.000000e+37
462709 66386.882812 60646.750000 22267.113281 -160.630707 15.574751 157.876572 10.049640 1.000000e+37
463412 67281.281250 62206.460938 22544.474609 -49.887417 -32.363419 172.016312 164.923630 -1.997007e+01
463413 67317.671875 62109.171875 22557.125000 -141.641342 -139.748398 249.379822 75.108208 -1.737263e+01
463414 67294.617188 62154.031250 22353.380859 -178.145279 47.321259 200.902298 27.286263 -8.572591e+00
463415 67332.851562 62235.878906 22601.820312 -233.190826 -24.410578 122.488235 21.426044 1.000000e+37
463416 67412.375000 62149.277344 22567.740234 53.486923 -52.093674 201.231461 18.184483 1.000000e+37
463417 67188.101562 62155.410156 22656.859375 -170.972488 83.044350 123.045746 19.307535 1.000000e+37
463418 67310.945312 62092.734375 22537.914062 -92.677200 -205.292709 318.086823 22.318430 1.000000e+37
463419 67117.851562 62113.660156 22570.216797 -167.183472 -77.828758 129.307281 12.910403 1.000000e+37
463420 67346.484375 62207.257812 22675.996094 -5.474206 36.393105 67.283051 13.697093 1.000000e+37
463421 67186.875000 62216.511719 22593.802734 -121.672729 114.386971 83.825981 11.575097 1.000000e+37
463422 67337.179688 62166.679688 22581.783203 -172.504395 -214.446121 187.349197 14.676453 1.000000e+37
463423 67343.640625 62177.085938 22560.857422 20.597321 -24.319233 269.829346 15.204857 1.000000e+37
463424 67289.578125 62207.410156 22658.507812 54.088837 6.872342 232.189087 17.297018 1.000000e+37
463425 67221.304688 62138.308594 22426.337891 -18.016378 9.337127 176.770691 14.338310 1.000000e+37
463426 67361.218750 62138.140625 22519.986328 -2.080028 -141.831726 331.944122 11.734779 1.000000e+37
463427 67425.937500 62248.566406 22658.468750 -212.473053 43.251038 174.547333 9.698308 1.000000e+37
463428 67253.640625 62200.539062 22602.642578 -136.590210 -120.243393 114.951706 14.094303 1.000000e+37
463429 67338.335938 62153.417969 22535.123047 -135.730850 -106.712784 85.935852 15.146584 1.000000e+37
463430 67214.390625 62202.742188 22659.669922 -97.122208 100.202904 281.356812 8.050638 1.000000e+37
463431 67288.117188 62103.214844 22636.277344 -153.677124 -5.143795 261.633545 8.519575 1.000000e+37
467763 67613.335938 62400.691406 22763.132812 -113.419846 -77.814919 142.158371 131.207916 -2.031273e+01
467764 67612.523438 62431.757812 22772.109375 -85.707611 -171.019943 197.058273 58.141720 -1.700674e+01
467765 67622.335938 62401.941406 22776.738281 -167.607803 -46.369438 14.117317 69.885063 -1.639576e+01
467766 67729.242188 62437.675781 22662.093750 -161.871857 -23.581818 73.742836 26.478264 1.000000e+37
467767 67741.437500 62450.933594 22802.886719 -206.340256 -146.243408 130.468109 25.882730 -1.067982e+01
467768 67601.351562 62481.472656 22641.853516 -79.644981 -126.416481 50.015686 23.361094 -8.529431e+00
467769 67557.492188 62498.531250 22730.212891 -164.848923 -0.743035 194.020920 14.165220 -1.326089e+01
467770 67586.429688 62347.976562 22752.406250 37.295940 35.055077 148.733826 22.551563 1.000000e+37
467771 67660.164062 62286.667969 22874.404297 -70.389915 -62.341698 175.263138 16.592926 1.000000e+37
467772 67642.406250 62355.742188 22814.982422 -5.332691 10.734858 210.231400 19.887789 -8.710957e+00
467773 67555.398438 62443.062500 22761.978516 -92.487976 -44.790039 210.296585 16.022053 -9.460238e+00
467774 67615.710938 62451.343750 22784.748047 -200.959549 84.694954 134.292816 15.905561 1.000000e+37
467775 67742.976562 62451.859375 22643.132812 -126.493736 -24.210224 49.044975 14.231391 1.000000e+37
467776 67757.007812 62410.871094 22785.707031 -163.301605 26.221525 80.483086 12.220933 1.000000e+37
467777 67636.257812 62363.824219 22959.253906 -241.763947 -63.403866 184.835358 10.047576 1.000000e+37
467778 67648.242188 62457.792969 22853.482422 -77.496201 -120.871063 284.886353 10.697674 1.000000e+37
467779 67637.210938 62274.851562 22761.220703 -161.087494 51.680878 155.264389 12.026071 1.000000e+37
467780 67608.031250 62510.488281 22702.611328 -222.272751 -69.268158 95.867279 12.920638 1.000000e+37
467781 67652.632812 62432.207031 22773.417969 -70.321281 123.986374 46.837379 14.141400 1.000000e+37
467782 67508.882812 62400.308594 22812.152344 -55.777092 -154.942200 214.990829 13.389923 1.000000e+37
467783 67702.351562 62391.652344 22728.388672 -161.724487 81.721054 133.052277 10.338861 1.000000e+37
467784 67527.601562 62494.937500 22799.064453 -126.853806 -89.070129 268.861725 10.783420 1.000000e+37
467785 67608.851562 62413.785156 22698.527344 -299.916626 -20.220394 154.344879 10.661335 1.000000e+37
467786 67538.367188 62295.156250 22751.113281 -191.934570 74.748001 201.093369 6.391995 1.000000e+37
467787 67566.367188 62390.308594 22938.589844 -99.759552 -69.377663 185.878571 8.515104 1.000000e+37
467788 67571.968750 62265.906250 22707.623047 -157.742249 -18.354296 202.713943 10.742207 1.000000e+37
467789 67560.320312 62472.117188 22734.681641 -233.410858 -130.443970 79.239983 9.712975 1.000000e+37
600317 68602.531250 63567.128906 23833.013672 -60.836205 -28.833540 176.014786 71.829735 -1.749360e+01
603126 68195.539062 63066.558594 23249.107422 -81.939262 -59.100620 149.219009 84.200272 -1.792450e+01
603127 68199.695312 63044.839844 23250.984375 -108.102272 -69.628242 133.004242 10.030594 1.000000e+37
603128 68162.218750 63020.136719 23270.347656 -67.920975 -45.228954 151.049881 14.113662 1.000000e+37
673295 66398.218750 61623.550781 21299.490234 -128.828598 -35.750004 243.341187 51.423885 -1.376944e+01
673296 66349.390625 61614.496094 21413.033203 -105.492622 -51.830166 233.603668 36.678043 -1.038847e+01
673297 66410.976562 61628.152344 21348.611328 -125.506065 -64.904411 250.177658 15.846907 1.000000e+37
673298 66379.281250 61656.292969 21288.052734 -97.920677 -56.158436 253.980362 17.527704 1.000000e+37
673299 66323.757812 61601.339844 21312.593750 -127.390381 -57.535515 211.934250 11.957219 1.000000e+37
707913 67185.007812 60785.152344 23066.343750 -75.269417 -44.364017 117.364334 41.902485 -1.354980e+01
707914 67184.140625 60767.773438 23137.156250 -74.379135 -42.248684 81.842888 38.190414 -1.252952e+01
707915 67194.953125 60782.019531 23094.041016 -70.083870 -78.093185 72.587578 12.027415 1.000000e+37
708423 67234.945312 61153.960938 22326.437500 -118.700554 -23.756674 164.806732 46.598549 -1.338283e+01
708424 67242.742188 61167.804688 22306.583984 -86.870026 -28.417721 164.679016 36.767391 -1.129008e+01
708425 67237.015625 61125.339844 22361.765625 -106.063194 -57.550915 147.295395 12.612687 1.000000e+37
711460 66178.984375 61529.820312 21601.123047 -69.707321 -49.650845 228.526962 51.688251 -1.483513e+01
711461 66148.054688 61520.828125 21606.076172 -16.269415 -26.761028 196.915497 14.789920 1.000000e+37
735852 67189.046875 61507.312500 22380.626953 -114.661987 -6.082603 164.379349 45.971188 -1.282916e+01
737057 68206.250000 62962.562500 23698.886719 -107.351326 -50.036438 177.722595 48.871288 -1.250233e+01
743363 67419.804688 60397.628906 22133.441406 -81.204147 -54.253323 170.296906 49.778328 -1.393203e+01
761884 67502.921875 61715.328125 22333.537109 -126.295326 11.051337 122.062592 48.838848 -1.353726e+01
764515 67241.359375 60893.390625 22174.871094 -78.420135 -30.212652 169.750763 41.079506 -1.105178e+01
764516 67259.546875 60907.292969 22205.248047 -106.402161 -31.769094 173.980194 15.935224 1.000000e+37
764517 67261.976562 60878.992188 22161.652344 -84.494652 -59.803791 195.832214 11.256671 1.000000e+37
770050 67733.578125 60361.285156 22216.082031 -140.645142 -80.467957 175.618912 40.084145 -1.141265e+01
772619 67820.601562 61183.652344 22408.654297 -144.261963 -44.504230 171.992325 41.554707 -1.312185e+01
772620 67780.539062 61172.859375 22360.001953 -146.716492 -61.358540 191.350479 9.365651 1.000000e+37
772621 67790.796875 61163.332031 22381.716797 -161.418076 -15.735679 180.897797 8.874454 1.000000e+37
777955 67331.835938 61236.886719 24423.525391 -70.910538 -36.895794 130.588623 43.930168 -1.166402e+01
811683 68685.195312 63147.371094 23008.998047 -111.254875 -38.814728 200.321014 31.941595 1.000000e+37
829285 66978.242188 62769.355469 22674.958984 -19.928782 -99.223511 153.223373 38.100399 -1.061488e+01
863041 66090.765625 63314.875000 23077.802734 -69.933296 -43.782448 190.259323 33.080929 1.000000e+37
875936 66659.984375 61591.898438 22205.035156 16.328354 -45.273762 219.466995 26.406071 1.000000e+37
875937 66644.710938 61575.144531 22232.236328 -19.194483 -74.711426 233.155624 13.201509 1.000000e+37
875938 66652.703125 61578.523438 22176.476562 7.242373 -19.010759 214.144363 10.006787 1.000000e+37
876185 67576.562500 62423.679688 21361.125000 -102.459343 -65.422615 215.679886 27.858433 1.000000e+37
916701 69279.890625 62273.605469 23674.453125 -89.681061 0.111231 165.768616 27.090944 1.000000e+37
943803 67154.164062 62111.097656 21987.017578 -63.362270 -19.277912 158.645004 28.313778 1.000000e+37
965719 66239.320312 63378.816406 23308.652344 -87.403732 -72.121490 188.390701 26.085247 1.000000e+37
966668 66601.328125 63203.363281 23316.000000 -74.295959 -77.993988 172.596970 24.605759 1.000000e+37
987533 66771.023438 61767.171875 22167.529297 8.849037 -14.692885 159.219467 23.793644 1.000000e+37
992552 68018.375000 62770.652344 23071.359375 -93.898659 -59.075050 111.286674 28.671003 -9.919888e+00
992930 68406.593750 63340.839844 24108.289062 -75.003998 -26.931328 168.953064 21.898590 1.000000e+37
992931 68404.570312 63343.210938 24117.082031 -90.939323 5.996948 190.714554 20.096077 1.000000e+37
1004365 68703.976562 63029.414062 22973.621094 -79.573013 -76.410484 218.354416 24.123011 1.000000e+37
1038850 67135.421875 62288.320312 22718.564453 -58.459763 -36.713421 241.549973 25.193077 1.000000e+37
1041454 68398.148438 62894.074219 22079.537109 -84.533760 -72.321404 217.298767 21.149370 1.000000e+37
1043102 69129.773438 61222.984375 22458.603516 -114.767296 -40.386581 166.497604 23.469463 1.000000e+37
1049129 67675.601562 60850.812500 22748.248047 -106.422653 -42.866776 105.913277 24.068590 1.000000e+37
1060144 67676.578125 60357.699219 22326.015625 -121.056046 -67.831993 123.580460 23.038994 1.000000e+37
1062532 66208.539062 61611.914062 21561.238281 -12.273396 -92.814301 168.327057 20.701296 1.000000e+37
1070385 66473.304688 61604.953125 21991.658203 4.255992 -85.825081 236.970673 24.919609 1.000000e+37
1072251 67190.421875 60647.808594 22176.949219 -110.649078 -47.343651 167.100067 20.182392 1.000000e+37
1072252 67205.507812 60633.378906 22193.275391 -128.978683 -59.854946 170.061539 12.949193 1.000000e+37
1074080 67677.007812 60503.347656 22486.541016 -86.789757 -54.797825 104.267357 22.555780 1.000000e+37
1074771 67981.953125 63026.855469 23213.449219 -65.186180 -56.353271 123.427856 23.717680 1.000000e+37
1080615 67554.476562 60946.730469 22359.855469 -132.524094 -42.278290 129.805023 24.410923 -8.857524e+00
1097698 68616.929688 63231.980469 23339.097656 -109.054306 -29.277630 193.228714 20.046810 1.000000e+37
1098432 67504.054688 62740.023438 22683.576172 -169.318695 4.125303 175.134216 20.731737 1.000000e+37
1100688 67441.437500 60523.265625 22072.812500 -86.729630 -54.357258 119.232742 21.376577 1.000000e+37
1104357 66782.914062 62869.011719 23164.521484 -38.529442 -28.749720 110.838081 21.531569 1.000000e+37
1105842 67613.890625 60776.347656 22335.621094 -131.325287 -45.801273 129.166306 24.495882 1.000000e+37
1109777 67349.171875 60683.207031 22188.074219 -91.818993 -37.533585 175.944778 22.029198 1.000000e+37
1112937 68078.570312 62590.085938 23204.027344 -119.110413 5.824213 104.270416 21.173042 1.000000e+37
1116133 67223.523438 62032.664062 22079.962891 -14.221685 -89.003181 169.709442 20.276958 1.000000e+37
1139030 65772.765625 61161.535156 22254.898438 15.340669 -27.990137 138.922958 23.741419 1.000000e+37
1174865 66878.562500 62606.292969 22886.158203 -20.882227 -88.106895 149.133255 23.755226 1.000000e+37
1179251 66323.570312 63120.699219 22940.175781 -35.847279 -20.758362 130.804337 22.664652 1.000000e+37
1183594 66854.234375 61849.867188 22299.365234 -22.914328 -140.712799 174.990753 20.193651 1.000000e+37
1190132 67161.343750 63085.843750 23484.183594 -59.185440 -83.376526 160.636673 20.506525 1.000000e+37
1201843 67248.648438 62177.699219 21638.906250 -114.238861 -76.857903 233.445267 18.920673 1.000000e+37
1210198 68546.562500 63158.000000 23094.007812 -104.934898 -37.016872 191.907394 15.647254 1.000000e+37
1212609 67576.210938 62480.957031 22552.263672 -187.750549 -35.672813 176.542557 22.139181 1.000000e+37
1217725 66012.765625 63504.195312 23431.101562 -92.448730 -46.142071 173.237518 19.753546 1.000000e+37
1225308 66191.023438 63777.445312 23153.728516 -76.128448 -32.472729 177.167206 19.494246 1.000000e+37
1240334 66017.570312 63385.101562 23135.353516 -64.489967 -52.373970 196.514206 23.052301 1.000000e+37
1253149 66718.695312 61856.996094 22089.339844 -46.380783 -126.214096 188.302246 19.109688 1.000000e+37
1253150 66700.140625 61854.406250 22114.144531 -103.574417 10.339538 172.999954 15.606521 1.000000e+37
1259029 68572.726562 63107.171875 22206.105469 -95.074837 -53.912594 209.742218 20.498585 1.000000e+37
1259030 68597.648438 63124.589844 22235.900391 -90.993912 -55.810848 200.382965 11.555312 1.000000e+37
1263502 67975.273438 61311.953125 22351.789062 -155.885818 -37.430897 161.436676 17.588833 1.000000e+37
1263503 67958.070312 61312.523438 22344.876953 -141.547028 -47.834003 168.516953 11.510786 1.000000e+37
1272785 65827.437500 63377.410156 23179.683594 -78.309502 -52.215256 195.632736 18.824606 1.000000e+37
1277603 65990.710938 61727.406250 21532.433594 -30.897305 -87.015953 160.985153 21.354206 1.000000e+37
1282439 67822.648438 61653.171875 22965.425781 -112.495125 -8.520519 106.100548 17.485758 1.000000e+37
1295961 67746.539062 60861.574219 22281.521484 -147.222565 -56.166821 174.208450 17.777353 1.000000e+37
1308382 67423.203125 62017.437500 22340.595703 -79.133148 -10.653482 166.501038 25.618200 1.000000e+37
1329172 67780.781250 62619.757812 22866.125000 -172.809143 -18.633320 60.086639 18.051397 1.000000e+37
1331095 67117.085938 63501.136719 23204.585938 -50.223076 -42.875916 140.031036 17.982323 1.000000e+37
1337112 68098.648438 62553.628906 22553.662109 -116.641068 -91.395683 239.221130 18.764252 1.000000e+37
1337113 66235.421875 61602.210938 21704.025391 -100.565399 -61.325794 243.884888 16.820549 1.000000e+37
1339128 66935.023438 61853.605469 21876.091797 -146.831375 -92.193054 262.878174 19.118784 1.000000e+37
1347251 67557.234375 62635.234375 22653.349609 -120.706940 -79.471870 204.433182 10.968204 1.000000e+37
1347252 67130.093750 62033.667969 22512.677734 25.153637 -114.497276 248.804764 16.973675 1.000000e+37
1366334 67779.437500 63525.777344 23997.054688 -43.100067 -44.390194 172.547882 23.078768 1.000000e+37
1382197 67155.210938 61027.265625 22154.554688 -68.823456 -27.964197 171.409775 21.225533 1.000000e+37
1406001 65782.953125 61705.746094 22190.056641 -17.380110 -55.559849 110.172089 19.014175 1.000000e+37
1411018 66525.695312 60467.839844 22452.441406 -28.892164 70.845749 119.112373 18.964298 1.000000e+37
1413577 67606.546875 62228.675781 22498.990234 -179.060806 -22.745914 267.494202 18.376793 1.000000e+37
1418784 68417.281250 63589.359375 23997.046875 -52.870407 -16.931078 155.509613 21.122601 1.000000e+37
1421385 68641.437500 63578.757812 23747.269531 -99.728897 -57.522045 211.609070 19.787548 1.000000e+37
1426734 67656.781250 61704.515625 23379.855469 -82.224762 -16.039053 97.853935 19.341536 1.000000e+37
1432068 67093.546875 61955.578125 21909.095703 -41.669720 -80.421829 132.953857 16.553928 1.000000e+37
1432069 66513.304688 61373.976562 21831.855469 6.563700 -22.009008 116.203018 16.665844 1.000000e+37
1442878 69033.703125 62037.437500 22817.242188 -108.778290 -12.756211 171.678299 12.096927 1.000000e+37
1442879 69049.820312 62044.621094 22832.058594 -114.179413 -20.460558 164.631943 10.697770 1.000000e+37
1445725 67269.945312 60662.500000 22161.082031 -102.114616 -44.898289 159.976425 14.299959 1.000000e+37
1445726 67283.843750 60652.546875 22156.376953 -115.380608 -22.019838 161.081879 8.969603 1.000000e+37
1448521 68376.179688 62883.714844 22131.757812 -96.281433 -66.238838 204.560013 19.807615 1.000000e+37
1454171 67076.101562 62126.683594 22729.296875 -49.833450 -60.719730 198.224686 23.506477 1.000000e+37
1454178 66317.125000 61591.933594 21476.138672 -103.267067 -46.642620 227.958237 15.266430 1.000000e+37
1457076 66459.593750 63048.875000 23719.089844 -50.283894 -12.389038 132.060287 16.505444 1.000000e+37
1457077 66559.468750 60840.347656 21939.652344 -67.767349 -49.423962 173.316132 15.882438 1.000000e+37
1474838 66204.367188 60995.769531 22178.183594 -43.484909 -45.039036 216.510742 17.114910 1.000000e+37
1484308 67580.203125 62429.167969 22554.035156 -123.258606 59.757832 153.855591 16.554239 1.000000e+37
1484315 67172.257812 60646.160156 22405.265625 -124.884148 -49.351166 162.091293 14.008132 1.000000e+37
1484316 67172.171875 60654.960938 22423.736328 -129.579010 -44.060413 160.406860 9.774071 1.000000e+37
1513541 66703.109375 61616.406250 22208.798828 -2.097946 -29.670277 183.742218 17.967119 1.000000e+37
1527344 66649.382812 61165.250000 21844.183594 -56.650265 -11.204253 166.545990 18.564793 1.000000e+37
1541700 65705.578125 62820.781250 21921.753906 -65.458076 -60.257179 142.050064 17.403490 1.000000e+37
1548961 68676.960938 63032.183594 23262.501953 -114.776878 2.896208 172.506592 16.525833 1.000000e+37
1552684 67651.937500 62054.144531 23247.486328 -62.480610 -7.980017 81.495567 19.165174 1.000000e+37
1564376 66487.710938 61547.417969 21852.658203 8.851249 -49.660015 218.310364 10.465901 1.000000e+37
1568365 69132.117188 62733.988281 22499.423828 -100.436417 -13.415798 195.656891 18.666662 1.000000e+37
1576294 65819.648438 61910.042969 21571.542969 -48.454723 -82.119431 154.522781 16.264704 1.000000e+37
1584242 67315.406250 60689.343750 22134.511719 -91.681999 -54.684456 198.743729 15.886657 1.000000e+37
1584243 67303.164062 60709.000000 22158.519531 -89.393585 -31.672176 171.651382 9.424933 1.000000e+37
1596650 66693.585938 61843.261719 21808.164062 -50.502285 20.102316 243.600937 15.767784 1.000000e+37
1609616 67208.742188 62491.371094 22507.201172 -117.392670 -92.671455 185.706558 16.774281 1.000000e+37
1627656 66921.468750 61762.566406 22107.986328 -82.173615 -98.685326 197.969223 17.015867 1.000000e+37
1632297 66095.593750 62087.136719 21687.525391 -37.663467 -89.693558 145.201447 15.670167 1.000000e+37
1632299 67062.515625 60776.382812 23731.619141 -74.503159 -43.396023 110.027458 13.227442 1.000000e+37
1632300 67065.601562 60773.808594 23723.960938 -77.754089 -37.369801 109.170174 10.030851 1.000000e+37
1670957 67051.296875 62167.539062 22426.917969 42.496220 -37.612373 87.814621 15.922654 1.000000e+37
1676074 67566.828125 62548.777344 22473.363281 -105.755119 -1.508858 186.519211 14.283714 1.000000e+37
1681104 67794.031250 62334.511719 22990.095703 -88.508934 -114.539917 57.104092 17.360603 1.000000e+37
1686334 66831.343750 62640.039062 22693.312500 -18.399080 -98.449638 143.026764 20.347027 1.000000e+37
1702217 66115.945312 61079.773438 21930.726562 1.170880 -21.814423 184.227219 16.212210 1.000000e+37
1707659 66044.710938 60849.828125 22571.382812 36.597946 -54.819191 134.402832 15.137779 1.000000e+37
1713237 65611.664062 62113.175781 21661.779297 -40.501133 -49.284016 117.214012 16.933090 1.000000e+37
1724596 67838.257812 62732.957031 21111.570312 -91.349022 -51.821568 205.494171 16.178328 1.000000e+37
1730341 69038.945312 60976.253906 22407.328125 -117.198616 -45.368580 167.023514 17.644842 1.000000e+37
1730365 66404.859375 61652.562500 21077.808594 -106.304764 -22.020323 239.366470 14.335576 1.000000e+37
1736235 67088.585938 62312.113281 22569.130859 -94.730972 -103.288872 115.034477 14.294875 1.000000e+37
1736240 66138.234375 62987.148438 22418.738281 -47.756466 -55.484077 161.368011 15.124465 1.000000e+37
1742154 66130.867188 60964.921875 22030.728516 11.739436 -31.014708 189.522491 15.743334 1.000000e+37
1754151 66590.437500 61601.800781 21811.585938 -35.600044 57.955826 210.061356 12.702338 1.000000e+37
1772471 67171.640625 62358.730469 22589.400391 -56.145954 26.489838 277.684052 15.473692 1.000000e+37
1779015 67866.351562 62384.863281 22799.658203 -202.025742 16.453478 141.389450 12.687645 1.000000e+37
1779035 66444.625000 62285.332031 22268.685547 -41.900600 -114.715195 182.180405 17.181658 1.000000e+37
1791855 67752.890625 62435.710938 22993.593750 -105.887985 -20.313482 88.986725 14.913956 1.000000e+37
1805063 66827.625000 63058.050781 23143.197266 -41.901821 -36.766293 118.733749 11.972022 1.000000e+37
1805064 67267.789062 61104.296875 24029.482422 -76.508873 -39.398312 123.892441 16.169765 1.000000e+37
1832606 67790.007812 62218.070312 22821.761719 -151.578369 40.594952 88.937187 16.402227 1.000000e+37
1839729 67885.359375 61394.902344 22365.365234 -150.268707 -41.019081 157.286774 13.073880 1.000000e+37
1847063 69075.414062 63361.160156 22913.578125 -65.163040 -76.972504 203.495911 15.827855 1.000000e+37
1847064 67434.648438 62324.964844 22967.173828 -79.840965 -26.696129 203.886353 16.760294 1.000000e+37
1861697 66819.437500 63080.902344 23316.500000 -69.429428 -87.216507 166.571075 13.836658 1.000000e+37
1861723 67230.843750 60669.023438 22056.302734 -129.859543 -40.911900 172.298599 18.289215 1.000000e+37
1884767 67437.726562 62233.648438 22804.710938 5.297476 -103.963394 83.646805 14.308141 1.000000e+37
1884792 66836.937500 61920.984375 21684.140625 -138.086685 -74.046021 259.577850 15.358016 1.000000e+37
1884793 67618.601562 62050.320312 22674.054688 -188.241821 16.102648 189.199539 15.292502 1.000000e+37
1900452 69106.710938 63282.644531 23466.392578 -90.212959 11.203158 182.035965 14.102318 1.000000e+37
1908650 66889.640625 61676.136719 21817.095703 -99.630325 -140.182114 149.069595 11.237947 1.000000e+37
1908651 66917.875000 61683.675781 21817.621094 -32.116070 -98.826149 203.777084 10.199309 1.000000e+37
1916831 67428.414062 62229.433594 22742.289062 -130.583221 -10.111425 246.320633 10.410052 1.000000e+37
1916841 66784.554688 61560.949219 21888.044922 -53.318035 -8.252292 294.250366 16.536440 1.000000e+37
1925177 67557.132812 61879.296875 22714.138672 -94.255913 18.802895 78.085190 12.700513 1.000000e+37
1925202 67775.539062 60336.792969 22363.658203 -120.310364 -84.017647 171.047256 14.763350 1.000000e+37
1933674 68798.085938 62884.593750 23804.123047 -82.758430 15.879189 143.909775 14.340871 1.000000e+37
1933701 66338.898438 61620.054688 21852.453125 -11.953472 -85.452477 224.827896 10.371913 1.000000e+37
1933702 66351.687500 61622.558594 21846.785156 -10.579814 -86.767365 230.507645 11.276951 1.000000e+37
1959937 68063.250000 62776.437500 22662.693359 -131.853363 -82.943588 231.687119 14.842710 1.000000e+37
1959940 66287.476562 60807.449219 21994.306641 -6.457720 -97.898941 146.620117 14.042056 1.000000e+37
1959961 66456.867188 61315.937500 22062.101562 -21.457367 -7.478587 177.531815 13.693301 1.000000e+37
1969052 67187.429688 60732.750000 22401.322266 -122.561119 -50.021618 157.592361 14.110824 1.000000e+37
1969053 67376.875000 61893.828125 20970.318359 -114.278732 -55.196148 211.875793 14.792398 1.000000e+37
1978324 67281.250000 62363.929688 21528.826172 -110.882874 -65.459961 229.501877 14.379025 1.000000e+37
1978325 68373.429688 63211.125000 21333.865234 -59.769485 -66.604897 187.865265 13.929267 1.000000e+37
1987576 66477.390625 60592.429688 22522.695312 23.187931 -38.307400 75.669434 14.596999 1.000000e+37
1987619 67775.210938 61141.238281 22921.369141 -104.574303 -28.887300 108.918617 11.944556 1.000000e+37
1987620 67564.882812 61738.929688 22776.138672 -85.151001 6.935760 84.545937 14.396622 1.000000e+37
1987644 66992.468750 61935.906250 21809.939453 -134.417068 -94.730965 252.974884 10.074535 1.000000e+37
1997029 67447.671875 60813.863281 22239.875000 -84.533112 -36.991039 107.945610 12.374590 1.000000e+37
2006558 67852.789062 62389.164062 22691.636719 -98.404259 13.110707 121.764488 14.620162 1.000000e+37
2006589 67800.585938 62573.289062 22899.623047 -106.493774 -31.565001 24.394976 13.494045 1.000000e+37
2016557 66168.687500 61299.617188 21928.775391 -37.203575 -11.023399 202.913040 14.596341 1.000000e+37
2016558 66324.414062 61652.906250 21331.839844 -124.212929 -22.174543 258.394409 13.412680 1.000000e+37
2026411 67039.945312 61676.257812 22105.720703 -82.469467 4.988915 89.740921 15.634436 1.000000e+37
2026441 66123.656250 60959.652344 21907.878906 -36.511791 -18.891403 218.955994 12.771774 1.000000e+37
2026443 68343.625000 62728.890625 22713.285156 -112.603844 -85.247192 217.518158 14.349323 1.000000e+37
2036407 67344.523438 62341.421875 22497.232422 20.713614 -186.481689 140.389130 13.582689 1.000000e+37
2036417 66293.875000 61622.308594 21499.857422 -138.930054 -64.211792 230.209885 12.775229 1.000000e+37
2036440 66348.101562 61584.320312 21631.488281 -30.581173 -56.650333 212.963684 7.386515 1.000000e+37
2036461 67734.218750 61450.328125 22565.332031 -152.106293 -36.313774 174.619568 15.724424 1.000000e+37
2046836 68716.390625 63199.730469 23474.980469 -95.109428 -62.271172 207.216309 10.612463 1.000000e+37
2046865 66683.656250 61569.023438 22178.814453 19.687906 -48.204399 244.570923 13.049636 1.000000e+37
2057334 66344.429688 60749.929688 21844.240234 -78.029091 -66.377090 146.316162 15.124936 1.000000e+37
2068081 69120.953125 63283.347656 23242.119141 -92.426102 -22.650368 200.434250 13.073364 1.000000e+37
2068091 66422.703125 60681.566406 22219.240234 -125.229927 -53.073299 242.290100 14.248047 1.000000e+37
2078764 66676.164062 61232.632812 22103.800781 -57.247078 -24.820169 85.419212 14.199089 1.000000e+37
2078765 66716.843750 61956.746094 22041.279297 -104.736427 -124.354401 191.918259 14.061312 1.000000e+37
2078804 67789.054688 62375.976562 22300.845703 -145.398376 -45.963356 251.531357 12.195644 1.000000e+37
2089873 65549.585938 62672.363281 22023.199219 -49.030022 -44.083405 117.968918 11.547470 1.000000e+37
2101120 67693.539062 60466.582031 23223.298828 -84.193420 -51.120914 105.836403 11.930719 1.000000e+37
2101121 67641.546875 60556.394531 22478.775391 -85.012108 -63.420647 100.886765 11.947403 1.000000e+37
2112776 66270.679688 61651.667969 21798.392578 -93.497009 -82.731628 260.381653 12.934513 1.000000e+37
2124404 66869.812500 61701.031250 22015.228516 -33.003712 16.199146 110.174202 13.636858 1.000000e+37
2136337 67694.546875 62596.656250 22987.632812 -56.442543 -54.103409 177.835037 12.446707 1.000000e+37
2136347 66446.625000 63088.808594 22864.980469 -40.324753 -30.721769 128.921875 12.819665 1.000000e+37
2148389 66725.617188 61771.269531 21837.841797 11.140133 -41.567398 228.741058 12.146602 1.000000e+37
2148390 66912.320312 62055.054688 22292.687500 -50.867683 -82.206085 206.261490 17.018091 1.000000e+37
2148429 66081.929688 61774.921875 21371.169922 -104.808105 -57.848755 228.358215 11.114318 1.000000e+37
2148447 67867.265625 60732.785156 22307.003906 -141.866516 -61.213905 168.123505 13.181185 1.000000e+37
2160764 66259.953125 61585.097656 22111.179688 0.888741 -56.610046 94.757408 13.844235 1.000000e+37
2160786 68310.203125 62772.753906 22373.189453 -105.552925 -71.266396 222.394104 13.698369 1.000000e+37
2160787 68432.914062 62806.496094 22755.318359 -105.468056 -86.042000 214.483231 8.436449 1.000000e+37
2173265 67765.023438 62376.230469 22960.031250 -90.858521 12.086307 30.848619 14.049652 1.000000e+37
2173266 66403.289062 60771.421875 22093.818359 -119.398216 -54.120937 184.629227 12.547562 1.000000e+37
2173301 66075.281250 61728.886719 21631.605469 -77.397804 -72.601341 226.255447 12.007879 1.000000e+37
2173315 68686.093750 63262.484375 23005.945312 -94.508904 -40.282875 201.284592 13.740582 1.000000e+37
2186055 67697.875000 61814.679688 23245.339844 -87.039436 -11.414456 93.214882 11.838097 1.000000e+37
2199179 66980.546875 62794.945312 22595.601562 -18.043179 -54.332413 121.357346 12.750459 1.000000e+37
2199210 66323.140625 61773.238281 21852.957031 -53.767658 -78.617737 248.817123 11.454907 1.000000e+37
2212487 68180.046875 62811.128906 22928.357422 -153.600281 -18.731972 181.153534 11.982575 1.000000e+37
2212498 66381.523438 63053.968750 23923.310547 -48.587227 -8.826447 135.418625 12.077451 1.000000e+37
2212502 66444.007812 61467.277344 21661.322266 -59.741344 20.080961 165.670609 14.330052 1.000000e+37
2212503 66220.593750 61802.894531 21717.724609 2.110809 -74.083992 128.984970 14.061964 1.000000e+37
2240459 68493.210938 63233.191406 23428.498047 -109.654144 -32.516487 193.068771 14.301849 1.000000e+37
2240468 66349.117188 63563.960938 23026.447266 -68.805412 -39.773567 171.858643 14.056724 1.000000e+37
2254618 67143.609375 62042.312500 21447.074219 -104.430687 -88.091774 235.061111 13.783092 1.000000e+37
2283776 67433.851562 63700.714844 23457.240234 -48.697437 -34.386505 154.808975 11.808244 1.000000e+37
2298708 68142.046875 62781.027344 23680.816406 -70.596436 4.649757 111.282669 15.679847 1.000000e+37
2298709 67250.507812 61055.632812 22098.539062 -135.323257 -26.758118 150.852539 12.439022 1.000000e+37
2298710 67150.828125 62164.730469 22200.949219 -132.771957 -73.162979 190.469208 13.783344 1.000000e+37
2298711 66593.046875 61544.218750 21748.656250 31.411983 -56.131573 225.405807 13.315713 1.000000e+37
2298712 66327.718750 62986.656250 24126.953125 -51.764282 -6.462065 136.219421 10.875743 1.000000e+37
2298752 67306.328125 61089.769531 22267.890625 -83.706589 -17.475965 177.710175 13.476847 1.000000e+37
2313949 66006.406250 63536.968750 23349.376953 -80.438721 -33.927639 179.039932 8.559617 1.000000e+37
2346176 67902.828125 62964.527344 23455.990234 -93.946671 -47.192738 131.900375 12.345344 1.000000e+37
2362305 66248.570312 60657.718750 22903.453125 -17.868715 -4.199390 129.987473 12.882670 1.000000e+37
2362391 67385.562500 61737.515625 22475.945312 -130.235092 23.473450 136.366776 11.916512 1.000000e+37
2362392 67569.046875 62165.167969 22600.195312 -123.638313 57.007114 84.424286 11.591594 1.000000e+37
2362412 65866.687500 63078.277344 22471.361328 -44.972446 -32.986893 138.977066 11.635265 1.000000e+37
2362524 66278.054688 63517.074219 22951.580078 -90.316986 -81.506073 205.414322 11.332126 1.000000e+37
2379428 68198.976562 62760.117188 23279.582031 -49.877686 -60.898693 119.438446 14.453934 1.000000e+37
2379430 67472.492188 62559.031250 22762.417969 -136.999054 -107.337425 179.538956 9.493573 1.000000e+37
2379445 66630.039062 63050.085938 22998.794922 -37.369953 -32.986916 122.252327 12.640721 1.000000e+37
2379447 66870.632812 61874.351562 21894.675781 -143.807770 -115.627922 254.076752 10.130753 1.000000e+37
2379490 66956.523438 61064.558594 22312.765625 -79.035492 -24.019869 155.728607 11.549004 1.000000e+37
2379493 66892.265625 62373.289062 22114.472656 -65.925865 -129.423218 228.205917 10.593537 1.000000e+37
2396711 67049.859375 62046.296875 22383.310547 -109.947983 -23.904791 173.516190 13.177999 1.000000e+37
2396712 67184.054688 62326.988281 22369.964844 -28.084581 -16.477247 111.124420 13.823658 1.000000e+37
2414451 68263.250000 60864.210938 22269.617188 -137.093903 -51.673878 158.049500 11.000450 1.000000e+37
2414454 67718.515625 60356.125000 22278.388672 -141.554291 -65.479622 130.080978 11.918180 1.000000e+37
2414455 67184.929688 60906.324219 22154.000000 -142.482361 -57.561340 162.274200 9.934065 1.000000e+37
2414456 68093.007812 62765.667969 22902.281250 -150.369690 -67.567200 210.340195 13.466697 1.000000e+37
2432525 66722.023438 61711.050781 21798.935547 21.149128 -31.582251 214.448441 12.132955 1.000000e+37
2432562 66571.500000 61614.843750 22200.019531 -31.903772 -13.339490 277.258362 10.693048 1.000000e+37
2451132 68163.187500 63058.441406 23713.582031 -81.039810 -44.888981 144.419067 12.027204 1.000000e+37
2470049 67632.437500 62613.921875 23014.095703 -105.321335 -72.739258 185.157898 15.108765 1.000000e+37
2470063 67760.140625 60986.714844 22846.740234 -111.228340 -33.981995 106.394409 13.702024 1.000000e+37
2489471 68208.710938 62702.230469 22294.431641 -86.585625 -87.013168 228.776459 13.177676 1.000000e+37
2489496 69263.882812 61893.699219 22637.849609 -106.199631 -26.397392 178.708298 10.391366 1.000000e+37
2509406 67733.515625 62285.613281 22837.507812 -129.088409 -2.878548 232.935364 14.761266 1.000000e+37
2509467 66381.859375 60977.488281 22218.837891 -45.221386 -62.462440 187.091278 11.707111 1.000000e+37
2509473 67191.453125 62457.125000 22988.587891 -23.743706 -122.760483 135.695633 13.414727 1.000000e+37
2529669 67442.937500 62127.667969 22478.255859 -56.845028 -92.160454 288.744598 9.006546 1.000000e+37
2529670 67363.921875 61972.570312 22631.207031 -157.821426 -20.401064 174.670425 14.265215 1.000000e+37
2529672 66892.859375 61899.812500 22258.916016 -69.395485 -86.679573 154.502014 14.534587 -8.583690e+00
2550570 66536.359375 63314.886719 23168.642578 -86.073532 -91.649078 193.357635 10.612663 1.000000e+37
2571863 67484.765625 62542.128906 22584.421875 15.580388 -112.884438 105.327003 6.621155 1.000000e+37
2571881 67808.117188 62491.898438 22575.507812 -144.251923 -2.691444 167.295135 13.260118 1.000000e+37
2571884 66410.343750 61172.937500 21894.748047 -7.019195 -50.867531 121.301079 12.028915 1.000000e+37
2571885 66230.515625 60775.777344 22184.089844 42.713192 -79.776886 199.075974 12.820880 1.000000e+37
2593956 69162.492188 61615.828125 22564.197266 -110.141403 -31.725368 175.709656 11.982498 1.000000e+37
2593958 67591.406250 62326.207031 22546.050781 -142.290466 -139.211578 228.004272 13.819847 1.000000e+37
2594082 67056.203125 61683.011719 22541.453125 -134.265091 5.626014 158.810165 11.773885 1.000000e+37
2616609 67829.882812 60958.964844 23015.738281 -103.726532 -35.443878 106.000900 11.470928 1.000000e+37
2616611 66513.015625 61269.707031 21644.710938 -62.906158 -3.051662 143.787399 10.075451 1.000000e+37
2616669 65692.078125 62591.230469 21851.621094 -88.842010 -89.680023 175.703705 11.348616 1.000000e+37
2639813 66452.625000 60620.718750 22285.521484 -86.693100 9.266503 218.557266 15.173086 1.000000e+37
2639869 67381.679688 62461.132812 22989.363281 -174.763504 -29.807480 119.066238 11.258703 1.000000e+37
2639919 67594.539062 62277.554688 22677.904297 -148.733276 40.143322 205.391541 14.465175 1.000000e+37
2639921 68585.554688 62908.531250 23065.433594 -123.767502 -2.465750 182.083969 10.492684 1.000000e+37
2639941 67013.421875 62109.292969 22680.632812 -38.825626 -49.607998 173.333694 15.368466 1.000000e+37
2639988 66523.484375 61563.035156 21679.617188 -4.123652 -85.941162 230.727097 9.866700 1.000000e+37
2663755 65524.328125 62533.082031 21869.992188 -48.819607 -46.682995 108.049576 12.572676 1.000000e+37
2663757 66763.632812 62887.355469 23217.396484 -33.255402 -28.398985 101.945160 10.987654 1.000000e+37
2663826 68357.289062 62951.417969 21832.597656 -68.109802 -75.059509 206.900238 10.276047 1.000000e+37
2688145 66295.218750 60745.882812 22311.316406 -36.929375 -108.661697 231.397400 11.829410 1.000000e+37
2688203 66554.210938 61310.152344 22105.802734 -32.187191 -3.121534 165.512405 12.771685 1.000000e+37
2688204 66493.039062 61289.886719 22055.822266 -30.975672 1.387680 193.561661 10.030080 1.000000e+37
2688208 68130.718750 63049.808594 21577.087891 -67.748566 -76.434402 199.078247 11.791559 1.000000e+37
2688209 65902.046875 62595.960938 22075.589844 -74.824211 -91.094879 175.974854 10.862668 1.000000e+37
2713159 68368.273438 63552.382812 23947.974609 -44.895363 -13.511865 177.056488 15.522313 1.000000e+37
2713182 66332.320312 60719.867188 22086.677734 -72.622574 -37.532555 188.760742 14.046513 1.000000e+37
2739191 67810.148438 60487.523438 22916.925781 -102.509270 -53.612732 102.498878 10.860902 1.000000e+37
2739192 66456.445312 60789.785156 22065.580078 -121.058075 -46.374424 179.153076 12.268561 1.000000e+37
2739263 69032.492188 63452.035156 22386.103516 -59.304508 -71.147163 200.192657 9.142426 1.000000e+37
2739264 66121.000000 61401.046875 21607.310547 -94.136940 -47.456383 225.003387 12.136600 1.000000e+37
2739293 69181.664062 63283.535156 22729.513672 -80.297592 -33.491539 200.684113 10.178034 1.000000e+37
2765748 67570.125000 60753.847656 22352.669922 -120.593422 -43.930519 146.278595 13.738832 1.000000e+37
2765749 67687.179688 61311.687500 22416.531250 -143.808365 -28.601841 137.839539 10.342465 1.000000e+37
2765778 67114.039062 60797.039062 23731.554688 -78.632721 -48.150272 111.736732 11.325480 1.000000e+37
2765780 67081.687500 60815.160156 23347.240234 -75.901512 -43.028111 95.312691 13.301126 1.000000e+37
2765843 67402.117188 61860.183594 22566.947266 -41.415794 10.037108 193.977173 12.832763 1.000000e+37
2793264 68392.445312 63763.308594 23694.117188 -76.717102 -38.651348 170.712585 14.309097 1.000000e+37
2793265 67198.375000 62442.523438 22436.173828 -83.001930 -124.227905 166.507080 12.353925 1.000000e+37
2793285 67656.007812 63673.574219 23791.070312 -42.069923 -40.093781 169.531387 12.173642 1.000000e+37
2793288 67187.703125 61158.308594 22523.919922 -66.931450 -26.827286 95.284309 10.523256 1.000000e+37
2821391 66151.289062 60800.488281 22147.408203 17.440308 -34.581017 232.216431 13.015685 1.000000e+37
2821392 66282.281250 61575.667969 21651.525391 -111.911537 -63.747902 250.809814 6.792687 1.000000e+37
2850328 67577.617188 62922.789062 22841.308594 -129.840591 -77.296066 104.001556 11.563622 1.000000e+37
2850356 66450.734375 60977.265625 21909.861328 -72.087433 -33.695618 178.298935 11.647810 1.000000e+37
2850422 66279.023438 61595.847656 21597.976562 -99.061317 -50.221378 247.315735 13.158324 1.000000e+37
2880410 67778.546875 61258.167969 22957.396484 -105.955307 -27.410858 103.565140 11.311872 1.000000e+37
2880435 66886.570312 61826.402344 21896.728516 -115.828644 -39.902195 129.388245 11.607114 1.000000e+37
2880436 65725.187500 61665.238281 21638.707031 -29.253399 -54.191422 120.526993 11.901941 1.000000e+37
2880507 68462.179688 63086.738281 21644.628906 -72.190910 -67.876045 200.951691 9.675565 1.000000e+37
2911559 69311.265625 62804.484375 23139.525391 -95.156540 4.229094 179.351242 10.552244 1.000000e+37
2911562 68580.546875 63236.320312 23098.046875 -103.515083 -43.697487 188.201431 9.019411 1.000000e+37
2911563 67709.796875 62784.003906 23221.222656 -126.281723 -85.281158 153.382294 12.229126 1.000000e+37
2911588 68407.039062 63176.011719 23342.916016 -95.833618 -38.601814 152.739349 12.265890 1.000000e+37
2911594 67538.070312 62059.433594 22519.324219 -120.051659 46.596581 93.646263 13.153605 1.000000e+37
2911701 65812.015625 63444.109375 23073.212891 -83.394913 -44.837948 183.909500 10.229430 1.000000e+37
2911702 66967.460938 62119.421875 22401.224609 -18.037163 -140.845840 233.632202 10.411372 1.000000e+37
2943608 69363.507812 62181.687500 22940.189453 -105.288681 -9.184844 168.896667 10.399163 1.000000e+37
2943631 66653.257812 63119.652344 22655.630859 -29.847517 -49.776077 146.064758 10.304475 1.000000e+37
2943636 67599.132812 60535.519531 22468.511719 -121.048393 -71.878334 182.820984 12.405318 1.000000e+37
2943639 67832.203125 62496.652344 23213.330078 -61.446884 -14.916619 66.589653 8.993226 1.000000e+37
2943641 65879.226562 61692.742188 22397.082031 -20.375605 -56.519428 107.595154 9.355975 1.000000e+37
2943642 66444.695312 60675.050781 22194.580078 -128.175781 -40.579891 243.692139 10.443914 1.000000e+37
2943712 66171.070312 60836.406250 21927.560547 19.507923 -49.333050 177.642731 11.500486 1.000000e+37
2976721 67419.898438 61030.878906 22438.968750 -84.622864 -29.318394 101.673225 9.696696 1.000000e+37
2976722 66386.054688 61507.574219 21762.046875 -72.944778 17.574436 240.182907 9.147169 1.000000e+37
2976724 66549.046875 60880.019531 21891.755859 -95.541077 -24.198452 230.345474 10.184902 1.000000e+37
2976800 66362.812500 61123.972656 22251.339844 -91.124496 -28.389904 181.981995 9.661829 1.000000e+37
3011124 67165.078125 61905.226562 22025.142578 -13.185502 -83.562500 136.168121 10.209335 1.000000e+37
3011127 66871.945312 61807.484375 21779.343750 -110.857162 -82.442101 95.897400 10.940914 1.000000e+37
3011129 67008.945312 61845.746094 21858.681641 -49.385498 -119.202820 130.376526 11.710301 1.000000e+37
3046638 67572.882812 62620.464844 23095.230469 -133.405991 -118.794067 120.107086 11.536438 1.000000e+37
3046677 67161.421875 61335.675781 22067.011719 -129.870499 -19.415915 167.363098 11.174050 1.000000e+37
3046678 67386.328125 62161.636719 22227.154297 -124.929794 -76.518295 192.147415 12.157992 1.000000e+37
3046770 66486.398438 61493.488281 21559.710938 -29.842464 -89.532127 205.885162 9.630176 1.000000e+37
3083159 67665.382812 60305.152344 22219.914062 -125.611565 -66.025719 173.128418 8.328256 1.000000e+37
3083193 65629.859375 63112.167969 22278.058594 -76.562477 -55.947006 163.623459 10.884381 1.000000e+37
3083197 67744.328125 62287.082031 23056.740234 -74.017174 7.179591 52.615307 7.728447 1.000000e+37
3083201 66538.812500 61445.636719 21738.953125 -104.888855 -61.066151 191.992661 12.642326 1.000000e+37
3083302 66609.281250 61657.082031 22259.917969 -9.046867 -11.397447 255.113449 13.457866 1.000000e+37
3083339 67698.140625 60479.371094 22400.261719 -125.311920 -83.381554 191.134369 10.536311 1.000000e+37
3121166 66929.281250 62802.628906 22671.921875 -14.506465 -61.060841 101.984398 7.270102 1.000000e+37
3121173 66843.765625 61578.878906 21983.423828 4.731963 9.096665 251.435928 10.911660 1.000000e+37
3121174 66163.734375 60931.316406 21985.320312 0.754854 -84.457809 129.223526 7.762144 1.000000e+37
3121262 66693.515625 61324.777344 21028.644531 -111.572052 -32.712757 222.987259 9.223376 1.000000e+37
3121263 66211.757812 61673.785156 21599.828125 -70.362389 -83.347015 236.032288 8.393760 1.000000e+37
3121264 67170.140625 61095.406250 22414.365234 -101.176476 -26.711338 134.048264 13.182991 1.000000e+37
3160081 67179.750000 62735.574219 23191.908203 -46.201084 -107.736237 150.502121 12.709907 1.000000e+37
3160191 67977.796875 62982.093750 23047.984375 -120.170158 -4.843647 110.682014 10.555092 1.000000e+37
3160192 67285.765625 62433.078125 22687.789062 15.630758 -61.056511 215.794449 13.764773 1.000000e+37
3160193 67722.609375 62838.777344 23240.400391 -126.796738 -82.892570 161.093445 12.501635 1.000000e+37
3160234 66126.507812 62758.683594 22445.080078 -29.929132 -42.361084 131.892960 10.715858 1.000000e+37
3160323 66234.734375 61743.777344 21266.236328 -69.445824 -66.068146 208.355316 11.838663 1.000000e+37
3160329 68094.171875 62778.816406 22115.714844 -99.892189 -63.874142 229.495255 11.434900 1.000000e+37
3200419 68002.382812 62907.246094 23346.242188 -84.523468 -53.301075 118.052994 10.133287 1.000000e+37
3200454 67248.250000 61226.835938 22055.087891 -123.988518 -18.471905 171.080627 9.815222 1.000000e+37
3200455 66759.000000 61518.992188 21906.195312 34.797253 -40.725750 239.123352 9.112940 1.000000e+37
3200456 67546.882812 62011.761719 22528.375000 -107.742096 46.860409 90.005760 11.066372 1.000000e+37
3200458 66494.070312 61687.359375 21787.388672 -23.963991 -91.079910 116.520676 7.802859 1.000000e+37
3200459 66503.992188 61724.363281 21829.789062 7.195153 -12.685502 237.275024 11.310779 1.000000e+37
3200564 68057.320312 62804.277344 20966.800781 -84.223618 -52.450569 192.884003 10.785233 1.000000e+37
3242690 66761.273438 61473.046875 21107.195312 -135.196289 -48.317871 224.441757 9.858112 1.000000e+37
3242749 68688.507812 61478.648438 22268.849609 -118.936577 -43.830002 191.124466 10.667843 1.000000e+37
3286495 68618.625000 62993.144531 22674.613281 -87.332565 -83.720718 214.124466 10.987561 1.000000e+37
3331817 68686.687500 63324.941406 23145.994141 -110.882912 -27.741444 193.081131 10.076433 1.000000e+37
3331857 67385.218750 61281.828125 23955.410156 -78.381615 -37.075111 122.634247 10.671797 1.000000e+37
3331994 68378.765625 62923.046875 22061.691406 -82.494606 -87.799118 227.222626 10.301554 1.000000e+37
3331995 68460.156250 62961.808594 23688.429688 -104.096649 -61.841141 206.399734 6.177815 1.000000e+37
3331996 67386.187500 62611.281250 22815.966797 -158.520538 -76.037018 157.726318 13.897802 1.000000e+37
3331997 66959.328125 61745.015625 22342.195312 -27.806980 -116.931824 171.784378 8.140806 1.000000e+37
3332059 68793.453125 60961.523438 22136.652344 -121.666229 -55.239765 182.037933 9.072770 1.000000e+37
3378979 67489.906250 62773.914062 23422.208984 -53.236626 -106.355675 149.221481 10.430996 1.000000e+37
3379102 68448.742188 60955.976562 22315.964844 -132.280502 -50.496666 158.463760 12.500449 1.000000e+37
3379105 67770.539062 62418.878906 22734.361328 -181.571289 -155.769257 155.310913 10.431940 1.000000e+37
3379106 68622.593750 63311.402344 23300.246094 -104.777153 -36.973248 198.864380 9.768260 1.000000e+37
3379147 67174.859375 62029.167969 22691.880859 -86.074425 -23.330738 181.910095 7.608700 1.000000e+37
3379152 67887.703125 61023.773438 23105.830078 -104.326370 -35.995575 109.577805 11.403147 1.000000e+37
3379153 67471.414062 60413.921875 22047.312500 -51.636318 -46.060928 147.040314 7.618576 1.000000e+37
3379154 67392.687500 62014.078125 22398.416016 -87.514648 63.538475 93.081207 9.560402 1.000000e+37
3379282 67320.226562 62340.875000 22912.910156 -5.588902 -124.160027 111.841858 11.853196 1.000000e+37
3379285 66320.515625 61485.664062 21452.468750 -36.812004 -27.297550 212.388519 10.918440 1.000000e+37
3379336 69040.992188 63233.554688 22834.208984 -90.196823 -35.594440 204.784821 9.686778 1.000000e+37
3379463 66195.210938 63615.808594 23158.335938 -95.380692 -80.143059 203.008499 9.134605 1.000000e+37
3428256 67772.859375 60827.054688 22215.417969 -130.598892 -56.575821 175.514023 10.641315 1.000000e+37
3428257 67172.585938 62081.625000 22460.259766 -24.278427 -35.253227 272.744537 13.993075 1.000000e+37
3428258 68440.765625 63345.878906 23649.984375 -106.227272 -26.710661 203.601761 10.824044 1.000000e+37
3428302 67310.140625 61885.062500 22177.544922 -51.455494 -48.221558 202.346939 10.720232 1.000000e+37
3428305 68013.085938 62461.121094 24343.763672 -62.198132 -4.147011 134.117508 10.893857 1.000000e+37
3428306 67255.140625 60825.750000 23807.701172 -70.161598 -53.650543 113.799515 8.810331 1.000000e+37
3428308 67760.132812 61207.253906 22931.949219 -111.099876 -29.547514 110.677040 9.798546 1.000000e+37
3428313 66520.726562 61605.121094 21738.259766 46.139412 -39.722115 146.330093 9.504527 1.000000e+37
3428412 66025.468750 61211.664062 21785.021484 -50.908302 -9.264574 205.499130 9.060664 1.000000e+37
3428417 66887.750000 61102.488281 21055.972656 -100.896820 -43.249119 220.386368 11.203006 1.000000e+37
3428425 66347.570312 61421.074219 21739.958984 -90.473541 -72.123123 257.213409 8.974170 1.000000e+37
3479428 66857.398438 63030.710938 23327.875000 -65.625130 -80.832214 166.564865 10.337504 1.000000e+37
3479617 67453.617188 62299.003906 22616.785156 -97.794586 -49.611172 145.688843 10.223763 1.000000e+37
3479625 66776.976562 61648.339844 21801.498047 -3.849186 7.592153 200.545364 12.411810 1.000000e+37
3479626 66322.828125 60835.734375 22992.333984 -66.647423 -68.709320 105.362556 10.056005 1.000000e+37
3479745 66440.335938 61628.917969 22047.779297 -10.695616 -17.013084 235.868500 11.213828 1.000000e+37
3479746 66295.468750 61593.574219 21740.410156 -70.957756 -48.549065 236.169922 10.667747 1.000000e+37
3532259 67475.117188 62677.300781 23302.478516 -48.355488 -110.226242 137.624283 9.610214 1.000000e+37
3532260 67021.078125 62878.585938 23284.023438 -58.879715 -95.096573 161.919571 8.699701 1.000000e+37
3532261 67709.382812 62469.308594 23149.654297 -53.590347 -124.487572 96.603096 10.825135 1.000000e+37
3532412 68458.406250 63326.800781 23779.394531 -105.018173 -9.885046 194.249695 9.309395 1.000000e+37
3532454 67521.812500 62405.222656 22613.255859 -141.364212 78.865173 146.709244 9.884795 1.000000e+37
3532456 67164.906250 60907.406250 23782.980469 -72.989487 -46.672657 112.858650 10.297456 1.000000e+37
3532463 67403.257812 61024.546875 22386.791016 -110.865311 -21.547340 173.912704 11.748276 1.000000e+37
3532464 67607.515625 62318.753906 22392.687500 -139.946899 -77.691811 279.920746 8.469950 1.000000e+37
3587647 67447.773438 61651.738281 22432.822266 -164.755539 5.827698 122.715675 9.621541 1.000000e+37
3587648 67960.500000 62730.734375 22912.949219 -181.050934 -31.506323 175.876816 11.372799 1.000000e+37
3587704 66240.203125 63450.300781 22860.091797 -38.146366 -17.652977 161.536850 11.234800 1.000000e+37
3587706 66956.234375 62626.789062 22396.953125 3.859310 -76.572556 135.127747 11.776786 1.000000e+37
3587707 66223.476562 63026.613281 22515.322266 -46.365250 -54.788830 162.090012 10.375607 1.000000e+37
3587708 67735.601562 63515.503906 23608.806641 -40.629650 -50.969540 163.963531 9.416194 1.000000e+37
3645903 67425.359375 63710.019531 23481.250000 -44.477680 -39.536160 152.559189 11.468948 1.000000e+37
3645908 67297.554688 60556.437500 21999.099609 -97.654526 -51.160904 181.589706 11.465075 1.000000e+37
3645910 66229.414062 61289.507812 22022.515625 -51.391441 -7.945937 206.903183 7.016875 1.000000e+37
3646175 68583.867188 62787.031250 22820.289062 -128.592529 -13.819441 195.356049 9.366401 1.000000e+37
3706243 68594.750000 61114.507812 22377.638672 -126.377220 -44.093555 159.104858 12.125088 1.000000e+37
3706301 67688.125000 60729.972656 22726.679688 -105.493736 -42.186932 107.434341 11.109122 1.000000e+37
3706479 67035.859375 61737.371094 21239.267578 -128.136719 -54.922096 226.320267 10.175251 1.000000e+37
3706492 67379.429688 62019.882812 22332.998047 -88.547066 -7.788502 195.195602 9.335523 1.000000e+37
3769700 65983.585938 63452.250000 23255.470703 -73.693611 -40.575809 179.649429 9.605679 1.000000e+37
3769702 67385.601562 60846.664062 22091.308594 -111.784363 -38.377460 130.306610 9.062931 1.000000e+37
3769864 66619.421875 61420.976562 22033.037109 -29.483351 22.604170 142.082214 10.367176 1.000000e+37
3769865 66526.578125 61520.449219 21240.078125 -149.947266 -41.666843 236.585129 9.896623 1.000000e+37
3769873 66786.171875 63166.761719 21023.216797 -86.327812 -78.386848 186.135803 8.351615 1.000000e+37
3769938 68882.890625 63240.472656 22778.734375 -81.999680 -71.591125 209.710587 10.215578 1.000000e+37
3836143 67046.140625 62086.042969 22380.404297 -60.420433 -111.520508 175.221756 10.546906 1.000000e+37
3836144 67630.890625 62207.117188 22587.460938 -102.958130 53.576012 80.794456 7.545955 1.000000e+37
3836218 67507.484375 62761.273438 22762.482422 -90.023781 -36.463802 142.277679 9.048187 1.000000e+37
3836219 66312.390625 60769.398438 22291.894531 20.731726 -103.209335 206.923782 7.463977 1.000000e+37
3836389 66273.195312 61758.621094 21512.712891 -41.529583 -70.119431 207.688446 10.498970 1.000000e+37
3836391 66374.773438 61398.457031 22166.445312 -64.398102 0.889529 157.573502 7.878953 1.000000e+37
3836392 67435.671875 61249.375000 22333.716797 -113.360130 -30.181772 173.526764 10.448251 1.000000e+37
3836393 66897.031250 61785.394531 21443.705078 -135.770752 -57.983868 240.779922 8.992571 1.000000e+37
3836685 66060.539062 63486.011719 22986.855469 -86.138405 -78.114571 208.290909 6.701663 1.000000e+37
3905537 69237.781250 63055.855469 23277.888672 -95.073433 3.999638 190.354935 8.043352 1.000000e+37
3905541 67576.421875 62412.960938 22606.677734 -80.712166 -20.650246 241.786560 11.295025 1.000000e+37
3905543 67695.203125 62131.652344 22633.048828 -122.463432 -5.741312 178.591064 8.553254 1.000000e+37
3905544 68116.320312 63030.832031 23589.265625 -80.354614 -43.556816 140.177582 10.161709 1.000000e+37
3905603 67935.734375 63715.425781 23680.234375 -38.713120 -44.089912 169.866028 7.965552 1.000000e+37
3905608 66648.695312 62767.070312 24213.587891 -54.779282 -12.358494 137.287476 9.335551 1.000000e+37
3905609 66542.171875 61867.027344 24476.632812 -56.464909 -32.513268 139.915314 7.520631 1.000000e+37
3905611 67689.117188 60449.917969 22480.986328 -86.871666 -46.701057 112.175499 9.983433 1.000000e+37
3905613 67223.875000 61567.988281 22448.078125 -58.132378 -7.966281 78.088287 9.009616 1.000000e+37
3905615 66328.812500 61002.906250 21931.214844 -11.732343 -75.132439 130.474731 9.446297 1.000000e+37
3905616 66677.203125 61645.414062 21809.185547 41.973648 -40.504192 168.349487 9.903475 1.000000e+37
3905796 66327.546875 61343.207031 21682.173828 -17.176180 -7.425248 187.364166 9.826308 1.000000e+37
3905797 66426.460938 60959.851562 22208.734375 -48.958050 -52.963306 206.546906 11.218437 1.000000e+37
3978981 67470.742188 61146.402344 22298.521484 -146.068527 -36.092525 167.689774 8.254409 1.000000e+37
3979054 67453.992188 61383.890625 23534.414062 -64.178474 -37.047146 106.914436 10.773020 1.000000e+37
3979223 67305.296875 61875.750000 21058.201172 -116.356712 -55.379513 213.858185 9.002032 1.000000e+37
3979230 65735.367188 62680.582031 22028.875000 -83.030472 -87.520538 175.189941 7.482757 1.000000e+37
3979232 66457.578125 61938.246094 21543.761719 -87.756149 -124.476318 226.667923 6.241749 1.000000e+37
4056364 68535.593750 60696.820312 23141.353516 -106.460838 -52.462353 137.195358 8.472321 1.000000e+37
4056365 68855.257812 63425.164062 23441.191406 -99.050690 -23.524042 201.979691 7.628493 1.000000e+37
4056366 68417.195312 63256.179688 23705.414062 -111.621887 -18.302378 194.247147 10.148656 1.000000e+37
4056440 67017.015625 62893.035156 22634.748047 -33.695530 -78.779984 115.743088 9.541332 1.000000e+37
4056441 67467.531250 62383.378906 22381.271484 19.274441 -128.905472 203.370728 10.533184 1.000000e+37
4056442 66192.570312 61869.562500 21745.681641 -5.350626 -79.034210 122.168861 9.655361 1.000000e+37
4056444 67151.445312 62063.304688 22750.746094 -83.929146 4.726838 161.006073 8.341338 1.000000e+37
4056446 67557.242188 62510.695312 23004.320312 -125.144028 -14.379492 193.026413 6.835773 1.000000e+37
4056454 67269.609375 60856.562500 22276.666016 -109.320152 -35.728512 172.161636 6.194207 1.000000e+37
4056457 66316.343750 62993.707031 24091.935547 -51.573559 -6.741736 142.432007 11.048003 1.000000e+37
4056652 66593.257812 60739.953125 21916.072266 -99.091751 -27.535936 229.359726 8.612950 1.000000e+37
4056665 68452.742188 63004.039062 21818.960938 -76.821060 -69.694252 207.796646 9.075100 1.000000e+37
4056748 67681.328125 60611.410156 22381.947266 -131.073761 -71.627922 179.620163 10.428779 1.000000e+37
4136906 68466.171875 63307.269531 24080.240234 -94.089043 -29.591084 209.719025 9.532149 1.000000e+37
4136977 66190.187500 63265.175781 23068.191406 -41.267807 -9.486225 130.046799 8.266354 1.000000e+37
4136979 66094.218750 63404.445312 23190.968750 -44.041454 -4.869704 133.179779 10.171636 1.000000e+37
4136983 67220.289062 60803.164062 23743.673828 -76.823166 -51.035675 115.715736 6.656424 1.000000e+37
4137178 66247.523438 61769.218750 21456.912109 -42.134106 -61.132572 208.787949 7.906396 1.000000e+37
4137181 66035.523438 61749.464844 21580.113281 -94.201729 -66.341743 231.881683 9.822398 1.000000e+37
4137193 68485.148438 63285.152344 21348.740234 -72.452003 -55.671604 189.716736 7.391346 1.000000e+37
4137194 66906.757812 61886.113281 21873.333984 -136.021957 -107.885750 259.952179 10.934741 1.000000e+37
4137286 68671.156250 63225.011719 23050.292969 -104.502342 -31.786398 224.489014 6.107941 1.000000e+37
4137288 67834.046875 60420.976562 22277.738281 -136.876328 -93.126091 212.761658 9.623255 1.000000e+37
4220905 68447.265625 61570.195312 22547.185547 -132.533112 -30.411772 162.801285 8.817101 1.000000e+37
4220906 69113.906250 62186.871094 22894.988281 -107.838699 -14.538239 171.381592 6.774338 1.000000e+37
4220908 67550.976562 61946.457031 22580.042969 -181.487656 12.908799 177.975830 6.333401 1.000000e+37
4220909 68164.593750 63180.734375 23646.447266 -116.581352 -44.055679 171.778397 9.308083 1.000000e+37
4220910 68794.906250 63218.710938 23444.544922 -97.969635 -65.099731 207.778992 7.276407 1.000000e+37
4221001 65985.765625 63576.808594 23441.955078 -87.482437 -47.350033 172.981964 8.490324 1.000000e+37
4221002 68165.187500 63041.148438 23634.718750 -83.347252 -39.390900 167.945053 9.640574 1.000000e+37
4221011 67699.476562 60348.265625 22616.039062 -102.646927 -64.081268 90.508881 8.185225 1.000000e+37
4221013 66449.593750 60636.644531 22425.931641 -107.360390 -20.021931 140.636795 9.168548 1.000000e+37
4221246 66607.835938 61522.386719 22125.833984 -33.756069 -8.540493 157.940277 13.334080 1.000000e+37
4221259 67434.632812 62479.722656 23056.798828 -16.953461 -128.096298 119.721405 7.197471 1.000000e+37
4221260 66455.773438 63322.574219 23368.691406 -80.894394 -73.188667 183.625427 9.267637 1.000000e+37
4221266 66725.187500 61947.937500 21915.218750 -78.467735 -85.358253 173.300751 10.081891 1.000000e+37
4221366 68378.289062 61539.371094 22398.302734 -132.394775 -41.023319 190.904449 5.931117 1.000000e+37
4308628 68642.335938 61176.515625 22390.865234 -126.967384 -44.813782 160.001953 9.201732 1.000000e+37
4308635 68529.523438 62789.453125 23636.976562 -91.672409 8.969453 133.310257 8.431655 1.000000e+37
4308735 66465.992188 62966.878906 22796.341797 -28.852196 -32.418415 130.530273 9.003092 1.000000e+37
4308737 67361.312500 61924.589844 22300.105469 -37.118748 -50.761955 227.060776 8.411172 1.000000e+37
4308738 65905.640625 62286.195312 21682.914062 -53.719490 -79.036957 141.498077 8.633296 1.000000e+37
4308742 67228.773438 62075.601562 22833.941406 -78.610260 14.525226 139.574509 12.157512 1.000000e+37
4308755 68027.515625 60982.460938 23306.373047 -99.621239 -38.078773 114.392891 7.978267 1.000000e+37
4308756 67122.296875 61334.812500 22376.412109 -62.868347 -16.718733 90.994476 9.157048 1.000000e+37
4308758 66420.062500 62648.929688 23457.564453 -39.902157 -21.711065 122.440987 7.319483 1.000000e+37
4308968 68087.515625 62923.042969 20942.728516 -84.315552 -47.791958 196.521301 8.329803 1.000000e+37
4308969 67611.773438 62412.351562 21393.767578 -106.524529 -47.200703 201.692551 8.194891 1.000000e+37
4308975 67147.851562 61895.503906 22275.091797 -102.330421 -21.979698 126.818863 6.018259 1.000000e+37
