20.00976926   30.28699742   26.74533463
20.00976926   30.28699742   26.74533463
21.13954565   33.53905695   37.46012237
21.13954565   33.53905695   37.46012237
16.9059058   33.6723606   28.37183354
16.9059058   33.6723606   28.37183354
16.9059058   33.6723606   28.37183354
16.9059058   33.6723606   28.37183354
19.97672752   32.30135025   28.83912903
19.97672752   32.30135025   28.83912903
19.97672752   32.30135025   28.83912903
20.17562766   30.75305199   38.06955011
20.17562766   30.75305199   38.06955011
20.19674983   33.46825132   38.7169621
21.6556776   32.45088446   33.21478188
21.6556776   32.45088446   33.21478188
21.6556776   32.45088446   33.21478188
21.6556776   32.45088446   33.21478188
21.82379564   32.74668979   32.83929644
21.82379564   32.74668979   32.83929644
21.82379564   32.74668979   32.83929644
19.41909229   30.80358842   27.2357439
19.41909229   30.80358842   27.2357439
19.41909229   30.80358842   27.2357439
20.81996492   29.50795191   30.20147389
20.81996492   29.50795191   30.20147389
20.81996492   29.50795191   30.20147389
21.24986029   31.5041225   34.80933278
21.24986029   31.5041225   34.80933278
21.24986029   31.5041225   34.80933278
21.92615452   33.21209466   34.76928482
21.92615452   33.21209466   34.76928482
21.92615452   33.21209466   34.76928482
21.92615452   33.21209466   34.76928482
20.51059285   28.3954908   30.9154625
18.47823656   32.33191505   27.93782823
18.47823656   32.33191505   27.93782823
18.47823656   32.33191505   27.93782823
18.47823656   32.33191505   27.93782823
18.47823656   32.33191505   27.93782823
20.53466673   35.95026347   27.39834824
20.53466673   35.95026347   27.39834824
20.43437659   30.03940439   38.34516071
20.43437659   30.03940439   38.34516071
20.54432887   34.53553215   27.89565073
17.19944527   33.86090678   28.46595224
17.19944527   33.86090678   28.46595224
17.19944527   33.86090678   28.46595224
17.19944527   33.86090678   28.46595224
20.40988841   31.97998631   32.62935062
20.40988841   31.97998631   32.62935062
20.81602794   32.24213391   35.04777549
20.81602794   32.24213391   35.04777549
20.27484385   29.94627387   38.66672419
20.27484385   29.94627387   38.66672419
21.03002159   29.66689364   29.27535994
21.03002159   29.66689364   29.27535994
20.63455239   30.12205822   29.64057678
20.63455239   30.12205822   29.64057678
19.01698567   31.3856936   27.50191293
19.01698567   31.3856936   27.50191293
19.01698567   31.3856936   27.50191293
19.01698567   31.3856936   27.50191293
19.01698567   31.3856936   27.50191293
18.58363971   32.99441992   27.76319686
18.58363971   32.99441992   27.76319686
18.58363971   32.99441992   27.76319686
18.58363971   32.99441992   27.76319686
18.58363971   32.99441992   27.76319686
18.58363971   32.99441992   27.76319686
18.58363971   32.99441992   27.76319686
21.59029193   34.05635387   37.34671554
16.76896872   33.30100349   28.29542487
16.76896872   33.30100349   28.29542487
16.76896872   33.30100349   28.29542487
16.76896872   33.30100349   28.29542487
16.76896872   33.30100349   28.29542487
10.32893913   46.1286131   21.24660908
10.32893913   46.1286131   21.24660908
10.32893913   46.1286131   21.24660908
10.32893913   46.1286131   21.24660908
10.32893913   46.1286131   21.24660908
10.32893913   46.1286131   21.24660908
10.32893913   46.1286131   21.24660908
10.32893913   46.1286131   21.24660908
10.32893913   46.1286131   21.24660908
10.32893913   46.1286131   21.24660908
10.32893913   46.1286131   21.24660908
10.32893913   46.1286131   21.24660908
10.32893913   46.1286131   21.24660908
10.32893913   46.1286131   21.24660908
10.32893913   46.1286131   21.24660908
10.32893913   46.1286131   21.24660908
10.32893913   46.1286131   21.24660908
10.32893913   46.1286131   21.24660908
10.32893913   46.1286131   21.24660908
10.32893913   46.1286131   21.24660908
10.32893913   46.1286131   21.24660908
17.8287408   34.2327098   27.04481907
17.8287408   34.2327098   27.04481907
17.8287408   34.2327098   27.04481907
17.8287408   34.2327098   27.04481907
14.46416586   44.43759233   15.56334463
14.46416586   44.43759233   15.56334463
14.46416586   44.43759233   15.56334463
14.46416586   44.43759233   15.56334463
14.46416586   44.43759233   15.56334463
14.46416586   44.43759233   15.56334463
14.46416586   44.43759233   15.56334463
14.46416586   44.43759233   15.56334463
14.46416586   44.43759233   15.56334463
14.46416586   44.43759233   15.56334463
14.46416586   44.43759233   15.56334463
14.46416586   44.43759233   15.56334463
14.46416586   44.43759233   15.56334463
14.46416586   44.43759233   15.56334463
14.46416586   44.43759233   15.56334463
14.46416586   44.43759233   15.56334463
14.46416586   44.43759233   15.56334463
14.46416586   44.43759233   15.56334463
14.46416586   44.43759233   15.56334463
14.46416586   44.43759233   15.56334463
14.46416586   44.43759233   15.56334463
14.46416586   44.43759233   15.56334463
14.46416586   44.43759233   15.56334463
14.46416586   44.43759233   15.56334463
21.22187111   30.68736974   24.60758211
21.22187111   30.68736974   24.60758211
21.22187111   30.68736974   24.60758211
21.22187111   30.68736974   24.60758211
25.30234746   34.97405175   26.87634618
15.62787138   44.28477749   25.4872856
15.62787138   44.28477749   25.4872856
15.62787138   44.28477749   25.4872856
15.62787138   44.28477749   25.4872856
15.62787138   44.28477749   25.4872856
15.62787138   44.28477749   25.4872856
15.62787138   44.28477749   25.4872856
15.62787138   44.28477749   25.4872856
15.62787138   44.28477749   25.4872856
33.24834382   39.51351155   15.22283779
33.24834382   39.51351155   15.22283779
33.24834382   39.51351155   15.22283779
33.24834382   39.51351155   15.22283779
33.24834382   39.51351155   15.22283779
33.24834382   39.51351155   15.22283779
33.24834382   39.51351155   15.22283779
33.24834382   39.51351155   15.22283779
33.24834382   39.51351155   15.22283779
33.24834382   39.51351155   15.22283779
33.24834382   39.51351155   15.22283779
33.24834382   39.51351155   15.22283779
33.24834382   39.51351155   15.22283779
33.24834382   39.51351155   15.22283779
33.24834382   39.51351155   15.22283779
21.61764575   40.87707287   14.65944714
21.61764575   40.87707287   14.65944714
21.61764575   40.87707287   14.65944714
21.61764575   40.87707287   14.65944714
21.61764575   40.87707287   14.65944714
21.61764575   40.87707287   14.65944714
21.61764575   40.87707287   14.65944714
21.61764575   40.87707287   14.65944714
19.73464392   37.09943732   26.2771684
2.29153638   6.33771215   61.59933452
2.29153638   6.33771215   61.59933452
2.29153638   6.33771215   61.59933452
2.29153638   6.33771215   61.59933452
2.29153638   6.33771215   61.59933452
2.29153638   6.33771215   61.59933452
6.40575241   30.90409725   46.19799524
6.40575241   30.90409725   46.19799524
6.40575241   30.90409725   46.19799524
6.40575241   30.90409725   46.19799524
6.40575241   30.90409725   46.19799524
6.40575241   30.90409725   46.19799524
6.40575241   30.90409725   46.19799524
6.40575241   30.90409725   46.19799524
6.40575241   30.90409725   46.19799524
6.40575241   30.90409725   46.19799524
6.40575241   30.90409725   46.19799524
6.40575241   30.90409725   46.19799524
6.40575241   30.90409725   46.19799524
20.54716376   43.2602621   31.50801808
20.54716376   43.2602621   31.50801808
20.54716376   43.2602621   31.50801808
20.54716376   43.2602621   31.50801808
20.54716376   43.2602621   31.50801808
20.54716376   43.2602621   31.50801808
20.54716376   43.2602621   31.50801808
22.55840155   17.20177534   43.92881277
56.2493932   13.25451943   5.20626709
56.2493932   13.25451943   5.20626709
56.2493932   13.25451943   5.20626709
18.17564572   32.93401101   42.78685305
23.99387214   40.08850867   14.60768339
23.99387214   40.08850867   14.60768339
23.99387214   40.08850867   14.60768339
23.99387214   40.08850867   14.60768339
23.99387214   40.08850867   14.60768339
23.99387214   40.08850867   14.60768339
23.99387214   40.08850867   14.60768339
23.99387214   40.08850867   14.60768339
23.99387214   40.08850867   14.60768339
24.99099376   38.39219705   14.51930271
24.99099376   38.39219705   14.51930271
24.99099376   38.39219705   14.51930271
24.99099376   38.39219705   14.51930271
24.99099376   38.39219705   14.51930271
24.99099376   38.39219705   14.51930271
24.99099376   38.39219705   14.51930271
24.99099376   38.39219705   14.51930271
24.99099376   38.39219705   14.51930271
24.99099376   38.39219705   14.51930271
24.99099376   38.39219705   14.51930271
24.99099376   38.39219705   14.51930271
24.99099376   38.39219705   14.51930271
6.34246057   31.2824757   45.54164782
6.34246057   31.2824757   45.54164782
6.34246057   31.2824757   45.54164782
6.34246057   31.2824757   45.54164782
6.34246057   31.2824757   45.54164782
6.34246057   31.2824757   45.54164782
6.34246057   31.2824757   45.54164782
6.34246057   31.2824757   45.54164782
6.34246057   31.2824757   45.54164782
6.34246057   31.2824757   45.54164782
6.34246057   31.2824757   45.54164782
6.34246057   31.2824757   45.54164782
6.34246057   31.2824757   45.54164782
52.4421309   41.68016834   24.40587186
23.82236991   39.73971367   14.33214748
23.82236991   39.73971367   14.33214748
23.82236991   39.73971367   14.33214748
23.82236991   39.73971367   14.33214748
23.82236991   39.73971367   14.33214748
23.82236991   39.73971367   14.33214748
23.82236991   39.73971367   14.33214748
23.82236991   39.73971367   14.33214748
23.82236991   39.73971367   14.33214748
23.82236991   39.73971367   14.33214748
11.73558813   29.29758983   47.34034083
11.73558813   29.29758983   47.34034083
11.73558813   29.29758983   47.34034083
24.08565852   34.02287661   25.65514733
28.63522927   33.9949077   14.59241736
28.63522927   33.9949077   14.59241736
28.63522927   33.9949077   14.59241736
28.63522927   33.9949077   14.59241736
59.35652841   17.35214382   6.20170684
2.44315562   5.13060923   57.57636515
59.52965617   19.83972577   5.73560292
59.52965617   19.83972577   5.73560292
2.72052308   60.02335016   48.08078344
3.35941346   24.03486447   58.37087969
16.8467345   43.3133664   15.07603117
16.8467345   43.3133664   15.07603117
16.8467345   43.3133664   15.07603117
16.8467345   43.3133664   15.07603117
16.8467345   43.3133664   15.07603117
16.8467345   43.3133664   15.07603117
16.8467345   43.3133664   15.07603117
16.8467345   43.3133664   15.07603117
16.8467345   43.3133664   15.07603117
16.8467345   43.3133664   15.07603117
16.8467345   43.3133664   15.07603117
43.67177944   49.04043017   34.42616568
43.67177944   49.04043017   34.42616568
29.48135777   36.48192777   50.32766132
50.56595344   37.05832392   25.64214518
0.38005505   58.69788946   29.54874496
0.38005505   58.69788946   29.54874496
6.83360823   30.13811976   46.6142566
6.83360823   30.13811976   46.6142566
6.83360823   30.13811976   46.6142566
6.83360823   30.13811976   46.6142566
6.83360823   30.13811976   46.6142566
6.83360823   30.13811976   46.6142566
6.83360823   30.13811976   46.6142566
6.83360823   30.13811976   46.6142566
6.83360823   30.13811976   46.6142566
6.83360823   30.13811976   46.6142566
6.83360823   30.13811976   46.6142566
6.83360823   30.13811976   46.6142566
6.83360823   30.13811976   46.6142566
10.82985844   40.54515888   11.29499802
10.82985844   40.54515888   11.29499802
43.12530508   48.21873045   34.15971547
43.12530508   48.21873045   34.15971547
46.53277914   62.263279   56.84898049
61.89546669   30.91421538   0.27353193
19.88409972   42.85771871   28.5370084
19.88409972   42.85771871   28.5370084
6.32479855   31.30776795   45.92687059
6.32479855   31.30776795   45.92687059
6.32479855   31.30776795   45.92687059
6.32479855   31.30776795   45.92687059
6.32479855   31.30776795   45.92687059
6.32479855   31.30776795   45.92687059
6.32479855   31.30776795   45.92687059
6.32479855   31.30776795   45.92687059
6.32479855   31.30776795   45.92687059
6.32479855   31.30776795   45.92687059
6.32479855   31.30776795   45.92687059
6.32479855   31.30776795   45.92687059
6.32479855   31.30776795   45.92687059
10.66269427   47.30147191   21.10866743
10.66269427   47.30147191   21.10866743
10.66269427   47.30147191   21.10866743
10.66269427   47.30147191   21.10866743
10.66269427   47.30147191   21.10866743
10.66269427   47.30147191   21.10866743
10.66269427   47.30147191   21.10866743
10.66269427   47.30147191   21.10866743
10.66269427   47.30147191   21.10866743
10.66269427   47.30147191   21.10866743
10.66269427   47.30147191   21.10866743
10.66269427   47.30147191   21.10866743
10.66269427   47.30147191   21.10866743
10.66269427   47.30147191   21.10866743
10.66269427   47.30147191   21.10866743
10.66269427   47.30147191   21.10866743
10.66269427   47.30147191   21.10866743
10.66269427   47.30147191   21.10866743
10.66269427   47.30147191   21.10866743
12.46834046   40.6655331   36.18659173
12.46834046   40.6655331   36.18659173
12.46834046   40.6655331   36.18659173
33.31950091   39.82792419   15.31485909
33.31950091   39.82792419   15.31485909
33.31950091   39.82792419   15.31485909
33.31950091   39.82792419   15.31485909
33.31950091   39.82792419   15.31485909
33.31950091   39.82792419   15.31485909
33.31950091   39.82792419   15.31485909
33.31950091   39.82792419   15.31485909
33.31950091   39.82792419   15.31485909
33.31950091   39.82792419   15.31485909
33.31950091   39.82792419   15.31485909
33.31950091   39.82792419   15.31485909
33.31950091   39.82792419   15.31485909
33.31950091   39.82792419   15.31485909
33.31950091   39.82792419   15.31485909
25.50601013   49.58281422   8.59340533
25.50601013   49.58281422   8.59340533
39.52724252   17.71209312   26.25837504
39.52724252   17.71209312   26.25837504
59.17126519   7.88129722   31.60326577
59.17126519   7.88129722   31.60326577
27.09009649   36.25623011   13.72616162
27.09009649   36.25623011   13.72616162
27.09009649   36.25623011   13.72616162
27.09009649   36.25623011   13.72616162
27.09009649   36.25623011   13.72616162
27.09009649   36.25623011   13.72616162
3.37187106   53.26646716   26.86533341
3.37187106   53.26646716   26.86533341
3.37187106   53.26646716   26.86533341
55.80235378   5.19580279   36.6702706
33.89788081   39.24653877   17.30650495
33.89788081   39.24653877   17.30650495
33.89788081   39.24653877   17.30650495
33.89788081   39.24653877   17.30650495
38.97367891   60.71044105   54.61644313
38.97367891   60.71044105   54.61644313
29.09435701   39.06782933   14.71596293
29.09435701   39.06782933   14.71596293
29.09435701   39.06782933   14.71596293
29.09435701   39.06782933   14.71596293
29.09435701   39.06782933   14.71596293
29.09435701   39.06782933   14.71596293
29.09435701   39.06782933   14.71596293
29.09435701   39.06782933   14.71596293
29.09435701   39.06782933   14.71596293
4.33596666   51.83187538   26.16902634
4.33596666   51.83187538   26.16902634
13.55471314   42.06867232   31.22593769
52.38080329   40.55927604   44.11758305
2.28801472   6.3175881   62.03653927
2.28801472   6.3175881   62.03653927
2.28801472   6.3175881   62.03653927
2.28801472   6.3175881   62.03653927
2.28801472   6.3175881   62.03653927
2.28801472   6.3175881   62.03653927
48.73973123   55.35176717   22.07425003
48.73973123   55.35176717   22.07425003
35.1171991   15.78487611   27.63285689
35.1171991   15.78487611   27.63285689
21.44402565   41.04328629   14.79618496
21.44402565   41.04328629   14.79618496
21.44402565   41.04328629   14.79618496
21.44402565   41.04328629   14.79618496
21.44402565   41.04328629   14.79618496
21.44402565   41.04328629   14.79618496
21.44402565   41.04328629   14.79618496
21.44402565   41.04328629   14.79618496
15.85423962   44.66455783   15.98215909
15.85423962   44.66455783   15.98215909
15.85423962   44.66455783   15.98215909
15.85423962   44.66455783   15.98215909
15.85423962   44.66455783   15.98215909
15.85423962   44.66455783   15.98215909
15.85423962   44.66455783   15.98215909
15.85423962   44.66455783   15.98215909
15.85423962   44.66455783   15.98215909
15.85423962   44.66455783   15.98215909
15.85423962   44.66455783   15.98215909
15.85423962   44.66455783   15.98215909
15.85423962   44.66455783   15.98215909
15.85423962   44.66455783   15.98215909
15.85423962   44.66455783   15.98215909
15.85423962   44.66455783   15.98215909
15.85423962   44.66455783   15.98215909
15.85423962   44.66455783   15.98215909
15.85423962   44.66455783   15.98215909
15.85423962   44.66455783   15.98215909
15.85423962   44.66455783   15.98215909
22.92343822   35.55934542   43.76746422
60.61696916   57.20837483   3.29381265
26.55135045   37.20378911   13.83418779
26.55135045   37.20378911   13.83418779
26.55135045   37.20378911   13.83418779
26.55135045   37.20378911   13.83418779
26.55135045   37.20378911   13.83418779
26.55135045   37.20378911   13.83418779
26.55135045   37.20378911   13.83418779
26.55135045   37.20378911   13.83418779
26.55135045   37.20378911   13.83418779
21.56561572   30.77384585   25.08850003
21.56561572   30.77384585   25.08850003
21.56561572   30.77384585   25.08850003
29.40883155   41.25610275   25.88597364
8.55321696   36.58340156   8.36228295
56.84326186   55.77017686   29.20250322
56.84326186   55.77017686   29.20250322
56.84326186   55.77017686   29.20250322
56.84326186   55.77017686   29.20250322
30.08511901   59.72531439   29.26988404
30.08511901   59.72531439   29.26988404
18.52589166   41.37280271   37.14094425
18.52589166   41.37280271   37.14094425
37.76062859   61.4355449   55.86130879
37.76062859   61.4355449   55.86130879
40.5986029   54.79110676   38.58380522
40.5986029   54.79110676   38.58380522
42.54630915   8.82232012   4.83887728
5.03893077   23.35636052   8.56734301
13.60558003   42.99847167   14.65452391
13.60558003   42.99847167   14.65452391
13.60558003   42.99847167   14.65452391
13.60558003   42.99847167   14.65452391
13.60558003   42.99847167   14.65452391
13.60558003   42.99847167   14.65452391
13.60558003   42.99847167   14.65452391
13.60558003   42.99847167   14.65452391
13.60558003   42.99847167   14.65452391
13.60558003   42.99847167   14.65452391
23.14977488   7.00091151   45.18123378
37.12674059   45.71429316   30.15202361
41.39821074   53.3773666   37.65389273
41.39821074   53.3773666   37.65389273
41.39821074   53.3773666   37.65389273
41.39821074   53.3773666   37.65389273
60.81899796   10.05082071   28.27480791
60.81899796   10.05082071   28.27480791
60.81899796   10.05082071   28.27480791
3.64632913   27.33284175   52.58547204
44.64615603   19.02976898   26.38066345
44.64615603   19.02976898   26.38066345
44.64615603   19.02976898   26.38066345
44.64615603   19.02976898   26.38066345
44.64615603   19.02976898   26.38066345
62.7993585   54.45068556   8.45785117
58.81592455   6.08306567   3.6536529
23.24411729   42.39608804   20.90333329
23.24411729   42.39608804   20.90333329
42.07367281   45.47714074   12.20474233
42.07367281   45.47714074   12.20474233
42.07367281   45.47714074   12.20474233
5.60155883   31.63723608   40.66097033
27.21394187   2.90297304   0.67480462
27.21394187   2.90297304   0.67480462
58.56426057   8.65838416   33.12727828
58.56426057   8.65838416   33.12727828
21.52729168   30.60718491   24.72359219
21.52729168   30.60718491   24.72359219
21.52729168   30.60718491   24.72359219
21.52729168   30.60718491   24.72359219
18.35103748   35.32350957   10.24786907
18.35103748   35.32350957   10.24786907
18.35103748   35.32350957   10.24786907
23.51926889   35.19336334   45.62085644
27.44881885   41.93414465   22.44186232
63.92949117   54.07616789   8.65144141
35.94829365   20.22783253   2.46045876
29.3036305   32.49966209   15.23403192
29.3036305   32.49966209   15.23403192
29.3036305   32.49966209   15.23403192
55.20766718   43.28011619   59.0339661
51.61422476   41.33827133   23.43128731
49.70949059   46.43959894   60.32941981
27.461832   2.20179079   0.10750775
27.461832   2.20179079   0.10750775
56.23438526   42.77220632   58.88455545
44.86186391   28.22096492   37.54929133
60.26107807   5.97890697   28.47346424
8.89295482   16.6302043   53.6301693
63.40861224   30.01356758   0.03870135
15.31359177   44.17876976   15.64638471
15.31359177   44.17876976   15.64638471
15.31359177   44.17876976   15.64638471
15.31359177   44.17876976   15.64638471
15.31359177   44.17876976   15.64638471
15.31359177   44.17876976   15.64638471
15.31359177   44.17876976   15.64638471
15.31359177   44.17876976   15.64638471
15.31359177   44.17876976   15.64638471
15.31359177   44.17876976   15.64638471
15.31359177   44.17876976   15.64638471
15.31359177   44.17876976   15.64638471
15.31359177   44.17876976   15.64638471
15.31359177   44.17876976   15.64638471
15.31359177   44.17876976   15.64638471
15.31359177   44.17876976   15.64638471
15.31359177   44.17876976   15.64638471
15.31359177   44.17876976   15.64638471
15.31359177   44.17876976   15.64638471
15.31359177   44.17876976   15.64638471
15.31359177   44.17876976   15.64638471
15.31359177   44.17876976   15.64638471
15.31359177   44.17876976   15.64638471
0.89783092   59.0393106   4.14131261
8.03123718   16.3539925   54.51348902
46.13214578   48.48117958   10.48702913
1.51397547   57.14519628   29.3193515
1.51397547   57.14519628   29.3193515
34.61276476   16.4036541   27.66150863
34.61276476   16.4036541   27.66150863
26.37269989   38.42796877   14.35985374
26.37269989   38.42796877   14.35985374
26.37269989   38.42796877   14.35985374
26.37269989   38.42796877   14.35985374
26.37269989   38.42796877   14.35985374
26.37269989   38.42796877   14.35985374
26.37269989   38.42796877   14.35985374
26.37269989   38.42796877   14.35985374
26.37269989   38.42796877   14.35985374
26.37269989   38.42796877   14.35985374
26.37269989   38.42796877   14.35985374
42.39310792   53.9921289   37.43765673
42.39310792   53.9921289   37.43765673
23.09287611   29.86107174   57.55936546
23.09287611   29.86107174   57.55936546
23.09287611   29.86107174   57.55936546
49.01603805   10.05634921   5.32545617
46.28627875   62.00654649   56.85426874
16.07566198   43.37009575   25.99461943
16.07566198   43.37009575   25.99461943
16.07566198   43.37009575   25.99461943
16.07566198   43.37009575   25.99461943
16.07566198   43.37009575   25.99461943
16.07566198   43.37009575   25.99461943
16.07566198   43.37009575   25.99461943
16.07566198   43.37009575   25.99461943
31.83181673   27.50146511   16.72000714
9.9529864   33.2184285   6.97021619
54.43757483   50.99336236   30.74002613
54.43757483   50.99336236   30.74002613
63.07287244   53.41402773   26.13458552
0.42992459   11.39780568   50.56652406
48.56094537   46.30468562   61.73501813
50.96450524   62.23089428   61.28963549
13.72478653   45.62260725   16.53299404
13.72478653   45.62260725   16.53299404
13.72478653   45.62260725   16.53299404
13.72478653   45.62260725   16.53299404
13.72478653   45.62260725   16.53299404
13.72478653   45.62260725   16.53299404
13.72478653   45.62260725   16.53299404
13.72478653   45.62260725   16.53299404
13.72478653   45.62260725   16.53299404
13.72478653   45.62260725   16.53299404
13.72478653   45.62260725   16.53299404
13.72478653   45.62260725   16.53299404
13.72478653   45.62260725   16.53299404
28.21784086   37.91596429   14.22209426
28.21784086   37.91596429   14.22209426
28.21784086   37.91596429   14.22209426
28.21784086   37.91596429   14.22209426
28.21784086   37.91596429   14.22209426
28.21784086   37.91596429   14.22209426
28.21784086   37.91596429   14.22209426
28.21784086   37.91596429   14.22209426
28.21784086   37.91596429   14.22209426
28.21784086   37.91596429   14.22209426
28.21784086   37.91596429   14.22209426
28.21784086   37.91596429   14.22209426
20.14843725   40.66205533   13.61204113
20.14843725   40.66205533   13.61204113
20.14843725   40.66205533   13.61204113
20.14843725   40.66205533   13.61204113
20.14843725   40.66205533   13.61204113
20.14843725   40.66205533   13.61204113
20.14843725   40.66205533   13.61204113
45.19011458   48.30970361   9.81677106
60.7476997   16.08018658   62.09069566
42.90536883   61.89599066   36.80605178
39.22105211   58.93518651   50.36518567
19.84138173   38.24653493   42.279828
16.95299144   43.21137615   15.00282435
16.95299144   43.21137615   15.00282435
16.95299144   43.21137615   15.00282435
16.95299144   43.21137615   15.00282435
16.95299144   43.21137615   15.00282435
16.95299144   43.21137615   15.00282435
16.95299144   43.21137615   15.00282435
16.95299144   43.21137615   15.00282435
16.95299144   43.21137615   15.00282435
8.74362927   50.18918046   26.64509564
59.57749354   7.69171541   2.97305424
19.19299171   53.52693193   9.21445709
19.19299171   53.52693193   9.21445709
44.28885   18.91364592   26.37993219
44.28885   18.91364592   26.37993219
44.28885   18.91364592   26.37993219
44.28885   18.91364592   26.37993219
44.28885   18.91364592   26.37993219
2.69046304   60.20328234   48.18536141
46.73318515   20.47229337   30.44867971
6.19257575   31.02631171   45.55780996
6.19257575   31.02631171   45.55780996
6.19257575   31.02631171   45.55780996
6.19257575   31.02631171   45.55780996
6.19257575   31.02631171   45.55780996
6.19257575   31.02631171   45.55780996
6.19257575   31.02631171   45.55780996
6.19257575   31.02631171   45.55780996
6.19257575   31.02631171   45.55780996
6.19257575   31.02631171   45.55780996
6.19257575   31.02631171   45.55780996
6.19257575   31.02631171   45.55780996
6.19257575   31.02631171   45.55780996
49.66921969   10.7964677   6.02774331
33.29768511   38.74472148   15.52085621
33.29768511   38.74472148   15.52085621
33.29768511   38.74472148   15.52085621
33.29768511   38.74472148   15.52085621
33.29768511   38.74472148   15.52085621
33.29768511   38.74472148   15.52085621
33.29768511   38.74472148   15.52085621
33.29768511   38.74472148   15.52085621
33.29768511   38.74472148   15.52085621
33.29768511   38.74472148   15.52085621
33.29768511   38.74472148   15.52085621
33.29768511   38.74472148   15.52085621
33.29768511   38.74472148   15.52085621
33.29768511   38.74472148   15.52085621
33.29768511   38.74472148   15.52085621
33.29768511   38.74472148   15.52085621
33.29768511   38.74472148   15.52085621
59.61503973   17.77235732   6.27114727
3.34465361   50.31528412   24.88778261
3.34465361   50.31528412   24.88778261
31.14652743   28.93000687   15.92597486
31.14652743   28.93000687   15.92597486
16.03694937   41.57302408   22.54057358
16.03694937   41.57302408   22.54057358
19.96065897   20.41692132   40.88380998
43.12588384   46.35709111   11.45247892
43.12588384   46.35709111   11.45247892
43.12588384   46.35709111   11.45247892
43.12588384   46.35709111   11.45247892
19.76573294   53.96721694   7.80064924
19.76573294   53.96721694   7.80064924
7.30534184   48.97520383   23.6307303
29.15902738   39.20849658   15.09263561
29.15902738   39.20849658   15.09263561
29.15902738   39.20849658   15.09263561
29.15902738   39.20849658   15.09263561
29.15902738   39.20849658   15.09263561
29.15902738   39.20849658   15.09263561
29.15902738   39.20849658   15.09263561
29.15902738   39.20849658   15.09263561
29.15902738   39.20849658   15.09263561
5.5327903   31.04496136   42.15673547
14.36456137   44.56093016   15.65317803
14.36456137   44.56093016   15.65317803
14.36456137   44.56093016   15.65317803
14.36456137   44.56093016   15.65317803
14.36456137   44.56093016   15.65317803
14.36456137   44.56093016   15.65317803
14.36456137   44.56093016   15.65317803
14.36456137   44.56093016   15.65317803
14.36456137   44.56093016   15.65317803
14.36456137   44.56093016   15.65317803
14.36456137   44.56093016   15.65317803
14.36456137   44.56093016   15.65317803
14.36456137   44.56093016   15.65317803
14.36456137   44.56093016   15.65317803
14.36456137   44.56093016   15.65317803
14.36456137   44.56093016   15.65317803
14.36456137   44.56093016   15.65317803
14.36456137   44.56093016   15.65317803
14.36456137   44.56093016   15.65317803
14.36456137   44.56093016   15.65317803
14.36456137   44.56093016   15.65317803
14.36456137   44.56093016   15.65317803
50.92261722   50.18799874   31.26495041
11.08089901   40.87699608   11.35601708
11.08089901   40.87699608   11.35601708
30.41435855   30.15435066   16.1678379
36.24429809   45.79608962   29.96483521
4.46967948   4.477445   2.12971433
0.95061795   59.53420806   3.7140003
61.72836824   11.14941965   48.30545735
3.23094552   26.3343274   56.71058759
3.23094552   26.3343274   56.71058759
32.44272363   41.01513518   16.86944926
32.44272363   41.01513518   16.86944926
32.44272363   41.01513518   16.86944926
32.44272363   41.01513518   16.86944926
4.15741785   48.96055606   39.25576329
30.55822109   58.19457599   29.78775556
30.55822109   58.19457599   29.78775556
56.80909578   55.55276688   29.35268776
56.80909578   55.55276688   29.35268776
56.80909578   55.55276688   29.35268776
56.80909578   55.55276688   29.35268776
44.08293755   27.53699122   10.75534751
44.08293755   27.53699122   10.75534751
48.83334213   55.31914046   22.09918457
48.83334213   55.31914046   22.09918457
19.93695707   39.81147803   44.3782232
28.55509177   33.02156275   16.10724296
28.55509177   33.02156275   16.10724296
28.55509177   33.02156275   16.10724296
15.0926955   23.76194641   45.8626501
15.0926955   23.76194641   45.8626501
15.0926955   23.76194641   45.8626501
14.3312193   48.59563396   19.65850977
14.3312193   48.59563396   19.65850977
14.3312193   48.59563396   19.65850977
11.11497553   46.64474297   18.28573275
6.02991754   39.52858157   23.04956739
32.93095931   36.9678249   25.47576053
28.22240577   26.94321945   21.24939507
28.22240577   26.94321945   21.24939507
45.93059104   45.89787279   1.69580383
2.58452256   25.78055005   56.89633157
14.58550311   56.73427942   7.05161712
37.09334382   62.95436251   57.19057995
36.11739856   39.39575838   24.25783785
9.75984595   46.24789617   21.01374622
9.75984595   46.24789617   21.01374622
9.75984595   46.24789617   21.01374622
9.75984595   46.24789617   21.01374622
9.75984595   46.24789617   21.01374622
9.75984595   46.24789617   21.01374622
9.75984595   46.24789617   21.01374622
9.75984595   46.24789617   21.01374622
9.75984595   46.24789617   21.01374622
9.75984595   46.24789617   21.01374622
9.75984595   46.24789617   21.01374622
9.75984595   46.24789617   21.01374622
9.75984595   46.24789617   21.01374622
9.75984595   46.24789617   21.01374622
9.75984595   46.24789617   21.01374622
9.75984595   46.24789617   21.01374622
9.75984595   46.24789617   21.01374622
9.75984595   46.24789617   21.01374622
9.75984595   46.24789617   21.01374622
9.75984595   46.24789617   21.01374622
56.29667223   56.08905846   28.6779405
56.29667223   56.08905846   28.6779405
56.29667223   56.08905846   28.6779405
16.20987052   53.91218229   24.38346273
10.06646997   47.34856068   20.79735301
10.06646997   47.34856068   20.79735301
10.06646997   47.34856068   20.79735301
10.06646997   47.34856068   20.79735301
10.06646997   47.34856068   20.79735301
10.06646997   47.34856068   20.79735301
10.06646997   47.34856068   20.79735301
10.06646997   47.34856068   20.79735301
10.06646997   47.34856068   20.79735301
10.06646997   47.34856068   20.79735301
10.06646997   47.34856068   20.79735301
10.06646997   47.34856068   20.79735301
10.06646997   47.34856068   20.79735301
10.06646997   47.34856068   20.79735301
10.06646997   47.34856068   20.79735301
10.06646997   47.34856068   20.79735301
10.06646997   47.34856068   20.79735301
10.06646997   47.34856068   20.79735301
34.36802335   21.23788899   1.80807882
34.36802335   21.23788899   1.80807882
61.54964966   14.44824495   62.49860581
51.51420911   43.03002548   35.62647205
12.61235744   40.85519994   32.22601351
26.66005198   34.84533496   12.70050698
26.66005198   34.84533496   12.70050698
3.67163736   51.87808954   25.88258347
3.67163736   51.87808954   25.88258347
3.67163736   51.87808954   25.88258347
3.67163736   51.87808954   25.88258347
59.71689258   9.24200067   27.30558349
59.71689258   9.24200067   27.30558349
59.71689258   9.24200067   27.30558349
13.39057493   23.79298793   46.38461958
13.39057493   23.79298793   46.38461958
13.39057493   23.79298793   46.38461958
53.97597221   50.86488416   31.19579736
53.97597221   50.86488416   31.19579736
27.21250016   38.5407386   13.10581231
27.21250016   38.5407386   13.10581231
27.21250016   38.5407386   13.10581231
27.21250016   38.5407386   13.10581231
27.21250016   38.5407386   13.10581231
24.09015761   6.82929844   44.65133356
34.99935487   15.95428746   27.31712786
34.99935487   15.95428746   27.31712786
25.03441722   37.60358786   13.9720217
25.03441722   37.60358786   13.9720217
25.03441722   37.60358786   13.9720217
25.03441722   37.60358786   13.9720217
25.03441722   37.60358786   13.9720217
25.03441722   37.60358786   13.9720217
25.03441722   37.60358786   13.9720217
25.03441722   37.60358786   13.9720217
25.03441722   37.60358786   13.9720217
43.47392718   29.24846643   11.30181267
14.76035504   44.38099224   25.76448313
14.76035504   44.38099224   25.76448313
14.76035504   44.38099224   25.76448313
14.76035504   44.38099224   25.76448313
14.76035504   44.38099224   25.76448313
14.76035504   44.38099224   25.76448313
14.76035504   44.38099224   25.76448313
14.76035504   44.38099224   25.76448313
53.87484277   17.95027418   36.61048363
23.0108288   42.39346441   21.85882622
23.0108288   42.39346441   21.85882622
44.59808959   50.32291165   60.59540806
42.52021875   9.94477131   5.03954233
33.85397057   40.09734802   15.38237204
33.85397057   40.09734802   15.38237204
33.85397057   40.09734802   15.38237204
33.85397057   40.09734802   15.38237204
33.85397057   40.09734802   15.38237204
33.85397057   40.09734802   15.38237204
33.85397057   40.09734802   15.38237204
33.85397057   40.09734802   15.38237204
33.85397057   40.09734802   15.38237204
33.85397057   40.09734802   15.38237204
33.85397057   40.09734802   15.38237204
33.85397057   40.09734802   15.38237204
33.85397057   40.09734802   15.38237204
33.85397057   40.09734802   15.38237204
16.54079813   54.83831704   25.00209247
4.39070148   4.50379287   1.77278206
58.48362063   8.83898314   32.96035435
58.48362063   8.83898314   32.96035435
22.03259587   30.76998711   23.1523231
22.03259587   30.76998711   23.1523231
22.03259587   30.76998711   23.1523231
22.03259587   30.76998711   23.1523231
22.03259587   30.76998711   23.1523231
42.31808026   45.71187661   11.99842412
42.31808026   45.71187661   11.99842412
42.31808026   45.71187661   11.99842412
42.31808026   45.71187661   11.99842412
48.96015085   49.5959502   31.75957767
6.23029678   30.28651089   47.10272206
6.23029678   30.28651089   47.10272206
6.23029678   30.28651089   47.10272206
6.23029678   30.28651089   47.10272206
6.23029678   30.28651089   47.10272206
6.23029678   30.28651089   47.10272206
6.23029678   30.28651089   47.10272206
6.23029678   30.28651089   47.10272206
6.23029678   30.28651089   47.10272206
6.23029678   30.28651089   47.10272206
6.23029678   30.28651089   47.10272206
6.23029678   30.28651089   47.10272206
6.23029678   30.28651089   47.10272206
15.53005196   44.40214029   14.71520366
15.53005196   44.40214029   14.71520366
15.53005196   44.40214029   14.71520366
15.53005196   44.40214029   14.71520366
15.53005196   44.40214029   14.71520366
15.53005196   44.40214029   14.71520366
15.53005196   44.40214029   14.71520366
15.53005196   44.40214029   14.71520366
15.53005196   44.40214029   14.71520366
15.53005196   44.40214029   14.71520366
15.53005196   44.40214029   14.71520366
15.53005196   44.40214029   14.71520366
15.53005196   44.40214029   14.71520366
15.53005196   44.40214029   14.71520366
15.53005196   44.40214029   14.71520366
15.53005196   44.40214029   14.71520366
15.53005196   44.40214029   14.71520366
15.53005196   44.40214029   14.71520366
15.53005196   44.40214029   14.71520366
15.53005196   44.40214029   14.71520366
15.53005196   44.40214029   14.71520366
15.53005196   44.40214029   14.71520366
15.53005196   44.40214029   14.71520366
14.49642818   24.34213798   45.94811421
14.49642818   24.34213798   45.94811421
14.49642818   24.34213798   45.94811421
23.19520429   29.77980675   57.83105588
23.19520429   29.77980675   57.83105588
23.19520429   29.77980675   57.83105588
2.70221149   5.0959099   57.80342056
36.98452615   62.83710427   57.11836503
6.79617812   30.57104498   46.07375433
6.79617812   30.57104498   46.07375433
6.79617812   30.57104498   46.07375433
6.79617812   30.57104498   46.07375433
6.79617812   30.57104498   46.07375433
6.79617812   30.57104498   46.07375433
6.79617812   30.57104498   46.07375433
6.79617812   30.57104498   46.07375433
6.79617812   30.57104498   46.07375433
6.79617812   30.57104498   46.07375433
6.79617812   30.57104498   46.07375433
6.79617812   30.57104498   46.07375433
6.79617812   30.57104498   46.07375433
43.27809507   25.95245537   10.28386563
63.97824117   16.36583155   50.26053614
44.24057073   44.981969   30.36070796
0.69986677   11.11895245   50.78995866
13.70051949   45.5258118   16.80836363
13.70051949   45.5258118   16.80836363
13.70051949   45.5258118   16.80836363
13.70051949   45.5258118   16.80836363
13.70051949   45.5258118   16.80836363
13.70051949   45.5258118   16.80836363
13.70051949   45.5258118   16.80836363
13.70051949   45.5258118   16.80836363
13.70051949   45.5258118   16.80836363
13.70051949   45.5258118   16.80836363
52.06576749   43.99109184   35.21418062
15.72386703   22.99151444   45.4954409
15.72386703   22.99151444   45.4954409
25.6922435   19.23631228   21.17091447
59.27444691   20.65495915   5.71915132
59.27444691   20.65495915   5.71915132
29.5119295   39.24308321   14.77109308
29.5119295   39.24308321   14.77109308
29.5119295   39.24308321   14.77109308
29.5119295   39.24308321   14.77109308
29.5119295   39.24308321   14.77109308
29.5119295   39.24308321   14.77109308
29.5119295   39.24308321   14.77109308
29.5119295   39.24308321   14.77109308
29.5119295   39.24308321   14.77109308
14.49661194   48.35221044   19.05895922
14.49661194   48.35221044   19.05895922
14.49661194   48.35221044   19.05895922
10.18349755   53.14634576   30.72554898
55.4605689   51.18754096   30.16362551
55.4605689   51.18754096   30.16362551
20.98301825   43.44603236   30.4769037
20.98301825   43.44603236   30.4769037
20.98301825   43.44603236   30.4769037
20.98301825   43.44603236   30.4769037
20.98301825   43.44603236   30.4769037
20.98301825   43.44603236   30.4769037
20.98301825   43.44603236   30.4769037
21.58978309   40.15635922   14.2779336
21.58978309   40.15635922   14.2779336
21.58978309   40.15635922   14.2779336
21.58978309   40.15635922   14.2779336
21.58978309   40.15635922   14.2779336
21.58978309   40.15635922   14.2779336
21.58978309   40.15635922   14.2779336
27.40968892   2.49598481   0.18321551
27.40968892   2.49598481   0.18321551
28.66316062   33.67421266   15.21015586
28.66316062   33.67421266   15.21015586
28.66316062   33.67421266   15.21015586
28.66316062   33.67421266   15.21015586
7.31592496   47.03854752   22.98382451
15.40976827   42.11874237   20.81619119
40.53456351   13.20081132   47.80640517
60.16078274   5.9958891   28.47556857
24.76929564   19.33117256   20.09355164
10.62072207   46.2905387   22.27186658
10.62072207   46.2905387   22.27186658
10.62072207   46.2905387   22.27186658
10.62072207   46.2905387   22.27186658
10.62072207   46.2905387   22.27186658
10.62072207   46.2905387   22.27186658
10.62072207   46.2905387   22.27186658
10.62072207   46.2905387   22.27186658
10.62072207   46.2905387   22.27186658
10.62072207   46.2905387   22.27186658
10.62072207   46.2905387   22.27186658
10.62072207   46.2905387   22.27186658
10.62072207   46.2905387   22.27186658
10.62072207   46.2905387   22.27186658
10.62072207   46.2905387   22.27186658
10.62072207   46.2905387   22.27186658
10.62072207   46.2905387   22.27186658
10.62072207   46.2905387   22.27186658
10.62072207   46.2905387   22.27186658
40.91013968   14.36764212   49.19152114
4.33060041   49.02825914   39.31387258
37.82758901   5.78714637   2.09330236
1.98713664   54.30660588   27.86570844
14.95436885   44.42335676   15.53127604
14.95436885   44.42335676   15.53127604
14.95436885   44.42335676   15.53127604
14.95436885   44.42335676   15.53127604
14.95436885   44.42335676   15.53127604
14.95436885   44.42335676   15.53127604
14.95436885   44.42335676   15.53127604
14.95436885   44.42335676   15.53127604
14.95436885   44.42335676   15.53127604
14.95436885   44.42335676   15.53127604
14.95436885   44.42335676   15.53127604
14.95436885   44.42335676   15.53127604
14.95436885   44.42335676   15.53127604
14.95436885   44.42335676   15.53127604
14.95436885   44.42335676   15.53127604
14.95436885   44.42335676   15.53127604
14.95436885   44.42335676   15.53127604
14.95436885   44.42335676   15.53127604
14.95436885   44.42335676   15.53127604
14.95436885   44.42335676   15.53127604
14.95436885   44.42335676   15.53127604
14.95436885   44.42335676   15.53127604
6.4382332   31.12056993   46.01344113
6.4382332   31.12056993   46.01344113
6.4382332   31.12056993   46.01344113
6.4382332   31.12056993   46.01344113
6.4382332   31.12056993   46.01344113
6.4382332   31.12056993   46.01344113
6.4382332   31.12056993   46.01344113
6.4382332   31.12056993   46.01344113
6.4382332   31.12056993   46.01344113
6.4382332   31.12056993   46.01344113
6.4382332   31.12056993   46.01344113
6.4382332   31.12056993   46.01344113
6.4382332   31.12056993   46.01344113
10.41576454   31.67749617   9.81422837
18.73567597   34.58896075   42.81286833
18.73567597   34.58896075   42.81286833
19.95548364   39.44855395   44.03538226
63.10438412   14.96195461   49.49699819
28.18655558   42.02577379   24.18855199
28.18655558   42.02577379   24.18855199
62.1085743   11.46739662   48.65281289
6.9827059   40.82978085   21.95179811
6.9827059   40.82978085   21.95179811
12.76282905   29.28798171   48.97879842
12.76282905   29.28798171   48.97879842
12.76282905   29.28798171   48.97879842
14.63983269   44.32196498   15.17989335
14.63983269   44.32196498   15.17989335
14.63983269   44.32196498   15.17989335
14.63983269   44.32196498   15.17989335
14.63983269   44.32196498   15.17989335
14.63983269   44.32196498   15.17989335
14.63983269   44.32196498   15.17989335
14.63983269   44.32196498   15.17989335
14.63983269   44.32196498   15.17989335
14.63983269   44.32196498   15.17989335
14.63983269   44.32196498   15.17989335
14.63983269   44.32196498   15.17989335
14.63983269   44.32196498   15.17989335
14.63983269   44.32196498   15.17989335
14.63983269   44.32196498   15.17989335
14.63983269   44.32196498   15.17989335
14.63983269   44.32196498   15.17989335
14.63983269   44.32196498   15.17989335
14.63983269   44.32196498   15.17989335
32.88127121   21.67118733   2.17098379
60.78082921   9.83063964   28.21470138
60.78082921   9.83063964   28.21470138
60.78082921   9.83063964   28.21470138
49.65274056   62.27199343   59.99658186
37.84256603   5.63304325   3.84997178
43.19720006   49.80448499   61.04778175
46.4282229   20.77459478   32.1389974
35.35223426   39.65666296   24.92636019
22.21182311   43.0273517   28.608391
22.11269891   30.60186629   23.14871013
22.11269891   30.60186629   23.14871013
22.11269891   30.60186629   23.14871013
22.11269891   30.60186629   23.14871013
60.56535737   57.13694904   3.03323307
55.89440217   54.14401208   29.32412234
55.89440217   54.14401208   29.32412234
55.89440217   54.14401208   29.32412234
3.74439763   27.85751081   52.73486317
45.15949357   46.25013974   2.63778218
8.03136925   48.4166193   23.16180786
8.03136925   48.4166193   23.16180786
11.8548566   29.19222662   47.33931864
11.8548566   29.19222662   47.33931864
11.8548566   29.19222662   47.33931864
28.21206452   27.44015037   19.7135978
28.21206452   27.44015037   19.7135978
6.51193072   30.78459193   46.34070994
6.51193072   30.78459193   46.34070994
6.51193072   30.78459193   46.34070994
6.51193072   30.78459193   46.34070994
6.51193072   30.78459193   46.34070994
6.51193072   30.78459193   46.34070994
6.51193072   30.78459193   46.34070994
6.51193072   30.78459193   46.34070994
6.51193072   30.78459193   46.34070994
6.51193072   30.78459193   46.34070994
6.51193072   30.78459193   46.34070994
6.51193072   30.78459193   46.34070994
6.51193072   30.78459193   46.34070994
12.47947924   28.80787206   47.27074847
12.47947924   28.80787206   47.27074847
12.47947924   28.80787206   47.27074847
28.91574032   40.02633556   13.95071987
28.91574032   40.02633556   13.95071987
28.91574032   40.02633556   13.95071987
28.91574032   40.02633556   13.95071987
28.91574032   40.02633556   13.95071987
28.91574032   40.02633556   13.95071987
28.91574032   40.02633556   13.95071987
42.44376465   19.20998937   10.50197048
63.16843676   54.54245528   26.11780984
15.44665109   44.3149093   25.39877801
15.44665109   44.3149093   25.39877801
15.44665109   44.3149093   25.39877801
15.44665109   44.3149093   25.39877801
15.44665109   44.3149093   25.39877801
15.44665109   44.3149093   25.39877801
15.44665109   44.3149093   25.39877801
15.44665109   44.3149093   25.39877801
15.44665109   44.3149093   25.39877801
18.2469935   35.08249685   10.54610128
18.2469935   35.08249685   10.54610128
18.2469935   35.08249685   10.54610128
44.36219135   27.81920972   36.92294461
32.75469774   34.18045963   10.67737705
16.32203093   44.09698532   25.79892363
16.32203093   44.09698532   25.79892363
16.32203093   44.09698532   25.79892363
16.32203093   44.09698532   25.79892363
16.32203093   44.09698532   25.79892363
16.32203093   44.09698532   25.79892363
16.32203093   44.09698532   25.79892363
16.32203093   44.09698532   25.79892363
49.23848473   57.21438271   22.36180564
49.23848473   57.21438271   22.36180564
3.64169502   26.51706481   54.51430901
44.9211405   53.98149626   23.19663479
37.96509404   61.15954733   56.17376873
37.96509404   61.15954733   56.17376873
44.91298711   18.94498762   26.39355393
44.91298711   18.94498762   26.39355393
44.91298711   18.94498762   26.39355393
44.91298711   18.94498762   26.39355393
44.91298711   18.94498762   26.39355393
18.8287003   35.66156954   41.59740925
18.8287003   35.66156954   41.59740925
55.16324287   12.36313932   5.23965493
55.16324287   12.36313932   5.23965493
36.89642786   0.69878338   33.37475267
8.6257492   49.71935699   26.99165149
36.64763962   1.66390134   32.99432374
22.49251473   42.25470073   21.92586082
22.49251473   42.25470073   21.92586082
1.89601173   6.15005447   63.17202397
1.89601173   6.15005447   63.17202397
1.89601173   6.15005447   63.17202397
1.89601173   6.15005447   63.17202397
1.89601173   6.15005447   63.17202397
1.89601173   6.15005447   63.17202397
18.02701608   38.55226753   22.96742545
18.02701608   38.55226753   22.96742545
18.02701608   38.55226753   22.96742545
18.02701608   38.55226753   22.96742545
33.46097619   39.63554878   15.30532511
33.46097619   39.63554878   15.30532511
33.46097619   39.63554878   15.30532511
33.46097619   39.63554878   15.30532511
33.46097619   39.63554878   15.30532511
33.46097619   39.63554878   15.30532511
33.46097619   39.63554878   15.30532511
33.46097619   39.63554878   15.30532511
33.46097619   39.63554878   15.30532511
33.46097619   39.63554878   15.30532511
33.46097619   39.63554878   15.30532511
33.46097619   39.63554878   15.30532511
33.46097619   39.63554878   15.30532511
33.46097619   39.63554878   15.30532511
33.46097619   39.63554878   15.30532511
52.55798813   40.89850553   43.50090133
12.47649689   22.18915558   46.01352687
3.45101457   26.8170415   55.31566863
3.45101457   26.8170415   55.31566863
54.55246757   17.73786252   36.98231702
14.83155056   56.43838859   7.41788004
39.20676942   17.63072249   26.28411887
39.20676942   17.63072249   26.28411887
29.83964678   36.39420573   51.1370786
44.44924711   54.66620455   21.54437895
10.56705087   31.60563784   8.33015735
59.51609334   9.23693535   27.08660055
59.51609334   9.23693535   27.08660055
59.51609334   9.23693535   27.08660055
2.36245981   6.40241796   61.35492537
2.36245981   6.40241796   61.35492537
2.36245981   6.40241796   61.35492537
2.36245981   6.40241796   61.35492537
2.36245981   6.40241796   61.35492537
2.36245981   6.40241796   61.35492537
57.15178938   14.483444   5.99291579
57.15178938   14.483444   5.99291579
19.81458429   19.84202916   41.29401691
26.54736144   36.96461556   13.84578715
26.54736144   36.96461556   13.84578715
26.54736144   36.96461556   13.84578715
26.54736144   36.96461556   13.84578715
26.54736144   36.96461556   13.84578715
26.54736144   36.96461556   13.84578715
26.54736144   36.96461556   13.84578715
26.54736144   36.96461556   13.84578715
1.40315722   57.08509689   29.20977083
1.40315722   57.08509689   29.20977083
21.0639867   43.2609125   30.98576979
21.0639867   43.2609125   30.98576979
21.0639867   43.2609125   30.98576979
21.0639867   43.2609125   30.98576979
21.0639867   43.2609125   30.98576979
21.0639867   43.2609125   30.98576979
21.0639867   43.2609125   30.98576979
10.1247948   54.16273593   32.28536432
17.7745472   40.42487194   23.51940255
17.7745472   40.42487194   23.51940255
17.7745472   40.42487194   23.51940255
56.24649413   54.93327332   29.26065056
56.24649413   54.93327332   29.26065056
56.24649413   54.93327332   29.26065056
56.24649413   54.93327332   29.26065056
31.48675237   38.96070225   16.01114621
31.48675237   38.96070225   16.01114621
31.48675237   38.96070225   16.01114621
31.48675237   38.96070225   16.01114621
31.48675237   38.96070225   16.01114621
31.48675237   38.96070225   16.01114621
39.41121088   57.93130791   48.79917981
44.83531329   19.18358463   26.39034146
44.83531329   19.18358463   26.39034146
44.83531329   19.18358463   26.39034146
44.83531329   19.18358463   26.39034146
44.83531329   19.18358463   26.39034146
11.25904169   40.42552148   12.77117008
11.25904169   40.42552148   12.77117008
9.12905413   37.58145761   9.51949981
44.59996774   18.88146265   26.59093464
44.59996774   18.88146265   26.59093464
44.59996774   18.88146265   26.59093464
44.59996774   18.88146265   26.59093464
44.59996774   18.88146265   26.59093464
21.8541056   28.52709413   57.75059615
21.8541056   28.52709413   57.75059615
21.8541056   28.52709413   57.75059615
42.08818817   19.93132638   10.6623386
43.83876089   60.43947684   35.93864503
10.74396948   45.99819704   21.34602057
10.74396948   45.99819704   21.34602057
10.74396948   45.99819704   21.34602057
10.74396948   45.99819704   21.34602057
10.74396948   45.99819704   21.34602057
10.74396948   45.99819704   21.34602057
10.74396948   45.99819704   21.34602057
10.74396948   45.99819704   21.34602057
10.74396948   45.99819704   21.34602057
10.74396948   45.99819704   21.34602057
10.74396948   45.99819704   21.34602057
10.74396948   45.99819704   21.34602057
10.74396948   45.99819704   21.34602057
10.74396948   45.99819704   21.34602057
10.74396948   45.99819704   21.34602057
10.74396948   45.99819704   21.34602057
10.74396948   45.99819704   21.34602057
10.74396948   45.99819704   21.34602057
10.74396948   45.99819704   21.34602057
10.74396948   45.99819704   21.34602057
10.74396948   45.99819704   21.34602057
22.45717923   17.50803187   43.77381378
9.61357204   34.86147246   7.48434193
13.98714323   44.7271977   17.2194724
13.98714323   44.7271977   17.2194724
13.98714323   44.7271977   17.2194724
13.98714323   44.7271977   17.2194724
13.98714323   44.7271977   17.2194724
13.98714323   44.7271977   17.2194724
13.98714323   44.7271977   17.2194724
13.98714323   44.7271977   17.2194724
13.98714323   44.7271977   17.2194724
13.98714323   44.7271977   17.2194724
5.52639026   23.44545787   8.54950051
18.38201246   42.28582696   36.39916132
18.38201246   42.28582696   36.39916132
22.36515344   29.51474253   56.9929654
22.36515344   29.51474253   56.9929654
22.36515344   29.51474253   56.9929654
44.16442292   46.55880158   31.2269143
3.52709704   53.8688184   27.30254808
3.52709704   53.8688184   27.30254808
23.50527307   39.47618498   14.30849346
23.50527307   39.47618498   14.30849346
23.50527307   39.47618498   14.30849346
23.50527307   39.47618498   14.30849346
23.50527307   39.47618498   14.30849346
23.50527307   39.47618498   14.30849346
23.50527307   39.47618498   14.30849346
23.50527307   39.47618498   14.30849346
23.50527307   39.47618498   14.30849346
23.50527307   39.47618498   14.30849346
13.62548061   45.45000864   16.67169918
13.62548061   45.45000864   16.67169918
13.62548061   45.45000864   16.67169918
13.62548061   45.45000864   16.67169918
13.62548061   45.45000864   16.67169918
13.62548061   45.45000864   16.67169918
13.62548061   45.45000864   16.67169918
13.62548061   45.45000864   16.67169918
13.62548061   45.45000864   16.67169918
13.62548061   45.45000864   16.67169918
13.62548061   45.45000864   16.67169918
19.18845456   33.74608756   9.58986202
19.18845456   33.74608756   9.58986202
19.18845456   33.74608756   9.58986202
17.30503958   41.68023   37.63523014
17.30503958   41.68023   37.63523014
45.4354406   46.1294458   34.33584126
43.48464554   46.99586571   11.73251621
43.48464554   46.99586571   11.73251621
49.26971249   49.63589819   31.49787943
49.26971249   49.63589819   31.49787943
19.51444807   53.96756356   9.43625984
19.51444807   53.96756356   9.43625984
12.87800264   40.88134935   35.9187355
12.87800264   40.88134935   35.9187355
12.87800264   40.88134935   35.9187355
16.73727736   44.78637024   25.71901852
16.73727736   44.78637024   25.71901852
16.73727736   44.78637024   25.71901852
16.73727736   44.78637024   25.71901852
16.73727736   44.78637024   25.71901852
16.73727736   44.78637024   25.71901852
16.73727736   44.78637024   25.71901852
31.19157645   40.14175577   18.04927388
31.19157645   40.14175577   18.04927388
31.19157645   40.14175577   18.04927388
25.48503989   38.36770789   14.80473549
25.48503989   38.36770789   14.80473549
25.48503989   38.36770789   14.80473549
25.48503989   38.36770789   14.80473549
25.48503989   38.36770789   14.80473549
25.48503989   38.36770789   14.80473549
25.48503989   38.36770789   14.80473549
25.48503989   38.36770789   14.80473549
25.48503989   38.36770789   14.80473549
25.48503989   38.36770789   14.80473549
14.94510913   51.82772126   23.03875592
32.59821994   33.75555347   9.88583099
42.31948026   54.09191461   37.34282442
42.31948026   54.09191461   37.34282442
43.10754525   47.70401339   34.16644009
43.10754525   47.70401339   34.16644009
39.26913669   17.85927865   26.74318076
39.26913669   17.85927865   26.74318076
25.26768425   49.71402091   8.67201241
25.26768425   49.71402091   8.67201241
15.61616616   44.88426331   15.55844708
15.61616616   44.88426331   15.55844708
15.61616616   44.88426331   15.55844708
15.61616616   44.88426331   15.55844708
15.61616616   44.88426331   15.55844708
15.61616616   44.88426331   15.55844708
15.61616616   44.88426331   15.55844708
15.61616616   44.88426331   15.55844708
15.61616616   44.88426331   15.55844708
15.61616616   44.88426331   15.55844708
15.61616616   44.88426331   15.55844708
15.61616616   44.88426331   15.55844708
15.61616616   44.88426331   15.55844708
15.61616616   44.88426331   15.55844708
15.61616616   44.88426331   15.55844708
15.61616616   44.88426331   15.55844708
15.61616616   44.88426331   15.55844708
15.61616616   44.88426331   15.55844708
15.00883577   51.24249944   22.14124501
27.86849791   25.78429941   20.25857071
27.86849791   25.78429941   20.25857071
41.88684481   45.17069733   11.99842471
41.88684481   45.17069733   11.99842471
41.88684481   45.17069733   11.99842471
12.63400542   42.52865404   19.52498787
3.35532656   50.52785641   24.74086692
3.35532656   50.52785641   24.74086692
34.24462755   39.91922755   15.50683748
34.24462755   39.91922755   15.50683748
34.24462755   39.91922755   15.50683748
34.24462755   39.91922755   15.50683748
34.24462755   39.91922755   15.50683748
34.24462755   39.91922755   15.50683748
34.24462755   39.91922755   15.50683748
34.24462755   39.91922755   15.50683748
34.24462755   39.91922755   15.50683748
34.24462755   39.91922755   15.50683748
34.24462755   39.91922755   15.50683748
34.24462755   39.91922755   15.50683748
34.24462755   39.91922755   15.50683748
34.24462755   39.91922755   15.50683748
19.78412121   44.35830474   28.28468723
19.78412121   44.35830474   28.28468723
20.92764911   40.35783648   13.67308664
20.92764911   40.35783648   13.67308664
20.92764911   40.35783648   13.67308664
20.92764911   40.35783648   13.67308664
20.92764911   40.35783648   13.67308664
20.92764911   40.35783648   13.67308664
20.92764911   40.35783648   13.67308664
23.24902356   29.87816694   23.25603652
23.24902356   29.87816694   23.25603652
44.93944561   46.3229152   34.47483054
24.85566987   39.03808638   14.85491494
24.85566987   39.03808638   14.85491494
24.85566987   39.03808638   14.85491494
24.85566987   39.03808638   14.85491494
24.85566987   39.03808638   14.85491494
24.85566987   39.03808638   14.85491494
24.85566987   39.03808638   14.85491494
24.85566987   39.03808638   14.85491494
24.85566987   39.03808638   14.85491494
24.85566987   39.03808638   14.85491494
24.85566987   39.03808638   14.85491494
24.85566987   39.03808638   14.85491494
24.85566987   39.03808638   14.85491494
2.27995942   6.23655206   61.83793477
2.27995942   6.23655206   61.83793477
2.27995942   6.23655206   61.83793477
2.27995942   6.23655206   61.83793477
2.27995942   6.23655206   61.83793477
2.27995942   6.23655206   61.83793477
50.57387379   37.25023067   25.57056235
56.36687852   13.45998917   5.40263486
56.36687852   13.45998917   5.40263486
56.36687852   13.45998917   5.40263486
32.37292982   44.00340657   30.87077008
19.8444687   43.48870878   31.0040045
19.8444687   43.48870878   31.0040045
19.8444687   43.48870878   31.0040045
19.8444687   43.48870878   31.0040045
19.8444687   43.48870878   31.0040045
19.8444687   43.48870878   31.0040045
19.8444687   43.48870878   31.0040045
55.80979072   5.1682433   36.72282386
6.49183   31.18811908   45.78990105
6.49183   31.18811908   45.78990105
6.49183   31.18811908   45.78990105
6.49183   31.18811908   45.78990105
6.49183   31.18811908   45.78990105
6.49183   31.18811908   45.78990105
6.49183   31.18811908   45.78990105
6.49183   31.18811908   45.78990105
6.49183   31.18811908   45.78990105
6.49183   31.18811908   45.78990105
6.49183   31.18811908   45.78990105
6.49183   31.18811908   45.78990105
6.49183   31.18811908   45.78990105
31.92770662   38.36385306   24.71616285
11.34048959   45.63924549   21.52004615
11.34048959   45.63924549   21.52004615
11.34048959   45.63924549   21.52004615
11.34048959   45.63924549   21.52004615
11.34048959   45.63924549   21.52004615
11.34048959   45.63924549   21.52004615
11.34048959   45.63924549   21.52004615
11.34048959   45.63924549   21.52004615
11.34048959   45.63924549   21.52004615
11.34048959   45.63924549   21.52004615
11.34048959   45.63924549   21.52004615
11.34048959   45.63924549   21.52004615
11.34048959   45.63924549   21.52004615
11.34048959   45.63924549   21.52004615
11.34048959   45.63924549   21.52004615
11.34048959   45.63924549   21.52004615
11.34048959   45.63924549   21.52004615
11.34048959   45.63924549   21.52004615
11.89687916   41.52503384   19.43339887
40.42563438   54.69935872   38.69079399
40.42563438   54.69935872   38.69079399
17.7625797   44.35740354   16.34431843
17.7625797   44.35740354   16.34431843
17.7625797   44.35740354   16.34431843
17.7625797   44.35740354   16.34431843
17.9522643   38.64160497   23.35161242
17.9522643   38.64160497   23.35161242
17.9522643   38.64160497   23.35161242
17.9522643   38.64160497   23.35161242
2.53980994   6.61958531   62.20206239
2.53980994   6.61958531   62.20206239
2.53980994   6.61958531   62.20206239
2.53980994   6.61958531   62.20206239
2.53980994   6.61958531   62.20206239
2.53980994   6.61958531   62.20206239
32.98193023   38.47142327   15.4507581
32.98193023   38.47142327   15.4507581
32.98193023   38.47142327   15.4507581
32.98193023   38.47142327   15.4507581
32.98193023   38.47142327   15.4507581
32.98193023   38.47142327   15.4507581
32.98193023   38.47142327   15.4507581
32.98193023   38.47142327   15.4507581
32.98193023   38.47142327   15.4507581
32.98193023   38.47142327   15.4507581
32.98193023   38.47142327   15.4507581
32.98193023   38.47142327   15.4507581
32.98193023   38.47142327   15.4507581
32.98193023   38.47142327   15.4507581
25.75211332   36.52701711   14.1625781
25.75211332   36.52701711   14.1625781
25.75211332   36.52701711   14.1625781
25.75211332   36.52701711   14.1625781
25.75211332   36.52701711   14.1625781
25.75211332   36.52701711   14.1625781
32.38923963   45.67752766   31.55743708
14.75140921   42.25592102   23.35370278
20.60156873   44.1006901   28.25576848
20.60156873   44.1006901   28.25576848
20.60156873   44.1006901   28.25576848
31.8236663   39.92574565   16.36724027
31.8236663   39.92574565   16.36724027
31.8236663   39.92574565   16.36724027
31.8236663   39.92574565   16.36724027
31.8236663   39.92574565   16.36724027
31.8236663   39.92574565   16.36724027
31.8236663   39.92574565   16.36724027
31.8236663   39.92574565   16.36724027
31.8236663   39.92574565   16.36724027
31.8236663   39.92574565   16.36724027
22.12053708   41.12521126   14.42478673
22.12053708   41.12521126   14.42478673
22.12053708   41.12521126   14.42478673
22.12053708   41.12521126   14.42478673
22.12053708   41.12521126   14.42478673
28.19601517   38.12177181   14.99578764
28.19601517   38.12177181   14.99578764
28.19601517   38.12177181   14.99578764
28.19601517   38.12177181   14.99578764
28.19601517   38.12177181   14.99578764
28.19601517   38.12177181   14.99578764
28.19601517   38.12177181   14.99578764
28.19601517   38.12177181   14.99578764
19.71089281   36.36497325   42.70000508
19.71089281   36.36497325   42.70000508
12.80953522   40.73777685   35.87395438
12.80953522   40.73777685   35.87395438
12.80953522   40.73777685   35.87395438
29.02545033   41.38448612   25.8686934
29.02545033   41.38448612   25.8686934
19.52460302   43.2045016   31.12253772
19.52460302   43.2045016   31.12253772
19.52460302   43.2045016   31.12253772
19.52460302   43.2045016   31.12253772
19.52460302   43.2045016   31.12253772
19.52460302   43.2045016   31.12253772
19.52460302   43.2045016   31.12253772
16.08504637   43.43524587   15.70040687
16.08504637   43.43524587   15.70040687
16.08504637   43.43524587   15.70040687
16.08504637   43.43524587   15.70040687
16.08504637   43.43524587   15.70040687
16.08504637   43.43524587   15.70040687
16.08504637   43.43524587   15.70040687
16.08504637   43.43524587   15.70040687
16.08504637   43.43524587   15.70040687
16.08504637   43.43524587   15.70040687
16.08504637   43.43524587   15.70040687
16.08504637   43.43524587   15.70040687
16.08504637   43.43524587   15.70040687
16.08504637   43.43524587   15.70040687
16.08504637   43.43524587   15.70040687
16.08504637   43.43524587   15.70040687
16.08504637   43.43524587   15.70040687
16.08504637   43.43524587   15.70040687
16.08504637   43.43524587   15.70040687
18.17864619   34.63548404   9.89770145
18.17864619   34.63548404   9.89770145
18.17864619   34.63548404   9.89770145
18.93874684   37.33238276   23.0385391
18.93874684   37.33238276   23.0385391
18.93874684   37.33238276   23.0385391
13.93805647   40.88703847   35.78610396
13.93805647   40.88703847   35.78610396
13.93805647   40.88703847   35.78610396
17.7066831   38.34713554   23.48748983
17.7066831   38.34713554   23.48748983
17.7066831   38.34713554   23.48748983
11.58332914   46.82325356   20.3751432
11.58332914   46.82325356   20.3751432
11.58332914   46.82325356   20.3751432
11.58332914   46.82325356   20.3751432
11.58332914   46.82325356   20.3751432
11.58332914   46.82325356   20.3751432
11.58332914   46.82325356   20.3751432
11.58332914   46.82325356   20.3751432
11.58332914   46.82325356   20.3751432
11.58332914   46.82325356   20.3751432
11.58332914   46.82325356   20.3751432
11.58332914   46.82325356   20.3751432
11.58332914   46.82325356   20.3751432
11.58332914   46.82325356   20.3751432
20.45509362   40.11810544   13.69068138
20.45509362   40.11810544   13.69068138
20.45509362   40.11810544   13.69068138
20.45509362   40.11810544   13.69068138
20.45509362   40.11810544   13.69068138
20.45509362   40.11810544   13.69068138
20.45509362   40.11810544   13.69068138
33.40883519   40.52695891   15.70840604
33.40883519   40.52695891   15.70840604
33.40883519   40.52695891   15.70840604
33.40883519   40.52695891   15.70840604
33.40883519   40.52695891   15.70840604
33.40883519   40.52695891   15.70840604
33.40883519   40.52695891   15.70840604
33.40883519   40.52695891   15.70840604
33.40883519   40.52695891   15.70840604
33.40883519   40.52695891   15.70840604
33.40883519   40.52695891   15.70840604
33.40883519   40.52695891   15.70840604
33.40883519   40.52695891   15.70840604
33.40883519   40.52695891   15.70840604
14.30934113   48.43422054   20.05807969
14.30934113   48.43422054   20.05807969
29.39653118   40.15123224   14.07387161
29.39653118   40.15123224   14.07387161
29.39653118   40.15123224   14.07387161
29.39653118   40.15123224   14.07387161
29.39653118   40.15123224   14.07387161
29.39653118   40.15123224   14.07387161
29.39653118   40.15123224   14.07387161
7.68642932   42.28594348   21.97826995
28.17999185   34.83343107   13.71237552
28.17999185   34.83343107   13.71237552
28.17999185   34.83343107   13.71237552
28.17999185   34.83343107   13.71237552
44.57108409   19.19080118   26.42972316
44.57108409   19.19080118   26.42972316
44.57108409   19.19080118   26.42972316
44.57108409   19.19080118   26.42972316
44.57108409   19.19080118   26.42972316
15.54882078   43.61603252   25.90942041
15.54882078   43.61603252   25.90942041
15.54882078   43.61603252   25.90942041
15.54882078   43.61603252   25.90942041
15.54882078   43.61603252   25.90942041
15.54882078   43.61603252   25.90942041
15.54882078   43.61603252   25.90942041
15.54882078   43.61603252   25.90942041
16.75917836   43.41193796   14.7834809
16.75917836   43.41193796   14.7834809
16.75917836   43.41193796   14.7834809
16.75917836   43.41193796   14.7834809
16.75917836   43.41193796   14.7834809
16.75917836   43.41193796   14.7834809
16.75917836   43.41193796   14.7834809
16.75917836   43.41193796   14.7834809
16.75917836   43.41193796   14.7834809
16.75917836   43.41193796   14.7834809
33.73888975   38.69101877   16.13687145
33.73888975   38.69101877   16.13687145
33.73888975   38.69101877   16.13687145
33.73888975   38.69101877   16.13687145
33.73888975   38.69101877   16.13687145
33.73888975   38.69101877   16.13687145
33.73888975   38.69101877   16.13687145
33.73888975   38.69101877   16.13687145
33.73888975   38.69101877   16.13687145
33.73888975   38.69101877   16.13687145
33.73888975   38.69101877   16.13687145
33.73888975   38.69101877   16.13687145
33.73888975   38.69101877   16.13687145
33.73888975   38.69101877   16.13687145
33.73888975   38.69101877   16.13687145
16.69131779   42.96263967   15.41125065
16.69131779   42.96263967   15.41125065
16.69131779   42.96263967   15.41125065
16.69131779   42.96263967   15.41125065
16.69131779   42.96263967   15.41125065
16.69131779   42.96263967   15.41125065
16.69131779   42.96263967   15.41125065
16.69131779   42.96263967   15.41125065
16.69131779   42.96263967   15.41125065
16.69131779   42.96263967   15.41125065
16.69131779   42.96263967   15.41125065
14.62112341   45.1210502   16.00101388
14.62112341   45.1210502   16.00101388
14.62112341   45.1210502   16.00101388
14.62112341   45.1210502   16.00101388
14.62112341   45.1210502   16.00101388
14.62112341   45.1210502   16.00101388
14.62112341   45.1210502   16.00101388
14.62112341   45.1210502   16.00101388
14.62112341   45.1210502   16.00101388
14.62112341   45.1210502   16.00101388
14.62112341   45.1210502   16.00101388
14.62112341   45.1210502   16.00101388
14.62112341   45.1210502   16.00101388
14.62112341   45.1210502   16.00101388
14.62112341   45.1210502   16.00101388
14.62112341   45.1210502   16.00101388
14.62112341   45.1210502   16.00101388
14.62112341   45.1210502   16.00101388
14.62112341   45.1210502   16.00101388
14.62112341   45.1210502   16.00101388
14.62112341   45.1210502   16.00101388
14.62112341   45.1210502   16.00101388
14.62112341   45.1210502   16.00101388
2.28835678   6.79281166   61.60457468
2.28835678   6.79281166   61.60457468
2.28835678   6.79281166   61.60457468
2.28835678   6.79281166   61.60457468
2.28835678   6.79281166   61.60457468
2.28835678   6.79281166   61.60457468
20.59433827   42.26188338   30.7471441
20.59433827   42.26188338   30.7471441
20.59433827   42.26188338   30.7471441
20.59433827   42.26188338   30.7471441
20.59433827   42.26188338   30.7471441
20.59433827   42.26188338   30.7471441
20.59433827   42.26188338   30.7471441
29.13124836   38.87418349   14.84188872
29.13124836   38.87418349   14.84188872
29.13124836   38.87418349   14.84188872
29.13124836   38.87418349   14.84188872
29.13124836   38.87418349   14.84188872
29.13124836   38.87418349   14.84188872
29.13124836   38.87418349   14.84188872
29.13124836   38.87418349   14.84188872
29.13124836   38.87418349   14.84188872
33.19148608   38.34821645   15.29314493
33.19148608   38.34821645   15.29314493
33.19148608   38.34821645   15.29314493
33.19148608   38.34821645   15.29314493
33.19148608   38.34821645   15.29314493
33.19148608   38.34821645   15.29314493
33.19148608   38.34821645   15.29314493
33.19148608   38.34821645   15.29314493
33.19148608   38.34821645   15.29314493
33.19148608   38.34821645   15.29314493
33.19148608   38.34821645   15.29314493
33.19148608   38.34821645   15.29314493
33.19148608   38.34821645   15.29314493
33.19148608   38.34821645   15.29314493
15.33502447   49.9174252   18.93413495
15.33502447   49.9174252   18.93413495
34.20652738   39.40375452   14.80909882
34.20652738   39.40375452   14.80909882
34.20652738   39.40375452   14.80909882
34.20652738   39.40375452   14.80909882
34.20652738   39.40375452   14.80909882
34.20652738   39.40375452   14.80909882
34.20652738   39.40375452   14.80909882
34.20652738   39.40375452   14.80909882
34.20652738   39.40375452   14.80909882
34.20652738   39.40375452   14.80909882
34.20652738   39.40375452   14.80909882
34.20652738   39.40375452   14.80909882
34.20652738   39.40375452   14.80909882
34.20652738   39.40375452   14.80909882
30.10074224   59.77377172   29.23356125
30.10074224   59.77377172   29.23356125
31.52933809   40.00776805   17.67081403
31.52933809   40.00776805   17.67081403
31.52933809   40.00776805   17.67081403
31.52933809   40.00776805   17.67081403
21.00794656   41.70537468   16.01225591
21.00794656   41.70537468   16.01225591
21.00794656   41.70537468   16.01225591
29.07778259   38.89909323   14.5276773
29.07778259   38.89909323   14.5276773
29.07778259   38.89909323   14.5276773
29.07778259   38.89909323   14.5276773
29.07778259   38.89909323   14.5276773
29.07778259   38.89909323   14.5276773
29.07778259   38.89909323   14.5276773
29.07778259   38.89909323   14.5276773
29.07778259   38.89909323   14.5276773
15.37863971   46.04382382   24.9417657
15.37863971   46.04382382   24.9417657
15.37863971   46.04382382   24.9417657
18.87861804   40.95002128   13.39430875
18.87861804   40.95002128   13.39430875
26.87711796   37.03672131   13.81556052
26.87711796   37.03672131   13.81556052
26.87711796   37.03672131   13.81556052
26.87711796   37.03672131   13.81556052
26.87711796   37.03672131   13.81556052
26.87711796   37.03672131   13.81556052
26.87711796   37.03672131   13.81556052
26.87711796   37.03672131   13.81556052
25.60293571   49.58378013   8.49725751
25.60293571   49.58378013   8.49725751
10.3589461   46.8294334   20.87373756
10.3589461   46.8294334   20.87373756
10.3589461   46.8294334   20.87373756
10.3589461   46.8294334   20.87373756
10.3589461   46.8294334   20.87373756
10.3589461   46.8294334   20.87373756
10.3589461   46.8294334   20.87373756
10.3589461   46.8294334   20.87373756
10.3589461   46.8294334   20.87373756
10.3589461   46.8294334   20.87373756
10.3589461   46.8294334   20.87373756
10.3589461   46.8294334   20.87373756
10.3589461   46.8294334   20.87373756
10.3589461   46.8294334   20.87373756
10.3589461   46.8294334   20.87373756
10.3589461   46.8294334   20.87373756
10.3589461   46.8294334   20.87373756
10.3589461   46.8294334   20.87373756
10.3589461   46.8294334   20.87373756
10.3589461   46.8294334   20.87373756
10.3589461   46.8294334   20.87373756
21.295811   41.25876611   14.13338719
21.295811   41.25876611   14.13338719
21.295811   41.25876611   14.13338719
21.295811   41.25876611   14.13338719
21.295811   41.25876611   14.13338719
21.295811   41.25876611   14.13338719
21.295811   41.25876611   14.13338719
21.295811   41.25876611   14.13338719
16.26973466   45.98884939   16.04407446
16.26973466   45.98884939   16.04407446
16.26973466   45.98884939   16.04407446
16.26973466   45.98884939   16.04407446
16.26973466   45.98884939   16.04407446
32.45598996   39.97913781   14.52833794
32.45598996   39.97913781   14.52833794
32.45598996   39.97913781   14.52833794
32.45598996   39.97913781   14.52833794
32.45598996   39.97913781   14.52833794
32.45598996   39.97913781   14.52833794
32.45598996   39.97913781   14.52833794
32.45598996   39.97913781   14.52833794
32.45598996   39.97913781   14.52833794
32.45598996   39.97913781   14.52833794
32.45598996   39.97913781   14.52833794
32.45598996   39.97913781   14.52833794
32.45598996   39.97913781   14.52833794
33.69355925   40.2165218   15.35190347
33.69355925   40.2165218   15.35190347
33.69355925   40.2165218   15.35190347
33.69355925   40.2165218   15.35190347
33.69355925   40.2165218   15.35190347
33.69355925   40.2165218   15.35190347
33.69355925   40.2165218   15.35190347
33.69355925   40.2165218   15.35190347
33.69355925   40.2165218   15.35190347
33.69355925   40.2165218   15.35190347
33.69355925   40.2165218   15.35190347
33.69355925   40.2165218   15.35190347
33.69355925   40.2165218   15.35190347
33.69355925   40.2165218   15.35190347
17.71517335   41.90645069   23.77774475
6.82485845   30.82917996   46.35885677
6.82485845   30.82917996   46.35885677
6.82485845   30.82917996   46.35885677
6.82485845   30.82917996   46.35885677
6.82485845   30.82917996   46.35885677
6.82485845   30.82917996   46.35885677
6.82485845   30.82917996   46.35885677
6.82485845   30.82917996   46.35885677
6.82485845   30.82917996   46.35885677
6.82485845   30.82917996   46.35885677
6.82485845   30.82917996   46.35885677
6.82485845   30.82917996   46.35885677
6.82485845   30.82917996   46.35885677
33.10951677   39.67349014   15.29163678
33.10951677   39.67349014   15.29163678
33.10951677   39.67349014   15.29163678
33.10951677   39.67349014   15.29163678
33.10951677   39.67349014   15.29163678
33.10951677   39.67349014   15.29163678
33.10951677   39.67349014   15.29163678
33.10951677   39.67349014   15.29163678
33.10951677   39.67349014   15.29163678
33.10951677   39.67349014   15.29163678
33.10951677   39.67349014   15.29163678
33.10951677   39.67349014   15.29163678
33.10951677   39.67349014   15.29163678
33.10951677   39.67349014   15.29163678
33.10951677   39.67349014   15.29163678
33.10951677   39.67349014   15.29163678
13.42906546   46.99937325   15.40929476
21.10732016   43.0130614   31.87455198
21.10732016   43.0130614   31.87455198
21.10732016   43.0130614   31.87455198
21.10732016   43.0130614   31.87455198
21.10732016   43.0130614   31.87455198
21.10732016   43.0130614   31.87455198
21.10732016   43.0130614   31.87455198
15.82312722   44.26535501   25.93042908
15.82312722   44.26535501   25.93042908
15.82312722   44.26535501   25.93042908
15.82312722   44.26535501   25.93042908
15.82312722   44.26535501   25.93042908
15.82312722   44.26535501   25.93042908
15.82312722   44.26535501   25.93042908
15.82312722   44.26535501   25.93042908
13.36965244   44.15090179   15.58857107
13.36965244   44.15090179   15.58857107
13.36965244   44.15090179   15.58857107
13.36965244   44.15090179   15.58857107
13.36965244   44.15090179   15.58857107
13.36965244   44.15090179   15.58857107
13.36965244   44.15090179   15.58857107
13.36965244   44.15090179   15.58857107
13.36965244   44.15090179   15.58857107
13.36965244   44.15090179   15.58857107
13.36965244   44.15090179   15.58857107
13.36965244   44.15090179   15.58857107
13.36965244   44.15090179   15.58857107
13.36965244   44.15090179   15.58857107
13.36965244   44.15090179   15.58857107
13.36965244   44.15090179   15.58857107
13.36965244   44.15090179   15.58857107
13.36965244   44.15090179   15.58857107
13.36965244   44.15090179   15.58857107
33.76781987   39.17991911   17.33079303
33.76781987   39.17991911   17.33079303
33.76781987   39.17991911   17.33079303
28.58884016   39.75009301   14.03289693
28.58884016   39.75009301   14.03289693
28.58884016   39.75009301   14.03289693
28.58884016   39.75009301   14.03289693
28.58884016   39.75009301   14.03289693
28.58884016   39.75009301   14.03289693
28.58884016   39.75009301   14.03289693
28.58884016   39.75009301   14.03289693
28.58884016   39.75009301   14.03289693
10.11726645   44.88973783   21.06098667
10.11726645   44.88973783   21.06098667
10.11726645   44.88973783   21.06098667
10.11726645   44.88973783   21.06098667
10.11726645   44.88973783   21.06098667
10.11726645   44.88973783   21.06098667
10.11726645   44.88973783   21.06098667
10.11726645   44.88973783   21.06098667
10.11726645   44.88973783   21.06098667
10.11726645   44.88973783   21.06098667
10.11726645   44.88973783   21.06098667
10.11726645   44.88973783   21.06098667
10.11726645   44.88973783   21.06098667
10.11726645   44.88973783   21.06098667
10.11726645   44.88973783   21.06098667
24.32000806   39.21212139   15.30038109
24.32000806   39.21212139   15.30038109
24.32000806   39.21212139   15.30038109
24.32000806   39.21212139   15.30038109
24.32000806   39.21212139   15.30038109
24.32000806   39.21212139   15.30038109
24.32000806   39.21212139   15.30038109
24.32000806   39.21212139   15.30038109
24.32000806   39.21212139   15.30038109
24.32000806   39.21212139   15.30038109
24.32000806   39.21212139   15.30038109
6.44524284   31.24475366   45.39704918
6.44524284   31.24475366   45.39704918
6.44524284   31.24475366   45.39704918
6.44524284   31.24475366   45.39704918
6.44524284   31.24475366   45.39704918
6.44524284   31.24475366   45.39704918
6.44524284   31.24475366   45.39704918
6.44524284   31.24475366   45.39704918
6.44524284   31.24475366   45.39704918
6.44524284   31.24475366   45.39704918
6.44524284   31.24475366   45.39704918
6.44524284   31.24475366   45.39704918
6.44524284   31.24475366   45.39704918
16.25364566   45.45640028   15.51643057
16.25364566   45.45640028   15.51643057
16.25364566   45.45640028   15.51643057
16.25364566   45.45640028   15.51643057
16.25364566   45.45640028   15.51643057
16.25364566   45.45640028   15.51643057
16.25364566   45.45640028   15.51643057
16.25364566   45.45640028   15.51643057
16.25364566   45.45640028   15.51643057
16.27992447   42.9780266   15.2539918
16.27992447   42.9780266   15.2539918
16.27992447   42.9780266   15.2539918
16.27992447   42.9780266   15.2539918
16.27992447   42.9780266   15.2539918
16.27992447   42.9780266   15.2539918
16.27992447   42.9780266   15.2539918
16.27992447   42.9780266   15.2539918
16.27992447   42.9780266   15.2539918
16.27992447   42.9780266   15.2539918
16.27992447   42.9780266   15.2539918
16.27992447   42.9780266   15.2539918
16.27992447   42.9780266   15.2539918
16.27992447   42.9780266   15.2539918
16.27992447   42.9780266   15.2539918
20.78666656   42.95265573   31.64734238
20.78666656   42.95265573   31.64734238
20.78666656   42.95265573   31.64734238
20.78666656   42.95265573   31.64734238
20.78666656   42.95265573   31.64734238
20.78666656   42.95265573   31.64734238
20.78666656   42.95265573   31.64734238
9.7114184   47.08636649   22.01724104
9.7114184   47.08636649   22.01724104
9.7114184   47.08636649   22.01724104
9.7114184   47.08636649   22.01724104
9.7114184   47.08636649   22.01724104
9.7114184   47.08636649   22.01724104
9.7114184   47.08636649   22.01724104
9.7114184   47.08636649   22.01724104
9.7114184   47.08636649   22.01724104
9.7114184   47.08636649   22.01724104
9.7114184   47.08636649   22.01724104
9.7114184   47.08636649   22.01724104
9.7114184   47.08636649   22.01724104
9.7114184   47.08636649   22.01724104
9.7114184   47.08636649   22.01724104
9.7114184   47.08636649   22.01724104
9.7114184   47.08636649   22.01724104
10.22061466   45.61715118   21.49972867
10.22061466   45.61715118   21.49972867
10.22061466   45.61715118   21.49972867
10.22061466   45.61715118   21.49972867
10.22061466   45.61715118   21.49972867
10.22061466   45.61715118   21.49972867
10.22061466   45.61715118   21.49972867
10.22061466   45.61715118   21.49972867
10.22061466   45.61715118   21.49972867
10.22061466   45.61715118   21.49972867
10.22061466   45.61715118   21.49972867
10.22061466   45.61715118   21.49972867
10.22061466   45.61715118   21.49972867
10.22061466   45.61715118   21.49972867
10.22061466   45.61715118   21.49972867
10.22061466   45.61715118   21.49972867
10.22061466   45.61715118   21.49972867
10.22061466   45.61715118   21.49972867
10.22061466   45.61715118   21.49972867
10.22061466   45.61715118   21.49972867
33.58545227   39.05209956   15.33703506
33.58545227   39.05209956   15.33703506
33.58545227   39.05209956   15.33703506
33.58545227   39.05209956   15.33703506
33.58545227   39.05209956   15.33703506
33.58545227   39.05209956   15.33703506
33.58545227   39.05209956   15.33703506
33.58545227   39.05209956   15.33703506
33.58545227   39.05209956   15.33703506
33.58545227   39.05209956   15.33703506
33.58545227   39.05209956   15.33703506
33.58545227   39.05209956   15.33703506
33.58545227   39.05209956   15.33703506
33.58545227   39.05209956   15.33703506
13.11071622   45.8643344   18.87933353
10.597734   47.43364934   21.99643135
10.597734   47.43364934   21.99643135
10.597734   47.43364934   21.99643135
10.597734   47.43364934   21.99643135
10.597734   47.43364934   21.99643135
10.597734   47.43364934   21.99643135
10.597734   47.43364934   21.99643135
10.597734   47.43364934   21.99643135
10.597734   47.43364934   21.99643135
10.597734   47.43364934   21.99643135
10.597734   47.43364934   21.99643135
10.597734   47.43364934   21.99643135
10.597734   47.43364934   21.99643135
10.597734   47.43364934   21.99643135
10.597734   47.43364934   21.99643135
10.597734   47.43364934   21.99643135
10.597734   47.43364934   21.99643135
17.55178634   42.66768785   14.83274612
17.55178634   42.66768785   14.83274612
17.55178634   42.66768785   14.83274612
17.55178634   42.66768785   14.83274612
17.55178634   42.66768785   14.83274612
17.55178634   42.66768785   14.83274612
24.25305069   39.60528687   14.77607738
24.25305069   39.60528687   14.77607738
24.25305069   39.60528687   14.77607738
24.25305069   39.60528687   14.77607738
24.25305069   39.60528687   14.77607738
24.25305069   39.60528687   14.77607738
24.25305069   39.60528687   14.77607738
24.25305069   39.60528687   14.77607738
24.25305069   39.60528687   14.77607738
24.25305069   39.60528687   14.77607738
24.25305069   39.60528687   14.77607738
15.2920877   42.95790256   14.96619592
15.2920877   42.95790256   14.96619592
15.2920877   42.95790256   14.96619592
15.2920877   42.95790256   14.96619592
15.2920877   42.95790256   14.96619592
15.2920877   42.95790256   14.96619592
15.2920877   42.95790256   14.96619592
15.2920877   42.95790256   14.96619592
15.2920877   42.95790256   14.96619592
15.2920877   42.95790256   14.96619592
15.2920877   42.95790256   14.96619592
15.2920877   42.95790256   14.96619592
15.2920877   42.95790256   14.96619592
15.2920877   42.95790256   14.96619592
15.2920877   42.95790256   14.96619592
15.2920877   42.95790256   14.96619592
15.2920877   42.95790256   14.96619592
15.2920877   42.95790256   14.96619592
3.33709576   24.01972714   58.32465917
11.34302158   46.18902083   21.53015121
11.34302158   46.18902083   21.53015121
11.34302158   46.18902083   21.53015121
11.34302158   46.18902083   21.53015121
11.34302158   46.18902083   21.53015121
11.34302158   46.18902083   21.53015121
11.34302158   46.18902083   21.53015121
11.34302158   46.18902083   21.53015121
11.34302158   46.18902083   21.53015121
11.34302158   46.18902083   21.53015121
11.34302158   46.18902083   21.53015121
11.34302158   46.18902083   21.53015121
11.34302158   46.18902083   21.53015121
11.34302158   46.18902083   21.53015121
11.34302158   46.18902083   21.53015121
11.34302158   46.18902083   21.53015121
11.34302158   46.18902083   21.53015121
11.34302158   46.18902083   21.53015121
11.34302158   46.18902083   21.53015121
9.55369445   46.28904613   21.56848248
9.55369445   46.28904613   21.56848248
9.55369445   46.28904613   21.56848248
9.55369445   46.28904613   21.56848248
9.55369445   46.28904613   21.56848248
9.55369445   46.28904613   21.56848248
9.55369445   46.28904613   21.56848248
9.55369445   46.28904613   21.56848248
9.55369445   46.28904613   21.56848248
9.55369445   46.28904613   21.56848248
9.55369445   46.28904613   21.56848248
9.55369445   46.28904613   21.56848248
9.55369445   46.28904613   21.56848248
9.55369445   46.28904613   21.56848248
9.55369445   46.28904613   21.56848248
9.55369445   46.28904613   21.56848248
9.55369445   46.28904613   21.56848248
9.55369445   46.28904613   21.56848248
9.55369445   46.28904613   21.56848248
9.55369445   46.28904613   21.56848248
11.53516949   45.2455746   19.23844176
11.53516949   45.2455746   19.23844176
11.53516949   45.2455746   19.23844176
11.53516949   45.2455746   19.23844176
5.91163066   30.89247365   45.85228266
5.91163066   30.89247365   45.85228266
5.91163066   30.89247365   45.85228266
5.91163066   30.89247365   45.85228266
5.91163066   30.89247365   45.85228266
5.91163066   30.89247365   45.85228266
5.91163066   30.89247365   45.85228266
5.91163066   30.89247365   45.85228266
5.91163066   30.89247365   45.85228266
5.91163066   30.89247365   45.85228266
5.91163066   30.89247365   45.85228266
5.91163066   30.89247365   45.85228266
5.91163066   30.89247365   45.85228266
14.70667418   43.44381871   15.81901041
14.70667418   43.44381871   15.81901041
14.70667418   43.44381871   15.81901041
14.70667418   43.44381871   15.81901041
14.70667418   43.44381871   15.81901041
14.70667418   43.44381871   15.81901041
14.70667418   43.44381871   15.81901041
14.70667418   43.44381871   15.81901041
14.70667418   43.44381871   15.81901041
14.70667418   43.44381871   15.81901041
14.70667418   43.44381871   15.81901041
14.70667418   43.44381871   15.81901041
14.70667418   43.44381871   15.81901041
14.70667418   43.44381871   15.81901041
14.70667418   43.44381871   15.81901041
14.70667418   43.44381871   15.81901041
14.70667418   43.44381871   15.81901041
14.70667418   43.44381871   15.81901041
14.70667418   43.44381871   15.81901041
14.70667418   43.44381871   15.81901041
14.70667418   43.44381871   15.81901041
59.47347206   19.83219088   5.70874561
59.47347206   19.83219088   5.70874561
13.65117934   44.23866399   17.3154335
13.65117934   44.23866399   17.3154335
13.65117934   44.23866399   17.3154335
13.65117934   44.23866399   17.3154335
13.65117934   44.23866399   17.3154335
13.65117934   44.23866399   17.3154335
13.65117934   44.23866399   17.3154335
13.65117934   44.23866399   17.3154335
13.65117934   44.23866399   17.3154335
13.65117934   44.23866399   17.3154335
24.14614466   39.84799385   15.12168285
24.14614466   39.84799385   15.12168285
24.14614466   39.84799385   15.12168285
24.14614466   39.84799385   15.12168285
24.14614466   39.84799385   15.12168285
24.14614466   39.84799385   15.12168285
24.14614466   39.84799385   15.12168285
24.14614466   39.84799385   15.12168285
24.14614466   39.84799385   15.12168285
24.14614466   39.84799385   15.12168285
13.78503215   44.42514776   15.08926282
13.78503215   44.42514776   15.08926282
13.78503215   44.42514776   15.08926282
13.78503215   44.42514776   15.08926282
13.78503215   44.42514776   15.08926282
13.78503215   44.42514776   15.08926282
13.78503215   44.42514776   15.08926282
13.78503215   44.42514776   15.08926282
13.78503215   44.42514776   15.08926282
13.78503215   44.42514776   15.08926282
13.78503215   44.42514776   15.08926282
13.78503215   44.42514776   15.08926282
13.78503215   44.42514776   15.08926282
13.78503215   44.42514776   15.08926282
13.78503215   44.42514776   15.08926282
13.78503215   44.42514776   15.08926282
13.78503215   44.42514776   15.08926282
13.78503215   44.42514776   15.08926282
14.90662918   44.1531453   15.21228155
14.90662918   44.1531453   15.21228155
14.90662918   44.1531453   15.21228155
14.90662918   44.1531453   15.21228155
14.90662918   44.1531453   15.21228155
14.90662918   44.1531453   15.21228155
14.90662918   44.1531453   15.21228155
14.90662918   44.1531453   15.21228155
14.90662918   44.1531453   15.21228155
14.90662918   44.1531453   15.21228155
14.90662918   44.1531453   15.21228155
14.90662918   44.1531453   15.21228155
14.90662918   44.1531453   15.21228155
14.90662918   44.1531453   15.21228155
14.90662918   44.1531453   15.21228155
14.90662918   44.1531453   15.21228155
14.90662918   44.1531453   15.21228155
14.90662918   44.1531453   15.21228155
14.90662918   44.1531453   15.21228155
14.90662918   44.1531453   15.21228155
14.90662918   44.1531453   15.21228155
9.47984477   45.41304347   21.73015461
9.47984477   45.41304347   21.73015461
9.47984477   45.41304347   21.73015461
9.47984477   45.41304347   21.73015461
9.47984477   45.41304347   21.73015461
9.47984477   45.41304347   21.73015461
9.47984477   45.41304347   21.73015461
9.47984477   45.41304347   21.73015461
9.47984477   45.41304347   21.73015461
9.47984477   45.41304347   21.73015461
9.47984477   45.41304347   21.73015461
9.47984477   45.41304347   21.73015461
9.47984477   45.41304347   21.73015461
9.47984477   45.41304347   21.73015461
9.47984477   45.41304347   21.73015461
24.2938325   39.64137009   14.28008423
24.2938325   39.64137009   14.28008423
24.2938325   39.64137009   14.28008423
24.2938325   39.64137009   14.28008423
24.2938325   39.64137009   14.28008423
24.2938325   39.64137009   14.28008423
24.2938325   39.64137009   14.28008423
24.2938325   39.64137009   14.28008423
24.2938325   39.64137009   14.28008423
24.2938325   39.64137009   14.28008423
24.2938325   39.64137009   14.28008423
25.19274058   38.47151906   14.66776978
25.19274058   38.47151906   14.66776978
25.19274058   38.47151906   14.66776978
25.19274058   38.47151906   14.66776978
25.19274058   38.47151906   14.66776978
25.19274058   38.47151906   14.66776978
25.19274058   38.47151906   14.66776978
25.19274058   38.47151906   14.66776978
25.19274058   38.47151906   14.66776978
25.19274058   38.47151906   14.66776978
25.19274058   38.47151906   14.66776978
25.19274058   38.47151906   14.66776978
10.59822771   46.51549885   21.47745039
10.59822771   46.51549885   21.47745039
10.59822771   46.51549885   21.47745039
10.59822771   46.51549885   21.47745039
10.59822771   46.51549885   21.47745039
10.59822771   46.51549885   21.47745039
10.59822771   46.51549885   21.47745039
10.59822771   46.51549885   21.47745039
10.59822771   46.51549885   21.47745039
10.59822771   46.51549885   21.47745039
10.59822771   46.51549885   21.47745039
10.59822771   46.51549885   21.47745039
10.59822771   46.51549885   21.47745039
10.59822771   46.51549885   21.47745039
10.59822771   46.51549885   21.47745039
10.59822771   46.51549885   21.47745039
10.59822771   46.51549885   21.47745039
10.59822771   46.51549885   21.47745039
10.59822771   46.51549885   21.47745039
10.59822771   46.51549885   21.47745039
10.59822771   46.51549885   21.47745039
16.0906744   43.37835939   25.9497648
16.0906744   43.37835939   25.9497648
16.0906744   43.37835939   25.9497648
16.0906744   43.37835939   25.9497648
16.0906744   43.37835939   25.9497648
16.0906744   43.37835939   25.9497648
16.0906744   43.37835939   25.9497648
16.0906744   43.37835939   25.9497648
10.51754476   45.7610564   20.73821545
10.51754476   45.7610564   20.73821545
10.51754476   45.7610564   20.73821545
10.51754476   45.7610564   20.73821545
10.51754476   45.7610564   20.73821545
10.51754476   45.7610564   20.73821545
10.51754476   45.7610564   20.73821545
10.51754476   45.7610564   20.73821545
10.51754476   45.7610564   20.73821545
10.51754476   45.7610564   20.73821545
10.51754476   45.7610564   20.73821545
10.51754476   45.7610564   20.73821545
10.51754476   45.7610564   20.73821545
10.51754476   45.7610564   20.73821545
10.51754476   45.7610564   20.73821545
10.51754476   45.7610564   20.73821545
10.51754476   45.7610564   20.73821545
10.51754476   45.7610564   20.73821545
10.51754476   45.7610564   20.73821545
10.51754476   45.7610564   20.73821545
6.67181369   30.7076823   46.19428789
6.67181369   30.7076823   46.19428789
6.67181369   30.7076823   46.19428789
6.67181369   30.7076823   46.19428789
6.67181369   30.7076823   46.19428789
6.67181369   30.7076823   46.19428789
6.67181369   30.7076823   46.19428789
6.67181369   30.7076823   46.19428789
6.67181369   30.7076823   46.19428789
6.67181369   30.7076823   46.19428789
6.67181369   30.7076823   46.19428789
6.67181369   30.7076823   46.19428789
6.67181369   30.7076823   46.19428789
14.8316115   44.10614671   15.04488521
14.8316115   44.10614671   15.04488521
14.8316115   44.10614671   15.04488521
14.8316115   44.10614671   15.04488521
14.8316115   44.10614671   15.04488521
14.8316115   44.10614671   15.04488521
14.8316115   44.10614671   15.04488521
14.8316115   44.10614671   15.04488521
14.8316115   44.10614671   15.04488521
14.8316115   44.10614671   15.04488521
14.8316115   44.10614671   15.04488521
14.8316115   44.10614671   15.04488521
14.8316115   44.10614671   15.04488521
14.8316115   44.10614671   15.04488521
14.8316115   44.10614671   15.04488521
14.8316115   44.10614671   15.04488521
14.8316115   44.10614671   15.04488521
14.8316115   44.10614671   15.04488521
14.8316115   44.10614671   15.04488521
14.8316115   44.10614671   15.04488521
14.38558938   44.15044284   15.57869916
14.38558938   44.15044284   15.57869916
14.38558938   44.15044284   15.57869916
14.38558938   44.15044284   15.57869916
14.38558938   44.15044284   15.57869916
14.38558938   44.15044284   15.57869916
14.38558938   44.15044284   15.57869916
14.38558938   44.15044284   15.57869916
14.38558938   44.15044284   15.57869916
14.38558938   44.15044284   15.57869916
14.38558938   44.15044284   15.57869916
14.38558938   44.15044284   15.57869916
14.38558938   44.15044284   15.57869916
14.38558938   44.15044284   15.57869916
14.38558938   44.15044284   15.57869916
14.38558938   44.15044284   15.57869916
14.38558938   44.15044284   15.57869916
14.38558938   44.15044284   15.57869916
14.38558938   44.15044284   15.57869916
14.38558938   44.15044284   15.57869916
14.38558938   44.15044284   15.57869916
14.38558938   44.15044284   15.57869916
14.38558938   44.15044284   15.57869916
14.38558938   44.15044284   15.57869916
9.53517643   45.797132   20.65114985
9.53517643   45.797132   20.65114985
9.53517643   45.797132   20.65114985
9.53517643   45.797132   20.65114985
9.53517643   45.797132   20.65114985
9.53517643   45.797132   20.65114985
9.53517643   45.797132   20.65114985
9.53517643   45.797132   20.65114985
9.53517643   45.797132   20.65114985
9.53517643   45.797132   20.65114985
9.53517643   45.797132   20.65114985
9.53517643   45.797132   20.65114985
9.53517643   45.797132   20.65114985
9.53517643   45.797132   20.65114985
9.53517643   45.797132   20.65114985
9.53517643   45.797132   20.65114985
23.99502322   39.87155978   14.38053621
23.99502322   39.87155978   14.38053621
23.99502322   39.87155978   14.38053621
23.99502322   39.87155978   14.38053621
23.99502322   39.87155978   14.38053621
23.99502322   39.87155978   14.38053621
23.99502322   39.87155978   14.38053621
23.99502322   39.87155978   14.38053621
23.99502322   39.87155978   14.38053621
23.99502322   39.87155978   14.38053621
15.23182524   44.51880289   15.61370265
15.23182524   44.51880289   15.61370265
15.23182524   44.51880289   15.61370265
15.23182524   44.51880289   15.61370265
15.23182524   44.51880289   15.61370265
15.23182524   44.51880289   15.61370265
15.23182524   44.51880289   15.61370265
15.23182524   44.51880289   15.61370265
15.23182524   44.51880289   15.61370265
15.23182524   44.51880289   15.61370265
15.23182524   44.51880289   15.61370265
15.23182524   44.51880289   15.61370265
15.23182524   44.51880289   15.61370265
15.23182524   44.51880289   15.61370265
15.23182524   44.51880289   15.61370265
15.23182524   44.51880289   15.61370265
15.23182524   44.51880289   15.61370265
15.23182524   44.51880289   15.61370265
15.23182524   44.51880289   15.61370265
15.23182524   44.51880289   15.61370265
15.23182524   44.51880289   15.61370265
9.79576289   46.71337012   21.22074124
9.79576289   46.71337012   21.22074124
9.79576289   46.71337012   21.22074124
9.79576289   46.71337012   21.22074124
9.79576289   46.71337012   21.22074124
9.79576289   46.71337012   21.22074124
9.79576289   46.71337012   21.22074124
9.79576289   46.71337012   21.22074124
9.79576289   46.71337012   21.22074124
9.79576289   46.71337012   21.22074124
9.79576289   46.71337012   21.22074124
9.79576289   46.71337012   21.22074124
9.79576289   46.71337012   21.22074124
9.79576289   46.71337012   21.22074124
9.79576289   46.71337012   21.22074124
9.79576289   46.71337012   21.22074124
9.79576289   46.71337012   21.22074124
9.79576289   46.71337012   21.22074124
9.79576289   46.71337012   21.22074124
9.79576289   46.71337012   21.22074124
9.79576289   46.71337012   21.22074124
10.85557216   46.89299032   20.88608215
10.85557216   46.89299032   20.88608215
10.85557216   46.89299032   20.88608215
10.85557216   46.89299032   20.88608215
10.85557216   46.89299032   20.88608215
10.85557216   46.89299032   20.88608215
10.85557216   46.89299032   20.88608215
10.85557216   46.89299032   20.88608215
10.85557216   46.89299032   20.88608215
10.85557216   46.89299032   20.88608215
10.85557216   46.89299032   20.88608215
10.85557216   46.89299032   20.88608215
10.85557216   46.89299032   20.88608215
10.85557216   46.89299032   20.88608215
10.85557216   46.89299032   20.88608215
10.85557216   46.89299032   20.88608215
10.85557216   46.89299032   20.88608215
10.85557216   46.89299032   20.88608215
10.85557216   46.89299032   20.88608215
10.53429004   45.7496217   21.0357547
10.53429004   45.7496217   21.0357547
10.53429004   45.7496217   21.0357547
10.53429004   45.7496217   21.0357547
10.53429004   45.7496217   21.0357547
10.53429004   45.7496217   21.0357547
10.53429004   45.7496217   21.0357547
10.53429004   45.7496217   21.0357547
10.53429004   45.7496217   21.0357547
10.53429004   45.7496217   21.0357547
10.53429004   45.7496217   21.0357547
10.53429004   45.7496217   21.0357547
10.53429004   45.7496217   21.0357547
10.53429004   45.7496217   21.0357547
10.53429004   45.7496217   21.0357547
10.53429004   45.7496217   21.0357547
10.53429004   45.7496217   21.0357547
10.53429004   45.7496217   21.0357547
10.53429004   45.7496217   21.0357547
10.53429004   45.7496217   21.0357547
10.53429004   45.7496217   21.0357547
13.93938113   44.58101512   15.11508796
13.93938113   44.58101512   15.11508796
13.93938113   44.58101512   15.11508796
13.93938113   44.58101512   15.11508796
13.93938113   44.58101512   15.11508796
13.93938113   44.58101512   15.11508796
13.93938113   44.58101512   15.11508796
13.93938113   44.58101512   15.11508796
13.93938113   44.58101512   15.11508796
13.93938113   44.58101512   15.11508796
13.93938113   44.58101512   15.11508796
13.93938113   44.58101512   15.11508796
13.93938113   44.58101512   15.11508796
13.93938113   44.58101512   15.11508796
13.93938113   44.58101512   15.11508796
13.93938113   44.58101512   15.11508796
13.93938113   44.58101512   15.11508796
13.93938113   44.58101512   15.11508796
13.93938113   44.58101512   15.11508796
