16.9059058   33.6723606   28.37183354
16.9059058   33.6723606   28.37183354
20.43437659   30.03940439   38.34516071
17.19944527   33.86090678   28.46595224
20.27484385   29.94627387   38.66672419
16.76896872   33.30100349   28.29542487
10.32893913   46.1286131   21.24660908
10.32893913   46.1286131   21.24660908
14.46416586   44.43759233   15.56334463
14.46416586   44.43759233   15.56334463
14.46416586   44.43759233   15.56334463
14.46416586   44.43759233   15.56334463
21.22187111   30.68736974   24.60758211
15.62787138   44.28477749   25.4872856
15.62787138   44.28477749   25.4872856
33.24834382   39.51351155   15.22283779
33.24834382   39.51351155   15.22283779
33.24834382   39.51351155   15.22283779
21.61764575   40.87707287   14.65944714
2.29153638   6.33771215   61.59933452
2.29153638   6.33771215   61.59933452
2.29153638   6.33771215   61.59933452
2.29153638   6.33771215   61.59933452
6.40575241   30.90409725   46.19799524
6.40575241   30.90409725   46.19799524
6.40575241   30.90409725   46.19799524
6.40575241   30.90409725   46.19799524
6.40575241   30.90409725   46.19799524
20.54716376   43.2602621   31.50801808
22.55840155   17.20177534   43.92881277
56.2493932   13.25451943   5.20626709
23.99387214   40.08850867   14.60768339
23.99387214   40.08850867   14.60768339
24.99099376   38.39219705   14.51930271
6.34246057   31.2824757   45.54164782
6.34246057   31.2824757   45.54164782
6.34246057   31.2824757   45.54164782
6.34246057   31.2824757   45.54164782
23.82236991   39.73971367   14.33214748
23.82236991   39.73971367   14.33214748
23.82236991   39.73971367   14.33214748
23.82236991   39.73971367   14.33214748
11.73558813   29.29758983   47.34034083
59.35652841   17.35214382   6.20170684
2.44315562   5.13060923   57.57636515
59.52965617   19.83972577   5.73560292
2.72052308   60.02335016   48.08078344
3.35941346   24.03486447   58.37087969
16.8467345   43.3133664   15.07603117
16.8467345   43.3133664   15.07603117
50.56595344   37.05832392   25.64214518
10.82985844   40.54515888   11.29499802
46.53277914   62.263279   56.84898049
6.32479855   31.30776795   45.92687059
6.32479855   31.30776795   45.92687059
6.32479855   31.30776795   45.92687059
6.32479855   31.30776795   45.92687059
6.32479855   31.30776795   45.92687059
12.46834046   40.6655331   36.18659173
33.31950091   39.82792419   15.31485909
33.31950091   39.82792419   15.31485909
33.31950091   39.82792419   15.31485909
25.50601013   49.58281422   8.59340533
25.50601013   49.58281422   8.59340533
39.52724252   17.71209312   26.25837504
55.80235378   5.19580279   36.6702706
33.89788081   39.24653877   17.30650495
29.09435701   39.06782933   14.71596293
29.09435701   39.06782933   14.71596293
29.09435701   39.06782933   14.71596293
29.09435701   39.06782933   14.71596293
2.28801472   6.3175881   62.03653927
2.28801472   6.3175881   62.03653927
2.28801472   6.3175881   62.03653927
48.73973123   55.35176717   22.07425003
35.1171991   15.78487611   27.63285689
21.44402565   41.04328629   14.79618496
60.61696916   57.20837483   3.29381265
26.55135045   37.20378911   13.83418779
26.55135045   37.20378911   13.83418779
21.56561572   30.77384585   25.08850003
29.40883155   41.25610275   25.88597364
56.84326186   55.77017686   29.20250322
30.08511901   59.72531439   29.26988404
37.76062859   61.4355449   55.86130879
40.5986029   54.79110676   38.58380522
5.03893077   23.35636052   8.56734301
60.81899796   10.05082071   28.27480791
44.64615603   19.02976898   26.38066345
44.64615603   19.02976898   26.38066345
44.64615603   19.02976898   26.38066345
44.64615603   19.02976898   26.38066345
44.64615603   19.02976898   26.38066345
42.07367281   45.47714074   12.20474233
42.07367281   45.47714074   12.20474233
58.56426057   8.65838416   33.12727828
21.52729168   30.60718491   24.72359219
21.52729168   30.60718491   24.72359219
18.35103748   35.32350957   10.24786907
27.461832   2.20179079   0.10750775
60.26107807   5.97890697   28.47346424
15.31359177   44.17876976   15.64638471
15.31359177   44.17876976   15.64638471
1.51397547   57.14519628   29.3193515
42.39310792   53.9921289   37.43765673
23.09287611   29.86107174   57.55936546
46.28627875   62.00654649   56.85426874
16.07566198   43.37009575   25.99461943
0.42992459   11.39780568   50.56652406
13.72478653   45.62260725   16.53299404
13.72478653   45.62260725   16.53299404
16.95299144   43.21137615   15.00282435
16.95299144   43.21137615   15.00282435
44.28885   18.91364592   26.37993219
44.28885   18.91364592   26.37993219
44.28885   18.91364592   26.37993219
2.69046304   60.20328234   48.18536141
6.19257575   31.02631171   45.55780996
6.19257575   31.02631171   45.55780996
6.19257575   31.02631171   45.55780996
6.19257575   31.02631171   45.55780996
6.19257575   31.02631171   45.55780996
33.29768511   38.74472148   15.52085621
33.29768511   38.74472148   15.52085621
33.29768511   38.74472148   15.52085621
59.61503973   17.77235732   6.27114727
3.34465361   50.31528412   24.88778261
29.15902738   39.20849658   15.09263561
29.15902738   39.20849658   15.09263561
29.15902738   39.20849658   15.09263561
14.36456137   44.56093016   15.65317803
14.36456137   44.56093016   15.65317803
11.08089901   40.87699608   11.35601708
4.46967948   4.477445   2.12971433
4.15741785   48.96055606   39.25576329
56.80909578   55.55276688   29.35268776
48.83334213   55.31914046   22.09918457
19.93695707   39.81147803   44.3782232
14.3312193   48.59563396   19.65850977
37.09334382   62.95436251   57.19057995
59.71689258   9.24200067   27.30558349
34.99935487   15.95428746   27.31712786
33.85397057   40.09734802   15.38237204
33.85397057   40.09734802   15.38237204
4.39070148   4.50379287   1.77278206
58.48362063   8.83898314   32.96035435
22.03259587   30.76998711   23.1523231
42.31808026   45.71187661   11.99842412
48.96015085   49.5959502   31.75957767
23.19520429   29.77980675   57.83105588
2.70221149   5.0959099   57.80342056
36.98452615   62.83710427   57.11836503
6.79617812   30.57104498   46.07375433
6.79617812   30.57104498   46.07375433
6.79617812   30.57104498   46.07375433
0.69986677   11.11895245   50.78995866
13.70051949   45.5258118   16.80836363
13.70051949   45.5258118   16.80836363
29.5119295   39.24308321   14.77109308
29.5119295   39.24308321   14.77109308
27.40968892   2.49598481   0.18321551
60.16078274   5.9958891   28.47556857
4.33060041   49.02825914   39.31387258
14.95436885   44.42335676   15.53127604
14.95436885   44.42335676   15.53127604
14.95436885   44.42335676   15.53127604
14.95436885   44.42335676   15.53127604
14.95436885   44.42335676   15.53127604
6.4382332   31.12056993   46.01344113
6.4382332   31.12056993   46.01344113
6.4382332   31.12056993   46.01344113
6.4382332   31.12056993   46.01344113
19.95548364   39.44855395   44.03538226
14.63983269   44.32196498   15.17989335
14.63983269   44.32196498   15.17989335
14.63983269   44.32196498   15.17989335
14.63983269   44.32196498   15.17989335
60.78082921   9.83063964   28.21470138
22.11269891   30.60186629   23.14871013
60.56535737   57.13694904   3.03323307
11.8548566   29.19222662   47.33931864
6.51193072   30.78459193   46.34070994
6.51193072   30.78459193   46.34070994
6.51193072   30.78459193   46.34070994
6.51193072   30.78459193   46.34070994
6.51193072   30.78459193   46.34070994
28.91574032   40.02633556   13.95071987
15.44665109   44.3149093   25.39877801
18.2469935   35.08249685   10.54610128
37.96509404   61.15954733   56.17376873
44.91298711   18.94498762   26.39355393
44.91298711   18.94498762   26.39355393
44.91298711   18.94498762   26.39355393
44.91298711   18.94498762   26.39355393
18.02701608   38.55226753   22.96742545
33.46097619   39.63554878   15.30532511
33.46097619   39.63554878   15.30532511
33.46097619   39.63554878   15.30532511
39.20676942   17.63072249   26.28411887
59.51609334   9.23693535   27.08660055
2.36245981   6.40241796   61.35492537
2.36245981   6.40241796   61.35492537
26.54736144   36.96461556   13.84578715
26.54736144   36.96461556   13.84578715
1.40315722   57.08509689   29.20977083
44.83531329   19.18358463   26.39034146
44.83531329   19.18358463   26.39034146
44.83531329   19.18358463   26.39034146
44.83531329   19.18358463   26.39034146
44.59996774   18.88146265   26.59093464
44.59996774   18.88146265   26.59093464
44.59996774   18.88146265   26.59093464
44.59996774   18.88146265   26.59093464
44.59996774   18.88146265   26.59093464
10.74396948   45.99819704   21.34602057
10.74396948   45.99819704   21.34602057
22.45717923   17.50803187   43.77381378
5.52639026   23.44545787   8.54950051
23.50527307   39.47618498   14.30849346
13.62548061   45.45000864   16.67169918
13.62548061   45.45000864   16.67169918
49.26971249   49.63589819   31.49787943
12.87800264   40.88134935   35.9187355
25.48503989   38.36770789   14.80473549
42.31948026   54.09191461   37.34282442
25.26768425   49.71402091   8.67201241
25.26768425   49.71402091   8.67201241
41.88684481   45.17069733   11.99842471
3.35532656   50.52785641   24.74086692
34.24462755   39.91922755   15.50683748
2.27995942   6.23655206   61.83793477
2.27995942   6.23655206   61.83793477
50.57387379   37.25023067   25.57056235
56.36687852   13.45998917   5.40263486
19.8444687   43.48870878   31.0040045
55.80979072   5.1682433   36.72282386
6.49183   31.18811908   45.78990105
6.49183   31.18811908   45.78990105
6.49183   31.18811908   45.78990105
6.49183   31.18811908   45.78990105
6.49183   31.18811908   45.78990105
40.42563438   54.69935872   38.69079399
17.9522643   38.64160497   23.35161242
17.9522643   38.64160497   23.35161242
2.53980994   6.61958531   62.20206239
32.98193023   38.47142327   15.4507581
32.98193023   38.47142327   15.4507581
12.80953522   40.73777685   35.87395438
12.80953522   40.73777685   35.87395438
29.02545033   41.38448612   25.8686934
19.52460302   43.2045016   31.12253772
17.7066831   38.34713554   23.48748983
14.30934113   48.43422054   20.05807969
44.57108409   19.19080118   26.42972316
44.57108409   19.19080118   26.42972316
44.57108409   19.19080118   26.42972316
44.57108409   19.19080118   26.42972316
44.57108409   19.19080118   26.42972316
16.75917836   43.41193796   14.7834809
16.75917836   43.41193796   14.7834809
16.69131779   42.96263967   15.41125065
2.28835678   6.79281166   61.60457468
2.28835678   6.79281166   61.60457468
29.13124836   38.87418349   14.84188872
29.13124836   38.87418349   14.84188872
29.13124836   38.87418349   14.84188872
33.19148608   38.34821645   15.29314493
33.19148608   38.34821645   15.29314493
30.10074224   59.77377172   29.23356125
29.07778259   38.89909323   14.5276773
29.07778259   38.89909323   14.5276773
26.87711796   37.03672131   13.81556052
26.87711796   37.03672131   13.81556052
25.60293571   49.58378013   8.49725751
25.60293571   49.58378013   8.49725751
33.69355925   40.2165218   15.35190347
6.82485845   30.82917996   46.35885677
6.82485845   30.82917996   46.35885677
6.82485845   30.82917996   46.35885677
6.82485845   30.82917996   46.35885677
33.10951677   39.67349014   15.29163678
33.10951677   39.67349014   15.29163678
33.10951677   39.67349014   15.29163678
21.10732016   43.0130614   31.87455198
15.82312722   44.26535501   25.93042908
33.76781987   39.17991911   17.33079303
28.58884016   39.75009301   14.03289693
6.44524284   31.24475366   45.39704918
6.44524284   31.24475366   45.39704918
6.44524284   31.24475366   45.39704918
16.27992447   42.9780266   15.2539918
20.78666656   42.95265573   31.64734238
20.78666656   42.95265573   31.64734238
33.58545227   39.05209956   15.33703506
24.25305069   39.60528687   14.77607738
24.25305069   39.60528687   14.77607738
3.33709576   24.01972714   58.32465917
5.91163066   30.89247365   45.85228266
59.47347206   19.83219088   5.70874561
24.14614466   39.84799385   15.12168285
13.78503215   44.42514776   15.08926282
14.90662918   44.1531453   15.21228155
14.90662918   44.1531453   15.21228155
14.90662918   44.1531453   15.21228155
24.2938325   39.64137009   14.28008423
24.2938325   39.64137009   14.28008423
24.2938325   39.64137009   14.28008423
25.19274058   38.47151906   14.66776978
25.19274058   38.47151906   14.66776978
16.0906744   43.37835939   25.9497648
10.51754476   45.7610564   20.73821545
6.67181369   30.7076823   46.19428789
6.67181369   30.7076823   46.19428789
6.67181369   30.7076823   46.19428789
6.67181369   30.7076823   46.19428789
14.8316115   44.10614671   15.04488521
14.8316115   44.10614671   15.04488521
14.38558938   44.15044284   15.57869916
14.38558938   44.15044284   15.57869916
23.99502322   39.87155978   14.38053621
23.99502322   39.87155978   14.38053621
23.99502322   39.87155978   14.38053621
15.23182524   44.51880289   15.61370265
15.23182524   44.51880289   15.61370265
10.53429004   45.7496217   21.0357547
10.53429004   45.7496217   21.0357547
10.53429004   45.7496217   21.0357547
13.93938113   44.58101512   15.11508796
